512 698 212 1553550485475 
512 699 214 1553550485485 
512 700 216 1553550485492 
512 703 221 1553550485498 
512 708 227 1553550485506 
512 713 233 1553550485514 
512 718 242 1553550485522 
512 723 251 1553550485530 
512 730 266 1553550485538 
512 739 286 1553550485546 
512 749 307 1553550485555 
512 759 332 1553550485560 
512 768 355 1553550485569 
512 781 381 1553550485576 
512 791 402 1553550485585 
512 803 420 1553550485592 
512 813 434 1553550485598 
512 824 447 1553550485606 
512 832 458 1553550485614 
512 838 468 1553550485622 
512 846 477 1553550485630 
512 852 487 1553550485638 
512 856 496 1553550485646 
512 859 506 1553550485655 
512 862 517 1553550485660 
512 863 530 1553550485669 
512 863 542 1553550485676 
512 863 551 1553550485687 
512 863 561 1553550485693 
512 863 567 1553550485701 
512 863 572 1553550485708 
512 863 575 1553550485716 
512 863 578 1553550485723 
512 863 580 1553550485731 
512 863 582 1553550485740 
512 862 584 1553550485747 
512 862 586 1553550485758 
512 861 590 1553550485761 
512 861 593 1553550485770 
512 860 596 1553550485778 
512 859 599 1553550485787 
512 858 602 1553550485794 
512 857 605 1553550485801 
512 857 607 1553550485808 
512 856 609 1553550485814 
512 855 610 1553550485822 
512 855 611 1553550485830 
512 855 612 1553550485839 
512 854 612 1553550485846 
512 854 614 1553550485855 
512 853 616 1553550485860 
512 852 618 1553550485869 
512 851 620 1553550485876 
512 851 622 1553550485886 
512 851 624 1553550485893 
512 851 627 1553550485900 
512 850 629 1553550485908 
512 850 630 1553550485914 
512 849 631 1553550485922 
512 849 632 1553550485930 
512 848 633 1553550485940 
512 848 634 1553550485947 
512 848 635 1553550485957 
512 847 636 1553550485961 
512 846 637 1553550485977 
512 846 638 1553550485993 
512 845 638 1553550486001 
512 845 639 1553550486009 
512 845 640 1553550486015 
512 844 641 1553550486031 
512 843 642 1553550486047 
512 842 642 1553550486057 
512 842 643 1553550486063 
512 841 644 1553550486071 
513 841 644 1553550486142 
514 841 644 1553550486271 
512 839 643 1553550486283 
512 837 638 1553550486292 
512 833 634 1553550486303 
512 827 629 1553550486307 
512 821 626 1553550486316 
512 813 623 1553550486321 
512 803 619 1553550486330 
512 791 615 1553550486338 
512 777 612 1553550486346 
512 762 608 1553550486355 
512 743 604 1553550486362 
512 714 598 1553550486371 
512 671 587 1553550486376 
512 630 572 1553550486385 
512 583 554 1553550486392 
512 543 545 1553550486400 
512 506 538 1553550486409 
512 468 529 1553550486417 
512 439 522 1553550486425 
512 420 517 1553550486431 
512 411 514 1553550486440 
512 410 513 1553550486447 
512 409 513 1553550486457 
512 410 513 1553550486463 
512 414 510 1553550486474 
512 423 505 1553550486479 
512 432 499 1553550486487 
512 440 495 1553550486493 
512 446 489 1553550486501 
512 453 483 1553550486509 
512 456 478 1553550486517 
512 459 473 1553550486525 
512 460 469 1553550486532 
512 460 466 1553550486540 
512 460 463 1553550486547 
512 460 459 1553550486557 
512 459 456 1553550486563 
512 459 452 1553550486574 
512 458 449 1553550486579 
512 457 446 1553550486587 
512 457 441 1553550486594 
512 457 438 1553550486601 
512 457 433 1553550486609 
512 457 427 1553550486617 
512 457 422 1553550486625 
512 456 416 1553550486633 
512 455 411 1553550486641 
512 454 406 1553550486647 
512 454 403 1553550486657 
512 454 400 1553550486663 
512 452 396 1553550486679 
512 451 394 1553550486691 
512 451 392 1553550486693 
512 451 389 1553550486701 
512 451 387 1553550486709 
512 452 385 1553550486717 
512 453 384 1553550486725 
512 453 382 1553550486733 
512 453 381 1553550486747 
512 454 381 1553550486757 
512 454 380 1553550486763 
512 454 379 1553550486774 
512 455 378 1553550486779 
512 455 377 1553550486793 
512 456 376 1553550486800 
512 457 375 1553550486808 
512 457 374 1553550486824 
512 458 374 1553550486832 
512 458 373 1553550486838 
512 459 373 1553550486845 
512 459 372 1553550486854 
512 460 371 1553550486862 
512 461 371 1553550486871 
512 462 371 1553550486932 
512 463 371 1553550486962 
512 463 372 1553550486971 
512 464 372 1553550486978 
512 465 373 1553550486987 
512 465 374 1553550487000 
512 466 375 1553550487008 
512 467 375 1553550487032 
512 467 376 1553550487040 
513 467 376 1553550487079 
512 468 376 1553550487110 
512 469 376 1553550487115 
512 470 376 1553550487139 
514 470 376 1553550487208 
512 473 376 1553550487262 
512 484 376 1553550487295 
512 487 375 1553550487303 
512 489 374 1553550487308 
512 491 373 1553550487316 
512 493 372 1553550487324 
512 494 372 1553550487340 
512 496 376 1553550487372 
512 499 380 1553550487378 
512 502 385 1553550487389 
512 506 391 1553550487394 
512 510 398 1553550487406 
512 514 404 1553550487410 
512 519 410 1553550487417 
512 522 413 1553550487424 
512 526 415 1553550487432 
512 529 415 1553550487440 
512 532 415 1553550487450 
512 535 411 1553550487456 
512 540 405 1553550487462 
512 544 399 1553550487472 
512 549 391 1553550487479 
512 552 381 1553550487489 
512 556 370 1553550487494 
512 563 357 1553550487506 
512 569 345 1553550487512 
512 578 326 1553550487516 
512 593 300 1553550487524 
512 607 278 1553550487532 
512 621 257 1553550487540 
512 631 242 1553550487549 
512 638 234 1553550487556 
512 643 226 1553550487565 
512 649 220 1553550487572 
512 653 214 1553550487578 
512 658 208 1553550487589 
512 662 203 1553550487595 
512 665 200 1553550487606 
512 666 198 1553550487610 
512 667 197 1553550487620 
512 667 196 1553550487626 
512 668 196 1553550487633 
512 670 196 1553550487679 
512 672 197 1553550487691 
512 674 198 1553550487695 
512 676 198 1553550487708 
512 677 198 1553550487711 
512 678 199 1553550487721 
512 679 199 1553550487727 
512 680 200 1553550487741 
512 680 201 1553550487757 
512 681 201 1553550487765 
512 682 202 1553550487774 
512 683 204 1553550487780 
512 684 204 1553550487791 
512 684 205 1553550487795 
512 685 206 1553550487808 
512 686 207 1553550487821 
512 687 208 1553550487833 
512 688 208 1553550487842 
512 688 209 1553550487849 
512 689 210 1553550487857 
512 689 211 1553550487873 
512 690 211 1553550487878 
512 690 212 1553550487925 
512 691 212 1553550487927 
512 692 212 1553550487933 
512 692 213 1553550487941 
512 693 214 1553550487957 
512 694 214 1553550487974 
512 695 215 1553550487979 
512 697 215 1553550487990 
512 699 215 1553550487995 
512 701 215 1553550488008 
512 702 215 1553550488021 
512 703 215 1553550488049 
513 703 215 1553550488083 
512 704 215 1553550488110 
514 704 215 1553550488204 
512 704 214 1553550488248 
512 705 216 1553550488335 
512 707 222 1553550488342 
512 710 228 1553550488348 
512 714 236 1553550488356 
512 717 249 1553550488364 
512 722 266 1553550488372 
512 728 293 1553550488380 
512 734 317 1553550488388 
512 740 336 1553550488394 
512 744 360 1553550488405 
512 750 384 1553550488410 
512 758 409 1553550488419 
512 768 437 1553550488426 
512 779 462 1553550488437 
512 803 495 1553550488443 
512 837 530 1553550488449 
512 867 563 1553550488457 
512 892 584 1553550488465 
512 913 594 1553550488474 
512 937 598 1553550488481 
512 951 598 1553550488490 
512 962 597 1553550488497 
512 970 593 1553550488508 
512 977 587 1553550488512 
512 980 578 1553550488521 
512 981 570 1553550488527 
512 981 561 1553550488537 
512 981 550 1553550488543 
512 976 538 1553550488551 
512 972 525 1553550488558 
512 965 517 1553550488565 
512 959 507 1553550488574 
512 954 498 1553550488581 
512 949 490 1553550488590 
512 945 483 1553550488597 
512 942 477 1553550488608 
512 940 473 1553550488611 
512 939 469 1553550488621 
512 938 466 1553550488627 
512 937 463 1553550488637 
512 936 458 1553550488643 
512 934 455 1553550488651 
512 934 452 1553550488658 
512 933 450 1553550488665 
512 933 448 1553550488672 
512 932 446 1553550488680 
512 932 445 1553550488696 
512 931 443 1553550488705 
512 930 441 1553550488710 
512 929 439 1553550488719 
512 928 436 1553550488726 
512 927 433 1553550488736 
512 927 430 1553550488742 
512 927 427 1553550488750 
512 928 424 1553550488758 
512 929 421 1553550488765 
512 929 418 1553550488774 
512 931 414 1553550488781 
512 933 409 1553550488791 
512 935 406 1553550488797 
512 935 403 1553550488807 
512 937 400 1553550488811 
512 938 397 1553550488821 
512 939 395 1553550488831 
512 940 392 1553550488837 
512 941 389 1553550488843 
512 941 387 1553550488851 
512 941 385 1553550488858 
512 941 383 1553550488864 
512 941 380 1553550488872 
512 941 378 1553550488880 
512 941 377 1553550488889 
512 941 376 1553550488896 
512 941 375 1553550488905 
512 941 374 1553550488919 
512 941 373 1553550488926 
512 940 373 1553550488950 
512 940 372 1553550488958 
512 939 372 1553550488966 
512 938 371 1553550488980 
512 936 371 1553550488988 
512 933 371 1553550488996 
512 931 371 1553550489005 
512 929 371 1553550489012 
512 927 371 1553550489019 
512 925 371 1553550489026 
512 922 371 1553550489036 
512 920 371 1553550489042 
512 918 371 1553550489050 
512 916 371 1553550489058 
512 915 371 1553550489072 
513 915 371 1553550489137 
512 915 373 1553550489258 
512 918 373 1553550489266 
514 918 373 1553550489266 
512 922 374 1553550489273 
512 925 374 1553550489284 
512 928 375 1553550489288 
512 930 376 1553550489295 
512 931 376 1553550489304 
512 932 376 1553550489325 
512 933 376 1553550489390 
513 933 376 1553550489425 
514 933 376 1553550489542 
512 932 376 1553550489573 
512 931 377 1553550489638 
512 931 378 1553550489642 
512 928 380 1553550489650 
512 912 391 1553550489675 
512 904 396 1553550489681 
512 894 401 1553550489690 
512 882 405 1553550489695 
512 868 409 1553550489704 
512 856 413 1553550489712 
512 843 421 1553550489720 
512 828 435 1553550489727 
512 819 444 1553550489736 
512 814 448 1553550489741 
512 812 448 1553550489749 
512 811 449 1553550489805 
512 811 450 1553550489812 
512 802 459 1553550489821 
512 783 474 1553550489828 
512 760 490 1553550489838 
512 746 500 1553550489844 
512 736 507 1553550489850 
512 727 511 1553550489858 
512 716 516 1553550489866 
512 705 521 1553550489874 
512 695 527 1553550489882 
512 689 532 1553550489890 
512 684 538 1553550489898 
512 680 544 1553550489905 
512 675 550 1553550489912 
512 673 556 1553550489921 
512 670 560 1553550489928 
512 667 564 1553550489938 
512 665 567 1553550489944 
512 661 571 1553550489950 
512 657 575 1553550489958 
512 654 577 1553550489966 
512 650 580 1553550489974 
512 648 582 1553550489982 
512 646 584 1553550489990 
512 643 586 1553550489998 
512 641 587 1553550490004 
512 640 590 1553550490012 
512 637 592 1553550490021 
512 636 594 1553550490028 
512 633 598 1553550490038 
512 633 599 1553550490044 
512 632 600 1553550490054 
512 631 602 1553550490058 
512 630 603 1553550490074 
512 629 605 1553550490082 
512 627 606 1553550490090 
512 624 608 1553550490098 
512 621 609 1553550490106 
512 615 611 1553550490112 
512 607 612 1553550490121 
512 600 614 1553550490128 
512 592 617 1553550490138 
512 586 617 1553550490144 
512 581 618 1553550490155 
512 578 619 1553550490160 
512 575 620 1553550490167 
512 571 622 1553550490175 
512 569 623 1553550490182 
512 567 625 1553550490190 
512 564 626 1553550490199 
512 562 628 1553550490206 
512 560 628 1553550490212 
512 558 629 1553550490224 
512 556 630 1553550490230 
512 553 630 1553550490240 
512 552 631 1553550490245 
512 551 632 1553550490258 
512 550 632 1553550490263 
512 550 633 1553550490267 
512 549 633 1553550490275 
512 548 633 1553550490299 
512 548 634 1553550490340 
512 548 635 1553550490375 
512 549 636 1553550490383 
512 549 637 1553550490391 
512 550 638 1553550490399 
512 551 639 1553550490415 
512 552 639 1553550490424 
512 553 640 1553550490445 
512 553 641 1553550490461 
512 554 642 1553550490476 
512 554 643 1553550490491 
512 555 643 1553550490499 
512 556 643 1553550490558 
512 557 643 1553550490572 
513 557 643 1553550490574 
512 560 643 1553550490620 
512 560 644 1553550490622 
512 561 644 1553550490628 
514 561 644 1553550490722 
512 561 642 1553550490814 
512 561 639 1553550490822 
512 561 637 1553550490830 
512 567 632 1553550490859 
512 571 631 1553550490860 
512 575 630 1553550490870 
512 579 629 1553550490876 
512 588 625 1553550490885 
512 597 622 1553550490890 
512 611 619 1553550490898 
512 626 615 1553550490906 
512 638 613 1553550490914 
512 654 610 1553550490922 
512 668 608 1553550490930 
512 689 607 1553550490938 
512 711 606 1553550490944 
512 737 608 1553550490955 
512 756 612 1553550490960 
512 770 616 1553550490973 
512 782 621 1553550490976 
512 791 625 1553550490986 
512 797 629 1553550490991 
512 800 632 1553550490998 
512 802 634 1553550491006 
512 802 636 1553550491014 
512 804 639 1553550491022 
512 805 642 1553550491030 
512 808 645 1553550491038 
512 811 648 1553550491044 
512 814 653 1553550491055 
512 817 657 1553550491060 
512 822 661 1553550491069 
512 824 663 1553550491076 
512 826 664 1553550491086 
512 826 665 1553550491093 
512 826 664 1553550491248 
512 826 663 1553550491258 
512 827 662 1553550491260 
512 828 660 1553550491270 
512 828 659 1553550491277 
512 828 657 1553550491287 
512 829 655 1553550491294 
512 830 653 1553550491301 
512 831 652 1553550491308 
512 832 651 1553550491315 
512 833 649 1553550491331 
512 833 648 1553550491340 
512 834 648 1553550491347 
512 835 647 1553550491358 
512 835 646 1553550491361 
512 836 646 1553550491371 
512 836 645 1553550491377 
512 837 645 1553550491387 
512 838 645 1553550491457 
512 839 644 1553550491461 
513 839 644 1553550491494 
512 840 644 1553550491541 
514 840 644 1553550491630 
512 840 643 1553550491637 
512 838 641 1553550491646 
512 836 641 1553550491654 
512 833 639 1553550491661 
512 830 637 1553550491673 
512 828 634 1553550491676 
512 824 632 1553550491684 
512 822 628 1553550491691 
512 819 625 1553550491700 
512 816 621 1553550491707 
512 814 618 1553550491716 
512 811 612 1553550491722 
512 809 606 1553550491730 
512 807 598 1553550491738 
512 806 590 1553550491747 
512 805 580 1553550491755 
512 804 571 1553550491762 
512 805 559 1553550491772 
512 807 545 1553550491776 
512 812 532 1553550491785 
512 815 519 1553550491792 
512 816 507 1553550491800 
512 816 495 1553550491808 
512 816 485 1553550491816 
512 815 471 1553550491822 
512 814 461 1553550491830 
512 814 453 1553550491838 
512 813 446 1553550491846 
512 813 442 1553550491855 
512 814 439 1553550491862 
512 816 437 1553550491871 
512 821 433 1553550491877 
512 827 429 1553550491885 
512 835 425 1553550491892 
512 845 422 1553550491900 
512 857 419 1553550491908 
512 872 418 1553550491916 
512 888 417 1553550491924 
512 906 415 1553550491930 
512 923 413 1553550491939 
512 938 412 1553550491946 
512 954 411 1553550491955 
512 968 410 1553550491962 
512 975 410 1553550491971 
512 978 410 1553550491976 
512 979 410 1553550491992 
512 978 410 1553550492057 
512 977 410 1553550492063 
512 976 410 1553550492074 
512 974 410 1553550492079 
512 972 410 1553550492087 
512 969 409 1553550492093 
512 964 408 1553550492101 
512 959 406 1553550492112 
512 952 403 1553550492117 
512 944 400 1553550492125 
512 939 397 1553550492133 
512 934 395 1553550492139 
512 930 392 1553550492147 
512 928 390 1553550492156 
512 927 389 1553550492163 
512 926 388 1553550492174 
512 925 387 1553550492179 
512 925 386 1553550492187 
512 925 385 1553550492193 
512 925 383 1553550492201 
512 925 382 1553550492209 
512 925 381 1553550492217 
512 925 380 1553550492233 
512 925 379 1553550492248 
512 925 378 1553550492263 
512 925 377 1553550492274 
513 925 377 1553550492411 
512 924 377 1553550492532 
512 924 378 1553550492540 
514 924 378 1553550492540 
512 921 380 1553550492545 
512 919 381 1553550492554 
512 918 381 1553550492564 
512 916 382 1553550492570 
512 911 384 1553550492578 
512 904 387 1553550492586 
512 895 388 1553550492594 
512 883 389 1553550492599 
512 871 390 1553550492607 
512 855 390 1553550492615 
512 834 393 1553550492624 
512 814 394 1553550492632 
512 795 394 1553550492640 
512 773 394 1553550492648 
512 752 391 1553550492654 
512 735 390 1553550492662 
512 720 389 1553550492671 
512 712 388 1553550492678 
512 708 387 1553550492687 
512 705 386 1553550492694 
512 704 386 1553550492704 
512 703 386 1553550492717 
512 702 386 1553550492724 
512 701 387 1553550492732 
512 700 390 1553550492740 
512 699 391 1553550492748 
512 698 392 1553550492754 
512 697 392 1553550492762 
512 696 393 1553550492771 
512 693 393 1553550492778 
512 689 393 1553550492787 
512 682 393 1553550492794 
512 675 393 1553550492804 
512 666 392 1553550492808 
512 656 391 1553550492816 
512 647 390 1553550492824 
512 634 389 1553550492832 
512 621 388 1553550492840 
512 606 385 1553550492848 
512 595 385 1553550492856 
512 585 385 1553550492862 
512 577 385 1553550492871 
512 572 384 1553550492878 
512 569 384 1553550492888 
512 566 384 1553550492893 
512 564 383 1553550492907 
512 563 383 1553550492910 
512 562 382 1553550492916 
512 559 382 1553550492924 
512 557 381 1553550492932 
512 554 380 1553550492940 
512 551 379 1553550492948 
512 544 377 1553550492956 
512 537 375 1553550492962 
512 531 373 1553550492970 
512 525 371 1553550492978 
512 517 369 1553550492990 
512 512 368 1553550492994 
512 507 368 1553550493006 
512 504 367 1553550493010 
512 502 366 1553550493017 
512 499 365 1553550493024 
512 496 364 1553550493032 
512 493 364 1553550493040 
512 490 363 1553550493048 
512 487 363 1553550493057 
512 484 363 1553550493065 
512 481 363 1553550493073 
512 479 363 1553550493079 
512 477 363 1553550493089 
512 475 363 1553550493095 
512 474 363 1553550493107 
512 473 363 1553550493110 
512 471 363 1553550493120 
512 471 364 1553550493233 
512 471 365 1553550493248 
512 472 366 1553550493264 
512 472 367 1553550493273 
512 472 368 1553550493289 
512 472 369 1553550493295 
512 472 370 1553550493307 
512 472 371 1553550493320 
512 472 372 1553550493332 
512 472 373 1553550493348 
512 472 374 1553550493357 
512 471 375 1553550493364 
512 470 376 1553550493378 
513 470 376 1553550493429 
512 470 377 1553550493478 
514 470 377 1553550493588 
512 470 378 1553550493664 
512 472 378 1553550493673 
512 477 378 1553550493680 
512 502 381 1553550493712 
512 509 382 1553550493721 
512 516 382 1553550493726 
512 521 382 1553550493735 
512 528 382 1553550493740 
512 535 381 1553550493748 
512 541 380 1553550493756 
512 544 380 1553550493764 
512 547 380 1553550493772 
512 549 380 1553550493780 
512 551 380 1553550493794 
512 553 381 1553550493810 
512 555 384 1553550493821 
512 558 388 1553550493826 
512 561 394 1553550493835 
512 562 401 1553550493842 
512 563 409 1553550493848 
512 564 417 1553550493856 
512 566 427 1553550493864 
512 567 436 1553550493872 
512 567 446 1553550493880 
512 567 455 1553550493888 
512 567 467 1553550493896 
512 568 478 1553550493904 
512 568 488 1553550493910 
512 570 498 1553550493918 
512 571 507 1553550493926 
512 572 515 1553550493935 
512 573 521 1553550493942 
512 573 527 1553550493950 
512 573 532 1553550493957 
512 573 537 1553550493964 
512 573 542 1553550493973 
512 573 546 1553550493980 
512 573 550 1553550493989 
512 573 555 1553550493997 
512 574 560 1553550494006 
512 574 564 1553550494010 
512 574 567 1553550494023 
512 574 569 1553550494026 
512 574 571 1553550494036 
512 573 573 1553550494042 
512 572 575 1553550494050 
512 572 578 1553550494056 
512 571 580 1553550494064 
512 571 581 1553550494072 
512 571 582 1553550494081 
512 571 584 1553550494090 
512 571 585 1553550494108 
512 571 586 1553550494121 
512 571 587 1553550494127 
512 571 588 1553550494143 
512 571 589 1553550494151 
512 570 590 1553550494159 
512 570 591 1553550494165 
512 570 592 1553550494174 
512 570 593 1553550494181 
512 570 595 1553550494191 
512 570 597 1553550494197 
512 569 599 1553550494208 
512 569 601 1553550494211 
512 568 603 1553550494227 
512 567 606 1553550494228 
512 567 609 1553550494237 
512 566 611 1553550494244 
512 565 613 1553550494251 
512 565 616 1553550494259 
512 565 619 1553550494265 
512 565 622 1553550494274 
512 565 624 1553550494281 
512 565 627 1553550494290 
512 564 629 1553550494297 
512 564 631 1553550494307 
512 564 632 1553550494311 
512 564 633 1553550494321 
512 563 633 1553550494327 
512 563 634 1553550494337 
512 563 635 1553550494359 
512 563 636 1553550494374 
512 563 637 1553550494381 
512 563 638 1553550494397 
512 562 638 1553550494407 
512 562 639 1553550494413 
512 562 640 1553550494427 
512 561 641 1553550494438 
512 561 642 1553550494444 
512 560 643 1553550494459 
512 560 644 1553550494465 
512 559 645 1553550494474 
512 559 646 1553550494481 
512 559 647 1553550494497 
512 558 648 1553550494507 
513 558 648 1553550494644 
512 559 648 1553550494687 
514 559 648 1553550494780 
512 560 648 1553550494835 
512 562 646 1553550494850 
512 563 644 1553550494858 
512 577 618 1553550494891 
512 580 608 1553550494896 
512 585 596 1553550494904 
512 591 584 1553550494911 
512 601 573 1553550494920 
512 611 563 1553550494928 
512 624 552 1553550494937 
512 641 539 1553550494942 
512 657 530 1553550494950 
512 675 522 1553550494958 
512 687 517 1553550494966 
512 697 515 1553550494974 
512 705 514 1553550494983 
512 713 513 1553550494990 
512 721 511 1553550494998 
512 730 508 1553550495007 
512 738 503 1553550495013 
512 746 497 1553550495024 
512 752 490 1553550495029 
512 756 481 1553550495041 
512 758 472 1553550495043 
512 760 462 1553550495051 
512 760 451 1553550495059 
512 759 439 1553550495067 
512 756 429 1553550495075 
512 754 415 1553550495083 
512 751 402 1553550495092 
512 749 388 1553550495097 
512 746 375 1553550495107 
512 741 359 1553550495113 
512 737 348 1553550495124 
512 733 338 1553550495129 
512 729 330 1553550495140 
512 726 324 1553550495143 
512 723 318 1553550495151 
512 721 313 1553550495159 
512 718 310 1553550495167 
512 716 307 1553550495175 
512 714 304 1553550495183 
512 711 301 1553550495190 
512 708 297 1553550495196 
512 706 295 1553550495206 
512 704 292 1553550495212 
512 702 289 1553550495222 
512 702 287 1553550495228 
512 701 284 1553550495239 
512 700 282 1553550495244 
512 699 279 1553550495250 
512 699 277 1553550495258 
512 698 274 1553550495266 
512 697 271 1553550495274 
512 697 268 1553550495283 
512 697 266 1553550495291 
512 697 264 1553550495299 
512 696 261 1553550495307 
512 696 259 1553550495313 
512 696 256 1553550495324 
512 696 253 1553550495329 
512 696 250 1553550495340 
512 696 246 1553550495345 
512 696 242 1553550495351 
512 696 237 1553550495359 
512 696 233 1553550495367 
512 696 229 1553550495375 
512 696 226 1553550495383 
512 696 224 1553550495391 
512 696 222 1553550495399 
512 696 221 1553550495407 
512 696 219 1553550495413 
512 697 218 1553550495424 
512 697 217 1553550495429 
512 697 216 1553550495440 
512 698 215 1553550495445 
512 698 214 1553550495459 
512 698 213 1553550495467 
512 698 212 1553550495499 
512 698 211 1553550495508 
512 699 210 1553550495528 
513 699 210 1553550495599 
514 699 210 1553550495706 
