512 700 215 1553623981732 
512 700 217 1553623981734 
512 700 220 1553623981742 
512 700 223 1553623981750 
512 700 226 1553623981758 
512 700 230 1553623981765 
512 701 234 1553623981776 
512 702 240 1553623981781 
512 703 246 1553623981794 
512 705 251 1553623981797 
512 706 257 1553623981807 
512 708 263 1553623981813 
512 710 269 1553623981819 
512 712 277 1553623981827 
512 713 286 1553623981835 
512 715 298 1553623981844 
512 716 313 1553623981851 
512 717 328 1553623981860 
512 720 347 1553623981867 
512 725 368 1553623981876 
512 733 395 1553623981881 
512 740 420 1553623981894 
512 745 439 1553623981897 
512 749 451 1553623981907 
512 753 462 1553623981916 
512 756 470 1553623981923 
512 760 478 1553623981928 
512 763 484 1553623981935 
512 766 490 1553623981943 
512 769 497 1553623981951 
512 770 504 1553623981959 
512 772 512 1553623981967 
512 773 517 1553623981976 
512 774 522 1553623981981 
512 775 525 1553623981994 
512 775 527 1553623981997 
512 775 529 1553623982007 
512 776 532 1553623982013 
512 777 535 1553623982023 
512 778 538 1553623982029 
512 778 541 1553623982035 
512 780 543 1553623982043 
512 781 545 1553623982051 
512 783 547 1553623982060 
512 784 550 1553623982067 
512 784 551 1553623982076 
512 785 551 1553623982083 
512 785 552 1553623982094 
512 786 553 1553623982097 
512 787 553 1553623982107 
512 787 554 1553623982113 
512 788 554 1553623982123 
512 788 555 1553623982129 
512 789 555 1553623982138 
512 789 557 1553623982144 
512 791 557 1553623982151 
512 792 559 1553623982160 
512 794 561 1553623982167 
512 795 563 1553623982176 
512 798 567 1553623982183 
512 800 570 1553623982193 
512 803 575 1553623982197 
512 806 579 1553623982207 
512 810 585 1553623982213 
512 813 593 1553623982223 
512 817 600 1553623982229 
512 823 606 1553623982237 
512 827 611 1553623982243 
512 832 615 1553623982251 
512 838 619 1553623982260 
512 844 623 1553623982267 
512 848 626 1553623982276 
512 850 630 1553623982283 
512 853 633 1553623982293 
512 854 635 1553623982297 
512 854 636 1553623982313 
512 854 637 1553623982329 
512 854 638 1553623982338 
512 853 638 1553623982345 
512 853 639 1553623982352 
512 853 640 1553623982367 
512 853 641 1553623982384 
512 852 642 1553623982423 
512 852 643 1553623982429 
512 851 643 1553623982437 
512 851 644 1553623982445 
512 850 644 1553623982454 
512 849 645 1553623982461 
512 847 646 1553623982478 
512 846 647 1553623982484 
512 844 647 1553623982494 
512 842 647 1553623982500 
512 840 647 1553623982511 
512 840 648 1553623982514 
512 838 648 1553623982522 
512 837 648 1553623982567 
513 837 648 1553623982612 
514 837 648 1553623982745 
512 836 648 1553623982815 
512 835 647 1553623982825 
512 831 642 1553623982831 
512 810 616 1553623982864 
512 807 611 1553623982868 
512 803 606 1553623982876 
512 800 604 1553623982882 
512 799 599 1553623982890 
512 796 593 1553623982899 
512 793 587 1553623982908 
512 790 581 1553623982915 
512 785 573 1553623982926 
512 782 564 1553623982932 
512 781 556 1553623982938 
512 781 548 1553623982946 
512 780 539 1553623982954 
512 778 531 1553623982962 
512 774 521 1553623982970 
512 769 515 1553623982978 
512 760 507 1553623982986 
512 750 498 1553623982994 
512 735 488 1553623983000 
512 716 476 1553623983011 
512 695 466 1553623983016 
512 679 461 1553623983027 
512 663 457 1553623983032 
512 647 454 1553623983046 
512 633 451 1553623983047 
512 625 449 1553623983054 
512 619 448 1553623983062 
512 615 447 1553623983070 
512 612 445 1553623983078 
512 609 444 1553623983086 
512 607 443 1553623983094 
512 605 443 1553623983100 
512 603 442 1553623983111 
512 600 440 1553623983116 
512 595 439 1553623983127 
512 588 439 1553623983132 
512 581 438 1553623983146 
512 573 437 1553623983148 
512 565 434 1553623983154 
512 557 433 1553623983162 
512 548 430 1553623983170 
512 540 428 1553623983178 
512 533 426 1553623983186 
512 527 424 1553623983194 
512 523 423 1553623983202 
512 521 423 1553623983211 
512 519 421 1553623983216 
512 516 420 1553623983228 
512 514 418 1553623983232 
512 512 417 1553623983245 
512 509 415 1553623983248 
512 506 414 1553623983258 
512 504 413 1553623983264 
512 502 411 1553623983270 
512 500 411 1553623983278 
512 498 410 1553623983286 
512 495 408 1553623983294 
512 494 408 1553623983302 
512 493 407 1553623983311 
512 492 406 1553623983328 
512 492 405 1553623983332 
512 491 404 1553623983345 
512 490 404 1553623983348 
512 490 403 1553623983358 
512 489 402 1553623983364 
512 489 400 1553623983370 
512 488 399 1553623983378 
512 487 398 1553623983386 
512 486 397 1553623983402 
512 485 396 1553623983416 
512 484 395 1553623983432 
512 483 394 1553623983445 
512 483 393 1553623983458 
512 483 391 1553623983465 
512 483 390 1553623983470 
512 482 390 1553623983478 
512 482 388 1553623983486 
512 481 388 1553623983494 
512 480 386 1553623983502 
512 479 385 1553623983517 
512 479 384 1553623983531 
512 478 384 1553623983546 
512 478 383 1553623983548 
512 477 382 1553623983558 
512 476 381 1553623983565 
512 475 380 1553623983580 
512 474 379 1553623983594 
512 473 378 1553623983601 
512 473 377 1553623983618 
513 473 377 1553623983660 
514 473 377 1553623983801 
512 474 377 1553623983825 
512 477 378 1553623983832 
512 480 378 1553623983840 
512 483 381 1553623983852 
512 489 384 1553623983856 
512 496 387 1553623983863 
512 502 390 1553623983872 
512 511 394 1553623983879 
512 519 398 1553623983887 
512 527 402 1553623983895 
512 536 403 1553623983901 
512 544 403 1553623983909 
512 552 403 1553623983917 
512 559 400 1553623983928 
512 566 396 1553623983934 
512 572 394 1553623983945 
512 577 391 1553623983950 
512 580 390 1553623983958 
512 581 390 1553623983964 
512 582 390 1553623983974 
512 583 390 1553623983995 
512 585 390 1553623984011 
512 587 390 1553623984018 
512 590 390 1553623984028 
512 593 388 1553623984034 
512 595 386 1553623984044 
512 598 382 1553623984050 
512 599 379 1553623984058 
512 600 374 1553623984064 
512 600 367 1553623984074 
512 600 359 1553623984081 
512 600 348 1553623984088 
512 601 337 1553623984096 
512 606 325 1553623984104 
512 613 314 1553623984111 
512 618 304 1553623984118 
512 624 294 1553623984128 
512 631 284 1553623984134 
512 640 276 1553623984144 
512 649 268 1553623984150 
512 658 261 1553623984161 
512 665 255 1553623984164 
512 671 251 1553623984174 
512 677 248 1553623984181 
512 683 245 1553623984188 
512 687 243 1553623984196 
512 689 243 1553623984204 
512 692 241 1553623984212 
512 694 240 1553623984218 
512 695 240 1553623984228 
512 696 240 1553623984234 
512 696 239 1553623984246 
512 697 238 1553623984250 
512 698 238 1553623984261 
512 699 238 1553623984266 
512 699 237 1553623984274 
512 700 237 1553623984281 
512 701 237 1553623984288 
512 701 236 1553623984296 
512 702 236 1553623984304 
512 702 235 1553623984312 
512 703 234 1553623984320 
512 703 233 1553623984334 
512 703 232 1553623984350 
512 703 231 1553623984366 
512 703 230 1553623984380 
512 703 229 1553623984388 
512 703 228 1553623984396 
512 704 227 1553623984404 
512 705 225 1553623984412 
512 706 222 1553623984420 
512 706 221 1553623984428 
512 706 220 1553623984434 
512 707 218 1553623984444 
512 707 217 1553623984461 
512 707 216 1553623984466 
512 707 215 1553623984478 
512 707 214 1553623984488 
512 707 213 1553623984512 
512 707 212 1553623984528 
512 707 211 1553623984536 
512 707 210 1553623984550 
513 707 210 1553623984590 
512 706 210 1553623984682 
512 705 210 1553623984695 
512 704 210 1553623984703 
514 704 210 1553623984711 
512 703 210 1553623984759 
512 703 211 1553623984819 
512 703 213 1553623984827 
512 703 216 1553623984835 
512 703 219 1553623984843 
512 703 222 1553623984851 
512 704 226 1553623984859 
512 706 232 1553623984865 
512 709 239 1553623984876 
512 712 245 1553623984881 
512 715 252 1553623984893 
512 718 259 1553623984897 
512 723 269 1553623984906 
512 727 283 1553623984911 
512 733 295 1553623984919 
512 741 308 1553623984927 
512 752 325 1553623984935 
512 767 344 1553623984943 
512 783 362 1553623984952 
512 802 383 1553623984959 
512 830 405 1553623984965 
512 866 430 1553623984976 
512 900 448 1553623984981 
512 936 460 1553623984993 
512 967 465 1553623984997 
512 990 468 1553623985006 
512 1004 468 1553623985013 
512 1012 468 1553623985019 
512 1015 464 1553623985027 
512 1017 461 1553623985035 
512 1017 458 1553623985043 
512 1017 455 1553623985052 
512 1013 450 1553623985060 
512 1007 444 1553623985066 
512 999 438 1553623985078 
512 987 431 1553623985081 
512 977 424 1553623985102 
512 969 420 1553623985103 
512 963 416 1553623985108 
512 958 412 1553623985113 
512 954 407 1553623985119 
512 952 404 1553623985127 
512 949 400 1553623985135 
512 948 398 1553623985143 
512 946 395 1553623985151 
512 945 393 1553623985159 
512 944 391 1553623985167 
512 944 388 1553623985176 
512 942 386 1553623985181 
512 942 384 1553623985193 
512 939 382 1553623985197 
512 937 379 1553623985206 
512 935 377 1553623985213 
512 932 375 1553623985223 
512 929 373 1553623985228 
512 927 372 1553623985235 
512 926 371 1553623985243 
512 926 370 1553623985251 
512 926 369 1553623985344 
512 925 369 1553623985352 
513 925 369 1553623985386 
512 924 371 1553623985497 
512 924 374 1553623985506 
512 921 378 1553623985525 
514 921 378 1553623985545 
512 920 380 1553623985546 
512 913 386 1553623985554 
512 904 391 1553623985554 
512 895 398 1553623985558 
512 885 403 1553623985566 
512 877 409 1553623985575 
512 870 413 1553623985582 
512 864 417 1553623985592 
512 854 421 1553623985599 
512 838 430 1553623985606 
512 815 439 1553623985613 
512 778 446 1553623985621 
512 738 452 1553623985629 
512 696 457 1553623985637 
512 650 461 1553623985645 
512 606 463 1553623985653 
512 559 466 1553623985659 
512 526 468 1553623985667 
512 497 473 1553623985675 
512 479 475 1553623985683 
512 468 477 1553623985692 
512 463 477 1553623985699 
512 462 477 1553623985706 
512 464 477 1553623985737 
512 466 478 1553623985745 
512 468 479 1553623985753 
512 469 480 1553623985759 
512 472 485 1553623985767 
512 475 493 1553623985776 
512 480 504 1553623985783 
512 485 518 1553623985793 
512 491 535 1553623985799 
512 492 550 1553623985809 
512 493 564 1553623985813 
512 494 576 1553623985824 
512 495 584 1553623985830 
512 498 590 1553623985838 
512 502 596 1553623985846 
512 505 600 1553623985854 
512 507 603 1553623985862 
512 509 605 1553623985868 
512 511 608 1553623985878 
512 513 610 1553623985884 
512 517 614 1553623985894 
512 520 617 1553623985900 
512 524 622 1553623985911 
512 527 626 1553623985916 
512 528 629 1553623985922 
512 528 632 1553623985930 
512 529 634 1553623985938 
512 530 636 1553623985946 
512 531 637 1553623985953 
512 532 637 1553623986100 
512 535 637 1553623986111 
512 537 637 1553623986116 
512 540 637 1553623986128 
512 543 637 1553623986132 
512 546 637 1553623986138 
512 549 637 1553623986146 
512 551 637 1553623986154 
512 552 637 1553623986162 
512 555 638 1553623986170 
512 555 639 1553623986178 
512 556 639 1553623986186 
513 556 639 1553623986256 
512 557 639 1553623986301 
514 557 639 1553623986385 
512 556 639 1553623986392 
512 555 638 1553623986478 
512 554 634 1553623986486 
512 545 588 1553623986536 
512 545 579 1553623986541 
512 545 570 1553623986547 
512 548 557 1553623986556 
512 553 544 1553623986561 
512 566 527 1553623986569 
512 583 507 1553623986576 
512 605 489 1553623986585 
512 625 474 1553623986593 
512 645 464 1553623986602 
512 665 456 1553623986611 
512 689 452 1553623986616 
512 705 452 1553623986628 
512 723 452 1553623986632 
512 739 457 1553623986645 
512 749 463 1553623986648 
512 757 470 1553623986664 
512 763 482 1553623986665 
512 769 494 1553623986670 
512 773 506 1553623986678 
512 777 520 1553623986686 
512 780 533 1553623986694 
512 783 545 1553623986702 
512 788 554 1553623986711 
512 792 562 1553623986718 
512 797 570 1553623986728 
512 801 576 1553623986732 
512 807 582 1553623986746 
512 812 586 1553623986748 
512 815 588 1553623986758 
512 817 589 1553623986766 
512 818 589 1553623986780 
512 819 589 1553623986801 
512 820 589 1553623986811 
512 821 590 1553623986886 
512 821 593 1553623986894 
512 822 596 1553623986902 
512 824 602 1553623986911 
512 826 607 1553623986918 
512 829 613 1553623986928 
512 831 619 1553623986931 
512 834 625 1553623986946 
512 836 631 1553623986948 
512 837 635 1553623986958 
512 837 637 1553623986964 
512 837 639 1553623986974 
512 837 641 1553623986981 
512 837 642 1553623987001 
512 838 642 1553623987088 
513 838 642 1553623987112 
512 840 642 1553623987166 
512 839 642 1553623987249 
514 839 642 1553623987256 
512 838 642 1553623987262 
512 836 642 1553623987270 
512 835 642 1553623987278 
512 834 641 1553623987286 
512 832 641 1553623987294 
512 831 640 1553623987309 
512 829 638 1553623987325 
512 826 635 1553623987332 
512 824 633 1553623987340 
512 820 629 1553623987348 
512 814 624 1553623987357 
512 808 620 1553623987363 
512 803 616 1553623987371 
512 797 612 1553623987379 
512 790 608 1553623987388 
512 784 605 1553623987396 
512 777 601 1553623987404 
512 772 597 1553623987412 
512 767 593 1553623987418 
512 761 587 1553623987428 
512 752 578 1553623987434 
512 742 571 1553623987444 
512 736 564 1553623987450 
512 733 558 1553623987461 
512 731 553 1553623987466 
512 730 547 1553623987474 
512 730 540 1553623987481 
512 732 532 1553623987488 
512 737 522 1553623987496 
512 744 510 1553623987504 
512 750 501 1553623987512 
512 759 491 1553623987518 
512 768 481 1553623987528 
512 781 471 1553623987534 
512 800 459 1553623987544 
512 822 452 1553623987550 
512 848 443 1553623987561 
512 870 435 1553623987566 
512 892 429 1553623987574 
512 908 424 1553623987581 
512 920 420 1553623987588 
512 930 416 1553623987596 
512 940 411 1553623987604 
512 946 408 1553623987612 
512 951 405 1553623987620 
512 953 404 1553623987628 
512 953 403 1553623987634 
512 953 402 1553623987650 
512 953 401 1553623987677 
512 954 400 1553623987688 
512 954 399 1553623987696 
512 955 398 1553623987712 
512 955 397 1553623987719 
512 955 396 1553623987728 
512 955 394 1553623987734 
512 955 393 1553623987744 
512 955 392 1553623987761 
512 955 391 1553623987766 
512 954 390 1553623987782 
512 953 389 1553623987795 
512 950 388 1553623987804 
512 948 388 1553623987812 
512 946 387 1553623987820 
512 943 385 1553623987828 
512 941 385 1553623987835 
512 939 384 1553623987844 
512 938 383 1553623987850 
512 937 383 1553623987861 
512 937 382 1553623987865 
512 936 381 1553623987882 
512 936 380 1553623987896 
512 935 379 1553623987904 
512 934 378 1553623987920 
512 934 377 1553623987936 
512 933 376 1553623987944 
512 933 375 1553623987965 
512 933 374 1553623987982 
513 933 374 1553623988029 
512 932 374 1553623988136 
512 932 375 1553623988151 
512 931 375 1553623988161 
512 930 376 1553623988165 
514 930 376 1553623988165 
512 929 377 1553623988180 
512 928 379 1553623988196 
512 927 380 1553623988208 
512 927 381 1553623988211 
512 926 382 1553623988218 
512 926 383 1553623988226 
512 925 385 1553623988234 
512 924 386 1553623988242 
512 923 388 1553623988250 
512 923 389 1553623988259 
512 923 392 1553623988265 
512 922 396 1553623988274 
512 921 398 1553623988281 
512 920 401 1553623988294 
512 919 404 1553623988297 
512 916 408 1553623988307 
512 912 414 1553623988313 
512 907 421 1553623988320 
512 900 430 1553623988327 
512 894 436 1553623988335 
512 887 442 1553623988343 
512 881 446 1553623988352 
512 876 449 1553623988360 
512 873 450 1553623988367 
512 869 451 1553623988377 
512 863 451 1553623988381 
512 852 451 1553623988394 
512 835 447 1553623988397 
512 802 444 1553623988407 
512 757 438 1553623988414 
512 720 433 1553623988424 
512 684 429 1553623988430 
512 645 426 1553623988436 
512 611 422 1553623988444 
512 583 418 1553623988452 
512 562 415 1553623988460 
512 547 412 1553623988468 
512 535 410 1553623988477 
512 525 409 1553623988481 
512 519 408 1553623988494 
512 517 408 1553623988497 
512 516 407 1553623988551 
512 515 406 1553623988567 
512 510 405 1553623988577 
512 504 405 1553623988583 
512 500 404 1553623988594 
512 497 403 1553623988597 
512 494 402 1553623988614 
512 493 401 1553623988629 
512 493 400 1553623988638 
512 493 399 1553623988644 
512 493 398 1553623988654 
512 492 396 1553623988660 
512 491 394 1553623988667 
512 491 393 1553623988677 
512 490 392 1553623988683 
512 488 389 1553623988695 
512 487 388 1553623988697 
512 485 387 1553623988707 
512 483 386 1553623988714 
512 480 386 1553623988724 
512 478 385 1553623988730 
512 478 384 1553623988737 
512 477 384 1553623988745 
512 477 383 1553623988751 
512 477 382 1553623988767 
512 476 381 1553623988783 
512 476 380 1553623988792 
512 475 380 1553623988797 
512 475 379 1553623988806 
512 474 379 1553623988813 
512 474 378 1553623988822 
512 473 377 1553623988837 
512 473 376 1553623988851 
513 473 376 1553623988895 
512 473 377 1553623989010 
512 474 378 1553623989021 
512 474 379 1553623989028 
514 474 379 1553623989029 
512 475 380 1553623989036 
512 476 380 1553623989044 
512 476 381 1553623989052 
512 477 384 1553623989065 
512 478 386 1553623989066 
512 478 388 1553623989075 
512 480 390 1553623989082 
512 481 393 1553623989090 
512 482 398 1553623989099 
512 485 403 1553623989107 
512 488 408 1553623989115 
512 492 416 1553623989121 
512 497 424 1553623989129 
512 500 433 1553623989137 
512 503 441 1553623989145 
512 507 449 1553623989153 
512 511 457 1553623989161 
512 518 467 1553623989167 
512 524 475 1553623989175 
512 530 488 1553623989183 
512 536 500 1553623989194 
512 542 511 1553623989200 
512 549 522 1553623989211 
512 558 531 1553623989216 
512 567 541 1553623989224 
512 576 550 1553623989231 
512 584 558 1553623989238 
512 594 567 1553623989246 
512 603 574 1553623989254 
512 611 583 1553623989262 
512 616 589 1553623989270 
512 619 593 1553623989277 
512 620 596 1553623989284 
512 620 599 1553623989295 
512 620 601 1553623989300 
512 619 603 1553623989311 
512 617 605 1553623989316 
512 615 606 1553623989327 
512 611 608 1553623989330 
512 609 609 1553623989338 
512 607 611 1553623989346 
512 605 612 1553623989354 
512 602 615 1553623989362 
512 600 616 1553623989369 
512 598 618 1553623989380 
512 595 620 1553623989383 
512 591 622 1553623989393 
512 588 623 1553623989399 
512 585 623 1553623989410 
512 582 624 1553623989414 
512 579 625 1553623989424 
512 576 625 1553623989430 
512 574 625 1553623989436 
512 572 625 1553623989444 
512 570 625 1553623989452 
512 569 625 1553623989468 
512 568 625 1553623989484 
512 567 626 1553623989539 
512 566 627 1553623989552 
512 566 628 1553623989560 
512 565 630 1553623989568 
512 564 631 1553623989576 
512 564 633 1553623989585 
512 563 634 1553623989593 
512 562 636 1553623989599 
512 561 637 1553623989615 
512 561 638 1553623989631 
512 561 639 1553623989647 
512 560 640 1553623989654 
513 560 640 1553623989696 
514 560 640 1553623989861 
512 561 640 1553623989900 
512 563 639 1553623989909 
512 565 636 1553623989916 
512 570 632 1553623989931 
512 574 631 1553623989940 
512 580 628 1553623989946 
512 588 622 1553623989955 
512 598 615 1553623989962 
512 607 606 1553623989968 
512 616 598 1553623989976 
512 625 589 1553623989984 
512 631 579 1553623989992 
512 635 569 1553623990000 
512 636 558 1553623990008 
512 636 546 1553623990016 
512 636 536 1553623990024 
512 635 528 1553623990030 
512 634 520 1553623990040 
512 634 515 1553623990046 
512 634 508 1553623990057 
512 634 502 1553623990062 
512 636 494 1553623990070 
512 637 483 1553623990076 
512 640 470 1553623990084 
512 641 458 1553623990092 
512 642 443 1553623990100 
512 642 430 1553623990109 
512 642 415 1553623990117 
512 642 401 1553623990125 
512 642 383 1553623990131 
512 642 360 1553623990141 
512 646 342 1553623990147 
512 649 318 1553623990159 
512 657 296 1553623990163 
512 664 277 1553623990172 
512 671 264 1553623990179 
512 676 253 1553623990185 
512 685 240 1553623990193 
512 690 231 1553623990201 
512 695 222 1553623990209 
512 699 216 1553623990217 
512 703 212 1553623990228 
512 706 208 1553623990234 
512 707 206 1553623990246 
512 707 204 1553623990248 
512 707 203 1553623990258 
513 707 203 1553623990466 
512 707 204 1553623990542 
512 707 205 1553623990571 
514 707 205 1553623990579 
