512 707 206 1553623990587 
512 706 206 1553623990594 
512 706 207 1553623990602 
512 705 207 1553623990608 
512 705 208 1553623990616 
512 705 209 1553623990650 
512 705 210 1553623990665 
512 705 211 1553623990680 
512 705 212 1553623990695 
512 705 213 1553623990712 
512 705 214 1553623990717 
513 705 214 1553623990829 
512 705 215 1553623990903 
514 705 215 1553623990903 
512 705 218 1553623990910 
512 704 224 1553623990918 
512 703 232 1553623990926 
512 702 243 1553623990933 
512 701 255 1553623990942 
512 701 269 1553623990949 
512 701 290 1553623990958 
512 703 313 1553623990965 
512 709 337 1553623990975 
512 714 361 1553623990981 
512 720 390 1553623990987 
512 726 414 1553623990995 
512 734 439 1553623991003 
512 743 464 1553623991011 
512 751 489 1553623991019 
512 757 513 1553623991027 
512 763 532 1553623991035 
512 769 556 1553623991042 
512 774 573 1553623991049 
512 779 590 1553623991060 
512 784 604 1553623991066 
512 787 615 1553623991078 
512 789 624 1553623991082 
512 790 629 1553623991088 
512 791 632 1553623991096 
512 791 634 1553623991104 
512 791 635 1553623991112 
512 791 636 1553623991120 
512 791 637 1553623991128 
512 792 638 1553623991136 
512 792 639 1553623991150 
512 793 641 1553623991236 
512 794 641 1553623991296 
512 796 640 1553623991308 
512 801 640 1553623991314 
512 806 639 1553623991320 
512 812 638 1553623991328 
512 818 637 1553623991336 
512 821 636 1553623991344 
512 824 636 1553623991352 
512 826 636 1553623991362 
512 827 636 1553623991366 
512 828 636 1553623991378 
512 829 636 1553623991461 
513 829 636 1553623991484 
512 832 637 1553623991547 
512 832 638 1553623991559 
512 833 639 1553623991566 
512 833 640 1553623991580 
512 833 641 1553623991597 
512 834 642 1553623991635 
512 835 642 1553623991647 
514 835 642 1553623991667 
512 836 643 1553623991668 
512 837 644 1553623991676 
512 838 644 1553623991680 
512 839 644 1553623991691 
512 840 644 1553623991712 
513 840 644 1553623991730 
512 841 644 1553623991766 
512 842 644 1553623991780 
512 842 645 1553623991796 
514 842 645 1553623991875 
512 840 645 1553623991890 
512 837 646 1553623991896 
512 833 646 1553623991905 
512 827 648 1553623991916 
512 820 649 1553623991920 
512 815 650 1553623991929 
512 805 651 1553623991937 
512 797 651 1553623991943 
512 789 651 1553623991951 
512 784 650 1553623991960 
512 780 650 1553623991968 
512 778 649 1553623991978 
512 778 648 1553623991984 
512 777 648 1553623991994 
512 776 647 1553623992008 
512 775 645 1553623992014 
512 775 642 1553623992022 
512 774 639 1553623992030 
512 771 634 1553623992038 
512 766 627 1553623992046 
512 759 617 1553623992052 
512 750 607 1553623992061 
512 740 598 1553623992068 
512 723 588 1553623992078 
512 705 579 1553623992084 
512 685 569 1553623992094 
512 669 561 1553623992100 
512 655 555 1553623992108 
512 637 549 1553623992114 
512 617 538 1553623992124 
512 594 529 1553623992131 
512 582 524 1553623992137 
512 570 518 1553623992145 
512 563 512 1553623992153 
512 557 505 1553623992159 
512 554 502 1553623992167 
512 552 498 1553623992176 
512 550 493 1553623992183 
512 548 487 1553623992192 
512 545 482 1553623992199 
512 541 476 1553623992209 
512 536 470 1553623992213 
512 530 464 1553623992222 
512 525 458 1553623992230 
512 518 452 1553623992238 
512 512 448 1553623992246 
512 506 444 1553623992253 
512 501 440 1553623992261 
512 498 436 1553623992267 
512 496 434 1553623992280 
512 494 432 1553623992283 
512 493 429 1553623992291 
512 493 426 1553623992299 
512 493 424 1553623992307 
512 493 422 1553623992314 
512 493 420 1553623992323 
512 493 418 1553623992329 
512 493 416 1553623992337 
512 493 414 1553623992345 
512 493 413 1553623992353 
512 493 412 1553623992361 
512 493 410 1553623992367 
512 493 409 1553623992376 
512 493 408 1553623992383 
512 493 407 1553623992393 
512 493 406 1553623992410 
512 493 405 1553623992415 
512 493 404 1553623992423 
512 493 403 1553623992437 
512 493 402 1553623992445 
512 493 401 1553623992453 
512 493 400 1553623992461 
512 493 399 1553623992476 
512 492 398 1553623992493 
512 491 397 1553623992499 
512 490 396 1553623992515 
512 489 396 1553623992526 
512 489 395 1553623992531 
512 487 394 1553623992537 
512 487 393 1553623992545 
512 486 393 1553623992553 
512 486 392 1553623992561 
512 485 392 1553623992570 
512 484 391 1553623992578 
512 484 390 1553623992586 
512 483 390 1553623992594 
512 483 389 1553623992600 
512 481 387 1553623992615 
512 481 386 1553623992629 
512 478 385 1553623992631 
512 477 383 1553623992638 
512 475 382 1553623992646 
512 473 380 1553623992653 
512 472 379 1553623992662 
512 471 379 1553623992670 
512 471 378 1553623992678 
512 470 378 1553623992687 
513 470 378 1553623992734 
514 470 378 1553623992861 
512 470 382 1553623992900 
512 472 388 1553623992906 
512 475 394 1553623992916 
512 478 400 1553623992923 
512 483 409 1553623992930 
512 489 417 1553623992940 
512 493 426 1553623992946 
512 499 433 1553623992956 
512 504 442 1553623992961 
512 509 450 1553623992969 
512 514 460 1553623992977 
512 519 470 1553623992985 
512 524 480 1553623992993 
512 528 489 1553623993002 
512 533 498 1553623993009 
512 537 506 1553623993015 
512 540 514 1553623993026 
512 544 520 1553623993031 
512 547 525 1553623993043 
512 551 533 1553623993047 
512 554 539 1553623993056 
512 556 544 1553623993063 
512 557 550 1553623993069 
512 558 553 1553623993078 
512 558 554 1553623993086 
512 559 553 1553623993118 
512 560 547 1553623993128 
512 562 539 1553623993132 
512 565 528 1553623993145 
512 570 516 1553623993148 
512 575 498 1553623993158 
512 581 474 1553623993164 
512 587 450 1553623993169 
512 595 425 1553623993178 
512 604 400 1553623993186 
512 614 379 1553623993194 
512 626 360 1553623993202 
512 637 341 1553623993211 
512 651 322 1553623993218 
512 661 308 1553623993228 
512 671 298 1553623993232 
512 682 286 1553623993245 
512 693 274 1553623993247 
512 702 265 1553623993258 
512 712 256 1553623993264 
512 721 247 1553623993274 
512 727 240 1553623993282 
512 730 234 1553623993286 
512 731 232 1553623993295 
512 731 230 1553623993311 
512 730 226 1553623993318 
512 727 220 1553623993328 
512 724 216 1553623993332 
512 723 213 1553623993345 
512 721 210 1553623993348 
512 720 207 1553623993358 
512 719 204 1553623993365 
512 719 201 1553623993375 
512 718 200 1553623993382 
512 717 199 1553623993386 
512 716 200 1553623993488 
512 714 205 1553623993495 
512 711 208 1553623993502 
512 708 212 1553623993511 
512 707 214 1553623993518 
512 705 216 1553623993528 
512 703 217 1553623993534 
512 703 218 1553623993545 
512 702 218 1553623993548 
512 701 218 1553623993574 
512 700 218 1553623993581 
512 699 217 1553623993596 
512 698 216 1553623993611 
512 697 215 1553623993628 
512 696 215 1553623993634 
512 696 213 1553623993644 
512 696 211 1553623993658 
512 697 209 1553623993664 
512 697 207 1553623993674 
512 697 206 1553623993682 
512 697 205 1553623993688 
512 697 204 1553623993703 
513 697 204 1553623993745 
512 697 205 1553623993872 
512 697 207 1553623993879 
514 697 207 1553623993880 
512 697 208 1553623993894 
512 697 209 1553623993910 
512 698 210 1553623993918 
512 699 210 1553623993924 
512 699 211 1553623993932 
512 700 214 1553623993944 
512 701 216 1553623993950 
512 704 220 1553623993961 
512 708 226 1553623993966 
512 712 232 1553623993974 
512 718 238 1553623993981 
512 725 243 1553623993988 
512 731 247 1553623993996 
512 737 250 1553623994003 
512 743 251 1553623994012 
512 746 252 1553623994020 
512 750 255 1553623994027 
512 751 256 1553623994034 
512 752 258 1553623994044 
512 753 261 1553623994050 
512 754 263 1553623994062 
512 755 265 1553623994066 
512 756 267 1553623994080 
512 756 269 1553623994081 
512 756 272 1553623994088 
512 756 278 1553623994096 
512 756 286 1553623994104 
512 756 294 1553623994112 
512 756 303 1553623994120 
512 759 314 1553623994128 
512 763 324 1553623994134 
512 770 332 1553623994145 
512 776 340 1553623994150 
512 784 346 1553623994161 
512 790 351 1553623994166 
512 798 357 1553623994177 
512 808 360 1553623994182 
512 824 365 1553623994188 
512 848 371 1553623994196 
512 867 375 1553623994204 
512 885 379 1553623994212 
512 901 382 1553623994220 
512 913 384 1553623994228 
512 920 386 1553623994236 
512 924 386 1553623994244 
512 927 387 1553623994250 
512 928 387 1553623994266 
512 929 387 1553623994281 
512 930 387 1553623994295 
512 930 386 1553623994312 
512 930 385 1553623994320 
512 930 384 1553623994328 
512 930 383 1553623994336 
512 930 384 1553623994452 
512 929 384 1553623994461 
512 928 385 1553623994466 
512 927 385 1553623994481 
512 926 385 1553623994504 
512 926 384 1553623994561 
513 926 384 1553623994597 
512 927 384 1553623994657 
514 927 384 1553623994719 
512 925 386 1553623994742 
512 923 388 1553623994750 
512 920 391 1553623994758 
512 890 412 1553623994790 
512 881 418 1553623994796 
512 872 425 1553623994805 
512 860 433 1553623994812 
512 849 442 1553623994820 
512 837 451 1553623994827 
512 827 460 1553623994835 
512 818 469 1553623994843 
512 811 479 1553623994851 
512 803 489 1553623994859 
512 792 501 1553623994867 
512 782 511 1553623994875 
512 771 523 1553623994881 
512 761 533 1553623994891 
512 751 543 1553623994896 
512 739 552 1553623994905 
512 731 559 1553623994913 
512 724 568 1553623994922 
512 718 576 1553623994927 
512 713 586 1553623994935 
512 709 597 1553623994943 
512 705 606 1553623994952 
512 700 614 1553623994961 
512 698 619 1553623994968 
512 695 623 1553623994978 
512 693 626 1553623994984 
512 691 628 1553623994995 
512 689 629 1553623994998 
512 687 631 1553623995008 
512 686 632 1553623995014 
512 685 632 1553623995024 
512 684 632 1553623995036 
512 682 631 1553623995084 
512 680 629 1553623995095 
512 678 626 1553623995098 
512 675 624 1553623995108 
512 673 622 1553623995114 
512 670 619 1553623995124 
512 666 617 1553623995131 
512 664 616 1553623995138 
512 662 615 1553623995145 
512 659 614 1553623995152 
512 657 614 1553623995161 
512 654 614 1553623995168 
512 650 614 1553623995178 
512 644 616 1553623995184 
512 637 619 1553623995194 
512 630 622 1553623995198 
512 622 625 1553623995208 
512 613 629 1553623995214 
512 605 631 1553623995224 
512 597 633 1553623995231 
512 591 634 1553623995238 
512 587 635 1553623995246 
512 584 635 1553623995252 
512 582 636 1553623995261 
512 579 637 1553623995268 
512 577 638 1553623995278 
512 576 638 1553623995284 
512 575 639 1553623995294 
512 574 639 1553623995300 
512 573 640 1553623995308 
512 571 640 1553623995314 
512 570 641 1553623995324 
512 569 641 1553623995331 
512 567 641 1553623995338 
512 566 641 1553623995346 
512 565 641 1553623995354 
512 564 641 1553623995378 
512 563 641 1553623995462 
512 562 641 1553623995478 
512 561 641 1553623995484 
513 561 641 1553623995518 
514 561 641 1553623995653 
512 562 641 1553623995668 
512 563 641 1553623995675 
512 564 639 1553623995682 
512 566 637 1553623995693 
512 577 626 1553623995723 
512 579 621 1553623995728 
512 583 615 1553623995736 
512 587 609 1553623995744 
512 591 603 1553623995753 
512 594 598 1553623995761 
512 596 592 1553623995768 
512 599 586 1553623995776 
512 602 579 1553623995782 
512 607 570 1553623995790 
512 611 560 1553623995799 
512 616 545 1553623995809 
512 620 532 1553623995815 
512 624 520 1553623995826 
512 627 512 1553623995831 
512 628 507 1553623995838 
512 628 505 1553623995845 
512 629 509 1553623995885 
512 630 521 1553623995892 
512 634 537 1553623995899 
512 639 553 1553623995909 
512 642 567 1553623995915 
512 648 577 1553623995926 
512 654 585 1553623995931 
512 663 593 1553623995943 
512 671 599 1553623995945 
512 680 605 1553623995953 
512 688 608 1553623995961 
512 698 610 1553623995970 
512 705 611 1553623995977 
512 710 611 1553623995985 
512 713 611 1553623995995 
512 716 611 1553623996000 
512 718 610 1553623996011 
512 720 609 1553623996016 
512 722 608 1553623996028 
512 725 608 1553623996032 
512 729 606 1553623996045 
512 732 604 1553623996047 
512 735 604 1553623996054 
512 738 603 1553623996062 
512 740 602 1553623996070 
512 742 601 1553623996079 
512 745 601 1553623996086 
512 747 601 1553623996096 
512 748 601 1553623996108 
512 749 601 1553623996145 
512 750 601 1553623996148 
512 751 601 1553623996157 
512 752 601 1553623996164 
512 755 603 1553623996170 
512 757 605 1553623996178 
512 760 609 1553623996186 
512 764 612 1553623996194 
512 767 614 1553623996202 
512 772 616 1553623996211 
512 775 618 1553623996216 
512 777 618 1553623996228 
512 780 619 1553623996232 
512 781 620 1553623996245 
512 782 620 1553623996247 
512 783 621 1553623996258 
512 786 622 1553623996264 
512 787 623 1553623996270 
512 790 623 1553623996278 
512 793 624 1553623996286 
512 796 625 1553623996294 
512 799 625 1553623996302 
512 802 626 1553623996311 
512 804 626 1553623996316 
512 807 626 1553623996327 
512 809 626 1553623996332 
512 810 626 1553623996345 
512 811 626 1553623996347 
512 811 627 1553623996402 
512 813 628 1553623996432 
512 816 631 1553623996445 
512 818 633 1553623996448 
512 820 635 1553623996457 
512 822 637 1553623996464 
512 825 637 1553623996474 
512 825 638 1553623996480 
512 826 639 1553623996486 
512 827 639 1553623996574 
512 829 640 1553623996586 
512 830 640 1553623996602 
512 833 641 1553623996611 
512 834 641 1553623996618 
512 835 641 1553623996627 
512 836 641 1553623996634 
512 838 641 1553623996645 
512 839 641 1553623996694 
513 839 641 1553623996712 
512 842 641 1553623996767 
512 841 641 1553623996855 
514 841 641 1553623996856 
512 840 641 1553623996862 
512 839 641 1553623996879 
512 838 641 1553623996887 
512 838 640 1553623996895 
512 836 640 1553623996901 
512 833 637 1553623996911 
512 821 623 1553623996949 
512 816 617 1553623996950 
512 812 610 1553623996957 
512 808 602 1553623996962 
512 805 597 1553623996970 
512 803 591 1553623996978 
512 799 582 1553623996988 
512 796 570 1553623996995 
512 793 557 1553623997004 
512 791 545 1553623997011 
512 787 531 1553623997018 
512 783 517 1553623997028 
512 777 505 1553623997034 
512 772 496 1553623997045 
512 768 490 1553623997050 
512 764 484 1553623997061 
512 761 480 1553623997063 
512 759 475 1553623997074 
512 758 469 1553623997080 
512 758 464 1553623997088 
512 758 458 1553623997096 
512 761 453 1553623997104 
512 765 447 1553623997112 
512 771 441 1553623997118 
512 780 435 1553623997127 
512 790 428 1553623997134 
512 802 424 1553623997145 
512 814 419 1553623997150 
512 828 416 1553623997161 
512 840 413 1553623997166 
512 852 409 1553623997174 
512 862 406 1553623997180 
512 869 403 1553623997188 
512 873 401 1553623997196 
512 877 399 1553623997204 
512 879 397 1553623997212 
512 881 395 1553623997219 
512 883 393 1553623997227 
512 885 392 1553623997234 
512 886 391 1553623997244 
512 889 390 1553623997250 
512 891 388 1553623997261 
512 893 387 1553623997266 
512 895 387 1553623997278 
512 896 386 1553623997280 
512 897 385 1553623997288 
512 899 385 1553623997296 
512 901 384 1553623997304 
512 903 383 1553623997312 
512 905 383 1553623997319 
512 907 382 1553623997327 
512 909 381 1553623997334 
512 910 380 1553623997350 
512 911 379 1553623997361 
512 912 379 1553623997366 
512 912 378 1553623997378 
512 914 378 1553623997382 
512 915 377 1553623997395 
512 916 377 1553623997412 
512 917 376 1553623997428 
512 918 376 1553623997434 
512 918 375 1553623997444 
512 919 375 1553623997450 
512 920 375 1553623997465 
512 921 375 1553623997482 
512 922 375 1553623997488 
512 923 375 1553623997503 
512 924 375 1553623997519 
512 925 375 1553623997535 
512 926 375 1553623997578 
513 926 375 1553623997606 
512 927 375 1553623997651 
512 927 376 1553623997750 
514 927 376 1553623997751 
512 925 378 1553623997757 
512 921 380 1553623997764 
512 915 387 1553623997776 
512 910 390 1553623997780 
512 903 397 1553623997790 
512 894 403 1553623997796 
512 886 409 1553623997805 
512 877 412 1553623997810 
512 869 415 1553623997819 
512 857 418 1553623997827 
512 841 422 1553623997835 
512 825 425 1553623997843 
512 810 428 1553623997852 
512 794 432 1553623997861 
512 780 435 1553623997866 
512 765 440 1553623997878 
512 750 444 1553623997882 
512 738 448 1553623997896 
512 726 451 1553623997898 
512 714 454 1553623997908 
512 700 458 1553623997914 
512 685 463 1553623997920 
512 668 468 1553623997928 
512 651 473 1553623997936 
512 639 479 1553623997944 
512 630 483 1553623997952 
512 624 487 1553623997961 
512 620 490 1553623997968 
512 618 490 1553623997978 
512 616 491 1553623997982 
512 615 491 1553623998024 
512 610 485 1553623998030 
512 601 477 1553623998036 
512 592 471 1553623998044 
512 582 464 1553623998052 
512 572 455 1553623998061 
512 563 446 1553623998068 
512 557 440 1553623998078 
512 553 434 1553623998082 
512 549 429 1553623998095 
512 545 423 1553623998098 
512 541 417 1553623998108 
512 537 410 1553623998115 
512 530 405 1553623998124 
512 524 401 1553623998131 
512 520 397 1553623998136 
512 514 393 1553623998144 
512 508 389 1553623998152 
512 502 385 1553623998161 
512 497 382 1553623998168 
512 495 381 1553623998178 
512 492 379 1553623998184 
512 490 379 1553623998196 
512 490 378 1553623998198 
512 489 377 1553623998208 
512 488 377 1553623998224 
512 488 376 1553623998231 
512 487 375 1553623998236 
512 486 373 1553623998244 
512 484 371 1553623998252 
512 482 368 1553623998261 
512 480 366 1553623998268 
512 477 364 1553623998278 
512 476 362 1553623998284 
512 475 362 1553623998295 
512 473 360 1553623998298 
512 471 359 1553623998314 
512 471 358 1553623998324 
512 470 358 1553623998330 
512 470 357 1553623998338 
512 469 357 1553623998345 
512 469 359 1553623998468 
512 469 362 1553623998478 
512 470 364 1553623998484 
512 470 366 1553623998495 
512 471 368 1553623998500 
512 472 370 1553623998508 
512 472 371 1553623998514 
512 473 372 1553623998524 
512 474 373 1553623998538 
512 475 373 1553623998546 
512 475 374 1553623998554 
512 476 375 1553623998568 
512 476 376 1553623998578 
512 476 377 1553623998600 
513 476 377 1553623998616 
512 476 378 1553623998663 
514 476 378 1553623998745 
512 477 378 1553623998845 
512 477 379 1553623998853 
512 480 382 1553623998862 
512 508 404 1553623998897 
512 518 406 1553623998898 
512 528 406 1553623998907 
512 537 405 1553623998914 
512 543 401 1553623998923 
512 548 396 1553623998928 
512 550 392 1553623998937 
512 552 389 1553623998945 
512 553 386 1553623998953 
512 554 384 1553623998961 
512 554 386 1553623999028 
512 554 396 1553623999031 
512 553 405 1553623999037 
512 552 419 1553623999046 
512 548 434 1553623999054 
512 543 451 1553623999062 
512 539 465 1553623999079 
512 535 477 1553623999079 
512 534 488 1553623999085 
512 532 497 1553623999092 
512 531 507 1553623999099 
512 530 516 1553623999107 
512 530 526 1553623999115 
512 530 535 1553623999125 
512 530 544 1553623999131 
512 530 555 1553623999143 
512 531 564 1553623999145 
512 533 574 1553623999153 
512 534 583 1553623999161 
512 535 594 1553623999169 
512 536 604 1553623999177 
512 537 613 1553623999185 
512 537 621 1553623999193 
512 538 624 1553623999199 
512 538 625 1553623999209 
512 538 626 1553623999247 
512 538 627 1553623999261 
512 539 627 1553623999401 
512 539 628 1553623999415 
512 542 631 1553623999426 
512 544 631 1553623999431 
512 545 633 1553623999443 
512 546 634 1553623999458 
512 547 635 1553623999478 
512 547 636 1553623999486 
512 548 637 1553623999502 
512 549 637 1553623999511 
512 549 638 1553623999516 
512 550 638 1553623999528 
512 550 639 1553623999532 
512 551 639 1553623999545 
513 551 639 1553623999575 
512 552 639 1553623999638 
514 552 639 1553623999717 
512 553 638 1553623999811 
512 555 636 1553623999818 
512 557 633 1553623999828 
512 577 606 1553623999869 
512 584 602 1553623999871 
512 596 598 1553623999878 
512 609 594 1553623999886 
512 621 590 1553623999892 
512 632 587 1553623999900 
512 644 584 1553623999909 
512 656 583 1553623999917 
512 665 581 1553623999925 
512 674 577 1553623999933 
512 680 571 1553623999941 
512 683 563 1553623999947 
512 684 554 1553623999955 
512 684 542 1553623999963 
512 680 525 1553623999973 
512 673 500 1553623999980 
512 663 472 1553623999988 
512 651 442 1553623999995 
512 636 415 1553624000002 
512 627 392 1553624000010 
512 618 372 1553624000017 
512 613 353 1553624000027 
512 608 336 1553624000033 
512 604 325 1553624000043 
512 603 316 1553624000047 
512 602 308 1553624000057 
512 602 300 1553624000064 
512 602 290 1553624000074 
512 605 282 1553624000080 
512 606 276 1553624000087 
512 607 273 1553624000095 
512 608 271 1553624000101 
512 608 269 1553624000110 
512 609 268 1553624000118 
512 609 267 1553624000133 
512 610 267 1553624000150 
512 612 266 1553624000196 
512 616 266 1553624000204 
512 621 265 1553624000211 
512 627 264 1553624000218 
512 634 263 1553624000228 
512 641 262 1553624000234 
512 646 261 1553624000244 
512 652 259 1553624000250 
512 657 256 1553624000261 
512 660 254 1553624000264 
512 663 251 1553624000274 
512 665 249 1553624000280 
512 666 247 1553624000288 
512 666 245 1553624000296 
512 666 244 1553624000304 
512 667 242 1553624000312 
512 668 240 1553624000318 
512 669 237 1553624000328 
512 669 234 1553624000334 
512 670 231 1553624000345 
512 671 229 1553624000350 
512 671 227 1553624000362 
512 672 225 1553624000366 
512 675 222 1553624000374 
512 675 221 1553624000381 
512 676 221 1553624000388 
512 676 220 1553624000397 
512 677 219 1553624000404 
512 678 218 1553624000420 
512 679 218 1553624000426 
512 679 217 1553624000432 
512 680 217 1553624000440 
512 680 216 1553624000448 
512 682 215 1553624000457 
512 682 214 1553624000464 
512 683 214 1553624000476 
512 684 213 1553624000479 
512 685 212 1553624000487 
512 687 212 1553624000495 
512 689 212 1553624000504 
512 689 211 1553624000512 
512 690 211 1553624000566 
512 691 211 1553624000579 
512 692 212 1553624000588 
512 693 213 1553624000603 
512 694 213 1553624000620 
512 695 214 1553624000628 
512 696 214 1553624000650 
513 696 214 1553624000683 
512 697 214 1553624000704 
512 698 214 1553624000719 
514 698 214 1553624000819 
