512 699 210 1553624034075 
512 700 210 1553624034083 
512 700 211 1553624034093 
512 701 214 1553624034097 
512 701 217 1553624034106 
512 703 221 1553624034113 
512 707 226 1553624034122 
512 710 232 1553624034129 
512 715 239 1553624034137 
512 722 248 1553624034143 
512 728 257 1553624034152 
512 736 267 1553624034161 
512 745 278 1553624034168 
512 754 288 1553624034178 
512 762 299 1553624034184 
512 773 313 1553624034194 
512 784 325 1553624034197 
512 799 339 1553624034208 
512 809 349 1553624034215 
512 818 357 1553624034224 
512 826 366 1553624034231 
512 831 373 1553624034238 
512 834 380 1553624034246 
512 834 387 1553624034252 
512 834 395 1553624034261 
512 832 404 1553624034267 
512 829 414 1553624034278 
512 825 425 1553624034284 
512 822 435 1553624034295 
512 819 443 1553624034300 
512 816 451 1553624034308 
512 813 457 1553624034315 
512 811 466 1553624034324 
512 809 473 1553624034331 
512 806 481 1553624034338 
512 803 491 1553624034346 
512 800 500 1553624034354 
512 799 510 1553624034361 
512 798 522 1553624034368 
512 797 531 1553624034378 
512 796 539 1553624034384 
512 796 545 1553624034395 
512 797 551 1553624034399 
512 798 555 1553624034406 
512 800 558 1553624034413 
512 800 561 1553624034422 
512 801 564 1553624034429 
512 802 568 1553624034438 
512 803 571 1553624034446 
512 803 574 1553624034454 
512 804 577 1553624034462 
512 805 580 1553624034468 
512 805 582 1553624034478 
512 805 584 1553624034483 
512 806 586 1553624034495 
512 806 589 1553624034499 
512 807 594 1553624034513 
512 807 596 1553624034522 
512 808 597 1553624034529 
512 808 599 1553624034537 
512 809 600 1553624034553 
512 810 602 1553624034561 
512 811 604 1553624034567 
512 811 605 1553624034576 
512 812 605 1553624034583 
512 812 606 1553624034592 
512 813 606 1553624034599 
512 813 607 1553624034615 
512 814 607 1553624034622 
512 815 609 1553624034629 
512 815 610 1553624034637 
512 816 611 1553624034645 
512 817 614 1553624034653 
512 818 616 1553624034661 
512 820 618 1553624034669 
512 820 619 1553624034675 
512 822 622 1553624034683 
512 823 624 1553624034692 
512 826 626 1553624034699 
512 828 628 1553624034709 
512 830 631 1553624034715 
512 833 633 1553624034725 
512 835 635 1553624034729 
512 836 637 1553624034737 
512 838 638 1553624034745 
512 839 639 1553624034753 
512 841 640 1553624034761 
512 842 643 1553624034769 
512 843 643 1553624034777 
512 843 644 1553624034783 
512 844 644 1553624034800 
512 845 644 1553624034887 
513 845 644 1553624034889 
512 847 644 1553624034938 
514 847 644 1553624035041 
512 846 644 1553624035154 
512 838 640 1553624035162 
512 716 569 1553624035220 
512 685 555 1553624035224 
512 655 547 1553624035231 
512 631 541 1553624035241 
512 613 537 1553624035247 
512 594 533 1553624035258 
512 576 529 1553624035264 
512 561 524 1553624035270 
512 549 518 1553624035278 
512 542 512 1553624035286 
512 534 506 1553624035295 
512 528 502 1553624035302 
512 522 498 1553624035311 
512 519 494 1553624035316 
512 515 490 1553624035328 
512 513 487 1553624035332 
512 511 482 1553624035345 
512 511 477 1553624035347 
512 510 473 1553624035358 
512 509 467 1553624035364 
512 507 464 1553624035370 
512 504 459 1553624035378 
512 502 453 1553624035386 
512 500 448 1553624035394 
512 497 445 1553624035401 
512 495 442 1553624035412 
512 495 440 1553624035418 
512 493 438 1553624035426 
512 492 437 1553624035431 
512 492 435 1553624035442 
512 491 435 1553624035447 
512 491 434 1553624035459 
512 491 432 1553624035472 
512 491 431 1553624035479 
512 490 429 1553624035485 
512 489 427 1553624035493 
512 488 425 1553624035501 
512 487 422 1553624035509 
512 486 420 1553624035516 
512 485 418 1553624035525 
512 484 416 1553624035531 
512 483 414 1553624035542 
512 483 412 1553624035547 
512 482 410 1553624035556 
512 481 409 1553624035563 
512 481 407 1553624035571 
512 480 405 1553624035577 
512 480 403 1553624035585 
512 479 401 1553624035594 
512 478 399 1553624035602 
512 477 396 1553624035611 
512 477 394 1553624035618 
512 476 393 1553624035629 
512 475 391 1553624035632 
512 475 390 1553624035647 
512 474 390 1553624035657 
512 474 389 1553624035664 
512 474 388 1553624035680 
512 473 387 1553624035686 
512 473 386 1553624035702 
512 473 385 1553624035718 
512 472 385 1553624035728 
512 472 384 1553624035734 
512 471 383 1553624035747 
512 471 382 1553624035780 
513 471 382 1553624035845 
514 471 382 1553624035971 
512 471 381 1553624036060 
512 474 380 1553624036063 
512 482 379 1553624036071 
512 530 375 1553624036107 
512 546 375 1553624036110 
512 569 375 1553624036117 
512 585 375 1553624036125 
512 602 375 1553624036132 
512 616 375 1553624036140 
512 628 377 1553624036149 
512 638 378 1553624036159 
512 646 379 1553624036163 
512 650 380 1553624036172 
512 653 380 1553624036179 
512 654 380 1553624036187 
512 655 380 1553624036195 
512 655 379 1553624036227 
512 655 378 1553624036234 
512 653 375 1553624036244 
512 652 372 1553624036250 
512 649 366 1553624036261 
512 648 361 1553624036266 
512 647 352 1553624036274 
512 647 346 1553624036280 
512 647 338 1553624036288 
512 648 331 1553624036296 
512 650 324 1553624036303 
512 653 316 1553624036311 
512 657 309 1553624036319 
512 660 303 1553624036326 
512 664 297 1553624036333 
512 667 294 1553624036342 
512 669 290 1553624036349 
512 672 287 1553624036360 
512 674 285 1553624036366 
512 676 283 1553624036378 
512 678 282 1553624036379 
512 680 280 1553624036388 
512 682 279 1553624036396 
512 685 277 1553624036404 
512 687 275 1553624036412 
512 689 273 1553624036420 
512 692 273 1553624036428 
512 695 271 1553624036434 
512 698 270 1553624036444 
512 700 269 1553624036450 
512 701 267 1553624036461 
512 703 267 1553624036466 
512 705 266 1553624036478 
512 706 264 1553624036482 
512 708 264 1553624036488 
512 708 263 1553624036496 
512 709 263 1553624036504 
512 709 262 1553624036512 
512 710 261 1553624036519 
512 711 260 1553624036528 
512 711 259 1553624036533 
512 711 258 1553624036545 
512 711 257 1553624036561 
512 710 256 1553624036578 
512 709 254 1553624036588 
512 708 253 1553624036604 
512 707 252 1553624036620 
512 706 251 1553624036628 
512 705 250 1553624036644 
512 704 249 1553624036661 
512 703 248 1553624036678 
512 702 248 1553624036682 
512 702 246 1553624036696 
512 701 245 1553624036698 
512 700 243 1553624036704 
512 700 241 1553624036712 
512 699 238 1553624036719 
512 698 236 1553624036727 
512 697 234 1553624036735 
512 697 232 1553624036743 
512 697 230 1553624036750 
512 697 227 1553624036761 
512 697 225 1553624036766 
512 697 223 1553624036778 
512 697 221 1553624036782 
512 697 219 1553624036796 
512 697 218 1553624036798 
512 697 215 1553624036804 
512 698 213 1553624036812 
512 698 212 1553624036820 
512 698 211 1553624036828 
512 698 209 1553624036836 
512 698 208 1553624036852 
512 699 207 1553624036878 
512 700 206 1553624036896 
512 700 205 1553624036898 
512 701 205 1553624036920 
512 701 204 1553624036966 
513 701 204 1553624036979 
514 701 204 1553624037112 
512 702 204 1553624037175 
512 703 205 1553624037181 
512 703 207 1553624037192 
512 706 211 1553624037197 
512 708 214 1553624037206 
512 711 219 1553624037213 
512 715 225 1553624037223 
512 719 232 1553624037229 
512 724 240 1553624037235 
512 728 249 1553624037243 
512 732 259 1553624037251 
512 735 266 1553624037260 
512 739 273 1553624037268 
512 742 282 1553624037278 
512 747 290 1553624037284 
512 753 297 1553624037296 
512 759 305 1553624037297 
512 767 312 1553624037308 
512 777 319 1553624037314 
512 788 326 1553624037324 
512 798 330 1553624037331 
512 810 332 1553624037336 
512 819 332 1553624037344 
512 827 332 1553624037352 
512 833 332 1553624037361 
512 836 332 1553624037368 
512 838 332 1553624037378 
512 840 332 1553624037384 
512 843 332 1553624037396 
512 846 331 1553624037398 
512 849 331 1553624037408 
512 852 331 1553624037414 
512 855 330 1553624037424 
512 858 330 1553624037430 
512 861 330 1553624037438 
512 864 330 1553624037446 
512 867 330 1553624037451 
512 870 331 1553624037459 
512 873 331 1553624037467 
512 875 332 1553624037476 
512 876 334 1553624037483 
512 879 337 1553624037492 
512 881 339 1553624037497 
512 884 343 1553624037507 
512 886 345 1553624037513 
512 888 347 1553624037522 
512 890 349 1553624037530 
512 892 352 1553624037538 
512 894 353 1553624037546 
512 897 356 1553624037551 
512 899 358 1553624037561 
512 901 360 1553624037567 
512 903 362 1553624037578 
512 905 364 1553624037584 
512 906 366 1553624037594 
512 909 368 1553624037600 
512 910 371 1553624037608 
512 912 373 1553624037614 
512 912 374 1553624037624 
512 914 377 1553624037631 
512 915 378 1553624037645 
512 916 378 1553624037654 
512 916 379 1553624037661 
512 917 379 1553624037678 
512 918 379 1553624037730 
512 919 379 1553624037754 
512 920 379 1553624037762 
512 921 379 1553624037778 
512 922 379 1553624037794 
512 924 379 1553624037800 
512 925 379 1553624037811 
512 926 379 1553624037816 
512 927 379 1553624037824 
512 928 379 1553624037831 
512 929 379 1553624037894 
513 929 379 1553624037932 
512 930 379 1553624037979 
514 930 379 1553624038037 
512 926 381 1553624038077 
512 918 385 1553624038083 
512 888 402 1553624038115 
512 880 405 1553624038123 
512 871 409 1553624038130 
512 863 413 1553624038136 
512 853 421 1553624038144 
512 841 432 1553624038153 
512 826 444 1553624038161 
512 811 459 1553624038169 
512 796 471 1553624038177 
512 782 481 1553624038185 
512 766 492 1553624038193 
512 747 504 1553624038199 
512 728 516 1553624038210 
512 715 523 1553624038215 
512 704 530 1553624038227 
512 689 539 1553624038231 
512 675 549 1553624038245 
512 662 556 1553624038246 
512 651 563 1553624038253 
512 638 570 1553624038261 
512 627 576 1553624038269 
512 619 580 1553624038278 
512 610 584 1553624038286 
512 602 588 1553624038294 
512 593 593 1553624038300 
512 583 597 1553624038310 
512 575 602 1553624038315 
512 565 609 1553624038327 
512 556 615 1553624038331 
512 547 622 1553624038344 
512 540 627 1553624038348 
512 535 632 1553624038353 
512 533 634 1553624038364 
512 531 636 1553624038370 
512 529 637 1553624038377 
512 528 638 1553624038385 
512 526 639 1553624038393 
512 523 639 1553624038401 
512 521 640 1553624038410 
512 519 641 1553624038415 
512 517 643 1553624038427 
512 515 645 1553624038431 
512 515 646 1553624038444 
512 514 647 1553624038447 
512 513 648 1553624038457 
512 513 649 1553624038463 
512 513 650 1553624038477 
512 513 651 1553624038501 
512 514 653 1553624038526 
512 516 653 1553624038531 
512 518 654 1553624038544 
512 520 655 1553624038547 
512 522 655 1553624038563 
512 524 655 1553624038564 
512 527 655 1553624038569 
512 529 654 1553624038577 
512 531 654 1553624038585 
512 534 653 1553624038594 
512 536 652 1553624038601 
512 538 651 1553624038610 
512 539 651 1553624038617 
512 540 651 1553624038627 
512 541 651 1553624038644 
512 543 650 1553624038657 
512 545 650 1553624038669 
512 546 650 1553624038677 
512 548 650 1553624038685 
512 550 649 1553624038694 
512 551 649 1553624038710 
512 552 649 1553624038718 
512 553 648 1553624038727 
512 553 647 1553624038785 
512 553 646 1553624038801 
512 554 646 1553624038810 
512 555 645 1553624038827 
512 556 645 1553624038847 
513 556 645 1553624038865 
512 559 645 1553624038909 
512 560 645 1553624038916 
512 559 645 1553624039017 
512 558 645 1553624039026 
514 558 645 1553624039041 
512 557 645 1553624039046 
512 556 645 1553624039062 
512 555 645 1553624039087 
512 555 644 1553624039095 
512 554 644 1553624039110 
512 553 644 1553624039157 
512 551 642 1553624039164 
512 545 629 1553624039201 
512 546 626 1553624039209 
512 548 624 1553624039217 
512 552 623 1553624039225 
512 555 622 1553624039233 
512 559 622 1553624039241 
512 564 622 1553624039249 
512 572 622 1553624039257 
512 581 622 1553624039264 
512 590 623 1553624039274 
512 600 626 1553624039281 
512 612 630 1553624039288 
512 627 638 1553624039296 
512 647 646 1553624039304 
512 675 660 1553624039311 
512 706 674 1553624039318 
512 739 684 1553624039328 
512 774 691 1553624039334 
512 803 696 1553624039344 
512 826 700 1553624039351 
512 842 704 1553624039361 
512 853 705 1553624039363 
512 861 706 1553624039374 
512 865 706 1553624039380 
512 868 706 1553624039388 
512 870 705 1553624039396 
512 870 704 1553624039412 
512 870 703 1553624039418 
512 870 702 1553624039428 
512 870 701 1553624039434 
512 870 700 1553624039450 
512 869 700 1553624039461 
512 869 698 1553624039466 
512 869 696 1553624039474 
512 869 694 1553624039480 
512 870 692 1553624039488 
512 871 690 1553624039496 
512 872 686 1553624039504 
512 872 684 1553624039512 
512 872 683 1553624039520 
512 871 682 1553624039527 
512 871 681 1553624039534 
512 870 680 1553624039544 
512 869 679 1553624039550 
512 868 679 1553624039561 
512 867 677 1553624039566 
512 866 676 1553624039579 
512 864 674 1553624039580 
512 863 673 1553624039588 
512 862 672 1553624039596 
512 862 671 1553624039604 
512 861 670 1553624039612 
512 860 668 1553624039620 
512 860 667 1553624039627 
512 859 666 1553624039634 
512 858 664 1553624039644 
512 857 663 1553624039661 
512 856 663 1553624039666 
512 856 662 1553624039678 
512 855 662 1553624039680 
512 855 661 1553624039690 
512 853 660 1553624039697 
512 852 659 1553624039712 
512 851 657 1553624039728 
512 850 656 1553624039744 
512 849 655 1553624039750 
512 849 654 1553624039761 
512 848 654 1553624039766 
512 848 653 1553624039778 
512 846 652 1553624039782 
512 846 651 1553624039788 
512 845 651 1553624039796 
512 845 650 1553624039803 
512 844 650 1553624039811 
512 844 649 1553624039820 
512 844 648 1553624039844 
512 844 647 1553624039850 
513 844 647 1553624039884 
514 844 647 1553624040034 
512 843 647 1553624040050 
512 842 648 1553624040073 
512 841 648 1553624040080 
512 841 649 1553624040093 
512 841 648 1553624040144 
512 840 645 1553624040151 
512 837 641 1553624040160 
512 785 605 1553624040213 
512 777 601 1553624040214 
512 773 597 1553624040220 
512 772 595 1553624040227 
512 772 593 1553624040236 
512 772 591 1553624040244 
512 772 590 1553624040251 
512 774 588 1553624040260 
512 778 584 1553624040267 
512 784 579 1553624040277 
512 794 570 1553624040282 
512 806 559 1553624040294 
512 821 544 1553624040297 
512 838 524 1553624040311 
512 856 501 1553624040313 
512 874 479 1553624040323 
512 890 461 1553624040329 
512 905 449 1553624040335 
512 919 437 1553624040344 
512 934 425 1553624040351 
512 948 413 1553624040360 
512 960 404 1553624040367 
512 970 395 1553624040377 
512 977 386 1553624040381 
512 983 379 1553624040394 
512 987 373 1553624040398 
512 991 368 1553624040411 
512 993 365 1553624040412 
512 995 362 1553624040420 
512 996 360 1553624040428 
512 996 358 1553624040435 
512 996 356 1553624040443 
512 997 354 1553624040451 
512 998 351 1553624040459 
512 999 349 1553624040467 
512 999 347 1553624040475 
512 1000 345 1553624040481 
512 1001 343 1553624040491 
512 1002 340 1553624040497 
512 1002 339 1553624040513 
512 1002 338 1553624040536 
512 999 338 1553624040584 
512 992 340 1553624040595 
512 984 342 1553624040598 
512 974 345 1553624040608 
512 966 348 1553624040614 
512 957 351 1553624040624 
512 951 354 1553624040631 
512 947 356 1553624040638 
512 943 358 1553624040645 
512 940 359 1553624040652 
512 938 359 1553624040661 
512 938 360 1553624040668 
512 937 360 1553624040678 
512 936 362 1553624040813 
512 936 363 1553624040824 
512 935 364 1553624040831 
512 934 366 1553624040845 
512 933 367 1553624040852 
512 932 368 1553624040868 
512 932 369 1553624040878 
512 931 370 1553624040884 
512 930 371 1553624040895 
512 929 372 1553624040900 
512 928 372 1553624040908 
512 928 373 1553624040929 
513 928 373 1553624040995 
514 928 373 1553624041145 
512 927 373 1553624041228 
512 927 375 1553624041229 
512 925 378 1553624041238 
512 915 393 1553624041278 
512 915 394 1553624041290 
512 915 395 1553624041307 
512 915 396 1553624041327 
512 915 397 1553624041332 
512 914 399 1553624041338 
512 913 401 1553624041346 
512 911 404 1553624041354 
512 906 410 1553624041362 
512 897 418 1553624041369 
512 887 427 1553624041378 
512 870 437 1553624041386 
512 849 449 1553624041394 
512 832 454 1553624041400 
512 809 457 1553624041411 
512 782 457 1553624041417 
512 741 457 1553624041428 
512 691 453 1553624041432 
512 642 451 1553624041446 
512 600 443 1553624041447 
512 569 433 1553624041454 
512 553 428 1553624041462 
512 543 424 1553624041470 
512 533 420 1553624041478 
512 526 415 1553624041486 
512 522 412 1553624041494 
512 520 410 1553624041499 
512 519 408 1553624041512 
512 519 406 1553624041516 
512 519 404 1553624041528 
512 519 402 1553624041532 
512 519 400 1553624041546 
512 519 398 1553624041547 
512 519 396 1553624041554 
512 518 396 1553624041562 
512 517 394 1553624041570 
512 517 393 1553624041578 
512 516 392 1553624041586 
512 516 391 1553624041595 
512 515 391 1553624041600 
512 514 390 1553624041611 
512 514 389 1553624041616 
512 513 389 1553624041627 
512 513 388 1553624041632 
512 512 388 1553624041645 
512 511 387 1553624041648 
512 509 386 1553624041654 
512 506 386 1553624041662 
512 501 385 1553624041670 
512 494 384 1553624041678 
512 486 383 1553624041685 
512 478 383 1553624041694 
512 473 382 1553624041701 
512 467 381 1553624041711 
512 464 380 1553624041716 
512 463 380 1553624041728 
512 463 379 1553624041732 
512 463 378 1553624041785 
512 462 378 1553624041802 
512 462 377 1553624041815 
512 462 376 1553624041832 
512 462 375 1553624041857 
512 462 374 1553624041870 
512 463 373 1553624041885 
512 464 373 1553624041895 
512 465 372 1553624041902 
512 466 371 1553624041911 
512 467 370 1553624041928 
512 468 370 1553624041946 
512 469 370 1553624041958 
512 470 370 1553624041978 
512 471 370 1553624041995 
512 472 370 1553624042011 
512 473 370 1553624042028 
512 473 371 1553624042032 
513 473 371 1553624042034 
512 475 372 1553624042091 
512 475 373 1553624042095 
514 475 373 1553624042185 
512 474 374 1553624042246 
512 473 374 1553624042264 
512 474 374 1553624042388 
512 476 374 1553624042396 
512 478 373 1553624042402 
512 488 373 1553624042445 
512 490 375 1553624042449 
512 493 380 1553624042456 
512 496 386 1553624042462 
512 499 394 1553624042471 
512 504 403 1553624042479 
512 507 411 1553624042486 
512 510 421 1553624042495 
512 514 433 1553624042502 
512 519 444 1553624042511 
512 522 454 1553624042517 
512 526 466 1553624042527 
512 528 480 1553624042534 
512 530 492 1553624042545 
512 532 503 1553624042550 
512 533 512 1553624042558 
512 533 521 1553624042565 
512 534 532 1553624042574 
512 536 542 1553624042581 
512 537 550 1553624042588 
512 538 558 1553624042596 
512 539 566 1553624042604 
512 540 574 1553624042611 
512 541 582 1553624042618 
512 544 590 1553624042627 
512 547 595 1553624042634 
512 549 599 1553624042644 
512 550 601 1553624042650 
512 551 602 1553624042661 
512 552 602 1553624042663 
512 552 603 1553624042675 
512 553 603 1553624042681 
512 555 605 1553624042688 
512 557 608 1553624042696 
512 559 609 1553624042704 
512 562 611 1553624042712 
512 564 611 1553624042718 
512 566 614 1553624042727 
512 567 614 1553624042734 
512 568 616 1553624042744 
512 569 617 1553624042750 
512 569 618 1553624042765 
512 570 618 1553624042775 
512 570 619 1553624042781 
512 570 620 1553624042788 
512 570 621 1553624042796 
512 570 623 1553624042812 
512 570 625 1553624042820 
512 570 628 1553624042827 
512 570 631 1553624042834 
512 570 633 1553624042844 
512 569 635 1553624042850 
512 568 637 1553624042861 
512 568 639 1553624042865 
512 567 642 1553624042879 
512 566 643 1553624042880 
512 565 644 1553624042888 
512 565 645 1553624042896 
512 564 645 1553624042904 
512 563 645 1553624042920 
512 563 646 1553624042928 
512 562 646 1553624042934 
512 561 646 1553624042945 
513 561 646 1553624043029 
512 563 646 1553624043104 
512 564 646 1553624043105 
514 564 646 1553624043203 
512 567 646 1553624043296 
512 607 631 1553624043344 
512 613 627 1553624043351 
512 619 623 1553624043358 
512 623 620 1553624043365 
512 625 618 1553624043373 
512 627 616 1553624043381 
512 630 616 1553624043391 
512 631 615 1553624043398 
512 633 613 1553624043408 
512 636 611 1553624043414 
512 638 608 1553624043420 
512 640 602 1553624043428 
512 641 592 1553624043436 
512 641 582 1553624043445 
512 641 567 1553624043452 
512 639 550 1553624043461 
512 635 532 1553624043466 
512 631 513 1553624043478 
512 627 495 1553624043482 
512 623 476 1553624043496 
512 621 454 1553624043498 
512 622 418 1553624043508 
512 632 385 1553624043515 
512 644 359 1553624043520 
512 649 340 1553624043532 
512 653 324 1553624043536 
512 656 308 1553624043544 
512 661 296 1553624043551 
512 666 286 1553624043561 
512 672 277 1553624043568 
512 675 271 1553624043578 
512 676 267 1553624043582 
512 678 265 1553624043595 
512 679 262 1553624043598 
512 680 259 1553624043608 
512 681 257 1553624043614 
512 682 255 1553624043620 
512 682 254 1553624043628 
512 682 252 1553624043636 
512 683 251 1553624043645 
512 684 250 1553624043651 
512 684 248 1553624043661 
512 685 246 1553624043668 
512 686 244 1553624043678 
512 687 241 1553624043682 
512 687 238 1553624043695 
512 688 236 1553624043698 
512 689 233 1553624043708 
512 690 231 1553624043714 
512 690 229 1553624043724 
512 690 227 1553624043731 
512 691 225 1553624043736 
512 691 224 1553624043744 
512 692 224 1553624043752 
512 692 223 1553624043761 
512 692 222 1553624043768 
512 692 221 1553624043782 
512 692 220 1553624043808 
512 692 219 1553624043824 
512 692 218 1553624043852 
512 692 217 1553624043913 
512 692 216 1553624043930 
512 692 215 1553624043952 
512 692 214 1553624043961 
512 692 213 1553624043978 
512 692 212 1553624043998 
512 693 212 1553624044013 
512 693 211 1553624044024 
513 693 211 1553624044046 
512 694 211 1553624044183 
514 694 211 1553624044183 
