512 693 208 1553694534974 
512 692 209 1553694534992 
512 691 211 1553694535007 
512 690 213 1553694535026 
512 689 220 1553694535042 
512 701 246 1553694535059 
512 720 277 1553694535076 
512 744 320 1553694535093 
512 765 361 1553694535109 
512 781 399 1553694535124 
512 797 439 1553694535140 
512 807 477 1553694535157 
512 820 524 1553694535176 
512 827 547 1553694535194 
512 828 564 1553694535210 
512 830 580 1553694535227 
512 832 594 1553694535241 
512 833 601 1553694535259 
512 833 605 1553694535274 
512 834 606 1553694535291 
512 835 607 1553694535309 
512 835 608 1553694535324 
512 836 610 1553694535343 
512 837 611 1553694535358 
512 838 612 1553694535376 
512 840 616 1553694535393 
512 841 619 1553694535409 
512 842 621 1553694535426 
512 843 625 1553694535441 
512 843 627 1553694535459 
512 843 629 1553694535474 
512 843 632 1553694535490 
512 843 634 1553694535507 
512 843 635 1553694535541 
512 843 636 1553694535591 
512 843 637 1553694535609 
512 843 638 1553694535626 
513 843 638 1553694535654 
512 844 638 1553694535724 
512 842 638 1553694535790 
512 841 638 1553694535800 
514 841 638 1553694535800 
512 841 638 1553694535808 
512 840 638 1553694535859 
512 839 638 1553694535943 
512 833 632 1553694535957 
512 823 623 1553694535975 
512 808 613 1553694535991 
512 788 603 1553694536007 
512 734 582 1553694536026 
512 686 562 1553694536040 
512 625 542 1553694536057 
512 579 530 1553694536075 
512 546 525 1553694536092 
512 518 518 1553694536107 
512 499 510 1553694536126 
512 495 503 1553694536142 
512 493 496 1553694536157 
512 490 487 1553694536175 
512 486 480 1553694536190 
512 485 472 1553694536208 
512 483 465 1553694536224 
512 483 458 1553694536240 
512 484 454 1553694536257 
512 486 451 1553694536274 
512 488 448 1553694536291 
512 490 445 1553694536307 
512 490 440 1553694536324 
512 491 437 1553694536340 
512 491 432 1553694536357 
512 491 427 1553694536374 
512 490 422 1553694536391 
512 487 416 1553694536409 
512 485 409 1553694536424 
512 482 400 1553694536441 
512 479 396 1553694536459 
512 478 391 1553694536476 
512 476 386 1553694536490 
512 476 383 1553694536508 
512 474 380 1553694536524 
512 474 379 1553694536542 
512 473 378 1553694536557 
512 473 377 1553694536575 
512 473 376 1553694536590 
513 473 376 1553694536633 
514 473 376 1553694536764 
512 475 374 1553694536809 
512 480 372 1553694536824 
512 487 371 1553694536841 
512 508 372 1553694536857 
512 531 377 1553694536875 
512 558 379 1553694536890 
512 581 380 1553694536908 
512 602 381 1553694536926 
512 615 383 1553694536941 
512 621 384 1553694536958 
512 623 384 1553694536974 
512 624 384 1553694536991 
512 625 382 1553694537008 
512 629 375 1553694537024 
512 635 362 1553694537040 
512 641 344 1553694537057 
512 659 295 1553694537075 
512 676 257 1553694537090 
512 686 233 1553694537109 
512 692 216 1553694537124 
512 699 198 1553694537140 
512 706 188 1553694537158 
512 714 181 1553694537174 
512 719 179 1553694537191 
512 720 178 1553694537207 
512 721 178 1553694537240 
512 716 182 1553694537391 
512 712 186 1553694537407 
512 710 187 1553694537424 
512 709 189 1553694537440 
512 707 191 1553694537458 
512 706 193 1553694537474 
512 705 194 1553694537490 
512 705 195 1553694537507 
512 703 197 1553694537526 
512 702 199 1553694537540 
512 702 200 1553694537557 
512 701 201 1553694537575 
513 701 201 1553694537730 
514 701 201 1553694537861 
512 701 205 1553694538091 
512 700 207 1553694538109 
512 699 207 1553694538124 
513 699 207 1553694538178 
514 699 207 1553694538300 
512 701 214 1553694538424 
512 707 228 1553694538443 
512 713 247 1553694538457 
512 723 266 1553694538474 
512 735 286 1553694538491 
512 744 307 1553694538507 
512 752 327 1553694538524 
512 769 358 1553694538540 
512 785 372 1553694538560 
512 801 381 1553694538574 
512 816 385 1553694538593 
512 831 390 1553694538609 
512 835 391 1553694538624 
512 853 393 1553694538640 
512 863 393 1553694538657 
512 868 392 1553694538674 
512 870 392 1553694538693 
512 871 391 1553694538707 
512 872 391 1553694538724 
512 873 391 1553694538809 
512 876 391 1553694538824 
512 882 389 1553694538842 
512 889 388 1553694538857 
512 895 386 1553694538875 
512 900 385 1553694538890 
512 904 383 1553694538907 
512 908 382 1553694538924 
512 909 381 1553694538940 
512 910 381 1553694538960 
512 911 380 1553694538974 
512 914 378 1553694538991 
512 915 377 1553694539010 
512 916 377 1553694539024 
512 917 377 1553694539059 
512 918 377 1553694539093 
512 919 376 1553694539157 
513 919 376 1553694539181 
512 920 376 1553694539207 
512 921 376 1553694539242 
512 920 376 1553694539324 
512 919 376 1553694539340 
512 918 376 1553694539348 
514 918 376 1553694539348 
512 917 376 1553694539358 
512 916 376 1553694539374 
512 915 376 1553694539391 
512 913 376 1553694539424 
512 904 383 1553694539457 
512 886 396 1553694539474 
512 861 417 1553694539491 
512 834 438 1553694539507 
512 816 450 1553694539524 
512 802 459 1553694539540 
512 787 471 1553694539558 
512 768 493 1553694539573 
512 759 506 1553694539592 
512 756 510 1553694539607 
512 755 511 1553694539624 
512 755 514 1553694539657 
512 755 519 1553694539675 
512 758 523 1553694539690 
512 762 525 1553694539707 
512 771 527 1553694539724 
512 787 527 1553694539743 
512 812 519 1553694539757 
512 845 503 1553694539774 
512 896 471 1553694539791 
512 924 449 1553694539809 
512 939 434 1553694539824 
512 948 422 1553694539840 
512 949 412 1553694539859 
512 949 406 1553694539876 
512 947 402 1553694539891 
512 947 400 1553694539908 
512 946 400 1553694539924 
512 945 400 1553694539991 
512 940 401 1553694540009 
512 934 404 1553694540024 
512 927 405 1553694540042 
512 923 405 1553694540057 
512 920 402 1553694540074 
512 920 396 1553694540091 
512 920 390 1553694540107 
512 920 384 1553694540124 
512 921 379 1553694540141 
512 922 375 1553694540158 
512 922 374 1553694540174 
512 924 372 1553694540191 
513 924 372 1553694540330 
512 925 372 1553694540374 
514 925 372 1553694540445 
512 925 372 1553694540457 
512 924 373 1553694540524 
512 919 379 1553694540540 
512 912 386 1553694540557 
512 903 399 1553694540574 
512 894 411 1553694540591 
512 883 427 1553694540608 
512 877 439 1553694540624 
512 871 456 1553694540640 
512 862 475 1553694540658 
512 841 508 1553694540674 
512 810 543 1553694540691 
512 777 584 1553694540709 
512 757 606 1553694540724 
512 739 624 1553694540740 
512 719 641 1553694540757 
512 702 650 1553694540776 
512 685 659 1553694540790 
512 670 666 1553694540808 
512 660 672 1553694540824 
512 653 674 1553694540843 
512 648 676 1553694540857 
512 644 676 1553694540874 
512 638 676 1553694540890 
512 631 676 1553694540909 
512 619 674 1553694540924 
512 614 672 1553694540942 
512 609 669 1553694540957 
512 605 666 1553694540973 
512 604 665 1553694540991 
512 603 664 1553694541009 
512 601 662 1553694541024 
512 599 661 1553694541041 
512 596 659 1553694541059 
512 595 658 1553694541074 
512 592 656 1553694541093 
512 588 654 1553694541107 
512 579 651 1553694541124 
512 573 650 1553694541142 
512 569 649 1553694541157 
512 567 647 1553694541176 
512 564 646 1553694541190 
512 563 645 1553694541207 
512 562 645 1553694541258 
512 560 644 1553694541274 
512 559 644 1553694541309 
513 559 644 1553694541325 
514 559 644 1553694541479 
512 559 643 1553694541524 
512 567 637 1553694541557 
512 579 624 1553694541575 
512 594 617 1553694541591 
512 613 613 1553694541607 
512 633 616 1553694541626 
512 689 629 1553694541642 
512 729 637 1553694541660 
512 761 640 1553694541674 
512 784 640 1553694541690 
512 796 639 1553694541707 
512 797 639 1553694541724 
512 798 639 1553694541774 
512 801 642 1553694541791 
512 805 647 1553694541807 
512 810 651 1553694541825 
512 814 654 1553694541840 
512 819 656 1553694541858 
512 822 656 1553694541874 
512 825 656 1553694541890 
512 832 656 1553694541907 
512 842 655 1553694541926 
512 847 653 1553694541940 
512 848 651 1553694541958 
512 849 650 1553694541974 
512 849 649 1553694542026 
512 849 648 1553694542040 
512 849 647 1553694542058 
512 849 644 1553694542074 
512 849 643 1553694542093 
512 848 642 1553694542124 
512 847 642 1553694542141 
512 845 642 1553694542174 
512 845 641 1553694542191 
513 845 641 1553694542214 
512 844 641 1553694542357 
512 843 641 1553694542374 
514 843 641 1553694542376 
512 843 641 1553694542392 
512 843 640 1553694542459 
512 841 639 1553694542474 
512 838 633 1553694542492 
512 832 620 1553694542508 
512 824 602 1553694542524 
512 807 583 1553694542541 
512 789 570 1553694542557 
512 767 560 1553694542574 
512 759 553 1553694542591 
512 756 549 1553694542607 
512 756 543 1553694542626 
512 760 530 1553694542640 
512 771 515 1553694542657 
512 800 489 1553694542674 
512 825 471 1553694542692 
512 848 457 1553694542707 
512 866 445 1553694542725 
512 880 435 1553694542741 
512 894 427 1553694542758 
512 910 420 1553694542774 
512 913 418 1553694542791 
512 914 417 1553694542810 
512 915 417 1553694542824 
512 916 417 1553694542841 
512 917 415 1553694542940 
512 918 411 1553694542958 
512 920 405 1553694542976 
512 921 396 1553694542993 
512 922 391 1553694543007 
512 923 386 1553694543024 
512 924 383 1553694543041 
512 924 380 1553694543057 
512 925 378 1553694543074 
512 925 376 1553694543092 
512 926 376 1553694543107 
512 926 375 1553694543184 
513 926 375 1553694543184 
512 923 376 1553694543316 
514 923 376 1553694543316 
512 919 378 1553694543324 
512 907 384 1553694543341 
512 888 393 1553694543357 
512 864 400 1553694543376 
512 836 409 1553694543390 
512 816 413 1553694543407 
512 797 414 1553694543426 
512 789 415 1553694543442 
512 780 417 1553694543457 
512 763 424 1553694543475 
512 744 429 1553694543493 
512 726 431 1553694543508 
512 705 431 1553694543524 
512 667 428 1553694543541 
512 640 424 1553694543559 
512 618 418 1553694543574 
512 599 411 1553694543591 
512 574 407 1553694543607 
512 551 405 1553694543624 
512 521 399 1553694543641 
512 511 398 1553694543657 
512 506 396 1553694543674 
512 501 395 1553694543690 
512 496 395 1553694543707 
512 493 395 1553694543725 
512 492 395 1553694543741 
512 491 395 1553694543757 
512 489 395 1553694543774 
512 486 395 1553694543790 
512 484 395 1553694543808 
512 483 394 1553694543824 
512 481 393 1553694543857 
512 480 392 1553694543875 
512 477 391 1553694543891 
512 474 389 1553694543909 
512 470 387 1553694543925 
512 467 386 1553694543941 
512 466 385 1553694543960 
512 466 384 1553694543974 
512 465 382 1553694543991 
512 465 381 1553694544007 
512 463 380 1553694544025 
513 463 380 1553694544241 
512 464 380 1553694544275 
512 465 380 1553694544292 
512 466 380 1553694544307 
514 466 380 1553694544372 
512 466 380 1553694544374 
512 467 379 1553694544488 
513 467 379 1553694544489 
512 468 379 1553694544507 
512 469 379 1553694544524 
512 470 379 1553694544542 
512 470 378 1553694544557 
512 471 377 1553694544574 
512 472 377 1553694544590 
512 473 376 1553694544607 
512 474 375 1553694544618 
514 474 375 1553694544618 
512 474 375 1553694544624 
512 478 374 1553694544642 
512 482 372 1553694544659 
512 483 372 1553694544673 
512 483 371 1553694544807 
512 482 378 1553694544877 
512 482 395 1553694544890 
512 488 421 1553694544907 
512 492 449 1553694544926 
512 499 488 1553694544940 
512 513 528 1553694544958 
512 547 575 1553694544974 
512 568 596 1553694544991 
512 579 610 1553694545008 
512 587 617 1553694545024 
512 589 620 1553694545041 
512 593 623 1553694545059 
512 595 624 1553694545091 
512 596 624 1553694545124 
512 595 626 1553694545191 
512 591 629 1553694545208 
512 588 630 1553694545224 
512 586 631 1553694545241 
512 584 633 1553694545260 
512 581 636 1553694545296 
512 580 637 1553694545307 
512 579 638 1553694545325 
512 578 639 1553694545342 
512 577 639 1553694545357 
512 576 640 1553694545374 
512 574 640 1553694545392 
512 573 642 1553694545408 
512 571 643 1553694545425 
512 570 644 1553694545441 
512 568 645 1553694545458 
512 567 645 1553694545558 
513 567 645 1553694545568 
514 567 645 1553694545684 
512 566 646 1553694545708 
512 571 633 1553694545925 
512 580 607 1553694545941 
512 591 577 1553694545958 
512 599 537 1553694545976 
512 602 484 1553694545990 
512 608 433 1553694546008 
512 610 390 1553694546024 
512 612 368 1553694546042 
512 616 348 1553694546058 
512 622 333 1553694546075 
512 628 323 1553694546092 
512 636 315 1553694546109 
512 640 312 1553694546126 
512 645 308 1553694546142 
512 651 304 1553694546158 
512 656 301 1553694546174 
512 660 300 1553694546192 
512 661 300 1553694546209 
512 662 300 1553694546224 
512 668 294 1553694546241 
512 673 288 1553694546258 
512 678 281 1553694546275 
512 679 275 1553694546291 
512 681 267 1553694546309 
512 682 260 1553694546324 
512 685 245 1553694546341 
512 686 239 1553694546358 
512 687 234 1553694546375 
512 687 231 1553694546391 
512 689 228 1553694546410 
512 690 227 1553694546458 
512 691 224 1553694546475 
512 693 219 1553694546492 
512 695 216 1553694546508 
512 697 213 1553694546527 
512 698 213 1553694546640 
513 698 213 1553694546642 
512 698 212 1553694546657 
512 699 212 1553694546675 
512 700 212 1553694546708 
512 700 215 1553694546790 
512 700 217 1553694546794 
514 700 217 1553694546795 
