512 699 208 1553694578392 
512 698 208 1553694578409 
512 697 209 1553694578426 
512 697 210 1553694578440 
512 696 212 1553694578458 
512 699 219 1553694578474 
512 710 231 1553694578492 
512 730 252 1553694578507 
512 762 289 1553694578524 
512 800 339 1553694578541 
512 842 390 1553694578557 
512 890 434 1553694578574 
512 913 454 1553694578590 
512 933 472 1553694578608 
512 943 484 1553694578624 
512 947 495 1553694578641 
512 948 508 1553694578657 
512 944 527 1553694578674 
512 942 541 1553694578693 
512 938 556 1553694578707 
512 935 570 1553694578725 
512 931 582 1553694578740 
512 925 592 1553694578757 
512 920 602 1553694578774 
512 909 617 1553694578791 
512 903 623 1553694578808 
512 897 627 1553694578824 
512 892 629 1553694578841 
512 887 631 1553694578857 
512 882 633 1553694578875 
512 874 636 1553694578891 
512 868 637 1553694578907 
512 863 639 1553694578925 
512 858 639 1553694578941 
512 855 640 1553694578958 
512 854 640 1553694579024 
512 853 640 1553694579208 
512 849 640 1553694579226 
512 843 640 1553694579241 
512 841 640 1553694579257 
512 840 640 1553694579341 
513 840 640 1553694579363 
514 840 640 1553694579532 
512 836 637 1553694579824 
512 785 587 1553694579841 
512 726 549 1553694579857 
512 672 515 1553694579874 
512 622 479 1553694579892 
512 591 449 1553694579908 
512 574 429 1553694579924 
512 569 420 1553694579941 
512 567 417 1553694579957 
512 566 415 1553694579974 
512 564 414 1553694579991 
512 563 413 1553694580009 
512 561 411 1553694580024 
512 559 410 1553694580041 
512 558 408 1553694580057 
512 557 408 1553694580074 
512 556 407 1553694580091 
512 552 405 1553694580107 
512 548 404 1553694580124 
512 537 400 1553694580140 
512 528 395 1553694580157 
512 522 390 1553694580174 
512 518 388 1553694580191 
512 516 385 1553694580207 
512 513 383 1553694580224 
512 508 381 1553694580244 
512 506 379 1553694580258 
512 504 378 1553694580274 
512 503 377 1553694580291 
512 502 376 1553694580309 
512 501 375 1553694580324 
512 500 374 1553694580343 
512 498 373 1553694580357 
512 496 373 1553694580375 
512 495 373 1553694580391 
512 493 373 1553694580408 
512 492 373 1553694580424 
512 491 373 1553694580459 
512 488 373 1553694580474 
512 485 373 1553694580491 
512 481 373 1553694580507 
512 478 373 1553694580526 
512 477 373 1553694580542 
512 475 373 1553694580592 
512 470 373 1553694580607 
512 465 372 1553694580624 
512 463 372 1553694580640 
513 463 372 1553694580677 
514 463 372 1553694580836 
512 465 373 1553694580974 
512 465 374 1553694580991 
512 466 375 1553694581007 
512 467 376 1553694581025 
512 469 377 1553694581040 
512 471 378 1553694581058 
512 473 379 1553694581074 
512 474 379 1553694581108 
512 475 379 1553694581114 
513 475 379 1553694581115 
512 476 379 1553694581124 
512 477 379 1553694581143 
512 478 379 1553694581174 
514 478 379 1553694581260 
512 478 379 1553694581274 
512 477 379 1553694581324 
512 477 380 1553694581357 
512 480 383 1553694581374 
512 490 389 1553694581391 
512 503 396 1553694581408 
512 517 406 1553694581424 
512 532 421 1553694581441 
512 549 434 1553694581459 
512 570 441 1553694581474 
512 597 444 1553694581491 
512 611 444 1553694581508 
512 623 436 1553694581524 
512 638 425 1553694581541 
512 652 407 1553694581557 
512 664 386 1553694581574 
512 670 364 1553694581590 
512 674 337 1553694581608 
512 675 321 1553694581624 
512 678 308 1553694581641 
512 685 297 1553694581659 
512 693 286 1553694581676 
512 698 280 1553694581691 
512 699 277 1553694581708 
512 699 275 1553694581724 
512 698 274 1553694581741 
512 697 272 1553694581757 
512 697 269 1553694581776 
512 697 264 1553694581792 
512 697 258 1553694581807 
512 697 249 1553694581824 
512 696 244 1553694581840 
512 696 239 1553694581857 
512 696 233 1553694581875 
512 696 228 1553694581890 
512 696 223 1553694581907 
512 699 217 1553694581925 
512 700 216 1553694581941 
512 700 214 1553694581958 
512 700 213 1553694581974 
512 700 212 1553694582040 
513 700 212 1553694582086 
514 700 212 1553694582216 
512 700 214 1553694582240 
512 701 218 1553694582258 
512 702 225 1553694582274 
512 705 236 1553694582290 
512 712 249 1553694582308 
512 729 273 1553694582324 
512 743 289 1553694582341 
512 754 305 1553694582357 
512 765 323 1553694582374 
512 774 338 1553694582390 
512 786 356 1553694582407 
512 800 384 1553694582424 
512 809 401 1553694582441 
512 817 412 1553694582457 
512 825 418 1553694582474 
512 831 420 1553694582490 
512 842 421 1553694582509 
512 865 419 1553694582525 
512 878 414 1553694582540 
512 890 410 1553694582557 
512 900 406 1553694582577 
512 906 403 1553694582590 
512 909 401 1553694582608 
512 910 401 1553694582624 
512 910 400 1553694582691 
512 910 399 1553694582708 
512 911 397 1553694582724 
512 912 394 1553694582741 
512 912 390 1553694582759 
512 914 388 1553694582774 
512 915 386 1553694582790 
512 915 385 1553694582807 
512 917 384 1553694582824 
512 918 382 1553694582841 
512 920 382 1553694582857 
512 921 382 1553694582874 
513 921 382 1553694582998 
512 922 382 1553694583007 
512 923 382 1553694583024 
512 925 382 1553694583057 
514 925 382 1553694583160 
512 925 382 1553694583160 
512 924 382 1553694583274 
512 923 383 1553694583293 
512 920 387 1553694583308 
512 919 389 1553694583326 
512 912 395 1553694583442 
512 897 411 1553694583457 
512 866 445 1553694583475 
512 842 474 1553694583492 
512 806 508 1553694583507 
512 768 542 1553694583525 
512 739 565 1553694583543 
512 720 583 1553694583558 
512 704 599 1553694583575 
512 697 608 1553694583590 
512 691 614 1553694583608 
512 685 621 1553694583624 
512 680 629 1553694583641 
512 670 639 1553694583659 
512 664 645 1553694583675 
512 661 648 1553694583691 
512 659 649 1553694583709 
512 659 650 1553694583724 
512 658 650 1553694583774 
512 653 650 1553694583791 
512 646 652 1553694583809 
512 635 654 1553694583824 
512 625 656 1553694583843 
512 617 657 1553694583857 
512 614 659 1553694583874 
512 611 659 1553694583892 
512 610 660 1553694583907 
512 609 660 1553694583924 
512 607 661 1553694583941 
512 604 662 1553694583957 
512 599 663 1553694583974 
512 590 664 1553694583990 
512 586 664 1553694584007 
512 583 664 1553694584025 
512 582 664 1553694584040 
512 581 664 1553694584057 
512 579 664 1553694584074 
512 572 664 1553694584090 
512 570 664 1553694584107 
512 568 664 1553694584124 
512 568 663 1553694584141 
512 568 662 1553694584159 
512 568 660 1553694584174 
512 567 659 1553694584190 
512 567 658 1553694584207 
512 565 655 1553694584224 
512 564 653 1553694584241 
512 564 652 1553694584257 
512 563 651 1553694584277 
512 562 650 1553694584292 
512 561 648 1553694584307 
512 560 647 1553694584324 
512 559 646 1553694584341 
512 559 645 1553694584357 
512 557 643 1553694584374 
512 557 642 1553694584390 
513 557 642 1553694584431 
514 557 642 1553694584570 
512 564 642 1553694584641 
512 571 642 1553694584657 
512 582 643 1553694584674 
512 599 642 1553694584692 
512 622 638 1553694584707 
512 652 624 1553694584724 
512 677 612 1553694584741 
512 711 601 1553694584757 
512 734 595 1553694584774 
512 749 592 1553694584790 
512 755 591 1553694584808 
512 760 596 1553694584826 
512 767 606 1553694584840 
512 774 618 1553694584858 
512 779 625 1553694584874 
512 784 630 1553694584890 
512 788 634 1553694584907 
512 795 637 1553694584924 
512 800 639 1553694584940 
512 805 639 1553694584957 
512 809 639 1553694584974 
512 812 639 1553694584990 
512 816 639 1553694585007 
512 821 639 1553694585025 
512 822 639 1553694585040 
512 823 639 1553694585060 
512 825 639 1553694585074 
512 829 638 1553694585090 
512 832 638 1553694585108 
512 836 638 1553694585125 
512 838 638 1553694585140 
512 839 639 1553694585158 
512 840 640 1553694585174 
512 842 640 1553694585228 
512 843 640 1553694585259 
512 844 640 1553694585318 
513 844 640 1553694585319 
512 845 640 1553694585324 
512 846 640 1553694585357 
514 846 640 1553694585432 
512 846 640 1553694585442 
512 845 640 1553694585507 
512 843 639 1553694585524 
512 833 627 1553694585543 
512 826 615 1553694585559 
512 819 598 1553694585574 
512 813 580 1553694585591 
512 807 565 1553694585608 
512 805 548 1553694585624 
512 805 529 1553694585641 
512 815 500 1553694585658 
512 835 473 1553694585675 
512 857 448 1553694585691 
512 874 428 1553694585709 
512 886 413 1553694585724 
512 896 402 1553694585742 
512 908 394 1553694585759 
512 922 387 1553694585774 
512 927 385 1553694585791 
512 931 384 1553694585808 
512 931 383 1553694585825 
512 932 383 1553694585858 
512 932 382 1553694586007 
512 931 378 1553694586025 
512 930 374 1553694586041 
512 929 372 1553694586059 
512 927 371 1553694586074 
512 927 370 1553694586091 
513 927 370 1553694586114 
514 927 370 1553694586266 
512 926 371 1553694586341 
512 921 375 1553694586357 
512 912 380 1553694586376 
512 905 382 1553694586390 
512 888 387 1553694586408 
512 861 391 1553694586425 
512 839 394 1553694586441 
512 813 399 1553694586458 
512 776 401 1553694586475 
512 758 401 1553694586491 
512 742 401 1553694586508 
512 723 399 1553694586524 
512 703 399 1553694586540 
512 685 399 1553694586557 
512 669 395 1553694586574 
512 662 391 1553694586591 
512 654 385 1553694586609 
512 642 378 1553694586625 
512 630 372 1553694586642 
512 617 366 1553694586658 
512 602 362 1553694586675 
512 577 359 1553694586691 
512 561 358 1553694586708 
512 546 356 1553694586725 
512 536 355 1553694586742 
512 529 355 1553694586759 
512 523 356 1553694586774 
512 510 359 1553694586791 
512 506 360 1553694586807 
512 504 361 1553694586824 
512 503 362 1553694586841 
512 500 364 1553694586857 
512 497 365 1553694586875 
512 495 366 1553694586890 
512 494 367 1553694586908 
512 490 369 1553694586974 
512 486 372 1553694586991 
512 479 373 1553694587008 
512 476 375 1553694587025 
512 475 375 1553694587041 
513 475 375 1553694587194 
514 475 375 1553694587316 
512 479 381 1553694587427 
512 493 395 1553694587441 
512 511 410 1553694587459 
512 531 426 1553694587477 
512 550 444 1553694587492 
512 568 461 1553694587507 
512 584 480 1553694587525 
512 607 502 1553694587542 
512 612 510 1553694587557 
512 615 516 1553694587575 
512 617 526 1553694587591 
512 619 543 1553694587610 
512 621 558 1553694587625 
512 622 569 1553694587640 
512 622 579 1553694587658 
512 621 587 1553694587675 
512 618 594 1553694587691 
512 615 602 1553694587709 
512 609 609 1553694587724 
512 598 623 1553694587741 
512 592 630 1553694587758 
512 587 636 1553694587775 
512 584 639 1553694587794 
512 580 644 1553694587809 
512 575 648 1553694587824 
512 568 654 1553694587842 
512 564 657 1553694587857 
512 558 659 1553694587876 
512 555 661 1553694587891 
512 554 661 1553694587909 
512 553 661 1553694587924 
512 554 658 1553694588058 
512 555 656 1553694588074 
512 556 652 1553694588091 
512 557 650 1553694588110 
512 558 648 1553694588124 
512 558 646 1553694588141 
512 558 645 1553694588158 
512 558 644 1553694588175 
513 558 644 1553694588219 
514 558 644 1553694588381 
512 559 644 1553694588458 
512 573 640 1553694588475 
512 590 631 1553694588491 
512 609 622 1553694588509 
512 627 610 1553694588525 
512 642 600 1553694588541 
512 654 590 1553694588558 
512 670 577 1553694588575 
512 679 566 1553694588590 
512 690 553 1553694588608 
512 699 541 1553694588624 
512 708 532 1553694588642 
512 715 520 1553694588659 
512 719 499 1553694588674 
512 715 479 1553694588691 
512 708 459 1553694588709 
512 699 437 1553694588724 
512 692 408 1553694588742 
512 682 378 1553694588758 
512 675 350 1553694588774 
512 671 310 1553694588791 
512 671 287 1553694588807 
512 674 268 1553694588825 
512 678 252 1553694588841 
512 682 234 1553694588860 
512 682 231 1553694588874 
512 686 224 1553694588891 
512 686 222 1553694588909 
512 686 221 1553694588924 
512 689 221 1553694588975 
512 693 220 1553694588990 
512 695 219 1553694589008 
512 696 217 1553694589025 
512 697 216 1553694589040 
512 698 215 1553694589075 
512 699 215 1553694589141 
512 699 214 1553694589158 
512 699 213 1553694589174 
512 699 212 1553694589191 
513 699 212 1553694589236 
514 699 212 1553694589384 
