512 702 216 1553694611742 
512 711 227 1553694611758 
512 739 255 1553694611775 
512 756 273 1553694611792 
512 772 290 1553694611808 
512 784 302 1553694611824 
512 795 317 1553694611841 
512 807 335 1553694611857 
512 820 371 1553694611876 
512 824 399 1553694611892 
512 827 437 1553694611908 
512 827 476 1553694611925 
512 820 515 1553694611941 
512 817 539 1553694611957 
512 814 565 1553694611975 
512 811 581 1553694611993 
512 811 602 1553694612008 
512 813 626 1553694612024 
512 817 647 1553694612040 
512 817 657 1553694612058 
512 817 661 1553694612075 
512 817 662 1553694612091 
512 817 664 1553694612108 
512 819 665 1553694612127 
512 819 666 1553694612141 
512 820 667 1553694612158 
512 821 667 1553694612175 
512 823 667 1553694612190 
512 825 667 1553694612208 
512 830 665 1553694612225 
512 833 661 1553694612240 
512 835 657 1553694612258 
512 837 654 1553694612275 
512 838 652 1553694612291 
512 839 650 1553694612308 
512 840 649 1553694612324 
512 840 648 1553694612407 
513 840 648 1553694612469 
514 840 648 1553694612600 
512 839 649 1553694612641 
512 838 650 1553694612658 
512 837 650 1553694612676 
512 836 650 1553694612740 
512 825 649 1553694612758 
512 805 643 1553694612775 
512 787 633 1553694612792 
512 774 626 1553694612807 
512 766 619 1553694612824 
512 754 609 1553694612842 
512 735 592 1553694612859 
512 711 575 1553694612874 
512 694 560 1553694612891 
512 670 540 1553694612909 
512 662 534 1553694612924 
512 637 516 1553694612941 
512 622 503 1553694612959 
512 610 493 1553694612974 
512 601 485 1553694612991 
512 593 478 1553694613008 
512 585 470 1553694613024 
512 575 462 1553694613042 
512 571 457 1553694613057 
512 565 452 1553694613075 
512 560 449 1553694613092 
512 557 445 1553694613107 
512 547 437 1553694613125 
512 535 429 1553694613141 
512 519 421 1553694613158 
512 504 412 1553694613175 
512 494 405 1553694613191 
512 490 402 1553694613209 
512 488 398 1553694613225 
512 487 396 1553694613242 
512 486 395 1553694613257 
512 485 394 1553694613275 
512 485 393 1553694613294 
512 483 391 1553694613443 
512 482 389 1553694613457 
512 481 388 1553694613474 
512 480 386 1553694613492 
512 478 384 1553694613507 
512 477 382 1553694613524 
512 475 379 1553694613542 
512 473 378 1553694613557 
512 472 376 1553694613574 
512 470 375 1553694613608 
513 470 375 1553694613634 
514 470 375 1553694613804 
512 471 376 1553694613840 
512 474 378 1553694613859 
512 480 382 1553694613874 
512 487 385 1553694613891 
512 491 388 1553694613907 
512 495 391 1553694613924 
512 499 397 1553694613941 
512 506 405 1553694613957 
512 521 421 1553694613974 
512 528 433 1553694613990 
512 534 447 1553694614007 
512 538 459 1553694614026 
512 540 463 1553694614041 
512 541 463 1553694614059 
512 553 446 1553694614107 
512 580 415 1553694614125 
512 610 388 1553694614140 
512 637 360 1553694614157 
512 674 329 1553694614176 
512 688 313 1553694614190 
512 697 298 1553694614208 
512 703 286 1553694614223 
512 706 279 1553694614241 
512 711 269 1553694614259 
512 718 257 1553694614274 
512 721 251 1553694614291 
512 721 247 1553694614309 
512 721 244 1553694614324 
512 720 242 1553694614341 
512 718 240 1553694614357 
512 717 237 1553694614374 
512 716 235 1553694614390 
512 715 234 1553694614407 
512 714 233 1553694614426 
512 713 231 1553694614457 
512 711 230 1553694614477 
512 710 229 1553694614490 
512 710 228 1553694614507 
512 709 227 1553694614524 
512 708 226 1553694614541 
512 707 225 1553694614558 
512 707 224 1553694614574 
512 706 223 1553694614624 
512 705 222 1553694614642 
512 705 221 1553694614657 
512 704 220 1553694614674 
512 704 219 1553694614690 
512 703 218 1553694614708 
512 703 217 1553694614724 
512 703 216 1553694614741 
512 703 215 1553694614758 
512 703 213 1553694614774 
512 703 212 1553694614792 
512 703 211 1553694614807 
512 703 210 1553694614825 
513 703 210 1553694614852 
512 703 209 1553694614925 
514 703 209 1553694615054 
512 703 209 1553694615057 
512 703 214 1553694615090 
512 705 224 1553694615108 
512 709 244 1553694615126 
512 713 256 1553694615141 
512 718 271 1553694615158 
512 727 284 1553694615173 
512 741 299 1553694615190 
512 755 314 1553694615207 
512 773 336 1553694615226 
512 784 353 1553694615240 
512 794 370 1553694615259 
512 807 384 1553694615277 
512 819 393 1553694615293 
512 827 399 1553694615308 
512 832 400 1553694615324 
512 839 402 1553694615341 
512 850 402 1553694615357 
512 865 402 1553694615375 
512 878 402 1553694615391 
512 889 402 1553694615407 
512 896 400 1553694615425 
512 898 399 1553694615441 
512 899 398 1553694615458 
512 900 397 1553694615474 
512 901 397 1553694615491 
512 905 395 1553694615507 
512 915 393 1553694615525 
512 925 390 1553694615540 
512 934 387 1553694615557 
512 937 386 1553694615574 
512 937 385 1553694615674 
512 937 384 1553694615691 
512 936 383 1553694615710 
512 935 381 1553694615724 
512 935 380 1553694615741 
512 934 379 1553694615758 
512 933 378 1553694615774 
512 932 377 1553694615791 
512 931 376 1553694615808 
512 930 375 1553694615824 
513 930 375 1553694615872 
512 929 375 1553694616024 
512 928 375 1553694616027 
514 928 375 1553694616027 
512 927 376 1553694616041 
512 915 387 1553694616057 
512 904 400 1553694616074 
512 893 412 1553694616093 
512 877 427 1553694616107 
512 852 448 1553694616124 
512 806 487 1553694616143 
512 728 552 1553694616157 
512 693 581 1553694616174 
512 672 599 1553694616193 
512 656 611 1553694616208 
512 646 620 1553694616226 
512 639 627 1553694616241 
512 628 638 1553694616259 
512 603 653 1553694616274 
512 592 657 1553694616291 
512 582 660 1553694616307 
512 573 662 1553694616324 
512 568 663 1553694616340 
512 565 664 1553694616359 
512 564 665 1553694616373 
512 561 668 1553694616390 
512 557 670 1553694616409 
512 551 671 1553694616424 
512 545 671 1553694616443 
512 542 671 1553694616458 
512 541 671 1553694616491 
512 541 668 1553694616509 
512 541 663 1553694616525 
512 542 659 1553694616540 
512 544 654 1553694616557 
512 552 647 1553694616575 
512 557 643 1553694616590 
512 562 639 1553694616608 
512 564 638 1553694616624 
512 565 638 1553694616641 
512 563 640 1553694616791 
512 562 641 1553694616807 
512 561 641 1553694616824 
513 561 641 1553694616866 
512 562 642 1553694616924 
514 562 642 1553694617014 
512 563 642 1553694617025 
512 564 642 1553694617040 
512 584 620 1553694617192 
512 600 602 1553694617207 
512 603 586 1553694617227 
512 602 573 1553694617240 
512 600 564 1553694617257 
512 600 563 1553694617274 
512 601 562 1553694617291 
512 606 562 1553694617307 
512 616 567 1553694617325 
512 630 574 1553694617340 
512 649 582 1553694617357 
512 681 591 1553694617374 
512 714 601 1553694617390 
512 742 611 1553694617407 
512 750 613 1553694617425 
512 756 614 1553694617440 
512 758 614 1553694617457 
512 762 614 1553694617474 
512 767 614 1553694617492 
512 777 613 1553694617507 
512 787 611 1553694617525 
512 796 610 1553694617541 
512 800 610 1553694617558 
512 803 610 1553694617574 
512 805 610 1553694617591 
512 807 612 1553694617610 
512 811 614 1553694617624 
512 815 616 1553694617641 
512 818 617 1553694617657 
512 819 618 1553694617674 
512 820 618 1553694617692 
512 820 619 1553694617709 
512 822 620 1553694617724 
512 824 622 1553694617743 
512 826 625 1553694617757 
512 830 628 1553694617774 
512 831 629 1553694617792 
512 832 629 1553694617809 
512 833 630 1553694617824 
512 834 630 1553694617842 
512 835 631 1553694617875 
512 836 632 1553694617892 
512 837 633 1553694617907 
512 838 633 1553694617974 
513 838 633 1553694617980 
512 839 633 1553694617991 
512 841 634 1553694618008 
512 842 635 1553694618024 
512 843 637 1553694618041 
512 843 638 1553694618059 
512 843 639 1553694618074 
514 843 639 1553694618125 
512 843 639 1553694618141 
512 843 640 1553694618209 
513 843 640 1553694618257 
514 843 640 1553694618364 
512 842 640 1553694618424 
512 840 639 1553694618475 
512 834 633 1553694618491 
512 826 626 1553694618509 
512 819 619 1553694618524 
512 808 609 1553694618541 
512 800 599 1553694618557 
512 792 589 1553694618574 
512 787 577 1553694618590 
512 787 565 1553694618608 
512 790 551 1553694618624 
512 798 535 1553694618641 
512 817 512 1553694618659 
512 831 494 1553694618676 
512 843 482 1553694618693 
512 850 475 1553694618708 
512 856 471 1553694618724 
512 863 465 1553694618742 
512 872 458 1553694618757 
512 877 451 1553694618776 
512 884 444 1553694618790 
512 888 437 1553694618807 
512 890 431 1553694618825 
512 892 424 1553694618840 
512 893 418 1553694618858 
512 896 411 1553694618875 
512 897 406 1553694618890 
512 899 402 1553694618908 
512 902 398 1553694618924 
512 903 395 1553694618941 
512 905 391 1553694618960 
512 906 389 1553694618974 
512 908 388 1553694618993 
512 909 386 1553694619009 
512 910 385 1553694619024 
512 911 384 1553694619043 
512 912 382 1553694619057 
512 914 381 1553694619074 
512 917 379 1553694619090 
512 918 379 1553694619107 
512 919 379 1553694619142 
512 921 378 1553694619159 
512 922 378 1553694619190 
512 924 378 1553694619257 
512 925 378 1553694619274 
512 925 379 1553694619324 
512 926 379 1553694619341 
513 926 379 1553694619383 
512 925 379 1553694619520 
514 925 379 1553694619520 
512 925 379 1553694619524 
512 922 379 1553694619541 
512 916 379 1553694619557 
512 906 380 1553694619574 
512 881 383 1553694619590 
512 856 385 1553694619608 
512 814 392 1553694619624 
512 768 404 1553694619641 
512 715 415 1553694619657 
512 665 423 1553694619674 
512 653 425 1553694619691 
512 647 425 1553694619707 
512 644 425 1553694619725 
512 638 427 1553694619741 
512 608 431 1553694619776 
512 578 434 1553694619790 
512 565 434 1553694619808 
512 555 433 1553694619826 
512 547 432 1553694619841 
512 544 432 1553694619858 
512 543 432 1553694619876 
512 539 431 1553694619891 
512 538 430 1553694619912 
512 534 429 1553694619925 
512 527 426 1553694619941 
512 515 423 1553694619958 
512 506 419 1553694619977 
512 505 418 1553694619992 
512 499 414 1553694620007 
512 496 413 1553694620024 
512 492 410 1553694620042 
512 488 408 1553694620057 
512 482 407 1553694620076 
512 478 405 1553694620092 
512 477 404 1553694620107 
512 476 402 1553694620126 
512 474 401 1553694620142 
512 474 399 1553694620159 
512 473 397 1553694620175 
512 471 395 1553694620193 
512 471 392 1553694620218 
512 471 391 1553694620244 
512 471 389 1553694620257 
512 471 388 1553694620274 
512 472 387 1553694620293 
512 472 386 1553694620307 
512 473 384 1553694620327 
512 473 383 1553694620407 
513 473 383 1553694620427 
514 473 383 1553694620547 
512 473 384 1553694620691 
512 479 390 1553694620709 
512 485 394 1553694620724 
512 487 394 1553694620741 
512 487 395 1553694620774 
512 493 400 1553694620791 
512 500 407 1553694620807 
512 510 420 1553694620824 
512 515 432 1553694620841 
512 519 447 1553694620857 
512 523 469 1553694620874 
512 528 493 1553694620890 
512 530 512 1553694620907 
512 533 533 1553694620925 
512 535 545 1553694620940 
512 536 558 1553694620958 
512 536 566 1553694620975 
512 536 572 1553694620991 
512 537 579 1553694621008 
512 540 587 1553694621024 
512 549 597 1553694621041 
512 556 602 1553694621057 
512 562 607 1553694621074 
512 565 611 1553694621092 
512 568 613 1553694621107 
512 570 617 1553694621126 
512 571 619 1553694621141 
512 571 621 1553694621157 
512 572 623 1553694621174 
512 572 625 1553694621191 
512 572 626 1553694621207 
512 572 627 1553694621225 
512 572 629 1553694621240 
512 570 630 1553694621258 
512 568 631 1553694621275 
512 566 633 1553694621293 
512 565 634 1553694621308 
512 564 635 1553694621324 
512 562 636 1553694621341 
512 560 638 1553694621359 
512 559 639 1553694621374 
512 558 640 1553694621391 
512 555 642 1553694621408 
512 552 645 1553694621424 
512 551 646 1553694621441 
512 550 647 1553694621457 
513 550 647 1553694621504 
512 551 647 1553694621540 
512 553 647 1553694621557 
514 553 647 1553694621660 
512 553 647 1553694621677 
512 554 648 1553694621793 
512 556 647 1553694621893 
512 562 644 1553694621909 
512 564 644 1553694621927 
513 564 644 1553694622004 
512 563 644 1553694622174 
514 563 644 1553694622199 
512 563 644 1553694622209 
512 563 643 1553694622308 
512 563 640 1553694622326 
512 567 636 1553694622342 
512 572 633 1553694622358 
512 578 633 1553694622375 
512 587 632 1553694622390 
512 592 633 1553694622408 
512 594 634 1553694622425 
512 594 636 1553694622441 
512 594 640 1553694622458 
512 593 644 1553694622475 
512 590 650 1553694622492 
512 589 652 1553694622508 
512 589 654 1553694622525 
512 589 656 1553694622542 
512 590 658 1553694622559 
512 592 660 1553694622575 
512 597 662 1553694622592 
512 619 665 1553694622609 
512 642 665 1553694622626 
512 663 657 1553694622642 
512 673 643 1553694622657 
512 677 621 1553694622675 
512 677 592 1553694622690 
512 668 506 1553694622708 
512 663 442 1553694622725 
512 663 403 1553694622741 
512 669 369 1553694622759 
512 677 347 1553694622775 
512 683 329 1553694622791 
512 693 308 1553694622808 
512 696 302 1553694622825 
512 696 300 1553694622842 
512 696 298 1553694622858 
512 696 297 1553694622875 
512 695 295 1553694622892 
512 694 290 1553694622907 
512 691 279 1553694622925 
512 686 270 1553694622943 
512 682 262 1553694622957 
512 679 253 1553694622975 
512 676 240 1553694622994 
512 674 236 1553694623009 
512 671 225 1553694623026 
512 671 219 1553694623042 
512 672 217 1553694623060 
512 673 215 1553694623074 
512 674 214 1553694623092 
512 675 213 1553694623108 
512 678 211 1553694623125 
512 683 209 1553694623142 
512 691 208 1553694623157 
512 701 206 1553694623175 
512 711 204 1553694623193 
512 715 203 1553694623208 
512 716 203 1553694623224 
512 714 204 1553694623443 
512 713 205 1553694623458 
512 712 205 1553694623475 
512 711 206 1553694623492 
512 709 206 1553694623557 
512 707 206 1553694623575 
512 705 206 1553694623592 
512 704 206 1553694623675 
513 704 206 1553694623711 
512 703 206 1553694623842 
514 703 206 1553694623856 
