512 700 214 1553779380687 
512 703 219 1553779380787 
512 711 231 1553779380803 
512 727 256 1553779380821 
512 740 268 1553779380837 
512 747 280 1553779380855 
512 753 288 1553779380870 
512 758 295 1553779380887 
512 763 302 1553779380903 
512 771 320 1553779380921 
512 775 336 1553779380936 
512 782 354 1553779380953 
512 788 379 1553779380970 
512 791 410 1553779380988 
512 801 464 1553779381004 
512 806 488 1553779381021 
512 809 511 1553779381037 
512 812 534 1553779381054 
512 814 553 1553779381070 
512 817 570 1553779381089 
512 820 588 1553779381104 
512 823 600 1553779381120 
512 823 605 1553779381139 
512 823 610 1553779381153 
512 823 614 1553779381171 
512 824 618 1553779381187 
512 825 620 1553779381203 
512 826 622 1553779381220 
512 827 624 1553779381236 
512 828 625 1553779381254 
512 829 627 1553779381273 
512 830 629 1553779381287 
512 831 629 1553779381304 
512 831 630 1553779381322 
512 831 631 1553779381356 
512 832 632 1553779381370 
512 833 633 1553779381387 
512 833 634 1553779381403 
512 833 635 1553779381420 
512 834 636 1553779381437 
512 835 637 1553779381454 
512 835 639 1553779381470 
512 835 640 1553779381486 
512 835 642 1553779381503 
512 835 643 1553779381520 
512 835 644 1553779381537 
512 836 644 1553779381571 
513 836 644 1553779381576 
512 837 645 1553779381603 
512 838 645 1553779381621 
512 839 645 1553779381654 
514 839 645 1553779381759 
512 839 645 1553779381770 
512 837 645 1553779381787 
512 836 644 1553779381803 
512 834 643 1553779381821 
512 828 639 1553779381837 
512 809 630 1553779381854 
512 791 623 1553779381871 
512 772 615 1553779381889 
512 732 599 1553779381903 
512 627 562 1553779381922 
512 556 537 1553779381937 
512 486 517 1553779381954 
512 442 506 1553779381970 
512 421 496 1553779381987 
512 417 492 1553779382003 
512 417 487 1553779382021 
512 417 476 1553779382037 
512 417 452 1553779382053 
512 417 436 1553779382070 
512 411 418 1553779382086 
512 405 400 1553779382103 
512 399 384 1553779382120 
512 396 369 1553779382137 
512 394 355 1553779382154 
512 394 350 1553779382170 
512 397 346 1553779382187 
512 402 344 1553779382203 
512 407 344 1553779382221 
512 412 344 1553779382238 
512 426 346 1553779382254 
512 439 349 1553779382270 
512 450 351 1553779382289 
512 456 352 1553779382303 
512 461 354 1553779382320 
512 462 354 1553779382337 
512 463 358 1553779382420 
512 464 361 1553779382439 
512 464 364 1553779382453 
512 464 369 1553779382470 
512 464 371 1553779382487 
512 464 372 1553779382503 
512 464 373 1553779382522 
512 464 374 1553779382539 
512 465 375 1553779382554 
512 467 376 1553779382570 
512 468 377 1553779382587 
513 468 377 1553779382632 
512 469 377 1553779382653 
512 470 377 1553779382686 
512 469 377 1553779382771 
512 468 377 1553779382779 
514 468 377 1553779382779 
512 467 377 1553779382803 
512 466 377 1553779382820 
512 465 377 1553779382837 
512 464 377 1553779382853 
512 463 377 1553779382887 
512 466 373 1553779383003 
512 477 359 1553779383020 
512 499 341 1553779383037 
512 528 311 1553779383053 
512 560 279 1553779383070 
512 579 260 1553779383087 
512 596 241 1553779383104 
512 602 235 1553779383121 
512 607 231 1553779383139 
512 611 227 1553779383154 
512 614 226 1553779383170 
512 617 225 1553779383188 
512 620 224 1553779383204 
512 629 224 1553779383220 
512 641 224 1553779383237 
512 652 224 1553779383254 
512 662 226 1553779383272 
512 667 227 1553779383288 
512 668 227 1553779383370 
512 669 226 1553779383388 
512 672 223 1553779383406 
512 674 221 1553779383421 
512 676 220 1553779383437 
512 677 219 1553779383453 
512 678 218 1553779383470 
512 679 217 1553779383487 
512 681 215 1553779383504 
512 684 214 1553779383520 
512 685 214 1553779383537 
512 686 214 1553779383554 
512 687 214 1553779383570 
512 688 214 1553779383588 
512 689 213 1553779383604 
512 691 212 1553779383620 
512 692 212 1553779383637 
512 693 212 1553779383670 
512 694 211 1553779383752 
513 694 211 1553779383753 
512 695 210 1553779383770 
512 695 209 1553779383786 
514 695 209 1553779383905 
512 695 209 1553779383920 
512 696 209 1553779383936 
512 696 211 1553779383953 
512 697 215 1553779383970 
512 699 220 1553779383987 
512 703 225 1553779384003 
512 712 232 1553779384019 
512 736 249 1553779384037 
512 747 264 1553779384053 
512 763 276 1553779384070 
512 781 289 1553779384086 
512 792 299 1553779384103 
512 801 310 1553779384120 
512 808 322 1553779384137 
512 824 338 1553779384153 
512 836 347 1553779384169 
512 849 356 1553779384187 
512 858 361 1553779384203 
512 864 365 1553779384219 
512 869 370 1553779384237 
512 877 377 1553779384255 
512 883 381 1553779384270 
512 887 383 1553779384287 
512 893 386 1553779384303 
512 899 387 1553779384320 
512 906 387 1553779384337 
512 907 387 1553779384353 
512 908 387 1553779384370 
512 909 387 1553779384387 
512 910 387 1553779384403 
512 911 387 1553779384421 
512 914 385 1553779384437 
512 921 383 1553779384454 
512 924 382 1553779384470 
512 924 381 1553779384487 
512 925 381 1553779384520 
512 925 380 1553779384587 
512 925 378 1553779384604 
512 925 377 1553779384620 
512 925 375 1553779384638 
513 925 375 1553779384671 
514 925 375 1553779384799 
512 922 376 1553779384822 
512 913 383 1553779384836 
512 898 397 1553779384854 
512 889 409 1553779384870 
512 882 419 1553779384886 
512 874 431 1553779384904 
512 862 447 1553779384920 
512 849 466 1553779384937 
512 817 499 1553779384954 
512 792 521 1553779384970 
512 775 536 1553779384987 
512 761 549 1553779385003 
512 754 559 1553779385021 
512 748 564 1553779385039 
512 743 569 1553779385053 
512 728 580 1553779385070 
512 713 586 1553779385087 
512 690 593 1553779385105 
512 668 600 1553779385120 
512 652 605 1553779385137 
512 644 608 1553779385153 
512 632 612 1553779385170 
512 625 614 1553779385187 
512 620 616 1553779385204 
512 615 618 1553779385222 
512 610 619 1553779385237 
512 601 621 1553779385256 
512 590 623 1553779385270 
512 581 625 1553779385286 
512 576 627 1553779385303 
512 572 628 1553779385320 
512 569 629 1553779385337 
512 566 632 1553779385355 
512 561 634 1553779385372 
512 553 637 1553779385387 
512 552 637 1553779385403 
513 552 637 1553779385510 
512 551 637 1553779385663 
514 551 637 1553779385664 
512 551 637 1553779385670 
512 551 635 1553779385820 
512 556 629 1553779385837 
512 560 625 1553779385854 
512 568 621 1553779385870 
512 590 624 1553779385888 
512 608 633 1553779385904 
512 620 644 1553779385921 
512 633 653 1553779385937 
512 643 659 1553779385953 
512 650 662 1553779385970 
512 657 663 1553779385987 
512 690 667 1553779386004 
512 722 669 1553779386020 
512 748 671 1553779386037 
512 771 673 1553779386054 
512 786 673 1553779386070 
512 791 671 1553779386086 
512 791 670 1553779386104 
512 791 667 1553779386120 
512 791 663 1553779386136 
512 792 660 1553779386154 
512 795 656 1553779386170 
512 799 652 1553779386187 
512 806 643 1553779386205 
512 807 641 1553779386220 
512 807 640 1553779386237 
512 808 639 1553779386254 
512 809 638 1553779386270 
512 811 637 1553779386287 
512 812 637 1553779386303 
512 817 637 1553779386320 
512 821 637 1553779386337 
512 827 637 1553779386354 
512 833 638 1553779386370 
512 835 639 1553779386386 
512 835 640 1553779386404 
512 836 640 1553779386470 
512 837 640 1553779386504 
513 837 640 1553779386530 
512 839 640 1553779386572 
512 838 640 1553779386670 
514 838 640 1553779386690 
512 838 640 1553779386705 
512 837 636 1553779386736 
512 835 619 1553779386753 
512 830 600 1553779386771 
512 825 576 1553779386787 
512 817 550 1553779386803 
512 809 527 1553779386822 
512 813 481 1553779386839 
512 820 453 1553779386853 
512 826 424 1553779386870 
512 831 404 1553779386887 
512 836 393 1553779386903 
512 844 387 1553779386921 
512 857 385 1553779386937 
512 888 384 1553779386953 
512 906 386 1553779386970 
512 923 389 1553779386987 
512 938 391 1553779387004 
512 950 393 1553779387020 
512 956 394 1553779387037 
512 957 394 1553779387154 
512 956 392 1553779387170 
512 951 387 1553779387187 
512 945 383 1553779387203 
512 937 379 1553779387220 
512 930 376 1553779387238 
512 927 374 1553779387254 
512 926 373 1553779387270 
512 925 372 1553779387287 
512 924 371 1553779387303 
512 922 370 1553779387320 
513 922 370 1553779387413 
512 922 371 1553779387537 
512 922 372 1553779387555 
514 922 372 1553779387556 
512 922 372 1553779387570 
512 922 373 1553779387586 
512 921 374 1553779387636 
512 913 378 1553779387653 
512 885 381 1553779387670 
512 853 380 1553779387687 
512 821 374 1553779387703 
512 786 365 1553779387720 
512 753 361 1553779387737 
512 729 357 1553779387754 
512 707 351 1553779387770 
512 682 343 1553779387786 
512 662 342 1553779387803 
512 639 340 1553779387820 
512 614 340 1553779387836 
512 589 341 1553779387853 
512 561 343 1553779387870 
512 534 345 1553779387887 
512 530 345 1553779387903 
512 529 346 1553779387920 
512 527 348 1553779387953 
512 525 350 1553779387971 
512 521 354 1553779387987 
512 515 357 1553779388003 
512 510 359 1553779388020 
512 504 360 1553779388038 
512 501 362 1553779388053 
512 497 364 1553779388072 
512 496 364 1553779388087 
512 490 367 1553779388105 
512 485 368 1553779388120 
512 481 369 1553779388136 
512 475 371 1553779388154 
512 473 372 1553779388170 
512 472 372 1553779388187 
512 470 373 1553779388270 
513 470 373 1553779388326 
512 470 375 1553779388487 
512 470 376 1553779388503 
514 470 376 1553779388504 
512 470 376 1553779388504 
512 472 381 1553779388520 
512 479 392 1553779388539 
512 494 404 1553779388554 
512 511 410 1553779388570 
512 523 408 1553779388589 
512 537 393 1553779388604 
512 544 380 1553779388620 
512 553 361 1553779388637 
512 571 329 1553779388653 
512 588 300 1553779388671 
512 594 289 1553779388688 
512 596 286 1553779388704 
512 597 286 1553779388720 
512 598 289 1553779388736 
512 601 316 1553779388753 
512 597 365 1553779388770 
512 583 437 1553779388787 
512 580 508 1553779388803 
512 577 594 1553779388820 
512 577 632 1553779388839 
512 577 656 1553779388854 
512 576 666 1553779388871 
512 575 669 1553779388887 
512 575 671 1553779388903 
512 573 674 1553779388986 
512 572 677 1553779389005 
512 571 679 1553779389020 
512 570 679 1553779389038 
512 567 678 1553779389056 
512 566 675 1553779389070 
512 565 671 1553779389087 
512 563 667 1553779389105 
512 563 662 1553779389122 
512 563 660 1553779389137 
512 563 659 1553779389154 
512 564 658 1553779389170 
512 565 657 1553779389203 
512 565 656 1553779389270 
512 564 651 1553779389306 
512 563 648 1553779389320 
512 562 647 1553779389336 
512 560 644 1553779389355 
512 559 642 1553779389370 
512 558 642 1553779389386 
513 558 642 1553779389408 
514 558 642 1553779389576 
512 562 642 1553779389619 
512 580 641 1553779389637 
512 603 638 1553779389654 
512 623 638 1553779389670 
512 639 644 1553779389686 
512 654 651 1553779389703 
512 671 657 1553779389720 
512 688 660 1553779389737 
512 695 661 1553779389753 
512 700 662 1553779389770 
512 704 664 1553779389786 
512 707 664 1553779389803 
512 709 663 1553779389821 
512 709 655 1553779389837 
512 712 623 1553779389853 
512 718 579 1553779389870 
512 720 486 1553779389886 
512 715 380 1553779389903 
512 714 311 1553779389922 
512 718 270 1553779389936 
512 741 229 1553779389954 
512 753 212 1553779389970 
512 762 196 1553779389987 
512 771 184 1553779390003 
512 779 172 1553779390020 
512 785 165 1553779390037 
512 791 157 1553779390054 
512 794 152 1553779390070 
512 796 148 1553779390087 
512 796 147 1553779390104 
512 796 146 1553779390120 
512 785 151 1553779390171 
512 762 163 1553779390187 
512 731 180 1553779390204 
512 710 189 1553779390222 
512 701 194 1553779390238 
512 699 195 1553779390255 
512 698 195 1553779390320 
512 698 196 1553779390337 
512 697 198 1553779390420 
512 697 199 1553779390439 
512 697 201 1553779390453 
512 697 203 1553779390470 
512 698 205 1553779390487 
512 700 208 1553779390503 
512 701 209 1553779390520 
513 701 209 1553779390602 
512 702 209 1553779390653 
514 702 209 1553779390779 
