512 705 212 1553779401955 
512 706 217 1553779401970 
512 709 225 1553779401987 
512 716 236 1553779402005 
512 729 253 1553779402021 
512 746 274 1553779402037 
512 752 285 1553779402053 
512 759 296 1553779402070 
512 764 306 1553779402087 
512 771 318 1553779402104 
512 781 331 1553779402120 
512 792 343 1553779402137 
512 806 365 1553779402154 
512 813 382 1553779402172 
512 816 404 1553779402186 
512 818 428 1553779402204 
512 819 451 1553779402220 
512 819 470 1553779402237 
512 819 487 1553779402253 
512 821 515 1553779402270 
512 822 532 1553779402287 
512 822 548 1553779402303 
512 820 565 1553779402321 
512 814 580 1553779402337 
512 811 595 1553779402354 
512 812 600 1553779402370 
512 814 604 1553779402386 
512 815 605 1553779402403 
512 816 606 1553779402420 
512 817 608 1553779402438 
512 819 612 1553779402454 
512 820 615 1553779402470 
512 821 617 1553779402488 
512 821 618 1553779402503 
512 822 620 1553779402520 
512 824 622 1553779402537 
512 826 624 1553779402570 
512 827 627 1553779402587 
512 829 630 1553779402603 
512 829 632 1553779402619 
512 830 633 1553779402636 
512 830 634 1553779402654 
512 831 635 1553779402672 
512 832 635 1553779402687 
512 832 636 1553779402703 
512 833 638 1553779402720 
512 834 639 1553779402737 
512 836 640 1553779402754 
512 837 640 1553779402833 
513 837 640 1553779402835 
512 838 640 1553779402872 
512 838 641 1553779402937 
514 838 641 1553779403001 
512 838 641 1553779403004 
512 833 641 1553779403021 
512 817 636 1553779403036 
512 795 634 1553779403053 
512 772 629 1553779403071 
512 710 602 1553779403087 
512 652 571 1553779403103 
512 620 547 1553779403122 
512 596 515 1553779403136 
512 569 488 1553779403153 
512 549 470 1553779403169 
512 527 456 1553779403187 
512 524 454 1553779403204 
512 523 452 1553779403219 
512 521 450 1553779403237 
512 516 446 1553779403253 
512 506 441 1553779403272 
512 503 440 1553779403287 
512 497 433 1553779403304 
512 492 427 1553779403320 
512 487 420 1553779403337 
512 481 414 1553779403354 
512 475 408 1553779403372 
512 472 404 1553779403387 
512 468 398 1553779403404 
512 467 395 1553779403422 
512 465 394 1553779403439 
512 465 392 1553779403454 
512 464 390 1553779403470 
512 464 387 1553779403487 
512 463 386 1553779403504 
512 462 384 1553779403520 
512 462 383 1553779403536 
512 462 382 1553779403553 
512 462 381 1553779403570 
512 463 380 1553779403588 
512 463 378 1553779403603 
512 464 378 1553779403622 
512 464 377 1553779403636 
512 464 376 1553779403654 
512 465 375 1553779403670 
512 466 374 1553779403687 
512 468 372 1553779403705 
512 468 371 1553779403720 
513 468 371 1553779403789 
512 469 371 1553779403822 
514 469 371 1553779403911 
512 469 371 1553779403920 
512 469 372 1553779403954 
512 474 372 1553779404070 
512 485 372 1553779404087 
512 499 373 1553779404105 
512 509 377 1553779404121 
512 528 383 1553779404136 
512 546 385 1553779404154 
512 562 382 1553779404170 
512 576 374 1553779404189 
512 585 362 1553779404203 
512 594 343 1553779404220 
512 602 324 1553779404237 
512 610 306 1553779404254 
512 616 295 1553779404270 
512 620 287 1553779404287 
512 623 280 1553779404306 
512 630 274 1553779404321 
512 632 271 1553779404337 
512 637 270 1553779404355 
512 640 268 1553779404371 
512 646 267 1553779404387 
512 655 261 1553779404405 
512 663 256 1553779404422 
512 674 247 1553779404438 
512 681 242 1553779404454 
512 684 239 1553779404472 
512 686 237 1553779404487 
512 687 236 1553779404505 
512 688 235 1553779404521 
512 690 230 1553779404539 
512 691 226 1553779404554 
512 693 223 1553779404572 
512 693 219 1553779404587 
512 695 217 1553779404605 
512 695 216 1553779404621 
512 695 215 1553779404638 
512 695 213 1553779404655 
512 696 212 1553779404672 
512 696 211 1553779404689 
512 697 211 1553779404704 
512 697 210 1553779404787 
513 697 210 1553779404793 
512 697 212 1553779404929 
514 697 212 1553779404929 
512 697 216 1553779404939 
512 695 232 1553779404953 
512 693 248 1553779404970 
512 691 269 1553779404986 
512 698 298 1553779405006 
512 718 337 1553779405022 
512 746 381 1553779405036 
512 784 438 1553779405053 
512 797 461 1553779405070 
512 809 477 1553779405088 
512 821 490 1553779405103 
512 827 498 1553779405120 
512 828 499 1553779405137 
512 829 499 1553779405187 
512 832 499 1553779405204 
512 837 494 1553779405220 
512 843 486 1553779405237 
512 858 464 1553779405253 
512 866 447 1553779405271 
512 876 430 1553779405289 
512 883 418 1553779405303 
512 886 411 1553779405320 
512 887 407 1553779405336 
512 889 405 1553779405354 
512 890 404 1553779405370 
512 890 402 1553779405389 
512 893 398 1553779405403 
512 897 393 1553779405420 
512 902 389 1553779405436 
512 906 385 1553779405453 
512 911 382 1553779405470 
512 914 381 1553779405486 
512 915 379 1553779405503 
512 916 378 1553779405520 
512 917 377 1553779405536 
512 919 376 1553779405553 
512 920 374 1553779405570 
512 921 374 1553779405586 
512 923 373 1553779405603 
512 924 373 1553779405622 
512 925 373 1553779405636 
513 925 373 1553779405711 
514 925 373 1553779405833 
512 921 378 1553779405870 
512 908 392 1553779405886 
512 882 420 1553779405905 
512 863 440 1553779405920 
512 844 459 1553779405938 
512 829 477 1553779405953 
512 812 503 1553779405972 
512 808 511 1553779405987 
512 800 528 1553779406004 
512 794 541 1553779406021 
512 788 553 1553779406037 
512 784 565 1553779406053 
512 774 576 1553779406071 
512 746 587 1553779406089 
512 720 592 1553779406104 
512 694 597 1553779406120 
512 677 603 1553779406138 
512 662 606 1553779406153 
512 644 608 1553779406171 
512 616 614 1553779406188 
512 598 620 1553779406203 
512 586 625 1553779406220 
512 581 628 1553779406237 
512 576 630 1553779406253 
512 572 632 1553779406271 
512 568 634 1553779406287 
512 563 636 1553779406304 
512 561 637 1553779406320 
512 560 637 1553779406339 
512 559 638 1553779406353 
512 558 638 1553779406370 
512 552 640 1553779406389 
512 550 641 1553779406420 
513 550 641 1553779406496 
512 549 641 1553779406636 
512 549 642 1553779406644 
514 549 642 1553779406644 
512 549 642 1553779406653 
512 549 643 1553779406786 
512 550 644 1553779406804 
512 551 644 1553779406819 
512 552 645 1553779406837 
512 553 645 1553779406854 
512 554 645 1553779406871 
512 555 645 1553779406887 
512 559 645 1553779406904 
512 565 641 1553779406921 
512 568 640 1553779406937 
512 569 640 1553779406953 
513 569 640 1553779406954 
512 570 640 1553779406971 
512 571 640 1553779406987 
512 572 640 1553779407004 
512 571 640 1553779407106 
512 570 640 1553779407120 
512 569 640 1553779407129 
514 569 640 1553779407129 
512 565 640 1553779407153 
512 562 640 1553779407169 
512 561 639 1553779407187 
512 560 639 1553779407203 
512 559 639 1553779407236 
512 558 639 1553779407272 
513 558 639 1553779407314 
514 558 639 1553779407454 
512 577 641 1553779407588 
512 604 645 1553779407604 
512 625 645 1553779407621 
512 644 639 1553779407637 
512 663 629 1553779407654 
512 673 624 1553779407670 
512 680 622 1553779407686 
512 685 622 1553779407703 
512 695 627 1553779407722 
512 712 635 1553779407737 
512 738 647 1553779407753 
512 754 650 1553779407770 
512 765 651 1553779407786 
512 771 651 1553779407805 
512 777 651 1553779407820 
512 781 650 1553779407839 
512 785 650 1553779407853 
512 789 649 1553779407870 
512 793 647 1553779407886 
512 797 646 1553779407903 
512 803 644 1553779407920 
512 806 642 1553779407937 
512 808 641 1553779407955 
512 809 641 1553779407987 
512 810 641 1553779408021 
512 814 641 1553779408071 
512 819 642 1553779408087 
512 822 644 1553779408104 
512 824 644 1553779408120 
512 825 644 1553779408137 
512 826 644 1553779408155 
512 828 644 1553779408172 
512 829 644 1553779408186 
512 830 644 1553779408205 
512 831 644 1553779408270 
512 832 644 1553779408303 
512 833 644 1553779408336 
512 834 644 1553779408355 
512 835 644 1553779408370 
512 837 644 1553779408387 
512 838 644 1553779408404 
512 839 644 1553779408439 
512 840 644 1553779408451 
513 840 644 1553779408452 
512 841 644 1553779408470 
512 842 644 1553779408487 
512 841 644 1553779408570 
512 839 644 1553779408589 
514 839 644 1553779408609 
512 838 644 1553779408621 
512 838 643 1553779408636 
512 834 634 1553779408721 
512 833 611 1553779408737 
512 833 580 1553779408754 
512 836 546 1553779408770 
512 838 512 1553779408787 
512 839 471 1553779408804 
512 842 453 1553779408820 
512 848 438 1553779408837 
512 857 421 1553779408854 
512 862 414 1553779408870 
512 866 407 1553779408888 
512 869 405 1553779408905 
512 874 403 1553779408920 
512 880 403 1553779408938 
512 885 403 1553779408954 
512 891 403 1553779408970 
512 895 404 1553779408988 
512 900 405 1553779409004 
512 906 407 1553779409020 
512 910 408 1553779409037 
512 914 408 1553779409054 
512 918 406 1553779409070 
512 924 401 1553779409088 
512 928 397 1553779409104 
512 931 392 1553779409120 
512 932 390 1553779409137 
512 933 389 1553779409153 
512 934 388 1553779409170 
512 935 386 1553779409188 
512 937 384 1553779409205 
512 937 383 1553779409220 
512 934 382 1553779409337 
512 931 381 1553779409354 
512 928 380 1553779409371 
512 926 379 1553779409387 
512 925 377 1553779409404 
513 925 377 1553779409438 
514 925 377 1553779409590 
512 922 381 1553779409636 
512 913 390 1553779409654 
512 899 396 1553779409671 
512 881 402 1553779409686 
512 863 407 1553779409705 
512 818 416 1553779409720 
512 726 425 1553779409737 
512 668 427 1553779409755 
512 631 427 1553779409770 
512 604 426 1553779409789 
512 580 426 1553779409803 
512 563 424 1553779409821 
512 546 418 1553779409839 
512 534 413 1553779409855 
512 528 410 1553779409870 
512 521 405 1553779409888 
512 515 403 1553779409903 
512 509 401 1553779409920 
512 506 399 1553779409937 
512 505 398 1553779409954 
512 503 396 1553779409971 
512 502 395 1553779409989 
512 501 394 1553779410003 
512 500 394 1553779410019 
512 499 392 1553779410036 
512 498 391 1553779410053 
512 497 390 1553779410072 
512 496 388 1553779410086 
512 494 387 1553779410104 
512 492 386 1553779410119 
512 489 384 1553779410138 
512 488 384 1553779410153 
512 485 382 1553779410172 
512 483 379 1553779410188 
512 482 378 1553779410204 
512 481 376 1553779410220 
512 479 374 1553779410238 
512 478 373 1553779410254 
512 477 373 1553779410287 
513 477 373 1553779410341 
514 477 373 1553779410499 
512 486 386 1553779410587 
512 505 408 1553779410603 
512 523 423 1553779410620 
512 538 429 1553779410636 
512 542 431 1553779410653 
512 543 433 1553779410786 
512 545 447 1553779410803 
512 547 467 1553779410820 
512 548 490 1553779410837 
512 548 515 1553779410853 
512 550 548 1553779410871 
512 551 567 1553779410887 
512 551 584 1553779410904 
512 556 602 1553779410921 
512 561 621 1553779410937 
512 567 634 1553779410953 
512 568 638 1553779410972 
512 568 639 1553779411053 
512 569 639 1553779411070 
512 569 640 1553779411086 
512 567 639 1553779411170 
512 564 638 1553779411187 
512 560 637 1553779411203 
512 558 636 1553779411220 
512 556 636 1553779411236 
512 555 636 1553779411253 
513 555 636 1553779411311 
512 556 636 1553779411370 
512 557 636 1553779411388 
512 556 636 1553779411503 
514 556 636 1553779411503 
512 556 636 1553779411504 
512 555 636 1553779411537 
512 554 636 1553779411553 
512 553 636 1553779411572 
512 555 631 1553779411671 
512 557 613 1553779411687 
512 561 586 1553779411704 
512 575 529 1553779411721 
512 589 462 1553779411738 
512 597 405 1553779411755 
512 606 358 1553779411771 
512 613 323 1553779411787 
512 627 286 1553779411805 
512 636 271 1553779411820 
512 640 262 1553779411837 
512 640 260 1553779411853 
512 640 258 1553779411871 
512 640 254 1553779411887 
512 639 248 1553779411903 
512 640 239 1553779411920 
512 641 234 1553779411938 
512 643 230 1553779411954 
512 646 226 1553779411970 
512 651 222 1553779411987 
512 654 220 1553779412003 
512 665 218 1553779412020 
512 675 215 1553779412037 
512 681 213 1553779412054 
512 684 212 1553779412071 
512 685 212 1553779412170 
512 686 212 1553779412187 
512 687 212 1553779412221 
512 689 212 1553779412421 
512 690 211 1553779412437 
512 691 211 1553779412454 
513 691 211 1553779412509 
512 692 211 1553779412554 
514 692 211 1553779412637 
512 692 211 1553779412638 
513 692 211 1553779412771 
512 693 211 1553779412787 
512 694 211 1553779412820 
514 694 211 1553779412899 
