512 700 208 1553779434575 
512 699 209 1553779434642 
512 698 209 1553779434658 
512 697 212 1553779434674 
512 696 216 1553779434691 
512 697 226 1553779434707 
512 704 252 1553779434724 
512 714 283 1553779434742 
512 730 318 1553779434758 
512 768 389 1553779434775 
512 789 433 1553779434792 
512 797 457 1553779434808 
512 798 476 1553779434825 
512 798 495 1553779434842 
512 801 520 1553779434859 
512 808 559 1553779434875 
512 810 586 1553779434891 
512 811 602 1553779434910 
512 811 612 1553779434927 
512 810 617 1553779434942 
512 809 619 1553779434959 
512 808 622 1553779434976 
512 808 626 1553779434992 
512 808 630 1553779435008 
512 809 635 1553779435025 
512 811 637 1553779435044 
512 814 638 1553779435059 
512 815 639 1553779435075 
512 816 640 1553779435091 
512 818 640 1553779435108 
512 822 640 1553779435125 
512 826 640 1553779435144 
512 829 640 1553779435158 
512 831 639 1553779435176 
512 832 639 1553779435225 
512 833 639 1553779435310 
512 834 639 1553779435377 
513 834 639 1553779435379 
512 836 639 1553779435391 
512 836 638 1553779435458 
512 835 638 1553779435526 
512 834 638 1553779435541 
512 833 638 1553779435562 
514 833 638 1553779435562 
512 833 638 1553779435575 
512 831 638 1553779435741 
512 823 634 1553779435759 
512 812 626 1553779435774 
512 798 611 1553779435791 
512 783 593 1553779435811 
512 743 556 1553779435826 
512 705 528 1553779435842 
512 665 504 1553779435858 
512 617 479 1553779435877 
512 586 462 1553779435893 
512 569 451 1553779435909 
512 556 440 1553779435926 
512 552 437 1553779435941 
512 551 436 1553779435959 
512 548 435 1553779435975 
512 544 433 1553779435991 
512 535 431 1553779436009 
512 531 430 1553779436026 
512 527 428 1553779436041 
512 525 426 1553779436058 
512 519 421 1553779436074 
512 512 416 1553779436091 
512 500 409 1553779436108 
512 489 402 1553779436125 
512 475 391 1553779436142 
512 470 387 1553779436158 
512 469 384 1553779436177 
512 468 382 1553779436191 
512 467 381 1553779436209 
512 465 378 1553779436226 
512 464 378 1553779436258 
512 465 378 1553779436426 
513 465 378 1553779436430 
512 467 378 1553779436443 
512 468 378 1553779436459 
514 468 378 1553779436572 
512 468 378 1553779436574 
512 470 377 1553779436808 
512 476 372 1553779436827 
512 483 365 1553779436841 
512 504 347 1553779436858 
512 519 329 1553779436874 
512 538 313 1553779436891 
512 558 300 1553779436911 
512 579 291 1553779436925 
512 604 282 1553779436943 
512 619 280 1553779436958 
512 628 279 1553779436975 
512 633 276 1553779436991 
512 637 275 1553779437011 
512 639 274 1553779437025 
512 641 271 1553779437043 
512 642 271 1553779437058 
512 645 269 1553779437075 
512 649 267 1553779437093 
512 655 264 1553779437108 
512 660 261 1553779437124 
512 665 258 1553779437142 
512 672 254 1553779437160 
512 679 250 1553779437175 
512 684 246 1553779437191 
512 687 242 1553779437210 
512 689 237 1553779437227 
512 690 233 1553779437241 
512 691 229 1553779437258 
512 693 224 1553779437276 
512 693 221 1553779437291 
512 693 219 1553779437308 
512 693 218 1553779437324 
512 693 217 1553779437358 
512 693 215 1553779437376 
512 693 213 1553779437408 
512 694 212 1553779437424 
512 694 211 1553779437443 
512 694 210 1553779437458 
512 696 209 1553779437508 
512 697 208 1553779437525 
513 697 208 1553779437583 
514 697 208 1553779437728 
512 704 220 1553779437774 
512 715 236 1553779437791 
512 731 256 1553779437808 
512 751 276 1553779437827 
512 768 294 1553779437843 
512 783 310 1553779437858 
512 805 336 1553779437876 
512 820 353 1553779437892 
512 833 364 1553779437908 
512 840 370 1553779437925 
512 842 372 1553779437942 
512 842 373 1553779437958 
512 843 374 1553779437991 
512 844 376 1553779438008 
512 845 377 1553779438025 
512 851 381 1553779438041 
512 860 386 1553779438060 
512 872 389 1553779438077 
512 888 390 1553779438091 
512 896 387 1553779438109 
512 900 384 1553779438124 
512 903 381 1553779438141 
512 904 377 1553779438158 
512 905 374 1553779438174 
512 907 372 1553779438192 
512 908 372 1553779438210 
512 909 372 1553779438242 
512 910 372 1553779438258 
512 911 372 1553779438274 
512 913 373 1553779438309 
512 916 374 1553779438325 
512 917 375 1553779438342 
512 918 376 1553779438358 
512 919 377 1553779438374 
512 920 377 1553779438474 
512 921 377 1553779438493 
512 923 377 1553779438525 
512 924 377 1553779438539 
513 924 377 1553779438539 
512 925 376 1553779438558 
512 926 375 1553779438577 
512 928 374 1553779438641 
514 928 374 1553779438662 
512 928 374 1553779438674 
512 922 381 1553779438942 
512 901 401 1553779438958 
512 863 427 1553779438976 
512 818 463 1553779438992 
512 777 488 1553779439008 
512 748 508 1553779439026 
512 741 514 1553779439042 
512 736 521 1553779439058 
512 726 530 1553779439075 
512 712 538 1553779439091 
512 698 547 1553779439108 
512 685 555 1553779439125 
512 667 566 1553779439143 
512 655 572 1553779439158 
512 643 580 1553779439177 
512 634 587 1553779439192 
512 626 595 1553779439209 
512 619 600 1553779439225 
512 609 608 1553779439242 
512 601 613 1553779439258 
512 590 618 1553779439275 
512 580 622 1553779439292 
512 576 625 1553779439308 
512 575 627 1553779439325 
512 573 629 1553779439342 
512 572 631 1553779439358 
512 570 633 1553779439375 
512 569 634 1553779439391 
512 568 635 1553779439410 
513 568 635 1553779439482 
512 567 635 1553779439559 
512 566 638 1553779439577 
512 565 639 1553779439592 
514 565 639 1553779439643 
512 565 639 1553779439658 
513 565 639 1553779439737 
514 565 639 1553779439874 
512 562 640 1553779439908 
512 561 640 1553779439924 
512 566 640 1553779440025 
512 577 640 1553779440041 
512 596 644 1553779440059 
512 630 650 1553779440075 
512 648 655 1553779440091 
512 663 656 1553779440108 
512 676 656 1553779440125 
512 691 654 1553779440142 
512 705 653 1553779440158 
512 733 653 1553779440177 
512 753 655 1553779440194 
512 774 660 1553779440208 
512 799 666 1553779440225 
512 822 669 1553779440244 
512 837 671 1553779440259 
512 842 672 1553779440275 
512 842 670 1553779440308 
512 842 667 1553779440325 
512 841 664 1553779440341 
512 840 659 1553779440360 
512 838 655 1553779440376 
512 836 652 1553779440392 
512 834 650 1553779440408 
512 832 649 1553779440425 
512 832 648 1553779440441 
512 832 646 1553779440458 
512 832 645 1553779440491 
512 832 644 1553779440509 
512 833 643 1553779440527 
512 834 643 1553779440541 
512 835 643 1553779440560 
512 836 643 1553779440625 
512 837 643 1553779440658 
513 837 643 1553779440663 
512 838 643 1553779440675 
512 839 643 1553779440691 
514 839 643 1553779440814 
512 839 643 1553779440825 
512 839 638 1553779440925 
512 844 624 1553779440941 
512 850 604 1553779440958 
512 855 572 1553779440975 
512 855 517 1553779440991 
512 855 475 1553779441009 
512 855 457 1553779441027 
512 857 454 1553779441041 
512 858 454 1553779441058 
512 859 453 1553779441075 
512 862 452 1553779441091 
512 874 449 1553779441108 
512 903 441 1553779441125 
512 921 432 1553779441141 
512 934 423 1553779441158 
512 940 417 1553779441177 
512 941 413 1553779441191 
512 941 410 1553779441208 
512 941 409 1553779441225 
512 941 408 1553779441241 
512 941 407 1553779441257 
512 940 404 1553779441275 
512 939 401 1553779441291 
512 937 398 1553779441307 
512 934 394 1553779441325 
512 933 392 1553779441341 
512 932 391 1553779441358 
512 930 388 1553779441374 
512 928 383 1553779441393 
512 927 381 1553779441408 
512 926 378 1553779441425 
512 925 377 1553779441442 
512 924 376 1553779441457 
512 924 375 1553779441475 
513 924 375 1553779441525 
514 924 375 1553779441670 
512 921 375 1553779441741 
512 916 377 1553779441757 
512 907 377 1553779441774 
512 890 377 1553779441792 
512 865 372 1553779441809 
512 835 366 1553779441826 
512 805 365 1553779441842 
512 784 367 1553779441858 
512 759 371 1553779441875 
512 735 377 1553779441892 
512 702 382 1553779441908 
512 672 385 1553779441924 
512 631 387 1553779441941 
512 611 387 1553779441958 
512 596 387 1553779441975 
512 582 386 1553779441991 
512 568 385 1553779442009 
512 553 383 1553779442025 
512 534 380 1553779442043 
512 512 377 1553779442059 
512 506 376 1553779442074 
512 500 374 1553779442092 
512 496 373 1553779442108 
512 491 371 1553779442127 
512 485 370 1553779442141 
512 483 369 1553779442158 
512 482 369 1553779442175 
512 481 369 1553779442191 
512 478 368 1553779442208 
512 473 366 1553779442224 
512 467 365 1553779442241 
512 461 364 1553779442259 
512 458 363 1553779442274 
512 457 363 1553779442292 
512 457 364 1553779442359 
512 458 366 1553779442376 
512 458 368 1553779442393 
512 459 369 1553779442408 
512 460 370 1553779442427 
512 461 370 1553779442443 
512 462 371 1553779442475 
512 463 371 1553779442491 
512 464 372 1553779442525 
512 466 373 1553779442541 
512 467 373 1553779442559 
512 468 374 1553779442575 
512 470 374 1553779442641 
513 470 374 1553779442652 
512 471 374 1553779442675 
512 472 374 1553779442691 
514 472 374 1553779442804 
512 472 374 1553779442810 
512 472 375 1553779442892 
512 473 375 1553779442927 
512 476 377 1553779442941 
512 481 379 1553779442961 
512 490 379 1553779442976 
512 495 376 1553779442992 
512 502 372 1553779443008 
512 506 371 1553779443025 
512 511 371 1553779443041 
512 516 374 1553779443059 
512 526 391 1553779443075 
512 534 413 1553779443092 
512 541 444 1553779443110 
512 544 476 1553779443125 
512 547 501 1553779443143 
512 549 522 1553779443160 
512 553 541 1553779443176 
512 557 567 1553779443191 
512 562 585 1553779443210 
512 569 607 1553779443225 
512 571 624 1553779443242 
512 571 633 1553779443258 
512 570 635 1553779443275 
512 568 636 1553779443292 
512 567 636 1553779443308 
512 566 636 1553779443325 
512 566 637 1553779443375 
512 566 638 1553779443408 
512 565 638 1553779443427 
512 564 638 1553779443441 
512 562 638 1553779443475 
512 561 639 1553779443491 
512 559 641 1553779443509 
512 558 643 1553779443526 
512 557 644 1553779443541 
513 557 644 1553779443595 
514 557 644 1553779443776 
512 558 644 1553779443858 
512 559 642 1553779443875 
512 563 634 1553779443891 
512 568 620 1553779443908 
512 577 591 1553779443925 
512 582 582 1553779443942 
512 584 579 1553779443958 
512 585 578 1553779443975 
512 591 578 1553779444008 
512 606 573 1553779444025 
512 611 563 1553779444041 
512 616 539 1553779444058 
512 623 495 1553779444075 
512 632 442 1553779444092 
512 650 367 1553779444108 
512 664 291 1553779444125 
512 665 268 1553779444141 
512 665 259 1553779444157 
512 666 251 1553779444174 
512 669 246 1553779444194 
512 672 243 1553779444208 
512 672 242 1553779444225 
512 673 241 1553779444275 
512 675 238 1553779444292 
512 677 236 1553779444309 
512 678 235 1553779444325 
512 680 233 1553779444342 
512 681 232 1553779444358 
512 683 230 1553779444375 
512 684 229 1553779444391 
512 686 228 1553779444408 
512 687 225 1553779444425 
512 688 224 1553779444442 
512 690 223 1553779444459 
512 691 222 1553779444475 
512 692 221 1553779444491 
512 692 220 1553779444509 
512 694 219 1553779444525 
512 695 217 1553779444541 
512 695 216 1553779444558 
512 695 215 1553779444575 
512 696 213 1553779444658 
512 696 212 1553779444676 
512 697 211 1553779444692 
512 698 210 1553779444709 
512 698 208 1553779444725 
512 699 207 1553779444742 
513 699 207 1553779444759 
514 699 207 1553779444880 
