512 699 217 1553024629144 
512 698 222 1553024629151 
512 696 227 1553024629160 
512 695 230 1553024629168 
512 694 234 1553024629177 
512 692 238 1553024629185 
512 691 242 1553024629190 
512 691 245 1553024629200 
512 690 247 1553024629206 
512 689 249 1553024629217 
512 689 252 1553024629222 
512 689 255 1553024629234 
512 689 258 1553024629238 
512 689 260 1553024629247 
512 689 263 1553024629253 
512 689 266 1553024629261 
512 690 269 1553024629269 
512 690 272 1553024629276 
512 693 278 1553024629285 
512 696 284 1553024629292 
512 700 292 1553024629302 
512 703 302 1553024629306 
512 707 313 1553024629314 
512 713 325 1553024629322 
512 720 342 1553024629331 
512 729 362 1553024629338 
512 743 386 1553024629348 
512 757 407 1553024629352 
512 771 429 1553024629360 
512 785 448 1553024629368 
512 796 467 1553024629376 
512 807 488 1553024629384 
512 818 507 1553024629392 
512 829 523 1553024629399 
512 842 540 1553024629406 
512 853 556 1553024629415 
512 861 574 1553024629422 
512 865 586 1553024629431 
512 869 597 1553024629438 
512 870 607 1553024629448 
512 871 615 1553024629454 
512 872 622 1553024629460 
512 872 627 1553024629468 
512 871 630 1553024629476 
512 870 633 1553024629484 
512 869 635 1553024629492 
512 867 637 1553024629500 
512 866 639 1553024629508 
512 866 642 1553024629515 
512 865 645 1553024629522 
512 864 647 1553024629531 
512 864 648 1553024629554 
512 863 649 1553024629568 
512 861 650 1553024629584 
512 860 650 1553024629592 
512 858 650 1553024629600 
512 856 651 1553024629608 
512 853 651 1553024629615 
512 850 651 1553024629622 
512 846 651 1553024629631 
512 844 650 1553024629638 
512 843 649 1553024629648 
512 842 649 1553024629654 
512 841 649 1553024629668 
513 841 649 1553024629851 
512 841 648 1553024629967 
514 841 648 1553024629970 
512 840 642 1553024630066 
512 782 510 1553024630101 
512 757 482 1553024630107 
512 739 459 1553024630115 
512 726 442 1553024630124 
512 719 434 1553024630131 
512 715 425 1553024630140 
512 712 419 1553024630149 
512 710 416 1553024630155 
512 707 412 1553024630168 
512 705 407 1553024630170 
512 702 400 1553024630186 
512 700 394 1553024630187 
512 697 385 1553024630196 
512 694 378 1553024630203 
512 689 372 1553024630208 
512 683 367 1553024630217 
512 675 363 1553024630224 
512 665 361 1553024630233 
512 650 357 1553024630240 
512 626 354 1553024630250 
512 603 351 1553024630255 
512 580 348 1553024630268 
512 557 344 1553024630270 
512 536 341 1553024630285 
512 520 338 1553024630286 
512 508 336 1553024630295 
512 499 336 1553024630302 
512 489 336 1553024630308 
512 481 336 1553024630315 
512 475 338 1553024630324 
512 469 341 1553024630333 
512 466 344 1553024630340 
512 463 347 1553024630350 
512 460 349 1553024630354 
512 458 351 1553024630367 
512 456 354 1553024630370 
512 455 356 1553024630384 
512 454 357 1553024630386 
512 454 358 1553024630396 
512 454 359 1553024630417 
512 455 361 1553024630517 
512 460 366 1553024630524 
512 464 369 1553024630533 
512 467 373 1553024630540 
512 471 376 1553024630550 
512 474 380 1553024630556 
512 477 382 1553024630567 
512 479 384 1553024630570 
512 481 385 1553024630585 
512 483 386 1553024630586 
512 483 387 1553024630718 
513 483 387 1553024630767 
514 483 387 1553024630855 
512 482 387 1553024630895 
512 482 386 1553024630901 
512 481 386 1553024631018 
512 481 385 1553024631042 
512 480 384 1553024631056 
513 480 384 1553024631104 
512 479 384 1553024631187 
512 478 383 1553024631204 
512 477 381 1553024631210 
512 474 377 1553024631218 
512 473 375 1553024631231 
514 473 375 1553024631251 
512 472 374 1553024631252 
513 472 374 1553024631428 
512 472 373 1553024631525 
512 471 373 1553024631533 
512 471 370 1553024631541 
514 471 370 1553024631542 
512 476 364 1553024631549 
512 485 356 1553024631559 
512 495 347 1553024631565 
512 504 336 1553024631573 
512 514 324 1553024631579 
512 524 310 1553024631587 
512 539 294 1553024631597 
512 558 281 1553024631604 
512 583 263 1553024631614 
512 603 246 1553024631620 
512 618 232 1553024631631 
512 632 223 1553024631634 
512 642 217 1553024631642 
512 650 213 1553024631650 
512 659 209 1553024631658 
512 667 206 1553024631667 
512 673 204 1553024631674 
512 676 203 1553024631683 
512 678 202 1553024631688 
512 681 201 1553024631699 
512 683 200 1553024631704 
512 686 200 1553024631716 
512 689 200 1553024631720 
512 692 199 1553024631734 
512 694 199 1553024631735 
512 696 199 1553024631742 
512 697 199 1553024631750 
512 697 200 1553024631767 
512 698 200 1553024631774 
512 699 201 1553024631783 
512 701 202 1553024631788 
512 704 202 1553024631800 
512 708 203 1553024631805 
512 708 204 1553024631818 
512 709 204 1553024631820 
512 709 205 1553024631844 
512 710 205 1553024631852 
512 710 206 1553024631882 
512 710 205 1553024632091 
512 709 205 1553024632106 
512 709 204 1553024632152 
512 708 204 1553024632167 
512 707 204 1553024632190 
512 706 203 1553024632221 
512 706 202 1553024632291 
512 705 202 1553024632302 
513 705 202 1553024632375 
512 704 202 1553024632476 
514 704 202 1553024632531 
512 703 202 1553024632552 
512 702 202 1553024632633 
512 702 203 1553024632768 
512 705 210 1553024632784 
512 711 218 1553024632793 
512 717 228 1553024632799 
512 725 238 1553024632806 
512 734 247 1553024632816 
512 745 256 1553024632822 
512 760 268 1553024632833 
512 774 278 1553024632839 
512 783 286 1553024632846 
512 791 291 1553024632852 
512 800 297 1553024632860 
512 808 302 1553024632868 
512 817 309 1553024632876 
512 823 314 1553024632884 
512 827 316 1553024632892 
512 829 319 1553024632900 
512 830 319 1553024632907 
512 832 320 1553024632917 
512 834 321 1553024632922 
512 836 321 1553024632934 
512 837 322 1553024632938 
512 837 323 1553024632951 
512 838 323 1553024633001 
512 838 324 1553024633006 
512 839 324 1553024633017 
512 841 325 1553024633022 
512 843 326 1553024633034 
512 846 326 1553024633038 
512 852 327 1553024633050 
512 856 328 1553024633054 
512 862 329 1553024633061 
512 866 331 1553024633069 
512 871 332 1553024633077 
512 875 334 1553024633084 
512 881 336 1553024633092 
512 887 338 1553024633101 
512 892 339 1553024633108 
512 900 343 1553024633117 
512 905 345 1553024633122 
512 911 349 1553024633134 
512 918 353 1553024633138 
512 924 358 1553024633150 
512 928 361 1553024633154 
512 932 365 1553024633169 
512 935 368 1553024633170 
512 938 368 1553024633176 
512 940 369 1553024633185 
512 940 370 1553024633192 
512 941 370 1553024633200 
512 942 370 1553024633223 
512 941 371 1553024633376 
512 939 372 1553024633384 
512 937 373 1553024633401 
512 935 373 1553024633417 
512 935 374 1553024633424 
512 934 374 1553024633434 
512 934 375 1553024633439 
512 933 375 1553024633450 
512 933 376 1553024633455 
512 932 376 1553024633467 
512 932 377 1553024633567 
513 932 377 1553024633568 
514 932 377 1553024633653 
512 931 377 1553024633692 
512 930 377 1553024633733 
512 926 379 1553024633740 
512 905 393 1553024633783 
512 901 396 1553024633786 
512 895 399 1553024633794 
512 889 402 1553024633800 
512 883 403 1553024633807 
512 874 406 1553024633815 
512 864 409 1553024633824 
512 856 412 1553024633831 
512 847 415 1553024633839 
512 839 418 1553024633848 
512 833 421 1553024633854 
512 826 424 1553024633866 
512 816 429 1553024633870 
512 806 435 1553024633884 
512 793 442 1553024633886 
512 782 452 1553024633896 
512 773 462 1553024633902 
512 764 472 1553024633908 
512 755 480 1553024633916 
512 746 489 1553024633924 
512 738 498 1553024633932 
512 730 507 1553024633940 
512 719 516 1553024633949 
512 708 525 1553024633956 
512 698 534 1553024633966 
512 688 543 1553024633970 
512 678 552 1553024633984 
512 668 560 1553024633986 
512 658 567 1553024633996 
512 649 574 1553024634002 
512 643 579 1553024634008 
512 634 584 1553024634016 
512 628 589 1553024634024 
512 622 593 1553024634033 
512 616 597 1553024634041 
512 613 600 1553024634049 
512 609 603 1553024634056 
512 608 605 1553024634066 
512 606 606 1553024634070 
512 606 607 1553024634083 
512 604 609 1553024634140 
512 597 612 1553024634149 
512 592 614 1553024634156 
512 588 617 1553024634166 
512 585 620 1553024634170 
512 582 621 1553024634183 
512 581 622 1553024634186 
512 580 623 1553024634196 
512 579 623 1553024634202 
512 579 624 1553024634210 
512 578 624 1553024634218 
512 578 625 1553024634224 
512 577 627 1553024634232 
512 577 629 1553024634240 
512 576 631 1553024634249 
512 576 633 1553024634256 
512 575 636 1553024634266 
512 574 638 1553024634272 
512 574 640 1553024634284 
512 572 642 1553024634286 
512 570 645 1553024634296 
512 568 646 1553024634302 
512 567 647 1553024634310 
512 566 647 1553024634318 
512 566 648 1553024634324 
512 565 648 1553024634332 
513 565 648 1553024634428 
514 565 648 1553024634634 
512 567 647 1553024634788 
512 570 646 1553024634798 
512 583 641 1553024634822 
512 591 637 1553024634825 
512 603 633 1553024634833 
512 622 625 1553024634841 
512 649 617 1553024634849 
512 681 608 1553024634855 
512 724 601 1553024634864 
512 766 595 1553024634873 
512 799 594 1553024634884 
512 821 594 1553024634888 
512 835 594 1553024634901 
512 846 596 1553024634904 
512 854 599 1553024634913 
512 860 603 1553024634920 
512 864 606 1553024634927 
512 866 608 1553024634935 
512 869 610 1553024634943 
512 871 614 1553024634952 
512 874 617 1553024634958 
512 875 619 1553024634967 
512 875 620 1553024634983 
512 875 621 1553024634989 
512 875 623 1553024635000 
512 873 625 1553024635004 
512 872 626 1553024635018 
512 871 627 1553024635019 
512 871 629 1553024635034 
512 871 630 1553024635043 
512 871 631 1553024635051 
512 871 633 1553024635058 
512 871 634 1553024635071 
512 871 635 1553024635073 
512 872 636 1553024635083 
512 872 639 1553024635089 
512 872 640 1553024635100 
512 871 641 1553024635105 
512 869 642 1553024635118 
512 867 643 1553024635120 
512 864 644 1553024635126 
512 861 644 1553024635134 
512 858 645 1553024635142 
512 855 646 1553024635151 
512 853 647 1553024635158 
512 850 647 1553024635167 
512 849 647 1553024635183 
512 847 647 1553024635201 
512 846 647 1553024635218 
512 845 646 1553024635226 
512 844 646 1553024635242 
512 843 645 1553024635251 
512 842 645 1553024635258 
512 840 644 1553024635267 
512 839 643 1553024635272 
512 839 641 1553024635342 
512 838 640 1553024635351 
513 838 640 1553024635406 
512 839 639 1553024635450 
512 838 639 1553024635542 
514 838 639 1553024635550 
512 836 638 1553024635650 
512 834 636 1553024635658 
512 833 634 1553024635666 
512 824 628 1553024635691 
512 818 625 1553024635698 
512 809 622 1553024635703 
512 800 620 1553024635712 
512 792 619 1553024635719 
512 786 619 1553024635729 
512 783 619 1553024635735 
512 781 619 1553024635744 
512 779 619 1553024635751 
512 777 619 1553024635758 
512 775 619 1553024635767 
512 774 620 1553024635774 
512 777 619 1553024635817 
512 790 612 1553024635820 
512 809 601 1553024635836 
512 828 589 1553024635837 
512 847 576 1553024635852 
512 865 566 1553024635853 
512 880 558 1553024635858 
512 898 550 1553024635867 
512 917 540 1553024635874 
512 936 527 1553024635883 
512 950 515 1553024635890 
512 960 505 1553024635900 
512 966 495 1553024635906 
512 969 487 1553024635917 
512 970 479 1553024635920 
512 971 473 1553024635934 
512 973 467 1553024635936 
512 974 463 1553024635953 
512 975 460 1553024635954 
512 975 457 1553024635960 
512 975 454 1553024635968 
512 975 451 1553024635974 
512 975 448 1553024635983 
512 976 442 1553024635990 
512 976 436 1553024636000 
512 977 433 1553024636006 
512 978 429 1553024636017 
512 978 425 1553024636020 
512 978 421 1553024636037 
512 977 417 1553024636038 
512 976 414 1553024636053 
512 973 412 1553024636054 
512 970 408 1553024636060 
512 966 406 1553024636068 
512 964 404 1553024636074 
512 962 403 1553024636083 
512 960 402 1553024636090 
512 957 400 1553024636100 
512 955 398 1553024636106 
512 952 395 1553024636117 
512 948 393 1553024636120 
512 945 390 1553024636135 
512 941 388 1553024636136 
512 939 385 1553024636153 
512 938 384 1553024636154 
512 936 382 1553024636160 
512 935 381 1553024636168 
512 935 380 1553024636174 
512 934 379 1553024636183 
512 932 377 1553024636200 
512 930 377 1553024636206 
512 930 376 1553024636217 
512 929 376 1553024636222 
512 929 375 1553024636322 
513 929 375 1553024636391 
512 929 376 1553024636423 
512 928 376 1553024636506 
514 928 376 1553024636522 
512 926 378 1553024636583 
512 924 379 1553024636591 
512 919 384 1553024636615 
512 916 386 1553024636621 
512 914 388 1553024636630 
512 912 390 1553024636637 
512 909 394 1553024636646 
512 907 396 1553024636651 
512 904 399 1553024636659 
512 903 400 1553024636676 
512 900 402 1553024636706 
512 894 405 1553024636715 
512 887 409 1553024636722 
512 877 412 1553024636734 
512 863 418 1553024636738 
512 843 425 1553024636750 
512 813 435 1553024636752 
512 776 442 1553024636763 
512 738 449 1553024636769 
512 696 455 1553024636777 
512 647 457 1553024636785 
512 593 457 1553024636792 
512 539 457 1553024636801 
512 490 456 1553024636806 
512 451 452 1553024636817 
512 415 451 1553024636822 
512 388 444 1553024636833 
512 375 441 1553024636838 
512 367 437 1553024636850 
512 363 433 1553024636854 
512 362 427 1553024636861 
512 362 419 1553024636868 
512 362 413 1553024636876 
512 365 405 1553024636885 
512 369 398 1553024636893 
512 372 392 1553024636900 
512 376 386 1553024636908 
512 380 383 1553024636917 
512 383 380 1553024636922 
512 389 377 1553024636934 
512 396 374 1553024636938 
512 405 372 1553024636950 
512 414 371 1553024636954 
512 422 369 1553024636968 
512 429 368 1553024636969 
512 435 367 1553024636977 
512 438 366 1553024636985 
512 440 365 1553024636993 
512 441 365 1553024637001 
512 441 364 1553024637009 
512 442 364 1553024637050 
512 445 366 1553024637101 
512 448 368 1553024637108 
512 452 368 1553024637117 
512 454 369 1553024637122 
512 457 372 1553024637134 
512 461 374 1553024637139 
512 464 377 1553024637150 
512 466 379 1553024637155 
512 468 381 1553024637168 
512 470 381 1553024637170 
512 471 382 1553024637177 
512 472 382 1553024637184 
512 473 383 1553024637367 
512 473 384 1553024637385 
513 473 384 1553024637387 
512 473 385 1553024637441 
512 473 384 1553024637531 
514 473 384 1553024637532 
512 474 385 1553024637600 
512 475 386 1553024637608 
512 475 387 1553024637616 
512 476 389 1553024637624 
512 484 401 1553024637655 
512 487 407 1553024637662 
512 491 413 1553024637670 
512 495 417 1553024637682 
512 500 418 1553024637686 
512 503 419 1553024637695 
512 506 420 1553024637702 
512 509 420 1553024637708 
512 511 420 1553024637717 
512 513 420 1553024637724 
512 515 420 1553024637733 
512 518 421 1553024637740 
512 521 422 1553024637750 
512 526 425 1553024637754 
512 534 429 1553024637768 
512 540 433 1553024637770 
512 545 438 1553024637787 
512 549 444 1553024637788 
512 553 450 1553024637795 
512 556 456 1553024637801 
512 558 463 1553024637808 
512 559 470 1553024637815 
512 560 475 1553024637824 
512 560 479 1553024637831 
512 560 483 1553024637839 
512 560 489 1553024637848 
512 560 494 1553024637855 
512 560 500 1553024637868 
512 560 505 1553024637870 
512 560 511 1553024637887 
512 560 516 1553024637888 
512 559 523 1553024637896 
512 558 530 1553024637903 
512 557 537 1553024637911 
512 556 542 1553024637918 
512 554 549 1553024637925 
512 552 555 1553024637933 
512 551 561 1553024637940 
512 549 567 1553024637950 
512 548 572 1553024637956 
512 547 578 1553024637967 
512 547 582 1553024637970 
512 547 585 1553024637986 
512 547 588 1553024637987 
512 547 591 1553024637996 
512 548 593 1553024638003 
512 548 595 1553024638011 
512 549 598 1553024638018 
512 550 600 1553024638024 
512 550 601 1553024638033 
512 551 603 1553024638040 
512 552 606 1553024638050 
512 553 607 1553024638056 
512 553 608 1553024638067 
512 554 610 1553024638070 
512 555 613 1553024638086 
512 556 615 1553024638088 
512 556 616 1553024638096 
512 557 618 1553024638103 
512 557 619 1553024638119 
512 558 619 1553024638124 
512 558 621 1553024638184 
512 558 623 1553024638187 
512 558 624 1553024638196 
512 558 626 1553024638203 
512 558 628 1553024638210 
512 558 630 1553024638218 
512 558 633 1553024638227 
512 558 635 1553024638234 
512 558 637 1553024638241 
512 558 638 1553024638250 
512 558 639 1553024638256 
513 558 639 1553024638336 
512 559 639 1553024638401 
512 558 639 1553024638467 
514 558 639 1553024638494 
512 558 638 1553024638509 
512 558 636 1553024638517 
512 559 634 1553024638525 
512 560 631 1553024638536 
512 561 628 1553024638541 
512 562 624 1553024638548 
512 564 620 1553024638556 
512 567 613 1553024638564 
512 569 604 1553024638572 
512 571 597 1553024638581 
512 574 589 1553024638588 
512 577 579 1553024638598 
512 581 567 1553024638601 
512 586 555 1553024638610 
512 588 543 1553024638619 
512 589 532 1553024638626 
512 589 521 1553024638633 
512 587 512 1553024638641 
512 586 503 1553024638649 
512 585 498 1553024638656 
512 584 492 1553024638664 
512 581 486 1553024638672 
512 578 479 1553024638681 
512 575 471 1553024638688 
512 573 461 1553024638698 
512 573 453 1553024638704 
512 573 445 1553024638713 
512 573 437 1553024638720 
512 575 427 1553024638727 
512 577 418 1553024638735 
512 582 407 1553024638742 
512 586 395 1553024638751 
512 593 383 1553024638756 
512 600 371 1553024638767 
512 610 357 1553024638772 
512 618 345 1553024638784 
512 626 334 1553024638788 
512 632 324 1553024638800 
512 639 312 1553024638804 
512 645 300 1553024638810 
512 648 288 1553024638819 
512 651 277 1553024638827 
512 653 269 1553024638835 
512 654 263 1553024638844 
512 655 260 1553024638851 
512 656 259 1553024638858 
512 656 258 1553024638872 
512 656 257 1553024638926 
512 657 255 1553024638942 
512 658 253 1553024638951 
512 659 249 1553024638959 
512 662 246 1553024638967 
512 665 240 1553024638973 
512 668 234 1553024638984 
512 670 231 1553024638989 
512 673 227 1553024639001 
512 676 224 1553024639005 
512 678 220 1553024639018 
512 681 215 1553024639020 
512 684 212 1553024639027 
512 685 209 1553024639035 
512 688 206 1553024639043 
512 690 204 1553024639052 
512 692 202 1553024639058 
512 695 199 1553024639066 
512 697 197 1553024639072 
512 699 195 1553024639081 
512 701 194 1553024639088 
512 702 194 1553024639104 
512 703 194 1553024639234 
513 703 194 1553024639259 
512 703 195 1553024639331 
512 703 196 1553024639342 
512 703 197 1553024639350 
514 703 197 1553024639358 
512 703 198 1553024639436 
513 703 198 1553024639439 
514 703 198 1553024639581 
512 703 200 1553024639597 
512 701 204 1553024639603 
512 698 207 1553024639612 
512 695 211 1553024639619 
512 694 212 1553024639635 
513 694 212 1553024639692 
512 694 213 1553024639699 
512 695 214 1553024639732 
512 695 213 1553024639874 
512 694 213 1553024639881 
514 694 213 1553024639882 
