512 696 223 1553087714245 
512 690 230 1553087714262 
512 688 236 1553087714278 
512 686 240 1553087714294 
512 686 244 1553087714312 
512 686 249 1553087714328 
512 688 260 1553087714346 
512 691 272 1553087714361 
512 696 284 1553087714380 
512 702 301 1553087714395 
512 710 314 1553087714414 
512 718 329 1553087714428 
512 740 360 1553087714445 
512 759 380 1553087714461 
512 775 403 1553087714479 
512 788 437 1553087714494 
512 797 490 1553087714511 
512 805 527 1553087714530 
512 810 551 1553087714545 
512 814 580 1553087714562 
512 816 599 1553087714578 
512 817 614 1553087714597 
512 816 625 1553087714611 
512 816 633 1553087714629 
512 816 640 1553087714645 
512 816 647 1553087714662 
512 814 654 1553087714679 
512 814 664 1553087714695 
512 816 675 1553087714713 
512 817 681 1553087714728 
512 818 682 1553087714745 
512 818 680 1553087714795 
512 820 673 1553087714814 
512 825 667 1553087714829 
512 829 663 1553087714847 
512 832 659 1553087714862 
512 833 656 1553087714879 
512 833 655 1553087714895 
512 833 654 1553087714979 
512 833 652 1553087714995 
512 833 651 1553087715014 
513 833 651 1553087715042 
512 834 651 1553087715062 
512 835 651 1553087715078 
512 835 650 1553087715130 
512 835 646 1553087715146 
512 835 644 1553087715162 
512 836 643 1553087715179 
512 836 641 1553087715195 
514 836 641 1553087715287 
512 836 641 1553087715296 
512 836 640 1553087715313 
513 836 640 1553087715268 
514 836 640 1553087715399 
512 832 638 1553087715425 
512 809 630 1553087715441 
512 781 624 1553087715458 
512 690 578 1553087715475 
512 640 540 1553087715491 
512 597 496 1553087715510 
512 578 468 1553087715524 
512 570 450 1553087715541 
512 566 437 1553087715559 
512 565 432 1553087715575 
512 563 428 1553087715592 
512 560 425 1553087715609 
512 552 420 1553087715625 
512 545 412 1553087715642 
512 534 405 1553087715658 
512 518 395 1553087715675 
512 512 390 1553087715692 
512 511 389 1553087715709 
512 510 388 1553087715726 
512 505 386 1553087715742 
512 497 385 1553087715758 
512 492 383 1553087715776 
512 489 381 1553087715792 
512 488 381 1553087715809 
512 487 380 1553087715825 
512 486 379 1553087715842 
512 485 378 1553087715858 
512 484 378 1553087715875 
512 484 377 1553087715894 
512 484 376 1553087715928 
512 483 376 1553087715942 
512 483 375 1553087715958 
513 483 375 1553087715964 
514 483 375 1553087716109 
512 482 374 1553087716124 
512 481 374 1553087716174 
512 481 373 1553087716260 
512 480 373 1553087716276 
512 480 372 1553087716292 
512 480 371 1553087716325 
513 480 371 1553087716339 
512 479 371 1553087716441 
514 479 371 1553087716454 
512 479 371 1553087716457 
512 483 372 1553087716525 
512 491 379 1553087716543 
512 500 387 1553087716558 
512 514 397 1553087716577 
512 545 412 1553087716591 
512 580 427 1553087716608 
512 602 438 1553087716625 
512 620 448 1553087716642 
512 624 452 1553087716658 
512 629 453 1553087716675 
512 632 453 1553087716694 
512 637 448 1553087716708 
512 643 430 1553087716725 
512 657 391 1553087716742 
512 668 355 1553087716758 
512 677 326 1553087716775 
512 682 309 1553087716791 
512 683 299 1553087716809 
512 684 288 1553087716825 
512 685 278 1553087716841 
512 688 268 1553087716860 
512 692 260 1553087716876 
512 694 254 1553087716891 
512 694 247 1553087716908 
512 693 240 1553087716927 
512 692 230 1553087716941 
512 692 225 1553087716958 
512 692 220 1553087716975 
512 692 217 1553087716992 
512 693 215 1553087717008 
512 693 214 1553087717025 
512 693 213 1553087717124 
513 693 213 1553087717146 
512 694 213 1553087717208 
514 694 213 1553087717312 
512 694 214 1553087717326 
512 695 216 1553087717341 
512 697 223 1553087717359 
512 698 234 1553087717375 
512 700 244 1553087717392 
512 702 255 1553087717408 
512 707 272 1553087717424 
512 709 291 1553087717441 
512 711 314 1553087717459 
512 714 345 1553087717475 
512 729 402 1553087717491 
512 745 427 1553087717508 
512 765 440 1553087717526 
512 783 446 1553087717541 
512 799 446 1553087717560 
512 805 442 1553087717575 
512 810 435 1553087717591 
512 816 428 1553087717608 
512 823 423 1553087717627 
512 829 418 1553087717641 
512 839 411 1553087717658 
512 867 398 1553087717676 
512 887 390 1553087717691 
512 903 383 1553087717709 
512 909 380 1553087717725 
512 910 379 1553087717741 
512 909 378 1553087717758 
512 907 378 1553087717775 
512 906 378 1553087717792 
512 905 378 1553087717825 
512 911 378 1553087718009 
512 916 378 1553087718025 
512 919 378 1553087718042 
512 920 378 1553087718059 
512 921 378 1553087718194 
513 921 378 1553087718201 
512 922 378 1553087718209 
512 923 378 1553087718258 
514 923 378 1553087718338 
512 923 378 1553087718343 
512 921 380 1553087718409 
512 903 390 1553087718425 
512 891 397 1553087718441 
512 874 408 1553087718459 
512 852 428 1553087718476 
512 815 449 1553087718493 
512 773 471 1553087718509 
512 712 507 1553087718525 
512 683 522 1553087718541 
512 649 543 1553087718558 
512 609 565 1553087718574 
512 564 591 1553087718592 
512 546 608 1553087718608 
512 539 623 1553087718626 
512 538 628 1553087718641 
512 537 633 1553087718660 
512 533 643 1553087718675 
512 526 658 1553087718691 
512 514 674 1553087718709 
512 501 689 1553087718725 
512 492 698 1553087718741 
512 490 700 1553087718758 
512 490 701 1553087718777 
512 489 701 1553087718793 
512 496 697 1553087718841 
512 509 689 1553087718858 
512 521 681 1553087718874 
512 530 675 1553087718892 
512 532 674 1553087718909 
512 532 673 1553087718958 
512 534 671 1553087718974 
512 535 668 1553087718993 
512 537 667 1553087719008 
512 538 664 1553087719025 
512 540 660 1553087719042 
512 541 658 1553087719058 
512 543 656 1553087719074 
512 545 651 1553087719092 
512 547 648 1553087719108 
512 548 644 1553087719125 
512 552 642 1553087719142 
512 553 641 1553087719158 
512 553 640 1553087719177 
512 554 640 1553087719191 
512 554 639 1553087719208 
512 555 639 1553087719241 
513 555 639 1553087719267 
512 556 639 1553087719276 
512 557 639 1553087719293 
514 557 639 1553087719428 
512 557 639 1553087719441 
512 556 639 1553087719458 
512 555 639 1553087719491 
512 554 639 1553087719541 
512 554 638 1553087719560 
512 557 642 1553087719577 
512 562 650 1553087719591 
512 570 658 1553087719608 
512 576 667 1553087719626 
512 592 685 1553087719643 
512 615 704 1553087719658 
512 647 715 1553087719674 
512 661 713 1553087719693 
512 670 703 1553087719708 
512 686 688 1553087719725 
512 704 670 1553087719741 
512 727 645 1553087719760 
512 734 637 1553087719776 
512 737 632 1553087719793 
512 740 630 1553087719809 
512 745 628 1553087719824 
512 748 626 1553087719841 
512 749 626 1553087719860 
512 754 626 1553087719908 
512 765 628 1553087719925 
512 776 630 1553087719941 
512 791 635 1553087719958 
512 811 644 1553087719977 
512 820 648 1553087719991 
512 821 649 1553087720010 
512 823 649 1553087720192 
512 825 648 1553087720208 
512 829 646 1553087720226 
512 831 646 1553087720242 
512 833 645 1553087720258 
512 834 645 1553087720275 
512 835 645 1553087720327 
512 836 645 1553087720342 
512 837 645 1553087720409 
513 837 645 1553087720413 
512 838 645 1553087720442 
514 838 645 1553087720530 
512 838 645 1553087720543 
512 835 645 1553087720592 
512 821 645 1553087720608 
512 807 647 1553087720625 
512 801 647 1553087720642 
512 803 642 1553087720727 
512 816 616 1553087720743 
512 832 574 1553087720758 
512 857 515 1553087720775 
512 885 469 1553087720792 
512 921 421 1553087720809 
512 933 401 1553087720825 
512 942 385 1553087720841 
512 948 374 1553087720858 
512 952 366 1553087720875 
512 953 361 1553087720892 
512 953 360 1553087720908 
512 952 360 1553087721060 
512 951 360 1553087721077 
512 947 361 1553087721091 
512 944 362 1553087721109 
512 941 363 1553087721125 
512 938 365 1553087721143 
512 937 366 1553087721158 
512 937 368 1553087721175 
512 936 368 1553087721193 
512 935 369 1553087721209 
512 932 371 1553087721227 
512 930 372 1553087721242 
512 929 372 1553087721258 
512 928 372 1553087721375 
513 928 372 1553087721380 
512 927 372 1553087721508 
512 926 374 1553087721517 
514 926 374 1553087721517 
512 925 375 1553087721526 
512 923 378 1553087721542 
512 917 383 1553087721559 
512 910 389 1553087721576 
512 906 395 1553087721593 
512 901 401 1553087721608 
512 897 406 1553087721625 
512 892 418 1553087721641 
512 891 423 1553087721658 
512 887 429 1553087721674 
512 882 439 1553087721691 
512 875 449 1553087721708 
512 866 459 1553087721725 
512 835 475 1553087721742 
512 800 484 1553087721758 
512 762 488 1553087721774 
512 712 484 1553087721791 
512 651 474 1553087721808 
512 596 465 1553087721825 
512 535 452 1553087721842 
512 510 444 1553087721858 
512 497 440 1553087721874 
512 491 438 1553087721891 
512 488 436 1553087721908 
512 486 433 1553087721925 
512 485 431 1553087721941 
512 481 424 1553087721958 
512 477 419 1553087721975 
512 474 416 1553087721992 
512 473 415 1553087722008 
512 473 414 1553087722024 
512 473 412 1553087722043 
512 473 409 1553087722058 
512 473 405 1553087722075 
512 473 402 1553087722093 
512 473 399 1553087722108 
512 473 397 1553087722125 
512 473 396 1553087722141 
512 474 391 1553087722160 
512 474 387 1553087722174 
512 475 384 1553087722191 
512 475 381 1553087722208 
512 475 380 1553087722225 
512 475 379 1553087722242 
512 475 378 1553087722258 
512 475 377 1553087722275 
512 475 376 1553087722308 
513 475 376 1553087722322 
512 475 375 1553087722341 
512 475 376 1553087722467 
514 475 376 1553087722467 
512 476 376 1553087722476 
512 478 376 1553087722492 
512 483 376 1553087722507 
512 491 376 1553087722524 
512 506 374 1553087722541 
512 526 367 1553087722560 
512 540 365 1553087722576 
512 554 365 1553087722591 
512 569 365 1553087722609 
512 580 365 1553087722626 
512 589 366 1553087722643 
512 595 370 1553087722659 
512 601 375 1553087722675 
512 613 395 1553087722691 
512 620 413 1553087722709 
512 623 437 1553087722724 
512 623 460 1553087722741 
512 621 482 1553087722758 
512 615 508 1553087722775 
512 608 524 1553087722793 
512 606 536 1553087722808 
512 601 554 1553087722827 
512 594 571 1553087722843 
512 585 587 1553087722858 
512 578 597 1553087722876 
512 574 601 1553087722891 
512 570 606 1553087722910 
512 569 612 1553087722926 
512 569 617 1553087722941 
512 569 621 1553087722960 
512 569 622 1553087722991 
512 570 624 1553087723042 
512 571 626 1553087723059 
512 571 627 1553087723075 
512 571 628 1553087723109 
512 571 630 1553087723125 
512 570 634 1553087723142 
512 568 639 1553087723159 
512 566 643 1553087723175 
512 563 647 1553087723193 
512 561 650 1553087723209 
513 561 650 1553087723297 
514 561 650 1553087723494 
512 562 643 1553087723641 
512 568 633 1553087723660 
512 576 617 1553087723675 
512 591 594 1553087723692 
512 617 553 1553087723708 
512 665 439 1553087723725 
512 677 371 1553087723741 
512 681 333 1553087723758 
512 682 309 1553087723775 
512 681 286 1553087723791 
512 679 274 1553087723810 
512 678 272 1553087723825 
512 677 266 1553087723842 
512 677 262 1553087723858 
512 678 256 1553087723877 
512 679 249 1553087723892 
512 681 243 1553087723908 
512 683 233 1553087723925 
512 688 225 1553087723942 
512 693 218 1553087723958 
512 695 214 1553087723975 
512 696 212 1553087723991 
512 697 211 1553087724008 
513 697 211 1553087724166 
514 697 211 1553087724280 
