512 698 212 1552932729657 
512 698 213 1552932729664 
512 697 215 1552932729672 
512 696 218 1552932729680 
512 694 223 1552932729689 
512 693 227 1552932729697 
512 693 230 1552932729705 
512 692 236 1552932729711 
512 692 241 1552932729721 
512 692 248 1552932729727 
512 692 254 1552932729737 
512 694 261 1552932729743 
512 697 269 1552932729751 
512 700 276 1552932729758 
512 704 285 1552932729766 
512 711 293 1552932729774 
512 717 303 1552932729782 
512 728 315 1552932729790 
512 737 327 1552932729798 
512 746 337 1552932729806 
512 756 346 1552932729812 
512 766 352 1552932729823 
512 776 358 1552932729828 
512 786 363 1552932729841 
512 795 370 1552932729844 
512 802 376 1552932729853 
512 807 384 1552932729860 
512 815 392 1552932729866 
512 821 401 1552932729874 
512 828 411 1552932729882 
512 833 420 1552932729890 
512 839 428 1552932729898 
512 843 434 1552932729907 
512 847 443 1552932729914 
512 850 451 1552932729923 
512 852 461 1552932729928 
512 853 469 1552932729941 
512 854 478 1552932729943 
512 854 488 1552932729953 
512 853 497 1552932729960 
512 852 507 1552932729970 
512 851 517 1552932729976 
512 850 528 1552932729982 
512 849 538 1552932729990 
512 847 548 1552932729998 
512 846 558 1552932730007 
512 845 566 1552932730014 
512 844 574 1552932730024 
512 844 580 1552932730028 
512 843 583 1552932730041 
512 842 586 1552932730044 
512 842 588 1552932730053 
512 841 590 1552932730060 
512 840 592 1552932730068 
512 839 595 1552932730076 
512 839 597 1552932730082 
512 839 599 1552932730090 
512 839 601 1552932730098 
512 839 602 1552932730107 
512 840 604 1552932730114 
512 842 605 1552932730123 
512 843 605 1552932730130 
512 844 606 1552932730141 
512 844 607 1552932730153 
512 844 608 1552932730160 
512 844 610 1552932730170 
512 844 612 1552932730176 
512 844 615 1552932730184 
512 844 617 1552932730191 
512 844 619 1552932730198 
512 844 621 1552932730207 
512 845 624 1552932730214 
512 845 627 1552932730223 
512 845 629 1552932730230 
512 845 631 1552932730240 
512 845 634 1552932730244 
512 845 636 1552932730253 
512 845 637 1552932730260 
512 845 638 1552932730270 
512 845 640 1552932730277 
512 844 640 1552932730284 
512 844 642 1552932730292 
512 843 642 1552932730298 
512 843 643 1552932730307 
512 842 643 1552932730314 
512 841 644 1552932730323 
512 841 645 1552932730340 
512 840 646 1552932730352 
512 841 646 1552932730440 
513 841 646 1552932730442 
512 843 646 1552932730490 
514 843 646 1552932730570 
512 843 644 1552932730684 
512 844 641 1552932730692 
512 838 622 1552932730725 
512 834 616 1552932730729 
512 829 611 1552932730737 
512 825 607 1552932730745 
512 818 603 1552932730753 
512 813 600 1552932730761 
512 807 598 1552932730769 
512 800 595 1552932730776 
512 790 592 1552932730786 
512 776 587 1552932730791 
512 748 574 1552932730799 
512 714 558 1552932730806 
512 679 538 1552932730815 
512 646 514 1552932730824 
512 611 494 1552932730831 
512 582 479 1552932730839 
512 551 461 1552932730845 
512 529 449 1552932730856 
512 511 439 1552932730861 
512 500 432 1552932730873 
512 492 426 1552932730877 
512 487 420 1552932730891 
512 485 415 1552932730892 
512 482 409 1552932730899 
512 479 406 1552932730907 
512 478 403 1552932730915 
512 478 400 1552932730923 
512 477 397 1552932730931 
512 476 394 1552932730940 
512 475 392 1552932730946 
512 475 391 1552932730957 
512 475 389 1552932730962 
512 475 387 1552932730978 
512 474 386 1552932730991 
512 473 383 1552932730994 
512 472 381 1552932731000 
512 470 380 1552932731008 
512 470 378 1552932731016 
512 469 376 1552932731024 
512 468 375 1552932731031 
512 468 373 1552932731040 
512 467 370 1552932731048 
512 466 369 1552932731057 
512 466 368 1552932731062 
512 465 366 1552932731074 
512 465 365 1552932731091 
512 464 365 1552932731093 
512 464 364 1552932731103 
512 464 363 1552932731148 
513 464 363 1552932731211 
514 464 363 1552932731309 
512 464 364 1552932731322 
512 464 365 1552932731330 
512 465 367 1552932731338 
512 465 368 1552932731346 
512 466 370 1552932731357 
512 467 373 1552932731362 
512 467 376 1552932731370 
512 468 377 1552932731376 
512 469 378 1552932731386 
512 469 379 1552932731400 
512 470 379 1552932731408 
513 470 379 1552932731472 
512 471 379 1552932731532 
512 472 379 1552932731540 
514 472 379 1552932731625 
512 472 380 1552932731780 
512 472 382 1552932731789 
512 472 384 1552932731795 
512 494 413 1552932731838 
512 504 417 1552932731841 
512 516 418 1552932731849 
512 529 418 1552932731857 
512 541 414 1552932731863 
512 555 403 1552932731871 
512 570 387 1552932731879 
512 582 373 1552932731889 
512 590 363 1552932731895 
512 599 353 1552932731906 
512 609 339 1552932731911 
512 618 329 1552932731919 
512 624 317 1552932731925 
512 630 305 1552932731934 
512 633 296 1552932731941 
512 636 287 1552932731950 
512 637 283 1552932731958 
512 638 280 1552932731966 
512 640 277 1552932731973 
512 642 272 1552932731980 
512 644 269 1552932731990 
512 647 265 1552932731996 
512 649 263 1552932732007 
512 651 261 1552932732012 
512 654 260 1552932732023 
512 657 259 1552932732025 
512 660 258 1552932732034 
512 663 258 1552932732042 
512 666 258 1552932732050 
512 670 257 1552932732058 
512 673 257 1552932732065 
512 675 256 1552932732073 
512 677 255 1552932732079 
512 678 254 1552932732096 
512 679 253 1552932732127 
512 680 252 1552932732142 
512 680 251 1552932732143 
512 681 249 1552932732150 
512 681 248 1552932732158 
512 681 246 1552932732166 
512 681 244 1552932732174 
512 682 242 1552932732182 
512 683 242 1552932732190 
512 683 240 1552932732196 
512 683 239 1552932732212 
512 684 238 1552932732223 
512 685 236 1552932732228 
512 685 235 1552932732242 
512 686 232 1552932732243 
512 687 231 1552932732258 
512 687 230 1552932732274 
512 688 229 1552932732282 
512 688 228 1552932732296 
512 689 228 1552932732307 
512 690 227 1552932732312 
512 690 226 1552932732323 
512 690 225 1552932732328 
512 691 225 1552932732341 
512 691 224 1552932732344 
512 692 224 1552932732350 
512 692 223 1552932732358 
512 692 222 1552932732374 
512 692 221 1552932732382 
512 693 221 1552932732390 
512 693 220 1552932732398 
512 694 220 1552932732407 
512 694 219 1552932732412 
512 695 219 1552932732423 
512 696 218 1552932732428 
512 697 217 1552932732441 
512 698 216 1552932732459 
512 699 215 1552932732466 
512 700 214 1552932732482 
512 700 213 1552932732491 
512 701 212 1552932732507 
512 702 212 1552932732528 
513 702 212 1552932732567 
514 702 212 1552932732689 
512 701 212 1552932732696 
512 697 214 1552932732704 
512 695 217 1552932732712 
512 693 219 1552932732720 
512 691 221 1552932732727 
512 689 225 1552932732738 
512 687 227 1552932732743 
512 687 230 1552932732751 
512 686 233 1552932732759 
512 685 237 1552932732768 
512 685 242 1552932732775 
512 685 247 1552932732781 
512 685 253 1552932732789 
512 685 258 1552932732797 
512 686 266 1552932732805 
512 686 273 1552932732813 
512 686 280 1552932732822 
512 687 285 1552932732829 
512 688 288 1552932732838 
512 689 294 1552932732843 
512 689 297 1552932732853 
512 689 300 1552932732860 
512 689 303 1552932732870 
512 689 306 1552932732876 
512 689 310 1552932732884 
512 689 315 1552932732891 
512 692 321 1552932732898 
512 695 327 1552932732906 
512 700 332 1552932732914 
512 706 336 1552932732923 
512 712 339 1552932732930 
512 719 342 1552932732940 
512 726 343 1552932732944 
512 733 345 1552932732953 
512 741 347 1552932732960 
512 750 349 1552932732969 
512 758 350 1552932732976 
512 769 352 1552932732984 
512 781 354 1552932732992 
512 791 355 1552932732998 
512 803 355 1552932733007 
512 817 355 1552932733014 
512 831 355 1552932733023 
512 846 354 1552932733030 
512 858 353 1552932733040 
512 867 352 1552932733046 
512 877 351 1552932733052 
512 885 350 1552932733059 
512 890 350 1552932733067 
512 893 349 1552932733075 
512 896 349 1552932733084 
512 899 349 1552932733092 
512 900 349 1552932733106 
512 902 349 1552932733184 
512 905 349 1552932733192 
512 908 350 1552932733200 
512 911 351 1552932733208 
512 912 351 1552932733214 
512 912 352 1552932733223 
512 913 352 1552932733230 
512 913 353 1552932733240 
512 913 354 1552932733257 
512 913 355 1552932733270 
512 914 358 1552932733277 
512 914 360 1552932733284 
512 915 362 1552932733292 
512 915 364 1552932733300 
512 915 366 1552932733308 
512 916 368 1552932733316 
512 917 371 1552932733323 
512 918 373 1552932733330 
512 919 374 1552932733340 
512 920 376 1552932733346 
512 920 377 1552932733357 
512 921 378 1552932733361 
512 921 379 1552932733374 
512 922 379 1552932733376 
512 923 380 1552932733384 
512 923 381 1552932733392 
512 924 381 1552932733416 
512 925 381 1552932733507 
512 925 380 1552932733524 
512 926 380 1552932733530 
512 926 379 1552932733540 
512 926 378 1552932733562 
512 927 378 1552932733577 
513 927 378 1552932733647 
512 929 377 1552932733684 
514 929 377 1552932733777 
512 928 377 1552932733785 
512 927 378 1552932733792 
512 925 380 1552932733799 
512 922 380 1552932733806 
512 918 382 1552932733816 
512 914 383 1552932733822 
512 910 385 1552932733830 
512 904 386 1552932733838 
512 897 389 1552932733846 
512 887 392 1552932733854 
512 876 394 1552932733861 
512 868 397 1552932733872 
512 859 401 1552932733878 
512 851 405 1552932733889 
512 845 408 1552932733894 
512 840 410 1552932733907 
512 837 413 1552932733909 
512 835 415 1552932733915 
512 834 417 1552932733923 
512 833 420 1552932733931 
512 832 423 1552932733939 
512 832 426 1552932733947 
512 831 429 1552932733956 
512 830 433 1552932733961 
512 827 437 1552932733972 
512 825 440 1552932733977 
512 821 444 1552932733990 
512 818 446 1552932733993 
512 811 449 1552932734003 
512 802 453 1552932734009 
512 791 456 1552932734015 
512 782 459 1552932734023 
512 772 463 1552932734031 
512 762 468 1552932734039 
512 752 472 1552932734047 
512 744 478 1552932734055 
512 736 484 1552932734063 
512 729 493 1552932734072 
512 721 499 1552932734077 
512 712 508 1552932734090 
512 704 517 1552932734093 
512 693 526 1552932734103 
512 685 534 1552932734109 
512 678 543 1552932734119 
512 672 552 1552932734125 
512 667 558 1552932734131 
512 663 564 1552932734140 
512 660 570 1552932734148 
512 656 576 1552932734156 
512 653 582 1552932734164 
512 649 588 1552932734173 
512 645 594 1552932734180 
512 641 600 1552932734191 
512 636 605 1552932734193 
512 629 611 1552932734203 
512 623 615 1552932734210 
512 619 619 1552932734219 
512 615 622 1552932734226 
512 612 625 1552932734231 
512 609 628 1552932734240 
512 607 632 1552932734248 
512 607 634 1552932734256 
512 606 635 1552932734264 
512 604 638 1552932734276 
512 603 639 1552932734280 
512 601 640 1552932734290 
512 599 641 1552932734294 
512 597 642 1552932734303 
512 596 643 1552932734310 
512 594 643 1552932734319 
512 592 643 1552932734326 
512 589 643 1552932734334 
512 585 643 1552932734341 
512 582 644 1552932734348 
512 579 645 1552932734356 
512 576 645 1552932734364 
512 574 646 1552932734373 
512 573 646 1552932734380 
512 572 646 1552932734390 
512 571 646 1552932734425 
512 569 646 1552932734473 
512 566 646 1552932734480 
512 565 646 1552932734490 
512 565 645 1552932734510 
512 564 645 1552932734520 
512 563 644 1552932734534 
512 562 643 1552932734550 
512 561 643 1552932734558 
512 559 642 1552932734564 
512 557 641 1552932734573 
512 555 640 1552932734580 
512 553 640 1552932734590 
512 550 639 1552932734596 
512 550 638 1552932734607 
513 550 638 1552932734635 
512 550 637 1552932734685 
512 551 637 1552932734788 
514 551 637 1552932734788 
512 552 637 1552932734802 
512 553 637 1552932734879 
512 555 637 1552932734895 
512 562 630 1552932734946 
512 563 627 1552932734949 
512 564 623 1552932734957 
512 565 617 1552932734964 
512 566 609 1552932734973 
512 568 598 1552932734980 
512 568 587 1552932734987 
512 569 578 1552932734995 
512 569 567 1552932735004 
512 569 559 1552932735011 
512 567 553 1552932735023 
512 566 548 1552932735027 
512 565 545 1552932735041 
512 564 544 1552932735043 
512 564 543 1552932735050 
512 564 544 1552932735096 
512 564 547 1552932735107 
512 564 550 1552932735111 
512 564 553 1552932735123 
512 565 557 1552932735128 
512 565 561 1552932735141 
512 566 564 1552932735143 
512 566 566 1552932735153 
512 566 569 1552932735159 
512 566 572 1552932735165 
512 566 575 1552932735174 
512 566 578 1552932735182 
512 566 581 1552932735190 
512 566 584 1552932735197 
512 566 588 1552932735207 
512 566 591 1552932735211 
512 566 594 1552932735223 
512 566 596 1552932735228 
512 566 599 1552932735241 
512 566 601 1552932735243 
512 566 602 1552932735253 
512 565 604 1552932735260 
512 565 606 1552932735266 
512 563 609 1552932735274 
512 562 611 1552932735281 
512 561 613 1552932735290 
512 560 615 1552932735297 
512 559 618 1552932735307 
512 558 619 1552932735311 
512 557 620 1552932735323 
512 557 622 1552932735327 
512 556 623 1552932735343 
512 556 624 1552932735359 
512 556 625 1552932735366 
512 556 626 1552932735390 
512 556 628 1552932735398 
512 556 631 1552932735406 
512 556 633 1552932735413 
512 556 635 1552932735424 
512 556 636 1552932735428 
512 556 637 1552932735441 
512 556 638 1552932735444 
512 556 639 1552932735453 
512 555 641 1552932735460 
512 555 642 1552932735470 
512 554 643 1552932735476 
512 554 645 1552932735482 
513 554 645 1552932735484 
512 553 652 1552932735535 
512 553 653 1552932735545 
512 552 653 1552932735676 
514 552 653 1552932735695 
512 554 653 1552932735728 
512 555 653 1552932735743 
512 556 653 1552932735758 
512 557 653 1552932735814 
512 558 652 1552932735875 
512 558 651 1552932735899 
512 559 651 1552932735907 
512 559 650 1552932735924 
512 564 648 1552932735959 
512 575 647 1552932735970 
512 592 646 1552932735976 
512 619 645 1552932735984 
512 655 645 1552932735992 
512 695 645 1552932735999 
512 728 645 1552932736008 
512 759 647 1552932736013 
512 784 648 1552932736023 
512 799 648 1552932736030 
512 809 648 1552932736040 
512 819 647 1552932736045 
512 828 646 1552932736056 
512 835 645 1552932736061 
512 838 644 1552932736069 
512 839 644 1552932736076 
512 842 645 1552932736157 
512 847 649 1552932736162 
512 854 653 1552932736173 
512 865 657 1552932736175 
512 876 662 1552932736185 
512 888 664 1552932736192 
512 896 665 1552932736200 
512 902 665 1552932736208 
512 904 665 1552932736215 
512 902 663 1552932736245 
512 900 661 1552932736257 
512 898 659 1552932736261 
512 894 657 1552932736276 
512 888 654 1552932736277 
512 880 650 1552932736283 
512 870 649 1552932736291 
512 861 647 1552932736300 
512 851 646 1552932736308 
512 843 645 1552932736315 
512 838 644 1552932736323 
512 835 644 1552932736331 
512 834 643 1552932736341 
512 833 643 1552932736345 
512 833 642 1552932736399 
513 833 642 1552932736525 
512 834 642 1552932736568 
512 834 641 1552932736576 
512 835 641 1552932736585 
514 835 641 1552932736693 
512 831 640 1552932736894 
512 828 638 1552932736903 
512 819 623 1552932736936 
512 819 615 1552932736938 
512 819 605 1552932736946 
512 821 596 1552932736954 
512 825 584 1552932736962 
512 829 574 1552932736970 
512 834 564 1552932736978 
512 841 554 1552932736990 
512 849 543 1552932736993 
512 857 532 1552932737002 
512 863 522 1552932737009 
512 868 512 1552932737019 
512 873 503 1552932737026 
512 876 497 1552932737033 
512 879 492 1552932737040 
512 881 486 1552932737047 
512 882 480 1552932737056 
512 883 477 1552932737063 
512 883 474 1552932737072 
512 884 468 1552932737079 
512 886 456 1552932737093 
512 887 450 1552932737103 
512 888 443 1552932737109 
512 889 438 1552932737119 
512 889 434 1552932737125 
512 889 428 1552932737133 
512 890 423 1552932737141 
512 891 416 1552932737149 
512 891 410 1552932737156 
512 891 402 1552932737163 
512 891 397 1552932737172 
512 891 393 1552932737179 
512 892 390 1552932737189 
512 893 385 1552932737195 
512 893 382 1552932737202 
512 894 379 1552932737209 
512 895 376 1552932737219 
512 896 374 1552932737225 
512 898 372 1552932737234 
512 900 369 1552932737242 
512 902 367 1552932737250 
512 903 365 1552932737256 
512 905 363 1552932737263 
512 906 362 1552932737279 
512 907 361 1552932737295 
512 908 360 1552932737309 
512 909 359 1552932737319 
512 910 359 1552932737333 
512 911 359 1552932737357 
512 913 359 1552932737373 
512 914 360 1552932737379 
512 916 360 1552932737390 
512 918 361 1552932737395 
512 918 362 1552932737407 
512 919 362 1552932737411 
512 919 363 1552932737420 
512 920 363 1552932737426 
512 920 364 1552932737434 
512 921 365 1552932737442 
512 922 366 1552932737449 
512 923 367 1552932737465 
512 924 368 1552932737479 
512 924 369 1552932737490 
512 925 369 1552932737495 
512 925 370 1552932737523 
512 925 371 1552932737534 
512 926 371 1552932737542 
512 926 372 1552932737550 
512 926 373 1552932737557 
513 926 373 1552932737607 
512 927 373 1552932737654 
514 927 373 1552932737720 
512 927 374 1552932737811 
512 926 374 1552932737823 
512 925 374 1552932737827 
512 922 375 1552932737840 
512 919 375 1552932737843 
512 902 374 1552932737885 
512 899 374 1552932737889 
512 896 374 1552932737897 
512 894 374 1552932737903 
512 892 374 1552932737911 
512 889 373 1552932737920 
512 885 373 1552932737927 
512 880 373 1552932737937 
512 872 373 1552932737943 
512 862 372 1552932737953 
512 851 371 1552932737960 
512 839 370 1552932737966 
512 824 366 1552932737974 
512 800 362 1552932737981 
512 778 361 1552932737990 
512 753 359 1552932737997 
512 728 359 1552932738007 
512 703 359 1552932738011 
512 681 360 1552932738023 
512 664 360 1552932738028 
512 650 361 1552932738041 
512 638 364 1552932738043 
512 628 366 1552932738052 
512 621 368 1552932738059 
512 618 371 1552932738065 
512 615 371 1552932738073 
512 613 372 1552932738081 
512 611 373 1552932738089 
512 609 375 1552932738097 
512 605 377 1552932738105 
512 601 380 1552932738113 
512 597 381 1552932738123 
512 593 384 1552932738128 
512 588 386 1552932738140 
512 582 388 1552932738144 
512 577 390 1552932738153 
512 571 392 1552932738160 
512 567 393 1552932738169 
512 564 393 1552932738176 
512 560 393 1552932738259 
512 552 393 1552932738269 
512 544 393 1552932738276 
512 537 392 1552932738281 
512 531 390 1552932738290 
512 524 388 1552932738297 
512 520 387 1552932738306 
512 516 387 1552932738313 
512 513 386 1552932738323 
512 510 385 1552932738329 
512 510 384 1552932738343 
512 510 383 1552932738353 
512 509 383 1552932738359 
512 509 382 1552932738369 
512 508 382 1552932738376 
512 508 381 1552932738384 
512 507 381 1552932738391 
512 506 380 1552932738397 
512 504 379 1552932738406 
512 503 378 1552932738413 
512 502 377 1552932738423 
512 501 377 1552932738429 
512 501 376 1552932738440 
512 500 375 1552932738443 
512 500 374 1552932738469 
512 499 374 1552932738476 
512 498 374 1552932738491 
512 497 374 1552932738498 
512 495 374 1552932738506 
512 492 374 1552932738513 
512 489 374 1552932738523 
512 486 374 1552932738530 
512 484 374 1552932738540 
512 482 375 1552932738545 
512 481 375 1552932738606 
512 480 376 1552932738639 
512 478 377 1552932738645 
512 477 377 1552932738656 
512 476 378 1552932738659 
513 476 378 1552932738724 
514 476 378 1552932738845 
512 476 379 1552932738890 
512 475 379 1552932738907 
512 475 380 1552932738915 
512 474 380 1552932738923 
512 473 381 1552932738938 
512 472 382 1552932738991 
512 470 383 1552932738999 
512 468 385 1552932739024 
512 467 386 1552932739030 
512 467 387 1552932739037 
512 466 389 1552932739044 
512 465 395 1552932739052 
512 465 405 1552932739060 
512 467 418 1552932739069 
512 471 432 1552932739076 
512 477 446 1552932739087 
512 484 461 1552932739091 
512 491 472 1552932739099 
512 498 484 1552932739106 
512 502 496 1552932739115 
512 507 506 1552932739122 
512 511 515 1552932739130 
512 514 521 1552932739140 
512 515 527 1552932739146 
512 517 533 1552932739157 
512 518 538 1552932739161 
512 519 544 1552932739173 
512 519 548 1552932739177 
512 520 551 1552932739191 
512 522 556 1552932739193 
512 525 560 1552932739200 
512 528 564 1552932739207 
512 532 568 1552932739216 
512 536 571 1552932739224 
512 539 575 1552932739231 
512 543 579 1552932739240 
512 545 581 1552932739247 
512 546 583 1552932739257 
512 547 585 1552932739262 
512 548 588 1552932739273 
512 548 591 1552932739277 
512 548 593 1552932739291 
512 548 597 1552932739293 
512 548 600 1552932739303 
512 548 604 1552932739309 
512 548 607 1552932739315 
512 548 610 1552932739323 
512 548 613 1552932739331 
512 547 614 1552932739340 
512 547 615 1552932739347 
512 547 616 1552932739403 
512 548 617 1552932739415 
512 548 618 1552932739423 
512 549 619 1552932739431 
512 550 620 1552932739440 
512 552 622 1552932739447 
512 552 624 1552932739456 
512 553 624 1552932739463 
512 554 626 1552932739473 
512 554 627 1552932739477 
512 555 628 1552932739491 
512 556 628 1552932739493 
512 556 629 1552932739503 
512 557 629 1552932739509 
512 557 630 1552932739519 
512 558 630 1552932739525 
512 558 631 1552932739531 
512 559 632 1552932739539 
512 560 633 1552932739556 
512 561 633 1552932739563 
512 561 634 1552932739573 
512 561 635 1552932739590 
512 562 636 1552932739593 
512 562 637 1552932739617 
512 562 638 1552932739647 
513 562 638 1552932739695 
512 565 638 1552932739746 
512 565 639 1552932739847 
514 565 639 1552932739854 
512 566 639 1552932739908 
512 568 633 1552932739918 
512 582 608 1552932739945 
512 588 595 1552932739948 
512 594 583 1552932739954 
512 600 572 1552932739962 
512 605 563 1552932739970 
512 610 555 1552932739978 
512 613 550 1552932739986 
512 613 547 1552932739994 
512 616 542 1552932740002 
512 618 539 1552932740008 
512 621 536 1552932740018 
512 623 533 1552932740024 
512 626 530 1552932740032 
512 630 527 1552932740041 
512 633 524 1552932740049 
512 638 522 1552932740057 
512 644 519 1552932740062 
512 650 516 1552932740071 
512 655 512 1552932740078 
512 658 508 1552932740086 
512 662 505 1552932740094 
512 665 500 1552932740103 
512 668 494 1552932740110 
512 669 487 1552932740116 
512 670 479 1552932740124 
512 670 468 1552932740132 
512 671 456 1552932740140 
512 671 440 1552932740148 
512 671 424 1552932740156 
512 670 396 1552932740164 
512 669 363 1552932740170 
512 669 335 1552932740178 
512 671 307 1552932740188 
512 675 281 1552932740195 
512 681 259 1552932740205 
512 684 246 1552932740211 
512 689 235 1552932740221 
512 693 225 1552932740225 
512 696 214 1552932740233 
512 700 206 1552932740241 
512 703 198 1552932740249 
512 705 193 1552932740257 
512 707 187 1552932740265 
512 707 181 1552932740273 
512 708 176 1552932740279 
512 709 173 1552932740290 
512 709 170 1552932740295 
512 709 167 1552932740305 
512 709 166 1552932740322 
512 708 166 1552932740327 
512 708 165 1552932740333 
512 707 165 1552932740395 
512 705 165 1552932740407 
512 702 165 1552932740411 
512 700 165 1552932740423 
512 698 166 1552932740427 
512 696 167 1552932740442 
512 694 168 1552932740443 
512 693 169 1552932740449 
512 691 172 1552932740458 
512 690 174 1552932740465 
512 688 175 1552932740474 
512 688 177 1552932740481 
512 687 180 1552932740490 
512 686 182 1552932740496 
512 686 184 1552932740506 
512 686 185 1552932740512 
512 686 187 1552932740523 
512 686 189 1552932740528 
512 686 190 1552932740541 
512 686 192 1552932740544 
512 687 194 1552932740549 
512 687 195 1552932740558 
512 687 197 1552932740565 
512 688 198 1552932740574 
512 688 199 1552932740581 
512 689 200 1552932740590 
512 689 202 1552932740597 
512 690 203 1552932740607 
512 691 204 1552932740611 
512 691 205 1552932740627 
512 692 205 1552932740641 
512 692 206 1552932740643 
512 692 207 1552932740658 
512 692 208 1552932740665 
512 693 208 1552932740673 
512 693 209 1552932740681 
512 693 210 1552932740697 
512 694 210 1552932740707 
512 695 211 1552932740711 
513 695 211 1552932740816 
512 696 211 1552932740843 
514 696 211 1552932740952 
