512 701 211 1553087748008 
512 699 219 1553087748042 
512 693 236 1553087748058 
512 688 253 1553087748075 
512 686 264 1553087748094 
512 685 273 1553087748108 
512 685 278 1553087748125 
512 686 287 1553087748142 
512 688 300 1553087748160 
512 689 317 1553087748175 
512 694 336 1553087748192 
512 703 364 1553087748208 
512 721 407 1553087748227 
512 753 484 1553087748242 
512 764 520 1553087748260 
512 774 540 1553087748275 
512 781 554 1553087748291 
512 787 565 1553087748310 
512 792 576 1553087748325 
512 799 587 1553087748341 
512 806 596 1553087748358 
512 807 598 1553087748375 
512 809 601 1553087748391 
512 812 608 1553087748408 
512 814 613 1553087748425 
512 815 615 1553087748441 
512 816 617 1553087748458 
512 817 618 1553087748475 
512 820 620 1553087748491 
512 824 624 1553087748509 
512 829 628 1553087748525 
512 834 635 1553087748541 
512 835 640 1553087748559 
512 837 645 1553087748577 
512 837 650 1553087748594 
512 837 654 1553087748608 
512 837 657 1553087748628 
512 837 658 1553087748641 
512 837 659 1553087748659 
512 837 660 1553087748727 
513 837 660 1553087748761 
512 836 656 1553087748842 
512 836 653 1553087748858 
512 836 652 1553087748866 
514 836 652 1553087748867 
512 836 652 1553087748874 
512 836 650 1553087748892 
512 836 649 1553087748908 
512 836 648 1553087748924 
512 836 647 1553087748943 
513 836 647 1553087748977 
512 837 647 1553087749041 
514 837 647 1553087749121 
512 837 647 1553087749126 
512 837 646 1553087749158 
512 836 645 1553087749175 
512 825 634 1553087749191 
512 814 628 1553087749209 
512 801 621 1553087749225 
512 782 613 1553087749242 
512 762 600 1553087749258 
512 740 583 1553087749277 
512 736 578 1553087749291 
512 733 575 1553087749310 
512 726 567 1553087749324 
512 701 554 1553087749341 
512 648 533 1553087749358 
512 549 502 1553087749376 
512 495 486 1553087749393 
512 463 475 1553087749408 
512 453 469 1553087749425 
512 452 468 1553087749441 
512 451 464 1553087749460 
512 451 458 1553087749475 
512 449 445 1553087749492 
512 449 438 1553087749508 
512 450 433 1553087749524 
512 452 429 1553087749542 
512 453 425 1553087749558 
512 455 421 1553087749575 
512 458 416 1553087749591 
512 465 409 1553087749608 
512 470 405 1553087749627 
512 473 403 1553087749642 
512 474 401 1553087749658 
512 474 400 1553087749675 
512 475 400 1553087749694 
512 476 398 1553087749709 
512 476 397 1553087749724 
512 477 393 1553087749742 
512 477 390 1553087749759 
512 478 387 1553087749776 
512 478 386 1553087749792 
512 478 385 1553087749826 
512 478 384 1553087749859 
512 477 383 1553087749892 
512 476 381 1553087749909 
512 475 379 1553087749925 
512 475 378 1553087749943 
512 474 377 1553087749959 
513 474 377 1553087750034 
512 474 376 1553087750058 
514 474 376 1553087750138 
512 474 376 1553087750141 
512 475 377 1553087750227 
512 476 378 1553087750242 
512 480 383 1553087750259 
512 488 393 1553087750275 
512 500 403 1553087750292 
512 532 415 1553087750310 
512 548 416 1553087750325 
512 602 414 1553087750342 
512 624 410 1553087750359 
512 637 402 1553087750376 
512 645 391 1553087750392 
512 649 379 1553087750409 
512 653 356 1553087750428 
512 655 344 1553087750442 
512 657 332 1553087750459 
512 659 321 1553087750475 
512 664 309 1553087750494 
512 666 298 1553087750509 
512 669 283 1553087750527 
512 670 278 1553087750542 
512 675 261 1553087750559 
512 680 249 1553087750575 
512 686 238 1553087750593 
512 692 228 1553087750609 
512 697 221 1553087750625 
512 701 215 1553087750642 
512 701 214 1553087750658 
512 701 213 1553087750775 
513 701 213 1553087750878 
514 701 213 1553087750989 
512 695 229 1553087751058 
512 684 258 1553087751074 
512 679 276 1553087751091 
512 673 295 1553087751108 
512 665 316 1553087751124 
512 658 332 1553087751143 
512 654 338 1553087751158 
512 653 343 1553087751177 
512 653 344 1553087751192 
512 659 346 1553087751208 
512 674 352 1553087751225 
512 694 353 1553087751244 
512 717 354 1553087751259 
512 741 354 1553087751275 
512 784 351 1553087751291 
512 811 350 1553087751310 
512 825 349 1553087751324 
512 834 350 1553087751343 
512 841 353 1553087751358 
512 847 355 1553087751377 
512 848 356 1553087751391 
512 850 357 1553087751410 
512 851 358 1553087751425 
512 854 359 1553087751442 
512 858 360 1553087751458 
512 862 362 1553087751476 
512 864 363 1553087751493 
512 868 367 1553087751510 
512 874 373 1553087751526 
512 885 379 1553087751541 
512 899 384 1553087751558 
512 909 386 1553087751575 
512 917 387 1553087751592 
512 918 387 1553087751609 
512 921 387 1553087751625 
512 923 386 1553087751643 
512 924 385 1553087751658 
512 924 384 1553087751675 
512 925 384 1553087751692 
512 927 384 1553087751708 
512 928 384 1553087751727 
512 928 383 1553087751776 
512 928 379 1553087751791 
512 928 378 1553087751809 
512 928 377 1553087751826 
513 928 377 1553087751892 
514 928 377 1553087752023 
512 927 378 1553087752041 
512 920 383 1553087752060 
512 909 391 1553087752074 
512 891 401 1553087752093 
512 876 407 1553087752108 
512 856 415 1553087752127 
512 830 425 1553087752143 
512 786 447 1553087752158 
512 731 473 1553087752174 
512 661 506 1553087752191 
512 601 531 1553087752209 
512 538 557 1553087752225 
512 498 575 1553087752241 
512 462 593 1553087752258 
512 438 608 1553087752276 
512 426 618 1553087752291 
512 419 630 1553087752309 
512 418 632 1553087752325 
512 416 641 1553087752341 
512 416 645 1553087752358 
512 417 650 1553087752374 
512 418 655 1553087752393 
512 422 660 1553087752408 
512 440 680 1553087752425 
512 457 692 1553087752442 
512 474 697 1553087752458 
512 488 698 1553087752476 
512 502 696 1553087752493 
512 505 694 1553087752509 
512 510 689 1553087752525 
512 515 684 1553087752541 
512 516 682 1553087752559 
512 517 679 1553087752575 
512 518 677 1553087752591 
512 521 673 1553087752608 
512 523 668 1553087752626 
512 523 667 1553087752641 
512 524 665 1553087752659 
512 525 663 1553087752675 
512 526 662 1553087752691 
512 527 660 1553087752708 
512 530 657 1553087752724 
512 539 655 1553087752741 
512 545 653 1553087752759 
512 549 653 1553087752775 
512 552 652 1553087752792 
512 552 651 1553087752825 
512 553 651 1553087752841 
512 553 649 1553087752876 
512 555 648 1553087752891 
512 555 647 1553087752908 
512 556 644 1553087752925 
513 556 644 1553087752974 
514 556 644 1553087753135 
512 570 633 1553087753291 
512 590 621 1553087753308 
512 604 614 1553087753326 
512 613 609 1553087753342 
512 626 599 1553087753359 
512 633 596 1553087753375 
512 639 595 1553087753392 
512 644 598 1553087753409 
512 663 618 1553087753426 
512 693 645 1553087753441 
512 729 671 1553087753459 
512 765 694 1553087753477 
512 779 698 1553087753492 
512 784 699 1553087753509 
512 785 699 1553087753525 
512 788 694 1553087753627 
512 795 685 1553087753642 
512 803 678 1553087753661 
512 803 676 1553087753676 
512 805 674 1553087753693 
512 806 673 1553087753708 
512 809 672 1553087753727 
512 812 668 1553087753743 
512 814 663 1553087753760 
512 816 662 1553087753775 
512 818 659 1553087753792 
512 818 658 1553087753809 
512 819 657 1553087753826 
512 821 654 1553087753841 
512 823 652 1553087753859 
512 825 648 1553087753877 
512 827 647 1553087753891 
512 828 645 1553087753908 
512 829 644 1553087753927 
512 829 643 1553087754008 
513 829 643 1553087754038 
512 830 643 1553087754075 
514 830 643 1553087754199 
512 830 643 1553087754207 
512 834 642 1553087754292 
512 835 642 1553087754311 
512 836 642 1553087754325 
512 837 642 1553087754342 
512 838 642 1553087754359 
512 839 642 1553087754392 
512 840 642 1553087754401 
513 840 642 1553087754402 
514 840 642 1553087754531 
512 836 642 1553087754560 
512 834 644 1553087754574 
512 831 645 1553087754591 
512 825 648 1553087754607 
512 819 650 1553087754624 
512 813 653 1553087754641 
512 804 654 1553087754658 
512 785 648 1553087754674 
512 772 646 1553087754691 
512 767 644 1553087754708 
512 760 635 1553087754725 
512 759 616 1553087754741 
512 768 592 1553087754760 
512 792 554 1553087754775 
512 831 514 1553087754792 
512 896 472 1553087754810 
512 929 451 1553087754825 
512 948 433 1553087754841 
512 958 421 1553087754858 
512 962 414 1553087754875 
512 964 409 1553087754891 
512 965 405 1553087754908 
512 965 403 1553087754926 
512 965 402 1553087754993 
512 963 400 1553087755025 
512 958 398 1553087755041 
512 954 395 1553087755058 
512 950 392 1553087755075 
512 945 389 1553087755093 
512 941 386 1553087755108 
512 938 385 1553087755127 
512 937 383 1553087755142 
512 936 382 1553087755158 
512 935 378 1553087755174 
512 933 375 1553087755192 
512 929 372 1553087755208 
512 927 371 1553087755225 
512 926 370 1553087755241 
512 925 370 1553087755260 
512 924 369 1553087755325 
513 924 369 1553087755380 
514 924 369 1553087755512 
512 919 373 1553087755708 
512 912 384 1553087755725 
512 903 396 1553087755744 
512 886 407 1553087755759 
512 826 427 1553087755775 
512 745 447 1553087755791 
512 648 457 1553087755808 
512 553 461 1553087755825 
512 474 462 1553087755842 
512 394 471 1553087755858 
512 379 472 1553087755875 
512 378 472 1553087755892 
512 377 470 1553087755977 
512 377 464 1553087755993 
512 378 458 1553087756009 
512 381 450 1553087756025 
512 387 441 1553087756041 
512 396 429 1553087756060 
512 402 422 1553087756075 
512 407 417 1553087756091 
512 408 414 1553087756108 
512 409 412 1553087756127 
512 410 410 1553087756143 
512 413 405 1553087756158 
512 418 402 1553087756175 
512 420 400 1553087756192 
512 425 397 1553087756208 
512 428 395 1553087756225 
512 430 394 1553087756242 
512 433 392 1553087756260 
512 438 389 1553087756275 
512 442 387 1553087756291 
512 446 385 1553087756308 
512 449 384 1553087756326 
512 450 383 1553087756342 
512 451 382 1553087756360 
512 452 382 1553087756392 
512 453 381 1553087756442 
512 458 380 1553087756459 
512 462 378 1553087756475 
512 465 377 1553087756491 
512 466 377 1553087756509 
512 467 377 1553087756542 
512 469 377 1553087756558 
512 470 377 1553087756575 
512 471 377 1553087756594 
512 472 377 1553087756608 
513 472 377 1553087756654 
512 473 377 1553087756692 
514 473 377 1553087756783 
512 473 377 1553087756791 
512 474 379 1553087756893 
512 478 384 1553087756910 
512 488 394 1553087756926 
512 510 409 1553087756941 
512 539 425 1553087756959 
512 565 441 1553087756975 
512 579 456 1553087756992 
512 586 486 1553087757008 
512 594 522 1553087757025 
512 597 549 1553087757044 
512 596 571 1553087757058 
512 594 588 1553087757075 
512 592 600 1553087757091 
512 588 617 1553087757108 
512 585 628 1553087757125 
512 582 636 1553087757142 
512 579 642 1553087757158 
512 577 647 1553087757175 
512 575 650 1553087757192 
512 573 651 1553087757208 
512 572 652 1553087757225 
512 570 656 1553087757241 
512 569 659 1553087757259 
512 568 660 1553087757276 
512 565 657 1553087757342 
512 561 654 1553087757358 
512 556 650 1553087757374 
512 551 643 1553087757393 
512 548 641 1553087757409 
512 546 637 1553087757425 
512 546 636 1553087757441 
512 546 635 1553087757458 
512 545 634 1553087757477 
512 545 633 1553087757491 
512 547 634 1553087757626 
512 549 635 1553087757642 
512 550 636 1553087757659 
512 551 637 1553087757675 
512 552 637 1553087757694 
512 554 638 1553087757708 
512 555 639 1553087757742 
512 555 640 1553087757759 
512 556 640 1553087757775 
512 557 641 1553087757791 
512 558 642 1553087757804 
513 558 642 1553087757805 
512 560 644 1553087757826 
512 560 645 1553087757842 
514 560 645 1553087758095 
512 560 645 1553087758108 
512 559 645 1553087758175 
512 559 644 1553087758325 
512 565 628 1553087758342 
512 587 576 1553087758359 
512 606 531 1553087758375 
512 625 473 1553087758392 
512 641 421 1553087758409 
512 648 384 1553087758425 
512 649 360 1553087758441 
512 651 341 1553087758458 
512 653 313 1553087758475 
512 656 296 1553087758494 
512 659 286 1553087758508 
512 662 279 1553087758525 
512 665 271 1553087758543 
512 671 261 1553087758558 
512 679 246 1553087758575 
512 683 240 1553087758591 
512 685 234 1553087758608 
512 686 229 1553087758627 
512 688 226 1553087758642 
512 689 224 1553087758660 
512 691 222 1553087758675 
512 693 218 1553087758692 
512 695 215 1553087758708 
512 696 215 1553087758727 
512 696 214 1553087758741 
512 697 214 1553087758758 
513 697 214 1553087758900 
514 697 214 1553087759083 
