512 698 220 1553087759244 
512 699 223 1553087759258 
512 701 224 1553087759277 
512 702 224 1553087759291 
512 703 227 1553087759310 
512 706 239 1553087759325 
512 711 261 1553087759342 
512 723 288 1553087759360 
512 743 336 1553087759374 
512 776 455 1553087759392 
512 789 535 1553087759409 
512 798 595 1553087759425 
512 804 627 1553087759442 
512 810 647 1553087759458 
512 816 659 1553087759475 
512 820 666 1553087759491 
512 821 674 1553087759509 
512 821 679 1553087759525 
512 822 681 1553087759542 
512 823 681 1553087759577 
512 825 689 1553087759609 
512 829 697 1553087759625 
512 831 699 1553087759641 
512 833 685 1553087759708 
512 835 665 1553087759726 
512 836 656 1553087759741 
512 836 650 1553087759758 
512 836 646 1553087759775 
512 836 645 1553087759792 
512 835 644 1553087759808 
512 834 642 1553087759827 
512 834 640 1553087759858 
512 834 637 1553087759875 
512 834 635 1553087759892 
512 835 633 1553087759908 
512 836 633 1553087759992 
512 837 635 1553087760008 
512 837 636 1553087760025 
512 838 637 1553087760043 
512 838 638 1553087760060 
512 839 640 1553087760074 
512 839 642 1553087760091 
512 840 645 1553087760108 
512 840 651 1553087760127 
512 840 652 1553087760142 
512 841 652 1553087760150 
513 841 652 1553087760151 
512 841 653 1553087760158 
514 841 653 1553087760317 
512 841 653 1553087760325 
512 841 642 1553087760491 
512 844 624 1553087760508 
512 849 610 1553087760524 
512 854 601 1553087760541 
512 855 596 1553087760560 
512 852 586 1553087760577 
512 826 566 1553087760593 
512 750 533 1553087760608 
512 644 499 1553087760624 
512 500 451 1553087760641 
512 470 440 1553087760658 
512 467 438 1553087760676 
512 467 434 1553087760691 
512 467 432 1553087760710 
512 467 428 1553087760724 
512 467 424 1553087760743 
512 464 417 1553087760758 
512 463 412 1553087760777 
512 461 408 1553087760793 
512 461 403 1553087760808 
512 461 399 1553087760824 
512 461 394 1553087760842 
512 462 386 1553087760858 
512 464 380 1553087760876 
512 466 376 1553087760891 
512 466 375 1553087760908 
512 466 374 1553087760925 
512 466 373 1553087760991 
513 466 373 1553087761048 
514 466 373 1553087761197 
512 471 373 1553087761308 
512 483 380 1553087761325 
512 489 384 1553087761341 
512 491 386 1553087761358 
512 492 388 1553087761376 
512 500 392 1553087761391 
512 511 400 1553087761408 
512 522 403 1553087761427 
512 532 404 1553087761441 
512 542 404 1553087761458 
512 566 390 1553087761476 
512 579 375 1553087761491 
512 591 359 1553087761508 
512 602 343 1553087761525 
512 612 325 1553087761543 
512 620 305 1553087761558 
512 633 280 1553087761577 
512 639 270 1553087761591 
512 644 260 1553087761610 
512 649 247 1553087761625 
512 650 238 1553087761643 
512 653 233 1553087761658 
512 657 225 1553087761675 
512 659 222 1553087761692 
512 660 220 1553087761708 
512 660 221 1553087761759 
512 661 222 1553087761859 
512 671 220 1553087761892 
512 675 220 1553087761908 
512 676 219 1553087761925 
512 677 219 1553087761942 
512 679 219 1553087761960 
512 683 219 1553087761976 
512 686 218 1553087761993 
512 689 216 1553087762009 
512 692 215 1553087762025 
512 694 213 1553087762042 
512 695 213 1553087762058 
512 695 212 1553087762075 
512 695 211 1553087762125 
512 696 211 1553087762233 
513 696 211 1553087762235 
512 697 211 1553087762342 
514 697 211 1553087762362 
512 697 211 1553087762374 
512 697 212 1553087762458 
512 697 217 1553087762474 
512 697 227 1553087762491 
512 697 235 1553087762509 
512 698 240 1553087762524 
512 703 246 1553087762541 
512 711 259 1553087762560 
512 723 279 1553087762576 
512 736 298 1553087762591 
512 749 324 1553087762610 
512 755 344 1553087762625 
512 762 362 1553087762641 
512 774 372 1553087762658 
512 781 377 1553087762674 
512 785 380 1553087762691 
512 790 382 1553087762710 
512 798 383 1553087762725 
512 816 382 1553087762741 
512 820 382 1553087762758 
512 822 382 1553087762791 
512 829 382 1553087762808 
512 835 382 1553087762827 
512 836 382 1553087762841 
512 839 382 1553087762875 
512 842 382 1553087762894 
512 846 381 1553087762908 
512 850 380 1553087762927 
512 853 380 1553087762942 
512 879 381 1553087762958 
512 904 382 1553087762977 
512 925 385 1553087762992 
512 942 388 1553087763009 
512 946 389 1553087763026 
512 948 391 1553087763042 
512 949 391 1553087763059 
512 948 391 1553087763109 
512 939 390 1553087763192 
512 935 389 1553087763209 
512 934 388 1553087763225 
512 933 387 1553087763244 
512 932 385 1553087763258 
512 931 384 1553087763275 
512 931 382 1553087763292 
512 931 381 1553087763308 
512 931 380 1553087763325 
512 931 379 1553087763342 
512 930 378 1553087763359 
512 930 376 1553087763376 
512 930 375 1553087763392 
513 930 375 1553087763438 
512 930 374 1553087763542 
514 930 374 1553087763560 
512 930 374 1553087763577 
512 927 377 1553087763625 
512 922 381 1553087763643 
512 917 386 1553087763658 
512 913 391 1553087763674 
512 911 393 1553087763693 
512 907 395 1553087763760 
512 903 396 1553087763775 
512 894 400 1553087763792 
512 879 407 1553087763809 
512 850 424 1553087763825 
512 813 445 1553087763842 
512 764 480 1553087763858 
512 710 513 1553087763875 
512 656 547 1553087763892 
512 612 586 1553087763908 
512 602 605 1553087763925 
512 595 629 1553087763942 
512 584 652 1553087763960 
512 564 683 1553087763976 
512 548 694 1553087763992 
512 528 703 1553087764008 
512 504 708 1553087764025 
512 484 710 1553087764042 
512 475 710 1553087764061 
512 474 710 1553087764075 
512 474 707 1553087764109 
512 478 694 1553087764125 
512 482 682 1553087764142 
512 483 675 1553087764158 
512 490 663 1553087764177 
512 493 660 1553087764192 
512 503 650 1553087764209 
512 510 646 1553087764226 
512 515 641 1553087764241 
512 519 639 1553087764261 
512 522 637 1553087764275 
512 523 636 1553087764292 
512 524 635 1553087764308 
512 525 635 1553087764360 
512 529 637 1553087764378 
512 532 639 1553087764392 
512 539 641 1553087764409 
512 542 641 1553087764426 
512 545 641 1553087764442 
512 547 641 1553087764458 
512 548 640 1553087764475 
512 549 640 1553087764492 
512 551 639 1553087764508 
512 552 639 1553087764527 
512 554 639 1553087764608 
512 555 640 1553087764625 
512 556 641 1553087764633 
513 556 641 1553087764634 
512 556 642 1553087764678 
514 556 642 1553087764762 
512 556 642 1553087764776 
512 556 640 1553087764958 
512 556 639 1553087764975 
512 561 636 1553087764992 
512 594 633 1553087765008 
512 660 625 1553087765026 
512 702 623 1553087765041 
512 727 622 1553087765060 
512 740 622 1553087765076 
512 743 624 1553087765092 
512 744 625 1553087765109 
512 745 626 1553087765125 
512 747 632 1553087765142 
512 749 634 1553087765158 
512 752 636 1553087765175 
512 756 638 1553087765192 
512 762 638 1553087765209 
512 765 638 1553087765242 
512 769 638 1553087765258 
512 775 636 1553087765277 
512 780 635 1553087765294 
512 789 634 1553087765308 
512 811 634 1553087765326 
512 825 636 1553087765341 
512 830 637 1553087765360 
512 831 637 1553087765375 
512 832 637 1553087765426 
512 833 638 1553087765475 
512 834 638 1553087765494 
512 835 639 1553087765508 
512 836 641 1553087765525 
512 837 642 1553087765542 
512 837 643 1553087765560 
512 838 643 1553087765576 
512 839 643 1553087765594 
512 839 644 1553087765608 
512 839 645 1553087765627 
513 839 645 1553087765642 
512 840 645 1553087765658 
512 840 646 1553087765675 
512 838 644 1553087765758 
512 837 643 1553087765775 
512 835 642 1553087765788 
514 835 642 1553087765788 
512 835 642 1553087765791 
512 834 640 1553087765808 
512 833 639 1553087765826 
512 831 635 1553087765841 
512 830 634 1553087765860 
512 830 632 1553087765874 
512 828 631 1553087765891 
512 825 626 1553087765960 
512 821 620 1553087765977 
512 817 616 1553087765992 
512 815 612 1553087766009 
512 815 604 1553087766025 
512 817 589 1553087766042 
512 828 559 1553087766061 
512 850 520 1553087766076 
512 878 472 1553087766093 
512 916 425 1553087766109 
512 943 390 1553087766128 
512 959 372 1553087766142 
512 963 362 1553087766159 
512 964 358 1553087766175 
512 964 357 1553087766194 
512 964 356 1553087766208 
512 963 356 1553087766408 
512 962 356 1553087766427 
512 961 356 1553087766441 
512 956 356 1553087766458 
512 948 359 1553087766475 
512 938 360 1553087766492 
512 927 363 1553087766508 
512 919 367 1553087766527 
512 914 369 1553087766542 
512 912 370 1553087766558 
512 911 370 1553087766575 
512 911 371 1553087766592 
512 911 372 1553087766725 
512 911 373 1553087766742 
512 911 375 1553087766775 
512 913 377 1553087766792 
512 914 377 1553087766808 
512 915 378 1553087766825 
512 916 380 1553087766841 
512 917 380 1553087766858 
512 917 381 1553087766875 
512 918 381 1553087766909 
513 918 381 1553087767056 
512 918 382 1553087767075 
512 919 382 1553087767108 
514 919 382 1553087767178 
512 919 382 1553087767191 
512 921 382 1553087767276 
512 922 382 1553087767292 
512 923 382 1553087767361 
513 923 382 1553087767366 
512 924 382 1553087767377 
512 925 382 1553087767393 
512 925 381 1553087767475 
514 925 381 1553087767501 
512 925 381 1553087767507 
512 921 382 1553087767609 
512 907 388 1553087767625 
512 880 403 1553087767643 
512 858 414 1553087767658 
512 833 427 1553087767675 
512 788 450 1553087767692 
512 731 479 1553087767708 
512 673 512 1553087767725 
512 656 517 1553087767743 
512 633 521 1553087767758 
512 601 521 1553087767777 
512 571 517 1553087767791 
512 557 509 1553087767808 
512 548 500 1553087767825 
512 542 493 1553087767842 
512 537 487 1553087767858 
512 530 480 1553087767875 
512 524 473 1553087767892 
512 521 468 1553087767908 
512 519 461 1553087767925 
512 517 452 1553087767941 
512 512 443 1553087767960 
512 507 436 1553087767975 
512 502 430 1553087767992 
512 500 426 1553087768008 
512 498 423 1553087768025 
512 496 417 1553087768042 
512 495 414 1553087768058 
512 493 410 1553087768075 
512 492 407 1553087768091 
512 491 405 1553087768110 
512 490 403 1553087768125 
512 488 402 1553087768144 
512 487 398 1553087768158 
512 486 394 1553087768175 
512 484 392 1553087768194 
512 483 391 1553087768209 
512 481 390 1553087768225 
512 481 389 1553087768241 
512 480 388 1553087768258 
512 478 385 1553087768275 
512 477 383 1553087768291 
512 476 381 1553087768308 
512 475 380 1553087768325 
512 474 379 1553087768341 
512 473 378 1553087768358 
513 473 378 1553087768399 
514 473 378 1553087768520 
512 475 381 1553087768675 
512 485 402 1553087768693 
512 493 414 1553087768709 
512 500 422 1553087768725 
512 508 433 1553087768742 
512 519 449 1553087768760 
512 528 463 1553087768776 
512 534 488 1553087768792 
512 540 513 1553087768808 
512 547 542 1553087768827 
512 553 571 1553087768844 
512 557 594 1553087768859 
512 558 609 1553087768877 
512 558 613 1553087768893 
512 558 614 1553087768910 
512 558 615 1553087768959 
512 558 617 1553087768975 
512 558 618 1553087768992 
512 559 618 1553087769008 
512 559 619 1553087769091 
512 555 623 1553087769109 
512 551 628 1553087769125 
512 549 630 1553087769141 
512 548 631 1553087769159 
512 548 633 1553087769325 
512 550 637 1553087769359 
512 551 639 1553087769377 
512 552 641 1553087769394 
512 554 643 1553087769408 
512 555 644 1553087769427 
512 555 645 1553087769442 
512 556 645 1553087769508 
513 556 645 1553087769509 
512 556 646 1553087769542 
512 555 645 1553087769642 
512 553 643 1553087769654 
514 553 643 1553087769655 
512 553 643 1553087769658 
512 552 643 1553087769674 
512 551 643 1553087769693 
512 551 642 1553087769708 
512 550 642 1553087769742 
512 550 641 1553087769793 
512 554 624 1553087769809 
512 559 596 1553087769825 
512 559 580 1553087769841 
512 558 568 1553087769859 
512 556 553 1553087769875 
512 553 536 1553087769892 
512 553 517 1553087769909 
512 555 496 1553087769925 
512 567 459 1553087769943 
512 579 430 1553087769958 
512 594 401 1553087769975 
512 608 375 1553087769992 
512 620 352 1553087770008 
512 631 325 1553087770025 
512 634 316 1553087770041 
512 635 312 1553087770058 
512 636 309 1553087770077 
512 636 308 1553087770091 
512 636 307 1553087770109 
512 636 305 1553087770127 
512 637 303 1553087770141 
512 637 299 1553087770160 
512 638 295 1553087770175 
512 639 290 1553087770192 
512 642 282 1553087770208 
512 649 267 1553087770226 
512 653 259 1553087770241 
512 656 253 1553087770261 
512 661 245 1553087770275 
512 666 238 1553087770291 
512 670 233 1553087770310 
512 673 228 1553087770325 
512 673 227 1553087770341 
512 673 226 1553087770358 
512 674 226 1553087770376 
512 675 225 1553087770392 
512 675 224 1553087770425 
512 677 223 1553087770442 
512 677 222 1553087770458 
512 678 221 1553087770476 
512 681 219 1553087770491 
512 683 217 1553087770509 
512 685 215 1553087770525 
512 687 214 1553087770543 
512 687 213 1553087770576 
512 688 213 1553087770610 
512 688 212 1553087770625 
512 689 211 1553087770642 
512 689 210 1553087770658 
512 691 209 1553087770691 
512 692 207 1553087770709 
512 692 206 1553087770725 
512 693 206 1553087770742 
512 694 205 1553087770759 
513 694 205 1553087770845 
512 696 204 1553087770875 
512 697 204 1553087770892 
512 698 205 1553087770910 
512 699 205 1553087770925 
512 699 206 1553087770981 
514 699 206 1553087770981 
