512 693 215 1553105912224 
512 693 217 1553105912230 
512 692 219 1553105912238 
512 691 221 1553105912246 
512 690 224 1553105912254 
512 688 227 1553105912262 
512 686 230 1553105912270 
512 683 236 1553105912278 
512 680 242 1553105912285 
512 677 248 1553105912292 
512 672 256 1553105912302 
512 669 264 1553105912308 
512 666 272 1553105912317 
512 663 280 1553105912324 
512 662 287 1553105912332 
512 661 293 1553105912338 
512 660 300 1553105912346 
512 660 309 1553105912354 
512 660 317 1553105912362 
512 661 325 1553105912370 
512 663 335 1553105912378 
512 667 345 1553105912386 
512 671 353 1553105912392 
512 675 363 1553105912402 
512 680 370 1553105912408 
512 687 379 1553105912416 
512 696 388 1553105912424 
512 706 397 1553105912432 
512 719 406 1553105912440 
512 738 420 1553105912446 
512 760 435 1553105912454 
512 781 452 1553105912462 
512 796 468 1553105912470 
512 805 478 1553105912478 
512 814 487 1553105912486 
512 824 496 1553105912494 
512 833 506 1553105912501 
512 840 518 1553105912508 
512 844 531 1553105912516 
512 847 540 1553105912524 
512 850 550 1553105912532 
512 850 556 1553105912540 
512 851 561 1553105912548 
512 852 567 1553105912554 
512 852 574 1553105912562 
512 852 579 1553105912570 
512 852 584 1553105912578 
512 852 589 1553105912586 
512 852 592 1553105912594 
512 851 594 1553105912602 
512 850 595 1553105912607 
512 850 597 1553105912616 
512 849 599 1553105912623 
512 848 601 1553105912631 
512 847 603 1553105912639 
512 846 605 1553105912647 
512 844 607 1553105912653 
512 843 609 1553105912661 
512 841 612 1553105912669 
512 839 614 1553105912677 
512 838 616 1553105912686 
512 838 618 1553105912693 
512 838 620 1553105912701 
512 837 623 1553105912707 
512 837 624 1553105912716 
512 837 625 1553105912723 
512 837 626 1553105912731 
512 837 627 1553105912793 
512 837 629 1553105912809 
512 838 629 1553105912818 
512 838 630 1553105912823 
512 839 631 1553105912831 
512 840 632 1553105912839 
512 841 633 1553105912855 
512 842 634 1553105912871 
512 843 635 1553105912893 
512 844 635 1553105912909 
512 844 636 1553105912963 
513 844 636 1553105912980 
512 845 636 1553105913038 
512 844 636 1553105913140 
512 843 636 1553105913146 
514 843 636 1553105913155 
512 842 636 1553105913162 
512 841 636 1553105913178 
512 840 636 1553105913200 
512 839 636 1553105913224 
512 838 635 1553105913250 
512 837 633 1553105913254 
512 836 631 1553105913262 
512 835 629 1553105913270 
512 835 626 1553105913278 
512 834 624 1553105913286 
512 833 622 1553105913294 
512 833 620 1553105913300 
512 832 618 1553105913308 
512 832 616 1553105913316 
512 832 615 1553105913334 
512 832 614 1553105913350 
512 832 613 1553105913362 
512 832 612 1553105913370 
512 831 610 1553105913378 
512 828 606 1553105913386 
512 826 603 1553105913394 
512 820 597 1553105913402 
512 811 590 1553105913408 
512 801 584 1553105913416 
512 790 577 1553105913424 
512 779 570 1553105913433 
512 766 562 1553105913440 
512 746 549 1553105913449 
512 731 533 1553105913456 
512 709 515 1553105913462 
512 686 498 1553105913469 
512 664 484 1553105913478 
512 646 472 1553105913486 
512 636 465 1553105913494 
512 628 460 1553105913502 
512 624 458 1553105913510 
512 622 457 1553105913516 
512 620 455 1553105913524 
512 619 455 1553105913549 
512 618 454 1553105913555 
512 616 453 1553105913564 
512 612 453 1553105913571 
512 607 452 1553105913578 
512 603 451 1553105913585 
512 597 449 1553105913593 
512 590 447 1553105913601 
512 584 444 1553105913609 
512 579 441 1553105913617 
512 574 438 1553105913623 
512 570 436 1553105913632 
512 567 434 1553105913639 
512 563 431 1553105913649 
512 560 431 1553105913655 
512 558 428 1553105913664 
512 554 426 1553105913671 
512 551 423 1553105913677 
512 547 420 1553105913685 
512 544 418 1553105913693 
512 539 416 1553105913701 
512 536 413 1553105913709 
512 532 412 1553105913717 
512 529 409 1553105913725 
512 526 408 1553105913732 
512 522 405 1553105913739 
512 519 403 1553105913749 
512 517 401 1553105913755 
512 515 400 1553105913764 
512 515 399 1553105913771 
512 514 398 1553105913779 
512 513 398 1553105913785 
512 513 397 1553105913793 
512 512 395 1553105913809 
512 511 394 1553105913825 
512 510 393 1553105913839 
512 509 393 1553105913848 
512 509 392 1553105913855 
512 508 391 1553105913864 
512 507 390 1553105913879 
512 506 390 1553105913887 
512 505 389 1553105913893 
512 503 388 1553105913901 
512 500 387 1553105913909 
512 497 385 1553105913917 
512 494 385 1553105913925 
512 491 384 1553105913933 
512 488 383 1553105913941 
512 486 382 1553105913948 
512 483 382 1553105913955 
512 481 381 1553105913963 
512 481 380 1553105913971 
512 480 380 1553105913979 
513 480 380 1553105914125 
512 479 380 1553105914232 
512 478 380 1553105914240 
514 478 380 1553105914248 
512 477 380 1553105914256 
512 477 381 1553105914270 
512 477 382 1553105914278 
512 477 383 1553105914294 
512 477 384 1553105914302 
512 477 386 1553105914310 
512 479 388 1553105914319 
512 483 392 1553105914324 
512 487 396 1553105914332 
512 493 400 1553105914340 
512 500 404 1553105914348 
512 509 409 1553105914356 
512 517 413 1553105914364 
512 525 418 1553105914372 
512 535 422 1553105914378 
512 544 425 1553105914386 
512 553 430 1553105914394 
512 563 433 1553105914402 
512 575 438 1553105914410 
512 585 443 1553105914418 
512 594 447 1553105914426 
512 602 454 1553105914432 
512 611 460 1553105914440 
512 617 466 1553105914448 
512 623 470 1553105914456 
512 628 474 1553105914464 
512 632 477 1553105914472 
512 635 477 1553105914481 
512 638 477 1553105914486 
512 641 477 1553105914494 
512 645 474 1553105914501 
512 650 469 1553105914509 
512 657 460 1553105914517 
512 662 452 1553105914525 
512 666 439 1553105914533 
512 668 427 1553105914539 
512 669 413 1553105914548 
512 670 398 1553105914555 
512 667 377 1553105914564 
512 661 353 1553105914571 
512 652 333 1553105914580 
512 647 316 1553105914587 
512 644 304 1553105914593 
512 643 293 1553105914601 
512 642 282 1553105914609 
512 642 273 1553105914617 
512 642 265 1553105914625 
512 642 257 1553105914633 
512 642 251 1553105914641 
512 643 248 1553105914647 
512 645 245 1553105914655 
512 648 241 1553105914664 
512 650 239 1553105914671 
512 652 237 1553105914680 
512 655 235 1553105914687 
512 656 234 1553105914697 
512 657 232 1553105914701 
512 660 231 1553105914709 
512 662 230 1553105914717 
512 664 228 1553105914725 
512 666 228 1553105914733 
512 668 227 1553105914741 
512 671 226 1553105914749 
512 673 226 1553105914755 
512 675 224 1553105914763 
512 677 223 1553105914771 
512 680 223 1553105914780 
512 685 222 1553105914787 
512 688 221 1553105914796 
512 691 221 1553105914803 
512 694 221 1553105914809 
512 696 221 1553105914817 
512 698 221 1553105914825 
512 699 221 1553105914833 
512 700 220 1553105914841 
512 701 220 1553105914857 
512 702 219 1553105914863 
512 703 219 1553105914880 
512 703 218 1553105914887 
512 703 217 1553105914903 
512 704 217 1553105914911 
512 704 216 1553105914917 
512 704 215 1553105914932 
512 704 214 1553105914949 
512 704 213 1553105914957 
512 704 212 1553105914963 
512 704 211 1553105914980 
512 703 210 1553105914996 
512 703 209 1553105915002 
512 702 209 1553105915016 
513 702 209 1553105915087 
512 701 209 1553105915148 
512 700 209 1553105915164 
514 700 209 1553105915165 
512 699 209 1553105915186 
512 699 210 1553105915196 
512 698 212 1553105915202 
512 697 214 1553105915210 
512 696 216 1553105915218 
512 695 218 1553105915226 
512 694 220 1553105915234 
512 693 224 1553105915240 
512 693 226 1553105915248 
512 693 230 1553105915256 
512 693 235 1553105915264 
512 693 241 1553105915272 
512 694 246 1553105915280 
512 695 254 1553105915286 
512 696 264 1553105915295 
512 698 272 1553105915302 
512 701 282 1553105915310 
512 703 291 1553105915318 
512 706 300 1553105915326 
512 711 310 1553105915334 
512 714 318 1553105915340 
512 718 324 1553105915348 
512 723 330 1553105915356 
512 728 336 1553105915364 
512 733 342 1553105915372 
512 738 346 1553105915380 
512 744 350 1553105915388 
512 750 353 1553105915395 
512 756 355 1553105915401 
512 763 357 1553105915410 
512 768 358 1553105915418 
512 774 359 1553105915425 
512 781 360 1553105915433 
512 789 363 1553105915442 
512 797 365 1553105915448 
512 806 367 1553105915455 
512 814 368 1553105915463 
512 823 370 1553105915471 
512 835 371 1553105915480 
512 845 373 1553105915487 
512 853 374 1553105915496 
512 860 375 1553105915501 
512 864 375 1553105915510 
512 869 376 1553105915517 
512 872 378 1553105915525 
512 875 379 1553105915533 
512 878 380 1553105915541 
512 880 382 1553105915549 
512 881 383 1553105915563 
512 881 384 1553105915587 
512 882 385 1553105915595 
512 884 386 1553105915610 
512 886 388 1553105915617 
512 888 389 1553105915625 
512 890 390 1553105915633 
512 894 391 1553105915641 
512 896 392 1553105915649 
512 898 394 1553105915657 
512 900 395 1553105915663 
512 902 396 1553105915671 
512 904 397 1553105915679 
512 905 398 1553105915687 
512 907 398 1553105915695 
512 908 399 1553105915711 
512 909 399 1553105915717 
512 910 400 1553105915725 
512 911 400 1553105915749 
512 912 400 1553105915765 
512 914 400 1553105915779 
512 916 400 1553105915787 
512 916 399 1553105915795 
512 918 399 1553105915803 
512 919 399 1553105915819 
512 919 398 1553105915825 
512 920 398 1553105915849 
512 920 397 1553105915873 
512 921 396 1553105915879 
512 922 396 1553105915887 
512 922 395 1553105915894 
512 923 393 1553105915902 
512 924 392 1553105915918 
512 925 391 1553105915928 
512 925 390 1553105915932 
512 925 389 1553105915940 
512 925 388 1553105915948 
512 925 387 1553105915964 
512 925 386 1553105915972 
512 925 385 1553105915979 
512 925 384 1553105915994 
512 925 383 1553105916011 
512 925 382 1553105916018 
512 925 381 1553105916027 
512 925 379 1553105916034 
512 925 378 1553105916048 
513 925 378 1553105916073 
514 925 378 1553105916202 
512 924 378 1553105916218 
512 923 378 1553105916227 
512 922 378 1553105916243 
512 921 377 1553105916248 
512 919 377 1553105916256 
512 916 377 1553105916266 
512 913 377 1553105916272 
512 908 378 1553105916280 
512 902 379 1553105916288 
512 894 381 1553105916296 
512 885 384 1553105916302 
512 877 387 1553105916310 
512 867 390 1553105916318 
512 855 395 1553105916326 
512 839 400 1553105916333 
512 826 402 1553105916343 
512 811 404 1553105916349 
512 792 408 1553105916356 
512 775 409 1553105916363 
512 758 411 1553105916372 
512 735 412 1553105916380 
512 718 413 1553105916388 
512 701 414 1553105916395 
512 686 416 1553105916403 
512 674 418 1553105916411 
512 665 419 1553105916417 
512 658 421 1553105916426 
512 651 423 1553105916433 
512 645 426 1553105916443 
512 639 429 1553105916449 
512 635 432 1553105916458 
512 633 436 1553105916463 
512 631 442 1553105916471 
512 630 447 1553105916479 
512 629 453 1553105916487 
512 628 457 1553105916495 
512 627 461 1553105916503 
512 626 465 1553105916511 
512 625 469 1553105916517 
512 624 475 1553105916526 
512 624 480 1553105916533 
512 624 488 1553105916543 
512 624 496 1553105916549 
512 624 503 1553105916557 
512 624 511 1553105916565 
512 623 519 1553105916571 
512 623 527 1553105916579 
512 623 534 1553105916587 
512 623 541 1553105916595 
512 626 549 1553105916603 
512 629 558 1553105916611 
512 631 563 1553105916619 
512 632 571 1553105916626 
512 633 578 1553105916633 
512 633 585 1553105916643 
512 633 592 1553105916649 
512 630 598 1553105916657 
512 626 605 1553105916665 
512 621 612 1553105916673 
512 618 620 1553105916679 
512 615 628 1553105916687 
512 612 635 1553105916695 
512 610 641 1553105916703 
512 607 648 1553105916711 
512 605 654 1553105916719 
512 602 658 1553105916727 
512 600 662 1553105916733 
512 598 664 1553105916742 
512 596 666 1553105916749 
512 594 667 1553105916757 
512 593 668 1553105916765 
512 592 669 1553105916781 
512 591 670 1553105916795 
512 590 671 1553105916803 
512 589 671 1553105916819 
512 589 672 1553105916827 
512 588 672 1553105916835 
512 587 672 1553105916842 
512 586 673 1553105916848 
512 584 673 1553105916857 
512 583 673 1553105916864 
512 582 673 1553105916873 
512 581 672 1553105916888 
512 581 670 1553105916894 
512 580 668 1553105916902 
512 579 666 1553105916910 
512 578 664 1553105916918 
512 578 662 1553105916927 
512 577 660 1553105916934 
512 576 659 1553105916942 
512 576 657 1553105916948 
512 575 656 1553105916959 
512 574 655 1553105916964 
512 573 654 1553105916980 
512 573 653 1553105916988 
512 572 652 1553105916996 
512 571 652 1553105917002 
512 571 651 1553105917011 
512 570 651 1553105917018 
512 570 650 1553105917026 
512 569 650 1553105917034 
512 569 649 1553105917042 
512 568 648 1553105917050 
512 567 648 1553105917057 
512 566 647 1553105917072 
513 566 647 1553105917151 
514 566 647 1553105917288 
512 566 646 1553105917326 
512 567 646 1553105917341 
512 568 644 1553105917349 
512 570 642 1553105917358 
512 574 638 1553105917369 
512 577 635 1553105917374 
512 581 631 1553105917379 
512 587 626 1553105917387 
512 597 622 1553105917395 
512 606 617 1553105917403 
512 617 613 1553105917411 
512 630 606 1553105917419 
512 642 602 1553105917427 
512 655 597 1553105917433 
512 666 593 1553105917441 
512 677 588 1553105917449 
512 686 584 1553105917458 
512 695 581 1553105917465 
512 701 578 1553105917474 
512 704 576 1553105917481 
512 706 574 1553105917487 
512 709 573 1553105917495 
512 712 572 1553105917503 
512 716 572 1553105917511 
512 720 572 1553105917519 
512 724 572 1553105917527 
512 727 572 1553105917535 
512 731 573 1553105917541 
512 734 574 1553105917549 
512 738 577 1553105917557 
512 742 579 1553105917565 
512 746 582 1553105917574 
512 752 588 1553105917581 
512 759 597 1553105917591 
512 765 603 1553105917595 
512 774 612 1553105917603 
512 781 619 1553105917611 
512 787 626 1553105917619 
512 793 631 1553105917627 
512 799 635 1553105917635 
512 804 638 1553105917643 
512 809 639 1553105917649 
512 814 640 1553105917657 
512 817 641 1553105917665 
512 820 642 1553105917674 
512 822 643 1553105917681 
512 825 643 1553105917690 
512 827 644 1553105917697 
512 830 645 1553105917703 
512 832 645 1553105917711 
512 834 645 1553105917719 
512 836 645 1553105917727 
512 837 645 1553105917735 
512 839 645 1553105917743 
512 842 645 1553105917751 
512 843 645 1553105917765 
512 845 645 1553105917774 
512 847 644 1553105917790 
512 848 643 1553105917796 
512 849 641 1553105917803 
512 850 639 1553105917810 
512 851 638 1553105917818 
512 851 636 1553105917826 
512 852 635 1553105917834 
512 852 634 1553105917842 
512 852 633 1553105917857 
513 852 633 1553105918013 
512 850 634 1553105918058 
512 849 634 1553105918066 
512 846 636 1553105918074 
512 845 636 1553105918083 
512 843 637 1553105918093 
512 842 638 1553105918100 
514 842 638 1553105918119 
512 840 639 1553105918126 
512 839 639 1553105918127 
512 839 640 1553105918158 
512 838 641 1553105918228 
513 838 641 1553105918266 
512 839 641 1553105918303 
514 839 641 1553105918366 
512 838 639 1553105918465 
512 835 635 1553105918474 
512 831 630 1553105918484 
512 826 624 1553105918489 
512 820 618 1553105918497 
512 814 612 1553105918503 
512 806 606 1553105918511 
512 802 601 1553105918519 
512 799 596 1553105918527 
512 794 591 1553105918535 
512 790 587 1553105918543 
512 786 584 1553105918551 
512 783 581 1553105918557 
512 780 580 1553105918565 
512 776 577 1553105918573 
512 774 575 1553105918581 
512 772 573 1553105918589 
512 771 571 1553105918597 
512 771 569 1553105918605 
512 771 567 1553105918611 
512 773 564 1553105918619 
512 776 561 1553105918627 
512 781 556 1553105918635 
512 788 550 1553105918643 
512 794 544 1553105918651 
512 800 538 1553105918659 
512 806 532 1553105918665 
512 813 523 1553105918673 
512 819 515 1553105918680 
512 826 506 1553105918688 
512 832 500 1553105918697 
512 836 494 1553105918705 
512 840 489 1553105918713 
512 844 483 1553105918719 
512 847 477 1553105918727 
512 851 469 1553105918735 
512 854 463 1553105918742 
512 856 457 1553105918750 
512 858 451 1553105918758 
512 859 447 1553105918766 
512 860 441 1553105918773 
512 862 438 1553105918780 
512 864 432 1553105918788 
512 865 429 1553105918796 
512 866 423 1553105918805 
512 866 421 1553105918812 
512 866 420 1553105918821 
512 866 418 1553105918826 
512 866 416 1553105918834 
512 866 415 1553105918850 
512 867 414 1553105918866 
512 868 413 1553105918874 
512 868 412 1553105918880 
512 869 412 1553105918888 
512 869 411 1553105918896 
512 870 411 1553105918905 
512 871 409 1553105918912 
512 873 408 1553105918921 
512 876 405 1553105918928 
512 879 403 1553105918934 
512 883 400 1553105918942 
512 885 399 1553105918950 
512 887 397 1553105918958 
512 890 396 1553105918966 
512 892 396 1553105918974 
512 894 395 1553105918982 
512 896 394 1553105918988 
512 898 393 1553105918996 
512 901 393 1553105919004 
512 903 392 1553105919012 
512 905 391 1553105919021 
512 907 391 1553105919028 
512 909 390 1553105919037 
512 912 389 1553105919042 
512 914 389 1553105919050 
512 915 389 1553105919066 
512 916 388 1553105919174 
512 917 387 1553105919182 
512 918 386 1553105919204 
512 919 385 1553105919243 
512 920 384 1553105919257 
512 921 383 1553105919265 
512 921 382 1553105919273 
512 922 381 1553105919281 
512 922 380 1553105919289 
512 923 379 1553105919297 
512 924 378 1553105919305 
513 924 378 1553105919344 
512 925 378 1553105919397 
514 925 378 1553105919490 
512 921 380 1553105919567 
512 913 384 1553105919575 
512 902 390 1553105919585 
512 890 393 1553105919589 
512 872 397 1553105919597 
512 856 401 1553105919605 
512 840 404 1553105919613 
512 824 410 1553105919620 
512 811 413 1553105919629 
512 802 414 1553105919636 
512 794 415 1553105919643 
512 788 416 1553105919651 
512 785 417 1553105919659 
512 784 417 1553105919674 
512 783 417 1553105919683 
512 781 418 1553105919688 
512 778 418 1553105919696 
512 775 418 1553105919704 
512 772 418 1553105919712 
512 766 419 1553105919721 
512 759 419 1553105919728 
512 749 419 1553105919736 
512 734 419 1553105919742 
512 720 419 1553105919751 
512 706 419 1553105919758 
512 694 418 1553105919766 
512 686 417 1553105919774 
512 678 416 1553105919782 
512 671 415 1553105919790 
512 664 413 1553105919796 
512 659 412 1553105919805 
512 652 410 1553105919812 
512 645 409 1553105919821 
512 639 407 1553105919828 
512 633 406 1553105919836 
512 625 404 1553105919844 
512 615 402 1553105919850 
512 606 401 1553105919858 
512 594 397 1553105919866 
512 582 396 1553105919874 
512 570 395 1553105919882 
512 559 394 1553105919890 
512 550 393 1553105919898 
512 541 391 1553105919904 
512 536 389 1553105919912 
512 531 387 1553105919920 
512 528 386 1553105919928 
512 526 386 1553105919936 
512 524 385 1553105919944 
512 524 384 1553105919952 
512 523 384 1553105919958 
512 523 383 1553105919966 
512 523 382 1553105919990 
512 522 382 1553105919998 
512 522 381 1553105920006 
512 520 380 1553105920012 
512 519 380 1553105920020 
512 518 379 1553105920028 
512 515 378 1553105920036 
512 514 378 1553105920044 
512 513 377 1553105920052 
512 512 377 1553105920060 
512 511 376 1553105920066 
512 510 376 1553105920114 
512 509 376 1553105920128 
512 507 376 1553105920136 
512 504 376 1553105920143 
512 501 376 1553105920152 
512 497 377 1553105920159 
512 494 377 1553105920169 
512 491 378 1553105920173 
512 488 378 1553105920181 
512 485 378 1553105920189 
512 484 378 1553105920205 
512 483 378 1553105920313 
513 483 378 1553105920360 
512 482 378 1553105920468 
512 481 378 1553105920475 
512 480 378 1553105920484 
514 480 378 1553105920485 
512 479 378 1553105920497 
512 478 379 1553105920505 
512 477 379 1553105920520 
512 476 379 1553105920537 
512 475 379 1553105920559 
512 474 379 1553105920575 
513 474 379 1553105920629 
514 474 379 1553105920745 
512 475 379 1553105920774 
512 478 380 1553105920784 
512 484 381 1553105920790 
512 489 381 1553105920801 
512 497 382 1553105920806 
512 507 383 1553105920812 
512 517 383 1553105920820 
512 529 384 1553105920828 
512 540 385 1553105920836 
512 548 387 1553105920844 
512 557 390 1553105920852 
512 563 394 1553105920860 
512 569 397 1553105920868 
512 575 401 1553105920874 
512 578 405 1553105920884 
512 583 408 1553105920890 
512 588 410 1553105920899 
512 593 411 1553105920906 
512 596 411 1553105920914 
512 599 411 1553105920920 
512 601 411 1553105920928 
512 603 410 1553105920936 
512 604 409 1553105920944 
512 605 409 1553105920952 
512 605 408 1553105920960 
512 604 409 1553105921014 
512 601 415 1553105921022 
512 596 424 1553105921030 
512 592 437 1553105921036 
512 587 449 1553105921044 
512 583 463 1553105921052 
512 575 481 1553105921060 
512 568 498 1553105921068 
512 565 511 1553105921076 
512 562 523 1553105921083 
512 561 533 1553105921090 
512 560 540 1553105921098 
512 559 547 1553105921105 
512 558 555 1553105921113 
512 558 560 1553105921121 
512 558 566 1553105921129 
512 558 571 1553105921137 
512 558 577 1553105921143 
512 558 582 1553105921151 
512 558 588 1553105921159 
512 558 592 1553105921168 
512 558 595 1553105921175 
512 558 598 1553105921183 
512 558 601 1553105921191 
512 558 604 1553105921198 
512 558 607 1553105921205 
512 558 609 1553105921213 
512 559 611 1553105921221 
512 560 612 1553105921229 
512 560 613 1553105921237 
512 561 613 1553105921245 
512 561 614 1553105921251 
512 562 614 1553105921259 
512 563 615 1553105921268 
512 563 616 1553105921291 
512 563 617 1553105921305 
512 563 618 1553105921321 
512 563 619 1553105921337 
512 563 620 1553105921345 
512 564 620 1553105921352 
512 564 621 1553105921359 
512 564 623 1553105921375 
512 564 625 1553105921383 
512 563 628 1553105921391 
512 563 630 1553105921399 
512 562 632 1553105921405 
512 562 634 1553105921413 
512 561 637 1553105921421 
512 560 640 1553105921429 
512 559 643 1553105921437 
512 559 645 1553105921445 
512 559 646 1553105921453 
512 559 647 1553105921461 
513 559 647 1553105921530 
514 559 647 1553105921675 
512 560 646 1553105921760 
512 563 641 1553105921768 
512 566 635 1553105921778 
512 569 629 1553105921782 
512 572 621 1553105921790 
512 575 612 1553105921799 
512 578 604 1553105921806 
512 582 595 1553105921815 
512 585 590 1553105921822 
512 587 586 1553105921831 
512 590 583 1553105921838 
512 590 581 1553105921844 
512 591 581 1553105921852 
512 591 580 1553105921860 
512 592 580 1553105921884 
512 593 579 1553105921890 
512 595 577 1553105921906 
512 597 574 1553105921915 
512 599 571 1553105921922 
512 602 566 1553105921931 
512 607 559 1553105921938 
512 614 549 1553105921944 
512 618 539 1553105921952 
512 622 530 1553105921960 
512 625 516 1553105921967 
512 628 497 1553105921976 
512 633 471 1553105921984 
512 638 447 1553105921992 
512 642 423 1553105921999 
512 646 405 1553105922006 
512 647 391 1553105922015 
512 648 382 1553105922021 
512 649 374 1553105922031 
512 649 367 1553105922037 
512 650 359 1553105922046 
512 651 351 1553105922051 
512 653 343 1553105922059 
512 655 337 1553105922068 
512 657 331 1553105922076 
512 658 328 1553105922083 
512 659 325 1553105922091 
512 659 323 1553105922099 
512 659 320 1553105922105 
512 660 319 1553105922115 
512 661 319 1553105922121 
512 661 318 1553105922131 
512 661 317 1553105922146 
512 661 316 1553105922159 
512 662 315 1553105922167 
512 663 314 1553105922175 
512 663 312 1553105922183 
512 664 310 1553105922191 
512 665 308 1553105922199 
512 667 305 1553105922207 
512 670 301 1553105922214 
512 673 295 1553105922221 
512 676 289 1553105922231 
512 679 285 1553105922237 
512 683 280 1553105922246 
512 686 274 1553105922253 
512 689 268 1553105922261 
512 692 262 1553105922267 
512 694 258 1553105922275 
512 697 252 1553105922283 
512 699 248 1553105922291 
512 702 244 1553105922299 
512 705 240 1553105922307 
512 707 237 1553105922315 
512 709 233 1553105922321 
512 710 230 1553105922330 
512 712 227 1553105922337 
512 712 225 1553105922345 
512 713 222 1553105922353 
512 714 219 1553105922361 
512 715 215 1553105922369 
512 715 212 1553105922375 
512 716 210 1553105922383 
512 717 208 1553105922391 
512 718 206 1553105922399 
512 718 204 1553105922407 
512 718 202 1553105922415 
512 718 201 1553105922430 
512 718 200 1553105922445 
512 717 199 1553105922453 
512 715 199 1553105922461 
512 713 198 1553105922469 
512 712 197 1553105922477 
512 711 197 1553105922483 
512 709 197 1553105922491 
512 708 197 1553105922507 
512 707 197 1553105922515 
512 706 197 1553105922522 
512 705 197 1553105922530 
512 704 197 1553105922536 
512 703 197 1553105922545 
512 703 198 1553105922552 
512 702 198 1553105922560 
512 701 199 1553105922568 
512 700 199 1553105922584 
512 700 200 1553105922590 
512 699 200 1553105922598 
512 699 201 1553105922606 
512 698 201 1553105922615 
512 697 202 1553105922630 
512 697 203 1553105922638 
512 696 203 1553105922645 
513 696 203 1553105922715 
512 696 204 1553105922730 
512 696 205 1553105922752 
512 696 206 1553105922776 
512 696 207 1553105922792 
512 696 208 1553105922808 
512 696 209 1553105922822 
514 696 209 1553105922823 
