512 697 209 1553105922838 
512 697 211 1553105922846 
512 699 214 1553105922854 
512 700 216 1553105922860 
512 702 218 1553105922868 
512 704 220 1553105922876 
512 705 222 1553105922883 
512 707 223 1553105922892 
512 708 224 1553105922908 
512 710 225 1553105922922 
512 712 228 1553105922930 
512 716 231 1553105922938 
512 719 235 1553105922946 
512 725 239 1553105922954 
512 731 244 1553105922963 
512 737 248 1553105922968 
512 746 255 1553105922975 
512 755 262 1553105922983 
512 761 270 1553105922991 
512 769 278 1553105922999 
512 778 286 1553105923008 
512 786 293 1553105923015 
512 796 296 1553105923021 
512 806 299 1553105923029 
512 814 302 1553105923037 
512 822 305 1553105923046 
512 828 308 1553105923053 
512 832 312 1553105923062 
512 835 317 1553105923069 
512 838 321 1553105923075 
512 840 327 1553105923083 
512 841 335 1553105923091 
512 843 344 1553105923099 
512 844 353 1553105923107 
512 845 362 1553105923115 
512 846 373 1553105923123 
512 849 385 1553105923129 
512 850 397 1553105923137 
512 853 414 1553105923146 
512 855 435 1553105923153 
512 857 452 1553105923162 
512 858 469 1553105923169 
512 858 486 1553105923179 
512 858 499 1553105923183 
512 858 511 1553105923191 
512 855 522 1553105923199 
512 853 530 1553105923207 
512 852 536 1553105923215 
512 852 541 1553105923223 
512 852 547 1553105923231 
512 851 552 1553105923237 
512 851 557 1553105923245 
512 851 562 1553105923253 
512 851 567 1553105923266 
512 852 570 1553105923269 
512 852 573 1553105923278 
512 853 575 1553105923285 
512 854 577 1553105923291 
512 854 579 1553105923299 
512 855 580 1553105923307 
512 856 580 1553105923315 
512 856 581 1553105923323 
512 857 581 1553105923331 
512 857 582 1553105923339 
512 858 583 1553105923345 
512 859 585 1553105923362 
512 859 586 1553105923369 
512 859 588 1553105923378 
512 859 590 1553105923385 
512 859 592 1553105923393 
512 859 595 1553105923398 
512 859 598 1553105923407 
512 859 601 1553105923414 
512 859 605 1553105923423 
512 858 611 1553105923430 
512 857 616 1553105923438 
512 856 622 1553105923446 
512 856 625 1553105923452 
512 855 629 1553105923462 
512 854 632 1553105923469 
512 853 636 1553105923478 
512 852 639 1553105923484 
512 852 642 1553105923493 
512 851 645 1553105923500 
512 850 647 1553105923506 
512 850 649 1553105923514 
512 850 651 1553105923522 
512 850 652 1553105923530 
512 850 653 1553105923547 
512 850 652 1553105923678 
512 850 651 1553105923684 
512 848 649 1553105923692 
512 846 646 1553105923700 
512 844 644 1553105923708 
512 842 643 1553105923716 
512 840 643 1553105923722 
512 840 642 1553105923730 
512 839 642 1553105923738 
512 839 641 1553105923770 
512 839 640 1553105923792 
512 838 640 1553105923808 
513 838 640 1553105923825 
514 838 640 1553105923962 
512 838 638 1553105924046 
512 837 636 1553105924053 
512 835 633 1553105924062 
512 833 630 1553105924073 
512 830 627 1553105924077 
512 827 622 1553105924085 
512 824 615 1553105924094 
512 821 606 1553105924099 
512 818 597 1553105924107 
512 816 587 1553105924115 
512 815 577 1553105924123 
512 815 566 1553105924131 
512 814 551 1553105924139 
512 812 539 1553105924147 
512 812 529 1553105924153 
512 812 518 1553105924161 
512 814 508 1553105924169 
512 815 498 1553105924177 
512 815 486 1553105924185 
512 813 475 1553105924193 
512 808 465 1553105924201 
512 800 455 1553105924207 
512 786 439 1553105924215 
512 769 419 1553105924223 
512 750 401 1553105924231 
512 731 388 1553105924239 
512 713 379 1553105924247 
512 699 375 1553105924255 
512 687 371 1553105924261 
512 675 368 1553105924269 
512 663 366 1553105924277 
512 652 365 1553105924285 
512 643 364 1553105924293 
512 633 364 1553105924301 
512 625 364 1553105924310 
512 620 364 1553105924315 
512 614 364 1553105924323 
512 610 364 1553105924331 
512 608 364 1553105924339 
512 606 364 1553105924347 
512 605 365 1553105924355 
512 603 366 1553105924362 
512 601 367 1553105924376 
512 598 368 1553105924385 
512 597 369 1553105924393 
512 595 370 1553105924400 
512 594 370 1553105924410 
512 592 370 1553105924416 
512 591 370 1553105924430 
512 590 371 1553105924446 
512 589 371 1553105924462 
512 586 372 1553105924470 
512 583 373 1553105924476 
512 578 374 1553105924485 
512 570 375 1553105924493 
512 563 377 1553105924500 
512 554 380 1553105924509 
512 545 381 1553105924516 
512 536 384 1553105924526 
512 526 386 1553105924530 
512 515 389 1553105924538 
512 506 391 1553105924546 
512 498 392 1553105924554 
512 494 393 1553105924562 
512 491 393 1553105924570 
512 489 393 1553105924578 
512 487 392 1553105924584 
512 486 391 1553105924592 
512 485 391 1553105924600 
512 484 390 1553105924616 
512 483 389 1553105924632 
512 483 388 1553105924700 
512 483 387 1553105924716 
512 483 386 1553105924725 
512 482 385 1553105924746 
512 481 384 1553105924762 
512 480 383 1553105924778 
512 480 382 1553105924786 
512 479 382 1553105924794 
512 478 381 1553105924800 
512 477 381 1553105924809 
512 474 380 1553105924816 
512 473 379 1553105924825 
512 471 378 1553105924832 
512 469 378 1553105924840 
512 465 377 1553105924847 
512 463 376 1553105924854 
512 462 375 1553105924861 
512 461 375 1553105924870 
513 461 375 1553105924932 
514 461 375 1553105925077 
512 462 375 1553105925177 
512 464 375 1553105925193 
512 465 375 1553105925217 
512 466 375 1553105925225 
512 467 375 1553105925239 
512 468 375 1553105925255 
512 469 375 1553105925271 
512 470 375 1553105925279 
512 471 375 1553105925293 
512 472 376 1553105925316 
512 473 376 1553105925332 
512 474 376 1553105925354 
513 474 376 1553105925371 
512 475 376 1553105925384 
512 476 376 1553105925408 
514 476 376 1553105925516 
512 475 376 1553105925541 
512 475 377 1553105925678 
512 480 379 1553105925686 
512 484 382 1553105925697 
512 490 387 1553105925702 
512 499 393 1553105925708 
512 507 400 1553105925716 
512 517 406 1553105925723 
512 528 413 1553105925732 
512 543 422 1553105925740 
512 561 432 1553105925748 
512 579 440 1553105925756 
512 599 449 1553105925763 
512 623 455 1553105925770 
512 647 459 1553105925778 
512 669 459 1553105925786 
512 697 457 1553105925793 
512 719 451 1553105925801 
512 736 443 1553105925809 
512 745 436 1553105925817 
512 750 431 1553105925823 
512 753 426 1553105925831 
512 753 418 1553105925840 
512 753 408 1553105925847 
512 749 398 1553105925856 
512 744 389 1553105925863 
512 738 379 1553105925873 
512 731 367 1553105925877 
512 723 357 1553105925885 
512 715 348 1553105925893 
512 709 338 1553105925901 
512 701 328 1553105925909 
512 692 318 1553105925917 
512 686 309 1553105925925 
512 679 301 1553105925931 
512 675 295 1553105925939 
512 671 291 1553105925947 
512 670 287 1553105925956 
512 668 285 1553105925963 
512 667 283 1553105925973 
512 667 282 1553105925979 
512 667 279 1553105925985 
512 667 277 1553105925993 
512 667 275 1553105926001 
512 667 273 1553105926009 
512 666 271 1553105926017 
512 666 269 1553105926025 
512 666 267 1553105926031 
512 665 264 1553105926039 
512 665 262 1553105926047 
512 665 260 1553105926056 
512 665 258 1553105926063 
512 665 256 1553105926073 
512 666 253 1553105926079 
512 668 250 1553105926088 
512 672 247 1553105926093 
512 675 243 1553105926101 
512 679 239 1553105926109 
512 684 237 1553105926117 
512 690 233 1553105926125 
512 694 230 1553105926133 
512 698 227 1553105926139 
512 701 225 1553105926147 
512 704 222 1553105926156 
512 706 220 1553105926163 
512 709 218 1553105926172 
512 711 217 1553105926179 
512 714 215 1553105926188 
512 716 214 1553105926192 
512 718 212 1553105926201 
512 719 212 1553105926209 
512 719 211 1553105926217 
512 720 211 1553105926225 
512 718 211 1553105926308 
512 715 211 1553105926316 
512 713 211 1553105926324 
512 711 211 1553105926332 
512 710 211 1553105926340 
512 709 211 1553105926348 
512 708 211 1553105926355 
512 707 211 1553105926362 
512 706 211 1553105926387 
512 705 211 1553105926448 
512 705 210 1553105926457 
513 705 210 1553105926524 
514 705 210 1553105926618 
512 704 210 1553105926632 
512 704 211 1553105926656 
512 704 212 1553105926664 
512 704 213 1553105926671 
512 704 214 1553105926678 
512 704 216 1553105926686 
512 704 218 1553105926694 
512 705 221 1553105926702 
512 706 223 1553105926709 
512 707 226 1553105926718 
512 708 232 1553105926726 
512 709 238 1553105926732 
512 712 244 1553105926740 
512 715 251 1553105926748 
512 720 257 1553105926756 
512 724 263 1553105926763 
512 727 266 1553105926771 
512 730 270 1553105926779 
512 732 271 1553105926786 
512 733 272 1553105926793 
512 734 274 1553105926817 
512 736 276 1553105926825 
512 740 279 1553105926833 
512 745 282 1553105926839 
512 755 286 1553105926847 
512 765 289 1553105926856 
512 775 292 1553105926863 
512 785 296 1553105926871 
512 795 300 1553105926879 
512 805 305 1553105926888 
512 815 312 1553105926893 
512 824 319 1553105926901 
512 832 325 1553105926909 
512 841 334 1553105926917 
512 849 340 1553105926925 
512 855 346 1553105926933 
512 862 353 1553105926941 
512 867 357 1553105926947 
512 872 361 1553105926955 
512 877 364 1553105926963 
512 880 367 1553105926971 
512 884 370 1553105926979 
512 889 373 1553105926987 
512 893 375 1553105926995 
512 899 378 1553105927001 
512 907 382 1553105927009 
512 916 385 1553105927017 
512 925 389 1553105927025 
512 933 392 1553105927033 
512 938 394 1553105927041 
512 942 395 1553105927049 
512 943 396 1553105927055 
512 944 397 1553105927063 
512 944 396 1553105927157 
512 943 395 1553105927170 
512 942 395 1553105927179 
512 941 394 1553105927187 
512 939 393 1553105927195 
512 936 392 1553105927203 
512 933 391 1553105927210 
512 931 390 1553105927216 
512 929 389 1553105927224 
512 927 388 1553105927233 
512 927 387 1553105927240 
512 925 386 1553105927248 
512 924 385 1553105927256 
512 923 385 1553105927264 
512 923 384 1553105927270 
512 922 384 1553105927278 
512 922 383 1553105927287 
512 921 383 1553105927294 
512 921 382 1553105927303 
512 921 381 1553105927310 
512 921 380 1553105927320 
512 921 379 1553105927332 
512 921 378 1553105927340 
512 921 377 1553105927356 
512 921 376 1553105927456 
513 921 376 1553105927572 
512 922 376 1553105927588 
512 923 376 1553105927619 
512 922 377 1553105927710 
512 922 378 1553105927719 
514 922 378 1553105927719 
512 921 379 1553105927725 
512 920 379 1553105927734 
512 919 380 1553105927741 
512 916 380 1553105927749 
512 913 381 1553105927760 
512 910 382 1553105927763 
512 904 383 1553105927771 
512 899 386 1553105927779 
512 890 388 1553105927787 
512 882 390 1553105927795 
512 874 391 1553105927804 
512 865 392 1553105927809 
512 855 392 1553105927819 
512 844 393 1553105927825 
512 838 393 1553105927834 
512 832 393 1553105927841 
512 830 393 1553105927849 
512 829 393 1553105927857 
512 828 393 1553105927863 
512 827 393 1553105927871 
512 825 393 1553105927879 
512 823 393 1553105927887 
512 820 393 1553105927895 
512 816 393 1553105927903 
512 811 393 1553105927911 
512 802 393 1553105927919 
512 794 393 1553105927925 
512 786 393 1553105927933 
512 777 394 1553105927941 
512 767 397 1553105927949 
512 759 399 1553105927957 
512 750 402 1553105927965 
512 744 406 1553105927971 
512 737 411 1553105927979 
512 729 417 1553105927987 
512 720 426 1553105927995 
512 712 436 1553105928003 
512 704 449 1553105928011 
512 694 467 1553105928018 
512 688 486 1553105928025 
512 679 512 1553105928033 
512 672 529 1553105928041 
512 667 541 1553105928049 
512 663 553 1553105928057 
512 659 564 1553105928065 
512 657 573 1553105928073 
512 654 581 1553105928079 
512 651 588 1553105928087 
512 650 593 1553105928095 
512 649 596 1553105928103 
512 649 599 1553105928111 
512 649 600 1553105928118 
512 649 601 1553105928133 
512 649 602 1553105928203 
512 648 602 1553105928210 
512 646 603 1553105928218 
512 645 603 1553105928226 
512 643 603 1553105928235 
512 641 603 1553105928240 
512 638 603 1553105928248 
512 634 603 1553105928256 
512 630 603 1553105928264 
512 627 603 1553105928272 
512 623 604 1553105928280 
512 620 605 1553105928288 
512 615 605 1553105928294 
512 610 606 1553105928303 
512 604 609 1553105928310 
512 600 612 1553105928318 
512 598 614 1553105928326 
512 596 617 1553105928334 
512 594 619 1553105928342 
512 593 621 1553105928348 
512 592 623 1553105928356 
512 591 625 1553105928364 
512 590 628 1553105928372 
512 589 629 1553105928380 
512 588 630 1553105928388 
512 588 631 1553105928396 
512 588 632 1553105928402 
512 587 632 1553105928418 
512 587 633 1553105928435 
512 586 633 1553105928451 
512 585 634 1553105928456 
512 584 635 1553105928472 
512 583 636 1553105928480 
512 581 636 1553105928488 
512 579 637 1553105928496 
512 576 638 1553105928504 
512 573 639 1553105928510 
512 570 639 1553105928518 
512 568 640 1553105928526 
512 567 640 1553105928534 
512 566 641 1553105928542 
512 565 641 1553105928641 
513 565 641 1553105928680 
514 565 641 1553105928828 
512 566 641 1553105928841 
512 567 641 1553105928887 
512 568 641 1553105928895 
512 569 639 1553105928903 
512 570 636 1553105928911 
512 572 631 1553105928921 
512 573 626 1553105928927 
512 574 619 1553105928935 
512 575 611 1553105928941 
512 575 603 1553105928950 
512 575 593 1553105928957 
512 576 583 1553105928966 
512 577 573 1553105928973 
512 578 564 1553105928981 
512 580 554 1553105928989 
512 583 545 1553105928995 
512 586 534 1553105929003 
512 591 523 1553105929011 
512 598 510 1553105929019 
512 606 501 1553105929027 
512 615 492 1553105929035 
512 626 486 1553105929043 
512 638 482 1553105929050 
512 648 481 1553105929056 
512 657 482 1553105929066 
512 666 485 1553105929073 
512 674 490 1553105929081 
512 683 496 1553105929089 
512 692 504 1553105929096 
512 698 513 1553105929102 
512 705 522 1553105929110 
512 712 535 1553105929118 
512 717 544 1553105929126 
512 722 552 1553105929135 
512 727 561 1553105929142 
512 732 568 1553105929151 
512 737 577 1553105929156 
512 743 583 1553105929166 
512 749 589 1553105929172 
512 755 593 1553105929181 
512 762 597 1553105929188 
512 770 600 1553105929196 
512 777 602 1553105929204 
512 784 604 1553105929210 
512 790 605 1553105929218 
512 794 606 1553105929226 
512 796 607 1553105929234 
512 798 608 1553105929242 
512 799 608 1553105929251 
512 800 608 1553105929258 
512 801 608 1553105929266 
512 802 608 1553105929272 
512 803 608 1553105929281 
512 804 608 1553105929288 
512 806 608 1553105929296 
512 808 608 1553105929304 
512 810 608 1553105929312 
512 812 608 1553105929318 
512 814 608 1553105929326 
512 817 608 1553105929334 
512 820 608 1553105929342 
512 824 609 1553105929350 
512 827 611 1553105929358 
512 829 612 1553105929366 
512 832 612 1553105929373 
512 833 614 1553105929380 
512 834 614 1553105929388 
512 835 615 1553105929396 
512 836 616 1553105929404 
512 836 618 1553105929412 
512 837 619 1553105929426 
512 837 621 1553105929434 
512 837 623 1553105929442 
512 837 625 1553105929450 
512 837 626 1553105929458 
512 837 628 1553105929466 
512 837 630 1553105929472 
512 837 633 1553105929481 
512 837 635 1553105929488 
512 837 637 1553105929496 
512 837 640 1553105929504 
512 837 642 1553105929512 
512 837 644 1553105929519 
512 837 646 1553105929528 
512 837 647 1553105929534 
512 837 648 1553105929550 
513 837 648 1553105929642 
512 838 648 1553105929655 
512 839 648 1553105929681 
512 840 648 1553105929695 
512 839 648 1553105929757 
514 839 648 1553105929812 
512 840 648 1553105929905 
512 842 646 1553105929911 
512 844 643 1553105929921 
512 846 638 1553105929927 
512 847 634 1553105929935 
512 847 630 1553105929943 
512 847 626 1553105929951 
512 845 621 1553105929957 
512 842 615 1553105929965 
512 838 609 1553105929973 
512 833 603 1553105929981 
512 825 596 1553105929989 
512 818 589 1553105929998 
512 809 583 1553105930005 
512 802 579 1553105930011 
512 797 576 1553105930018 
512 795 574 1553105930027 
512 794 573 1553105930034 
512 792 571 1553105930043 
512 792 568 1553105930050 
512 791 565 1553105930058 
512 791 561 1553105930064 
512 793 555 1553105930072 
512 797 549 1553105930081 
512 802 543 1553105930088 
512 808 537 1553105930097 
512 814 529 1553105930104 
512 821 521 1553105930114 
512 828 511 1553105930120 
512 831 501 1553105930126 
512 837 491 1553105930134 
512 844 483 1553105930142 
512 849 474 1553105930150 
512 853 466 1553105930158 
512 856 460 1553105930166 
512 859 454 1553105930172 
512 861 448 1553105930181 
512 862 444 1553105930188 
512 864 438 1553105930197 
512 867 432 1553105930204 
512 869 426 1553105930215 
512 871 422 1553105930220 
512 872 419 1553105930226 
512 872 418 1553105930234 
512 873 418 1553105930242 
512 873 417 1553105930250 
512 873 416 1553105930258 
512 874 415 1553105930314 
512 874 414 1553105930329 
512 874 413 1553105930342 
512 875 412 1553105930350 
512 876 410 1553105930358 
512 877 409 1553105930366 
512 879 407 1553105930374 
512 881 405 1553105930382 
512 883 402 1553105930388 
512 885 401 1553105930397 
512 887 397 1553105930404 
512 890 394 1553105930414 
512 892 392 1553105930420 
512 894 389 1553105930429 
512 897 387 1553105930436 
512 899 386 1553105930441 
512 900 384 1553105930450 
512 902 383 1553105930457 
512 903 383 1553105930466 
512 904 382 1553105930473 
512 905 381 1553105930489 
512 906 380 1553105930504 
512 906 379 1553105930519 
512 907 379 1553105930528 
512 908 379 1553105930536 
512 909 378 1553105930549 
512 910 378 1553105930573 
512 911 378 1553105930589 
512 912 377 1553105930598 
512 913 377 1553105930619 
512 914 377 1553105930635 
512 915 377 1553105930651 
512 916 376 1553105930657 
512 917 376 1553105930681 
512 918 376 1553105930705 
512 919 376 1553105930751 
512 919 375 1553105930765 
512 920 375 1553105930805 
513 920 375 1553105930819 
512 921 375 1553105930835 
514 921 375 1553105930921 
512 921 376 1553105931120 
512 919 376 1553105931130 
512 916 377 1553105931136 
512 912 378 1553105931142 
512 904 379 1553105931153 
512 892 382 1553105931158 
512 874 387 1553105931166 
512 843 390 1553105931174 
512 811 397 1553105931182 
512 776 397 1553105931190 
512 743 397 1553105931197 
512 705 396 1553105931204 
512 675 396 1553105931212 
512 645 396 1553105931220 
512 622 397 1553105931229 
512 608 398 1553105931236 
512 597 398 1553105931247 
512 589 398 1553105931250 
512 585 398 1553105931258 
512 582 398 1553105931266 
512 579 399 1553105931274 
512 577 399 1553105931282 
512 573 400 1553105931290 
512 570 401 1553105931298 
512 567 402 1553105931304 
512 564 403 1553105931313 
512 561 403 1553105931319 
512 558 403 1553105931329 
512 555 403 1553105931335 
512 552 403 1553105931345 
512 550 402 1553105931352 
512 549 401 1553105931357 
512 548 401 1553105931373 
512 548 400 1553105931382 
512 546 400 1553105931389 
512 545 399 1553105931397 
512 542 398 1553105931405 
512 540 397 1553105931412 
512 538 397 1553105931419 
512 536 396 1553105931429 
512 535 395 1553105931451 
512 535 394 1553105931462 
512 534 394 1553105931465 
512 533 393 1553105931473 
512 532 392 1553105931497 
512 530 391 1553105931513 
512 529 391 1553105931519 
512 527 391 1553105931528 
512 525 390 1553105931535 
512 522 389 1553105931545 
512 517 388 1553105931551 
512 513 388 1553105931561 
512 509 387 1553105931567 
512 506 386 1553105931573 
512 502 385 1553105931581 
512 500 384 1553105931589 
512 499 383 1553105931605 
512 497 382 1553105931621 
512 496 381 1553105931628 
512 495 381 1553105931635 
512 495 380 1553105931646 
512 494 380 1553105931651 
512 494 379 1553105931661 
512 492 378 1553105931667 
512 491 378 1553105931689 
512 490 377 1553105931705 
512 488 376 1553105931721 
512 486 375 1553105931730 
512 485 375 1553105931735 
512 483 374 1553105931745 
512 481 374 1553105931751 
512 479 373 1553105931762 
512 478 373 1553105931767 
512 477 373 1553105931775 
512 476 373 1553105931804 
512 475 373 1553105931820 
512 474 373 1553105931829 
512 473 373 1553105931850 
512 472 373 1553105931862 
512 471 373 1553105931866 
512 470 373 1553105931882 
513 470 373 1553105931897 
514 470 373 1553105932020 
512 471 373 1553105932050 
512 472 373 1553105932060 
512 473 374 1553105932075 
512 474 375 1553105932082 
512 475 375 1553105932090 
512 475 376 1553105932102 
512 477 376 1553105932106 
512 479 377 1553105932112 
512 481 379 1553105932120 
512 484 380 1553105932128 
512 488 383 1553105932136 
512 491 385 1553105932144 
512 494 389 1553105932152 
512 496 392 1553105932160 
512 499 395 1553105932166 
512 501 398 1553105932175 
512 504 402 1553105932182 
512 507 405 1553105932190 
512 509 409 1553105932198 
512 513 411 1553105932206 
512 515 414 1553105932214 
512 517 416 1553105932220 
512 520 418 1553105932228 
512 522 422 1553105932236 
512 525 426 1553105932244 
512 528 432 1553105932252 
512 531 438 1553105932260 
512 534 444 1553105932266 
512 536 449 1553105932277 
512 537 453 1553105932281 
512 540 461 1553105932289 
512 542 471 1553105932298 
512 542 482 1553105932305 
512 542 493 1553105932313 
512 542 507 1553105932321 
512 539 519 1553105932328 
512 538 531 1553105932335 
512 537 540 1553105932344 
512 536 551 1553105932351 
512 536 560 1553105932359 
512 536 569 1553105932367 
512 537 577 1553105932374 
512 538 584 1553105932381 
512 538 589 1553105932389 
512 538 593 1553105932397 
512 538 596 1553105932405 
512 538 600 1553105932413 
512 538 603 1553105932421 
512 538 606 1553105932428 
512 538 610 1553105932435 
512 538 615 1553105932444 
512 538 618 1553105932451 
512 538 621 1553105932459 
512 537 624 1553105932467 
512 537 627 1553105932476 
512 537 629 1553105932481 
512 537 631 1553105932489 
512 537 632 1553105932497 
512 537 634 1553105932505 
512 538 634 1553105932513 
512 538 635 1553105932521 
512 539 635 1553105932544 
512 540 635 1553105932559 
512 541 635 1553105932576 
512 542 636 1553105932597 
512 543 636 1553105932613 
512 543 637 1553105932621 
512 545 638 1553105932629 
512 547 639 1553105932644 
512 548 639 1553105932651 
512 550 640 1553105932659 
512 552 641 1553105932667 
512 553 642 1553105932676 
512 555 642 1553105932683 
512 557 643 1553105932692 
512 558 643 1553105932705 
512 558 644 1553105932713 
512 559 644 1553105932745 
512 560 644 1553105932792 
512 561 644 1553105932821 
513 561 644 1553105932821 
512 562 644 1553105932844 
512 563 644 1553105932858 
512 564 644 1553105932875 
514 564 644 1553105932975 
512 563 643 1553105933014 
512 563 641 1553105933020 
512 563 638 1553105933028 
512 563 634 1553105933037 
512 563 628 1553105933044 
512 562 621 1553105933052 
512 560 611 1553105933060 
512 560 602 1553105933068 
512 559 590 1553105933075 
512 557 578 1553105933082 
512 556 564 1553105933091 
512 555 546 1553105933098 
512 554 531 1553105933108 
512 553 517 1553105933114 
512 551 505 1553105933122 
512 550 494 1553105933128 
512 549 485 1553105933136 
512 548 476 1553105933144 
512 548 470 1553105933152 
512 548 464 1553105933160 
512 548 459 1553105933168 
512 549 452 1553105933176 
512 551 446 1553105933182 
512 554 438 1553105933191 
512 558 429 1553105933198 
512 563 419 1553105933208 
512 571 409 1553105933214 
512 580 401 1553105933223 
512 590 390 1553105933230 
512 602 380 1553105933235 
512 613 370 1553105933244 
512 628 358 1553105933251 
512 643 346 1553105933259 
512 653 336 1553105933267 
512 660 325 1553105933276 
512 668 315 1553105933283 
512 675 305 1553105933291 
512 679 295 1553105933297 
512 682 288 1553105933308 
512 684 283 1553105933314 
512 686 277 1553105933322 
512 687 272 1553105933329 
512 688 269 1553105933337 
512 689 266 1553105933343 
512 689 263 1553105933351 
512 690 260 1553105933359 
512 690 257 1553105933367 
512 691 255 1553105933376 
512 691 253 1553105933383 
512 691 252 1553105933392 
512 691 251 1553105933397 
512 691 250 1553105933407 
512 690 250 1553105933413 
512 689 249 1553105933422 
512 689 247 1553105933429 
512 689 245 1553105933437 
512 688 243 1553105933445 
512 688 241 1553105933451 
512 688 239 1553105933459 
512 688 236 1553105933467 
512 688 235 1553105933475 
512 687 235 1553105933483 
512 687 233 1553105933492 
512 687 232 1553105933499 
512 687 231 1553105933513 
512 688 230 1553105933522 
512 688 229 1553105933529 
512 689 228 1553105933537 
512 690 227 1553105933545 
512 690 225 1553105933551 
512 691 224 1553105933559 
512 692 222 1553105933567 
512 693 220 1553105933575 
512 694 219 1553105933583 
512 696 217 1553105933591 
512 697 214 1553105933599 
512 699 212 1553105933607 
512 701 210 1553105933613 
512 702 208 1553105933622 
512 703 207 1553105933629 
512 703 206 1553105933637 
512 704 206 1553105933645 
512 704 205 1553105933653 
512 704 204 1553105933667 
512 705 204 1553105933675 
513 705 204 1553105933737 
514 705 204 1553105933853 
