512 698 214 1553105944767 
512 698 217 1553105944773 
512 699 224 1553105944783 
512 702 232 1553105944789 
512 706 243 1553105944797 
512 709 255 1553105944805 
512 711 268 1553105944813 
512 712 280 1553105944821 
512 712 290 1553105944829 
512 713 301 1553105944835 
512 714 313 1553105944843 
512 715 325 1553105944851 
512 719 340 1553105944859 
512 723 356 1553105944867 
512 727 375 1553105944875 
512 731 394 1553105944883 
512 737 418 1553105944889 
512 740 434 1553105944900 
512 744 452 1553105944905 
512 748 468 1553105944913 
512 751 481 1553105944921 
512 755 493 1553105944929 
512 759 502 1553105944937 
512 762 511 1553105944943 
512 766 517 1553105944951 
512 770 523 1553105944959 
512 774 529 1553105944968 
512 777 532 1553105944975 
512 778 535 1553105944983 
512 779 537 1553105944988 
512 779 539 1553105944997 
512 779 541 1553105945005 
512 780 543 1553105945012 
512 780 545 1553105945021 
512 780 548 1553105945029 
512 780 550 1553105945036 
512 780 552 1553105945042 
512 781 554 1553105945051 
512 782 556 1553105945059 
512 783 559 1553105945067 
512 784 561 1553105945074 
512 786 564 1553105945082 
512 789 569 1553105945090 
512 791 572 1553105945099 
512 795 578 1553105945104 
512 800 585 1553105945112 
512 807 594 1553105945121 
512 812 603 1553105945128 
512 816 610 1553105945136 
512 820 616 1553105945144 
512 824 620 1553105945152 
512 826 622 1553105945158 
512 829 624 1553105945167 
512 829 626 1553105945174 
512 830 627 1553105945182 
512 831 628 1553105945190 
512 831 629 1553105945212 
512 831 630 1553105945299 
512 831 631 1553105945312 
512 831 632 1553105945320 
512 831 633 1553105945336 
512 831 634 1553105945352 
512 832 634 1553105945360 
512 832 635 1553105945366 
512 832 636 1553105945374 
512 833 636 1553105945390 
512 833 637 1553105945398 
512 834 637 1553105945406 
512 835 637 1553105945490 
513 835 637 1553105945528 
512 836 637 1553105945543 
512 837 637 1553105945575 
512 838 637 1553105945598 
512 837 637 1553105945683 
514 837 637 1553105945684 
512 836 637 1553105945698 
512 835 637 1553105945759 
512 832 635 1553105945767 
512 828 633 1553105945775 
512 821 630 1553105945784 
512 813 627 1553105945791 
512 805 623 1553105945798 
512 796 618 1553105945805 
512 785 614 1553105945814 
512 768 609 1553105945821 
512 749 604 1553105945830 
512 725 599 1553105945837 
512 706 594 1553105945845 
512 684 588 1553105945853 
512 663 584 1553105945859 
512 644 578 1553105945867 
512 632 574 1553105945875 
512 623 569 1553105945883 
512 617 567 1553105945891 
512 611 565 1553105945899 
512 606 562 1553105945905 
512 601 559 1553105945914 
512 596 556 1553105945921 
512 594 554 1553105945930 
512 590 551 1553105945937 
512 588 548 1553105945945 
512 586 542 1553105945953 
512 584 537 1553105945958 
512 581 531 1553105945967 
512 577 525 1553105945974 
512 572 517 1553105945982 
512 566 508 1553105945990 
512 561 498 1553105945999 
512 554 490 1553105946006 
512 548 481 1553105946013 
512 541 471 1553105946020 
512 535 461 1553105946030 
512 528 451 1553105946036 
512 521 441 1553105946045 
512 514 431 1553105946052 
512 507 423 1553105946060 
512 503 414 1553105946066 
512 499 408 1553105946074 
512 496 402 1553105946082 
512 492 398 1553105946090 
512 489 394 1553105946098 
512 487 392 1553105946106 
512 486 389 1553105946115 
512 484 387 1553105946120 
512 483 386 1553105946130 
512 482 384 1553105946136 
512 481 382 1553105946147 
512 480 380 1553105946152 
512 479 379 1553105946160 
512 477 378 1553105946174 
512 475 377 1553105946182 
512 473 376 1553105946190 
512 472 375 1553105946206 
512 471 374 1553105946214 
512 471 373 1553105946230 
512 471 372 1553105946244 
512 471 371 1553105946260 
512 471 370 1553105946268 
513 471 370 1553105946352 
514 471 370 1553105946492 
512 472 371 1553105946522 
512 473 372 1553105946538 
512 474 372 1553105946548 
512 475 372 1553105946552 
512 477 373 1553105946560 
512 486 378 1553105946587 
512 490 381 1553105946591 
512 493 382 1553105946600 
512 498 385 1553105946606 
512 504 388 1553105946616 
512 510 391 1553105946622 
512 517 393 1553105946633 
512 525 394 1553105946638 
512 533 394 1553105946649 
512 541 394 1553105946654 
512 552 392 1553105946660 
512 561 390 1553105946668 
512 571 387 1553105946677 
512 581 384 1553105946684 
512 590 379 1553105946693 
512 598 375 1553105946700 
512 606 369 1553105946708 
512 611 363 1553105946715 
512 615 357 1553105946722 
512 618 351 1553105946732 
512 620 345 1553105946738 
512 621 337 1553105946749 
512 622 327 1553105946754 
512 623 313 1553105946765 
512 627 301 1553105946768 
512 630 289 1553105946776 
512 633 275 1553105946784 
512 635 263 1553105946792 
512 638 251 1553105946800 
512 640 240 1553105946808 
512 643 231 1553105946816 
512 647 223 1553105946822 
512 651 217 1553105946832 
512 655 211 1553105946838 
512 659 205 1553105946849 
512 664 200 1553105946854 
512 668 196 1553105946865 
512 672 192 1553105946868 
512 675 189 1553105946876 
512 679 187 1553105946884 
512 681 185 1553105946892 
512 682 185 1553105946900 
512 683 185 1553105946916 
512 684 185 1553105946934 
512 686 185 1553105946948 
512 687 185 1553105946954 
512 689 185 1553105946967 
512 691 186 1553105946969 
512 694 187 1553105946984 
512 697 187 1553105946985 
512 699 188 1553105946991 
512 700 189 1553105946999 
512 702 189 1553105947007 
512 703 190 1553105947015 
512 704 191 1553105947023 
512 705 192 1553105947036 
512 705 193 1553105947047 
512 706 194 1553105947052 
512 707 195 1553105947068 
512 708 196 1553105947078 
512 708 197 1553105947082 
512 709 197 1553105947090 
512 709 198 1553105947098 
512 710 199 1553105947106 
512 711 200 1553105947114 
512 712 201 1553105947130 
512 712 202 1553105947195 
512 712 203 1553105947223 
512 712 204 1553105947239 
512 712 205 1553105947266 
512 711 206 1553105947285 
512 710 206 1553105947295 
512 710 207 1553105947316 
512 709 207 1553105947332 
512 708 207 1553105947349 
512 707 207 1553105947365 
512 706 207 1553105947369 
512 705 207 1553105947385 
512 703 207 1553105947401 
512 702 207 1553105947415 
512 701 207 1553105947423 
512 700 208 1553105947439 
512 699 208 1553105947448 
513 699 208 1553105947496 
514 699 208 1553105947623 
512 699 209 1553105947629 
512 699 211 1553105947645 
512 699 213 1553105947653 
512 699 216 1553105947661 
512 699 219 1553105947669 
512 702 225 1553105947681 
512 706 233 1553105947684 
512 709 243 1553105947694 
512 710 254 1553105947700 
512 712 266 1553105947710 
512 713 278 1553105947716 
512 714 292 1553105947724 
512 719 310 1553105947731 
512 723 326 1553105947738 
512 727 342 1553105947747 
512 730 358 1553105947754 
512 735 375 1553105947763 
512 741 394 1553105947770 
512 745 410 1553105947780 
512 748 426 1553105947784 
512 752 439 1553105947794 
512 753 454 1553105947800 
512 755 466 1553105947809 
512 758 478 1553105947816 
512 765 489 1553105947824 
512 773 499 1553105947832 
512 783 508 1553105947838 
512 800 517 1553105947846 
512 814 522 1553105947853 
512 826 525 1553105947863 
512 837 526 1553105947870 
512 845 526 1553105947880 
512 854 523 1553105947886 
512 862 520 1553105947893 
512 868 516 1553105947900 
512 870 513 1553105947909 
512 873 509 1553105947916 
512 875 506 1553105947924 
512 878 501 1553105947932 
512 881 496 1553105947939 
512 882 491 1553105947946 
512 883 485 1553105947960 
512 884 482 1553105947961 
512 884 478 1553105947969 
512 884 475 1553105947978 
512 884 472 1553105947985 
512 884 469 1553105947994 
512 885 466 1553105947999 
512 885 463 1553105948008 
512 885 460 1553105948015 
512 885 457 1553105948024 
512 885 454 1553105948032 
512 885 451 1553105948040 
512 885 449 1553105948048 
512 885 447 1553105948054 
512 884 445 1553105948064 
512 883 443 1553105948070 
512 882 440 1553105948080 
512 882 438 1553105948085 
512 882 435 1553105948097 
512 882 432 1553105948101 
512 882 429 1553105948110 
512 882 426 1553105948117 
512 882 423 1553105948124 
512 883 421 1553105948132 
512 884 419 1553105948139 
512 884 416 1553105948148 
512 885 414 1553105948155 
512 887 411 1553105948164 
512 889 408 1553105948169 
512 891 406 1553105948180 
512 893 403 1553105948186 
512 897 399 1553105948197 
512 900 395 1553105948201 
512 903 393 1553105948213 
512 905 391 1553105948215 
512 908 388 1553105948224 
512 911 386 1553105948232 
512 913 384 1553105948240 
512 915 383 1553105948248 
512 916 382 1553105948255 
512 917 379 1553105948263 
512 918 377 1553105948269 
512 919 376 1553105948280 
512 920 374 1553105948285 
512 921 373 1553105948301 
512 921 372 1553105948317 
513 921 372 1553105948535 
514 921 372 1553105948670 
512 920 372 1553105948858 
512 915 374 1553105948864 
512 886 388 1553105948899 
512 876 394 1553105948902 
512 857 407 1553105948910 
512 829 431 1553105948915 
512 801 454 1553105948923 
512 766 474 1553105948930 
512 740 489 1553105948939 
512 713 506 1553105948947 
512 692 518 1553105948959 
512 671 530 1553105948965 
512 657 540 1553105948970 
512 645 548 1553105948978 
512 639 553 1553105948986 
512 637 556 1553105948995 
512 636 557 1553105949002 
512 636 558 1553105949012 
512 635 558 1553105949029 
512 634 558 1553105949117 
512 634 559 1553105949141 
512 633 559 1553105949157 
512 631 562 1553105949164 
512 630 564 1553105949171 
512 628 567 1553105949179 
512 625 570 1553105949186 
512 621 574 1553105949195 
512 617 579 1553105949201 
512 612 585 1553105949211 
512 606 591 1553105949217 
512 602 597 1553105949228 
512 598 603 1553105949233 
512 594 607 1553105949241 
512 589 612 1553105949248 
512 586 615 1553105949255 
512 583 618 1553105949263 
512 581 620 1553105949270 
512 579 622 1553105949278 
512 576 624 1553105949287 
512 575 624 1553105949293 
512 574 625 1553105949301 
512 573 626 1553105949326 
512 571 627 1553105949332 
512 569 627 1553105949342 
512 567 627 1553105949346 
512 565 628 1553105949356 
512 563 628 1553105949362 
512 561 629 1553105949371 
512 559 629 1553105949379 
512 557 630 1553105949395 
512 556 631 1553105949401 
512 554 632 1553105949411 
512 552 632 1553105949417 
512 549 633 1553105949428 
512 547 634 1553105949433 
512 546 634 1553105949444 
512 544 635 1553105949449 
512 542 636 1553105949457 
512 540 637 1553105949464 
512 539 637 1553105949471 
512 538 638 1553105949479 
512 537 638 1553105949548 
512 536 638 1553105949561 
512 536 639 1553105949664 
512 536 640 1553105949686 
512 537 641 1553105949694 
512 539 643 1553105949702 
512 540 644 1553105949710 
512 542 645 1553105949718 
512 544 646 1553105949727 
512 546 646 1553105949732 
512 548 646 1553105949748 
512 549 646 1553105949764 
512 550 646 1553105949794 
512 551 646 1553105949802 
512 551 645 1553105949827 
512 552 645 1553105949832 
512 553 645 1553105949848 
512 553 644 1553105949864 
512 554 644 1553105949877 
512 555 644 1553105949926 
512 556 643 1553105949932 
513 556 643 1553105949980 
512 558 642 1553105950027 
514 558 642 1553105950132 
512 558 641 1553105950242 
512 560 639 1553105950249 
512 563 633 1553105950259 
512 596 592 1553105950299 
512 605 585 1553105950302 
512 611 580 1553105950309 
512 614 578 1553105950315 
512 614 577 1553105950323 
512 615 577 1553105950378 
512 616 577 1553105950388 
512 621 577 1553105950394 
512 629 578 1553105950404 
512 641 579 1553105950410 
512 656 581 1553105950418 
512 673 583 1553105950425 
512 696 586 1553105950432 
512 714 588 1553105950441 
512 730 592 1553105950448 
512 748 596 1553105950457 
512 767 600 1553105950464 
512 784 605 1553105950474 
512 797 609 1553105950478 
512 809 612 1553105950488 
512 818 614 1553105950494 
512 822 616 1553105950502 
512 824 616 1553105950510 
512 824 617 1553105950518 
512 824 618 1553105950564 
512 824 620 1553105950587 
512 824 622 1553105950594 
512 824 625 1553105950603 
512 824 628 1553105950612 
512 824 631 1553105950618 
512 824 633 1553105950626 
512 824 636 1553105950634 
512 824 638 1553105950640 
512 824 640 1553105950648 
512 824 641 1553105950656 
512 824 642 1553105950664 
512 825 643 1553105950673 
512 825 644 1553105950680 
512 825 645 1553105950710 
512 826 645 1553105950725 
512 827 645 1553105950733 
512 827 646 1553105950779 
512 828 646 1553105950795 
512 831 646 1553105950801 
512 833 646 1553105950809 
512 835 645 1553105950817 
512 837 645 1553105950826 
512 839 644 1553105950834 
512 841 644 1553105950842 
512 842 643 1553105950848 
512 843 643 1553105950858 
512 844 643 1553105950875 
512 845 643 1553105950891 
512 846 643 1553105950925 
512 847 643 1553105950964 
513 847 643 1553105950966 
512 849 643 1553105951011 
512 848 643 1553105951095 
514 848 643 1553105951120 
512 846 643 1553105951156 
512 845 643 1553105951171 
512 842 643 1553105951178 
512 834 642 1553105951208 
512 831 641 1553105951210 
512 828 640 1553105951220 
512 825 640 1553105951226 
512 820 640 1553105951232 
512 814 640 1553105951240 
512 810 640 1553105951248 
512 806 640 1553105951256 
512 800 639 1553105951264 
512 796 636 1553105951272 
512 790 632 1553105951278 
512 783 627 1553105951288 
512 780 623 1553105951294 
512 774 614 1553105951304 
512 771 607 1553105951310 
512 769 601 1553105951321 
512 769 598 1553105951326 
512 769 596 1553105951332 
512 769 594 1553105951341 
512 771 591 1553105951349 
512 774 589 1553105951357 
512 777 585 1553105951365 
512 783 581 1553105951373 
512 793 576 1553105951380 
512 806 569 1553105951390 
512 824 561 1553105951394 
512 844 552 1553105951407 
512 864 544 1553105951410 
512 889 534 1553105951424 
512 906 529 1553105951426 
512 918 524 1553105951436 
512 927 520 1553105951443 
512 934 516 1553105951448 
512 937 513 1553105951457 
512 939 511 1553105951464 
512 940 509 1553105951472 
512 940 508 1553105951480 
512 940 506 1553105951489 
512 939 504 1553105951495 
512 939 503 1553105951507 
512 938 501 1553105951510 
512 936 499 1553105951524 
512 936 498 1553105951526 
512 935 496 1553105951542 
512 934 493 1553105951543 
512 934 492 1553105951548 
512 933 491 1553105951556 
512 932 489 1553105951564 
512 931 486 1553105951573 
512 931 484 1553105951580 
512 931 482 1553105951589 
512 930 480 1553105951596 
512 930 478 1553105951607 
512 929 475 1553105951610 
512 928 472 1553105951624 
512 928 470 1553105951626 
512 927 466 1553105951636 
512 926 460 1553105951643 
512 925 452 1553105951653 
512 923 447 1553105951659 
512 922 440 1553105951664 
512 921 434 1553105951673 
512 920 428 1553105951680 
512 919 423 1553105951689 
512 918 420 1553105951696 
512 918 415 1553105951706 
512 918 411 1553105951710 
512 917 407 1553105951721 
512 917 404 1553105951725 
512 916 400 1553105951734 
512 916 397 1553105951741 
512 916 394 1553105951749 
512 916 392 1553105951757 
512 916 389 1553105951763 
512 916 387 1553105951771 
512 916 384 1553105951780 
512 916 383 1553105951789 
512 916 382 1553105951806 
513 916 382 1553105951923 
514 916 382 1553105952040 
512 916 381 1553105952048 
512 917 380 1553105952072 
512 918 380 1553105952102 
513 918 380 1553105952174 
512 923 380 1553105952305 
514 923 380 1553105952328 
512 924 380 1553105952355 
512 925 380 1553105952371 
512 926 380 1553105952426 
513 926 380 1553105952622 
514 926 380 1553105952750 
512 924 381 1553105952779 
512 922 383 1553105952786 
512 919 385 1553105952795 
512 888 402 1553105952833 
512 878 405 1553105952840 
512 869 408 1553105952850 
512 861 408 1553105952856 
512 855 408 1553105952870 
512 849 409 1553105952873 
512 841 409 1553105952883 
512 833 409 1553105952888 
512 825 409 1553105952895 
512 819 410 1553105952903 
512 816 410 1553105952911 
512 814 410 1553105952919 
512 813 410 1553105952927 
512 812 410 1553105952936 
512 811 410 1553105952953 
512 810 410 1553105952970 
512 809 409 1553105952973 
512 806 408 1553105952983 
512 800 407 1553105952989 
512 791 406 1553105952995 
512 777 405 1553105953003 
512 764 403 1553105953011 
512 751 402 1553105953019 
512 737 401 1553105953027 
512 723 401 1553105953036 
512 708 401 1553105953043 
512 690 401 1553105953052 
512 673 399 1553105953057 
512 658 398 1553105953070 
512 645 398 1553105953073 
512 633 398 1553105953083 
512 624 398 1553105953089 
512 618 397 1553105953098 
512 616 397 1553105953104 
512 615 397 1553105953111 
512 614 397 1553105953119 
512 613 397 1553105953135 
512 613 396 1553105953142 
512 612 396 1553105953151 
512 611 396 1553105953156 
512 610 396 1553105953169 
512 608 396 1553105953173 
512 605 396 1553105953182 
512 602 396 1553105953188 
512 599 396 1553105953198 
512 595 397 1553105953205 
512 589 397 1553105953210 
512 585 397 1553105953219 
512 582 397 1553105953226 
512 577 397 1553105953235 
512 574 397 1553105953242 
512 571 397 1553105953252 
512 568 397 1553105953259 
512 566 396 1553105953269 
512 564 396 1553105953272 
512 562 395 1553105953283 
512 558 394 1553105953289 
512 553 393 1553105953298 
512 547 392 1553105953305 
512 544 392 1553105953312 
512 541 391 1553105953319 
512 537 390 1553105953326 
512 534 389 1553105953335 
512 531 388 1553105953342 
512 530 388 1553105953351 
512 529 387 1553105953358 
512 528 386 1553105953368 
512 527 385 1553105953382 
512 526 385 1553105953388 
512 525 385 1553105953398 
512 524 384 1553105953404 
512 522 383 1553105953412 
512 519 383 1553105953420 
512 517 382 1553105953426 
512 516 381 1553105953435 
512 515 381 1553105953442 
512 513 380 1553105953458 
512 511 380 1553105953471 
512 509 380 1553105953474 
512 507 379 1553105953482 
512 505 379 1553105953488 
512 504 379 1553105953498 
512 503 379 1553105953504 
512 502 379 1553105953512 
512 501 379 1553105953528 
512 499 379 1553105953534 
512 498 379 1553105953542 
512 496 379 1553105953551 
512 494 379 1553105953558 
512 492 379 1553105953568 
512 490 378 1553105953574 
512 488 378 1553105953585 
512 486 378 1553105953587 
512 484 378 1553105953597 
512 482 378 1553105953604 
512 480 378 1553105953611 
512 478 378 1553105953620 
512 477 378 1553105953650 
513 477 378 1553105953745 
514 477 378 1553105953873 
512 480 377 1553105954001 
512 487 376 1553105954005 
512 511 369 1553105954037 
512 517 368 1553105954042 
512 520 368 1553105954050 
512 522 368 1553105954058 
512 523 368 1553105954066 
512 524 369 1553105954081 
512 527 372 1553105954088 
512 528 375 1553105954098 
512 531 378 1553105954104 
512 534 386 1553105954116 
512 537 394 1553105954121 
512 540 404 1553105954127 
512 541 414 1553105954135 
512 544 426 1553105954143 
512 544 437 1553105954151 
512 545 447 1553105954159 
512 546 456 1553105954167 
512 547 462 1553105954175 
512 548 467 1553105954184 
512 549 473 1553105954189 
512 549 478 1553105954201 
512 549 484 1553105954204 
512 548 491 1553105954218 
512 548 497 1553105954220 
512 548 505 1553105954230 
512 548 513 1553105954237 
512 547 523 1553105954242 
512 547 531 1553105954251 
512 548 541 1553105954258 
512 549 549 1553105954267 
512 550 557 1553105954275 
512 551 565 1553105954284 
512 553 572 1553105954288 
512 555 578 1553105954301 
512 557 584 1553105954304 
512 557 589 1553105954318 
512 558 595 1553105954320 
512 560 599 1553105954330 
512 562 603 1553105954337 
512 563 606 1553105954342 
512 564 608 1553105954350 
512 566 610 1553105954358 
512 566 612 1553105954367 
512 567 613 1553105954374 
512 568 614 1553105954384 
512 568 615 1553105954390 
512 569 616 1553105954401 
512 569 617 1553105954404 
512 570 617 1553105954418 
512 571 618 1553105954420 
512 571 619 1553105954430 
512 571 621 1553105954437 
512 571 623 1553105954447 
512 571 625 1553105954454 
512 571 627 1553105954458 
512 571 629 1553105954467 
512 571 632 1553105954474 
512 571 634 1553105954483 
512 571 635 1553105954490 
512 571 637 1553105954500 
512 571 639 1553105954504 
512 571 641 1553105954517 
512 570 642 1553105954521 
512 570 643 1553105954530 
512 569 644 1553105954537 
512 569 645 1553105954547 
512 569 646 1553105954558 
512 568 646 1553105954567 
512 568 647 1553105954574 
512 567 648 1553105954590 
512 566 649 1553105954606 
513 566 649 1553105954884 
512 567 649 1553105954928 
512 568 649 1553105954942 
512 568 648 1553105955004 
512 569 646 1553105955014 
512 571 644 1553105955020 
514 571 644 1553105955042 
512 576 636 1553105955050 
512 578 633 1553105955050 
512 580 627 1553105955059 
512 583 621 1553105955065 
512 586 615 1553105955073 
512 588 607 1553105955081 
512 590 600 1553105955087 
512 592 590 1553105955096 
512 595 578 1553105955104 
512 600 566 1553105955112 
512 604 555 1553105955119 
512 610 543 1553105955130 
512 616 527 1553105955136 
512 624 506 1553105955142 
512 634 488 1553105955150 
512 643 470 1553105955158 
512 650 457 1553105955166 
512 657 442 1553105955174 
512 664 431 1553105955182 
512 668 422 1553105955190 
512 672 414 1553105955198 
512 676 405 1553105955204 
512 679 397 1553105955213 
512 682 391 1553105955220 
512 684 385 1553105955229 
512 684 383 1553105955236 
512 685 381 1553105955246 
512 685 380 1553105955252 
512 685 379 1553105955274 
512 685 378 1553105955297 
512 685 377 1553105955306 
512 685 374 1553105955312 
512 686 371 1553105955319 
512 688 367 1553105955329 
512 689 363 1553105955335 
512 691 356 1553105955346 
512 693 350 1553105955351 
512 694 342 1553105955357 
512 695 335 1553105955365 
512 696 330 1553105955373 
512 697 324 1553105955381 
512 698 318 1553105955389 
512 698 313 1553105955397 
512 699 309 1553105955405 
512 700 304 1553105955412 
512 700 301 1553105955419 
512 701 298 1553105955429 
512 701 295 1553105955435 
512 702 293 1553105955446 
512 703 289 1553105955451 
512 704 284 1553105955466 
512 705 279 1553105955467 
512 706 273 1553105955474 
512 706 266 1553105955482 
512 707 261 1553105955490 
512 707 255 1553105955498 
512 707 251 1553105955506 
512 707 247 1553105955514 
512 706 244 1553105955520 
512 705 240 1553105955531 
512 704 236 1553105955536 
512 704 233 1553105955548 
512 703 230 1553105955552 
512 703 228 1553105955566 
512 703 226 1553105955568 
512 703 225 1553105955574 
512 703 223 1553105955582 
512 703 222 1553105955590 
512 703 221 1553105955598 
512 703 220 1553105955615 
512 703 219 1553105955714 
512 702 219 1553105955722 
512 702 218 1553105955735 
512 702 217 1553105955748 
512 701 217 1553105955751 
512 701 216 1553105955765 
512 700 216 1553105955767 
512 700 214 1553105955778 
512 700 213 1553105955789 
512 699 213 1553105955797 
512 699 212 1553105955805 
512 699 211 1553105955821 
512 698 210 1553105955830 
513 698 210 1553105955879 
512 697 210 1553105955967 
512 696 210 1553105955983 
514 696 210 1553105955990 
