512 700 208 1553105988526 
512 702 213 1553105988534 
512 706 219 1553105988540 
512 711 225 1553105988548 
512 718 231 1553105988557 
512 724 238 1553105988565 
512 730 245 1553105988575 
512 737 255 1553105988581 
512 743 264 1553105988592 
512 750 275 1553105988595 
512 757 285 1553105988603 
512 763 293 1553105988611 
512 769 300 1553105988619 
512 777 306 1553105988626 
512 783 311 1553105988635 
512 788 317 1553105988643 
512 794 321 1553105988649 
512 799 325 1553105988658 
512 805 329 1553105988665 
512 811 334 1553105988678 
512 817 339 1553105988681 
512 822 343 1553105988695 
512 827 346 1553105988697 
512 833 349 1553105988703 
512 836 351 1553105988712 
512 838 352 1553105988719 
512 839 353 1553105988728 
512 840 353 1553105988734 
512 840 354 1553105988743 
512 840 356 1553105988758 
512 840 358 1553105988764 
512 840 361 1553105988775 
512 837 366 1553105988780 
512 834 373 1553105988792 
512 833 382 1553105988796 
512 830 393 1553105988806 
512 827 408 1553105988810 
512 821 428 1553105988818 
512 817 456 1553105988826 
512 812 491 1553105988834 
512 807 519 1553105988842 
512 802 551 1553105988850 
512 798 582 1553105988858 
512 797 607 1553105988864 
512 796 630 1553105988875 
512 797 645 1553105988880 
512 801 661 1553105988892 
512 804 677 1553105988897 
512 805 689 1553105988907 
512 806 698 1553105988913 
512 808 708 1553105988919 
512 809 714 1553105988927 
512 811 718 1553105988935 
512 814 722 1553105988944 
512 816 724 1553105988951 
512 818 726 1553105988960 
512 818 727 1553105988967 
512 819 727 1553105988997 
512 821 726 1553105989028 
512 825 724 1553105989034 
512 828 720 1553105989048 
512 832 718 1553105989049 
512 835 715 1553105989058 
512 838 713 1553105989066 
512 840 709 1553105989075 
512 842 706 1553105989080 
512 843 704 1553105989092 
512 843 702 1553105989096 
512 843 700 1553105989105 
512 843 697 1553105989112 
512 842 695 1553105989121 
512 841 693 1553105989130 
512 841 690 1553105989135 
512 840 688 1553105989143 
512 839 685 1553105989151 
512 838 682 1553105989160 
512 838 680 1553105989166 
512 837 678 1553105989176 
512 837 676 1553105989182 
512 836 674 1553105989194 
512 835 671 1553105989196 
512 835 669 1553105989206 
512 834 667 1553105989213 
512 833 666 1553105989220 
512 833 664 1553105989229 
512 832 662 1553105989236 
512 831 661 1553105989250 
512 831 660 1553105989260 
512 830 659 1553105989266 
512 829 658 1553105989282 
512 829 657 1553105989294 
512 829 656 1553105989306 
512 829 655 1553105989322 
512 830 654 1553105989336 
512 831 653 1553105989350 
512 831 652 1553105989359 
512 832 652 1553105989366 
512 832 651 1553105989376 
512 833 651 1553105989382 
512 834 649 1553105989392 
512 835 648 1553105989406 
512 835 647 1553105989422 
512 836 647 1553105989428 
513 836 647 1553105989476 
512 837 647 1553105989523 
512 836 647 1553105989619 
514 836 647 1553105989627 
512 835 647 1553105989634 
512 834 647 1553105989650 
512 833 647 1553105989658 
512 831 648 1553105989667 
512 829 649 1553105989699 
512 828 649 1553105989712 
512 827 648 1553105989721 
512 826 647 1553105989734 
512 825 647 1553105989750 
512 825 646 1553105989759 
512 823 646 1553105989773 
512 820 646 1553105989781 
512 813 647 1553105989790 
512 802 648 1553105989796 
512 791 651 1553105989807 
512 779 652 1553105989812 
512 764 652 1553105989826 
512 750 653 1553105989828 
512 735 653 1553105989834 
512 719 653 1553105989842 
512 705 655 1553105989850 
512 690 656 1553105989858 
512 675 657 1553105989867 
512 663 658 1553105989874 
512 658 659 1553105989880 
512 656 660 1553105989892 
512 655 660 1553105989897 
512 654 660 1553105989908 
512 653 660 1553105989925 
512 652 660 1553105989943 
512 651 660 1553105989944 
512 647 657 1553105989951 
512 641 650 1553105989959 
512 632 642 1553105989966 
512 625 632 1553105989975 
512 619 622 1553105989983 
512 612 609 1553105989991 
512 607 597 1553105989997 
512 602 583 1553105990008 
512 594 565 1553105990012 
512 585 545 1553105990024 
512 574 526 1553105990029 
512 561 505 1553105990043 
512 552 487 1553105990043 
512 545 474 1553105990050 
512 536 460 1553105990059 
512 532 450 1553105990066 
512 526 442 1553105990075 
512 521 432 1553105990082 
512 514 424 1553105990091 
512 509 418 1553105990097 
512 506 415 1553105990108 
512 504 411 1553105990112 
512 503 410 1553105990124 
512 503 409 1553105990128 
512 502 408 1553105990142 
512 502 407 1553105990159 
512 501 406 1553105990166 
512 500 406 1553105990175 
512 499 405 1553105990182 
512 498 404 1553105990198 
512 497 403 1553105990207 
512 496 402 1553105990225 
512 495 401 1553105990242 
512 494 399 1553105990254 
512 492 399 1553105990260 
512 491 397 1553105990266 
512 490 396 1553105990282 
512 489 396 1553105990291 
512 489 395 1553105990298 
512 488 394 1553105990307 
512 486 392 1553105990312 
512 484 390 1553105990324 
512 483 389 1553105990328 
512 482 388 1553105990341 
512 481 387 1553105990344 
512 481 386 1553105990354 
512 480 386 1553105990366 
512 480 385 1553105990374 
512 479 384 1553105990427 
512 478 383 1553105990443 
512 477 383 1553105990453 
512 476 382 1553105990470 
512 475 382 1553105990476 
512 475 381 1553105990481 
513 475 381 1553105990542 
514 475 381 1553105990643 
512 476 381 1553105990674 
512 477 382 1553105990682 
512 479 383 1553105990688 
512 483 385 1553105990696 
512 501 397 1553105990725 
512 507 402 1553105990728 
512 514 410 1553105990736 
512 522 417 1553105990742 
512 531 426 1553105990750 
512 541 436 1553105990758 
512 553 447 1553105990766 
512 563 456 1553105990774 
512 574 463 1553105990782 
512 585 469 1553105990790 
512 598 476 1553105990796 
512 609 479 1553105990804 
512 619 482 1553105990812 
512 629 484 1553105990821 
512 637 484 1553105990828 
512 644 485 1553105990836 
512 649 485 1553105990844 
512 652 485 1553105990852 
512 655 485 1553105990859 
512 656 485 1553105990874 
512 657 483 1553105990883 
512 657 479 1553105990891 
512 657 471 1553105990899 
512 657 462 1553105990906 
512 656 452 1553105990913 
512 655 440 1553105990923 
512 653 427 1553105990928 
512 650 410 1553105990939 
512 646 389 1553105990944 
512 641 369 1553105990956 
512 635 345 1553105990958 
512 629 324 1553105990967 
512 626 306 1553105990975 
512 625 294 1553105990983 
512 625 282 1553105990991 
512 625 272 1553105990999 
512 627 264 1553105991007 
512 629 257 1553105991012 
512 632 252 1553105991022 
512 635 249 1553105991028 
512 638 245 1553105991039 
512 641 242 1553105991044 
512 643 239 1553105991056 
512 646 237 1553105991060 
512 647 236 1553105991069 
512 648 234 1553105991075 
512 649 233 1553105991090 
512 650 232 1553105991098 
512 651 231 1553105991106 
512 652 230 1553105991122 
512 654 229 1553105991128 
512 655 229 1553105991144 
512 656 229 1553105991172 
512 657 230 1553105991175 
512 658 231 1553105991190 
512 660 231 1553105991198 
512 662 231 1553105991206 
512 663 232 1553105991214 
512 665 232 1553105991222 
512 666 232 1553105991228 
512 667 232 1553105991239 
512 669 232 1553105991244 
512 672 232 1553105991255 
512 675 230 1553105991260 
512 678 227 1553105991272 
512 681 225 1553105991276 
512 684 223 1553105991282 
512 687 219 1553105991290 
512 689 218 1553105991298 
512 692 215 1553105991306 
512 695 213 1553105991314 
512 696 211 1553105991322 
512 697 209 1553105991330 
512 699 208 1553105991339 
512 699 207 1553105991344 
512 700 207 1553105991363 
512 700 206 1553105991430 
513 700 206 1553105991499 
514 700 206 1553105991621 
512 700 208 1553105991636 
512 700 210 1553105991644 
512 699 213 1553105991652 
512 698 216 1553105991658 
512 696 219 1553105991666 
512 696 222 1553105991674 
512 695 228 1553105991685 
512 694 233 1553105991690 
512 693 240 1553105991699 
512 693 247 1553105991705 
512 693 256 1553105991712 
512 693 265 1553105991720 
512 695 272 1553105991728 
512 699 280 1553105991736 
512 703 289 1553105991744 
512 708 297 1553105991752 
512 714 306 1553105991761 
512 720 316 1553105991771 
512 724 325 1553105991775 
512 727 336 1553105991789 
512 730 346 1553105991791 
512 734 354 1553105991801 
512 735 364 1553105991807 
512 737 373 1553105991815 
512 739 385 1553105991821 
512 744 399 1553105991829 
512 748 412 1553105991837 
512 756 428 1553105991845 
512 765 444 1553105991854 
512 776 456 1553105991861 
512 789 465 1553105991871 
512 799 469 1553105991875 
512 809 471 1553105991888 
512 817 471 1553105991890 
512 825 471 1553105991901 
512 831 468 1553105991907 
512 837 464 1553105991914 
512 843 460 1553105991922 
512 848 455 1553105991928 
512 854 449 1553105991937 
512 858 446 1553105991945 
512 861 442 1553105991954 
512 864 440 1553105991960 
512 866 437 1553105991970 
512 867 435 1553105991976 
512 869 433 1553105991988 
512 870 431 1553105991990 
512 871 429 1553105992000 
512 872 428 1553105992007 
512 872 426 1553105992016 
512 874 425 1553105992023 
512 875 424 1553105992028 
512 876 423 1553105992037 
512 876 422 1553105992044 
512 877 421 1553105992053 
512 878 421 1553105992060 
512 880 420 1553105992070 
512 882 419 1553105992076 
512 883 419 1553105992088 
512 884 418 1553105992090 
512 885 417 1553105992101 
512 887 417 1553105992107 
512 889 416 1553105992116 
512 892 415 1553105992123 
512 893 414 1553105992129 
512 894 414 1553105992137 
512 895 413 1553105992144 
512 896 413 1553105992152 
512 896 412 1553105992159 
512 897 411 1553105992168 
512 900 411 1553105992175 
512 902 410 1553105992185 
512 905 409 1553105992189 
512 907 408 1553105992199 
512 908 407 1553105992205 
512 911 406 1553105992215 
512 912 405 1553105992230 
512 913 404 1553105992246 
512 913 403 1553105992254 
512 914 402 1553105992270 
512 914 401 1553105992286 
512 915 401 1553105992292 
512 915 400 1553105992300 
512 915 399 1553105992306 
512 915 398 1553105992322 
512 915 396 1553105992330 
512 915 394 1553105992338 
512 915 392 1553105992345 
512 915 390 1553105992354 
512 916 388 1553105992359 
512 916 386 1553105992370 
512 916 384 1553105992376 
512 917 382 1553105992386 
512 917 381 1553105992391 
512 917 379 1553105992403 
512 917 378 1553105992405 
512 918 377 1553105992416 
512 919 375 1553105992422 
512 920 373 1553105992429 
512 920 371 1553105992437 
512 921 370 1553105992445 
512 922 368 1553105992453 
512 922 367 1553105992459 
512 923 366 1553105992469 
512 924 366 1553105992475 
512 924 365 1553105992486 
512 925 365 1553105992491 
513 925 365 1553105992531 
512 926 365 1553105992573 
514 926 365 1553105992674 
512 926 366 1553105992698 
512 926 367 1553105992705 
512 926 368 1553105992722 
512 926 369 1553105992736 
512 926 370 1553105992752 
512 926 372 1553105992807 
512 926 373 1553105992808 
513 926 373 1553105992878 
514 926 373 1553105992999 
512 925 374 1553105993014 
512 922 376 1553105993021 
512 918 379 1553105993033 
512 881 408 1553105993064 
512 867 418 1553105993068 
512 854 425 1553105993075 
512 843 432 1553105993083 
512 829 436 1553105993091 
512 816 443 1553105993099 
512 805 450 1553105993105 
512 788 458 1553105993116 
512 779 463 1553105993121 
512 769 469 1553105993133 
512 759 473 1553105993137 
512 756 475 1553105993151 
512 754 477 1553105993153 
512 754 479 1553105993167 
512 754 480 1553105993175 
512 754 481 1553105993191 
512 754 482 1553105993199 
512 754 483 1553105993216 
512 754 485 1553105993232 
512 753 488 1553105993237 
512 750 490 1553105993246 
512 746 494 1553105993253 
512 740 498 1553105993262 
512 734 504 1553105993267 
512 726 511 1553105993275 
512 714 519 1553105993284 
512 701 529 1553105993291 
512 687 539 1553105993301 
512 669 547 1553105993307 
512 650 561 1553105993318 
512 635 574 1553105993322 
512 620 586 1553105993335 
512 607 601 1553105993337 
512 594 612 1553105993347 
512 586 623 1553105993354 
512 578 631 1553105993364 
512 573 636 1553105993371 
512 569 640 1553105993375 
512 566 643 1553105993384 
512 563 647 1553105993391 
512 559 651 1553105993401 
512 556 654 1553105993407 
512 551 658 1553105993417 
512 545 663 1553105993423 
512 538 667 1553105993435 
512 532 670 1553105993437 
512 526 673 1553105993447 
512 523 674 1553105993454 
512 521 675 1553105993463 
512 521 674 1553105993561 
512 521 673 1553105993585 
512 521 672 1553105993600 
512 521 670 1553105993607 
512 522 669 1553105993617 
512 523 667 1553105993623 
512 524 666 1553105993634 
512 526 664 1553105993639 
512 528 662 1553105993646 
512 530 660 1553105993653 
512 531 659 1553105993663 
512 532 658 1553105993669 
512 533 657 1553105993677 
512 534 656 1553105993685 
512 535 655 1553105993693 
512 537 654 1553105993700 
512 538 653 1553105993707 
512 539 652 1553105993716 
512 540 651 1553105993723 
512 541 650 1553105993739 
512 542 650 1553105993750 
512 543 649 1553105993763 
512 544 648 1553105993777 
512 544 647 1553105993785 
512 545 647 1553105993792 
512 546 647 1553105993801 
512 546 646 1553105993806 
512 547 646 1553105993816 
512 548 645 1553105993822 
512 549 645 1553105993838 
512 550 645 1553105993850 
512 551 645 1553105993868 
512 552 645 1553105993892 
512 552 644 1553105993900 
512 553 643 1553105993908 
512 554 643 1553105993917 
512 554 642 1553105993922 
512 555 642 1553105993933 
513 555 642 1553105993970 
512 556 642 1553105994014 
512 557 642 1553105994021 
514 557 642 1553105994129 
512 557 643 1553105994145 
512 557 644 1553105994152 
512 557 645 1553105994168 
512 556 645 1553105994178 
512 556 646 1553105994182 
512 555 646 1553105994190 
512 555 647 1553105994198 
512 554 647 1553105994207 
512 553 649 1553105994214 
512 552 651 1553105994230 
512 551 653 1553105994236 
512 551 656 1553105994245 
512 550 658 1553105994252 
512 549 660 1553105994261 
512 549 661 1553105994268 
512 548 664 1553105994278 
512 548 665 1553105994282 
512 548 667 1553105994290 
512 548 669 1553105994298 
512 547 671 1553105994306 
512 547 674 1553105994314 
512 547 676 1553105994322 
512 546 678 1553105994330 
512 546 680 1553105994336 
512 546 682 1553105994345 
512 546 685 1553105994352 
512 550 689 1553105994362 
512 556 692 1553105994368 
512 564 694 1553105994379 
512 573 695 1553105994385 
512 585 695 1553105994395 
512 597 695 1553105994400 
512 612 694 1553105994407 
512 625 693 1553105994415 
512 639 689 1553105994423 
512 651 686 1553105994432 
512 661 683 1553105994439 
512 668 678 1553105994448 
512 676 675 1553105994453 
512 685 672 1553105994464 
512 694 670 1553105994469 
512 704 668 1553105994482 
512 713 666 1553105994485 
512 722 665 1553105994495 
512 727 664 1553105994500 
512 732 662 1553105994507 
512 736 661 1553105994515 
512 740 660 1553105994523 
512 743 660 1553105994531 
512 749 659 1553105994539 
512 754 659 1553105994547 
512 761 658 1553105994552 
512 770 657 1553105994564 
512 778 656 1553105994568 
512 787 655 1553105994582 
512 794 654 1553105994584 
512 800 653 1553105994594 
512 804 652 1553105994600 
512 806 652 1553105994610 
512 807 652 1553105994617 
512 808 652 1553105994668 
512 809 652 1553105994684 
512 810 652 1553105994695 
512 810 653 1553105994701 
512 810 654 1553105994711 
512 811 654 1553105994722 
512 811 655 1553105994738 
512 812 655 1553105994768 
512 813 655 1553105994794 
512 814 655 1553105994801 
512 815 655 1553105994808 
512 817 655 1553105994816 
512 819 654 1553105994822 
512 822 653 1553105994831 
512 825 652 1553105994838 
512 827 651 1553105994847 
512 829 651 1553105994854 
512 830 650 1553105994864 
512 832 649 1553105994870 
512 833 649 1553105994884 
512 833 648 1553105994894 
512 834 648 1553105994901 
512 835 647 1553105994910 
512 836 647 1553105994924 
512 837 646 1553105994938 
512 838 646 1553105994954 
512 839 646 1553105994964 
512 839 645 1553105994970 
513 839 645 1553105995048 
512 840 645 1553105995089 
512 841 645 1553105995099 
512 840 645 1553105995169 
512 839 645 1553105995180 
514 839 645 1553105995185 
512 838 646 1553105995193 
512 838 647 1553105995200 
512 836 648 1553105995206 
512 836 649 1553105995214 
512 834 650 1553105995223 
512 826 651 1553105995255 
512 825 651 1553105995261 
512 823 651 1553105995268 
512 821 651 1553105995276 
512 819 651 1553105995284 
512 816 650 1553105995293 
512 814 649 1553105995303 
512 811 649 1553105995306 
512 807 648 1553105995314 
512 805 647 1553105995322 
512 805 646 1553105995330 
512 804 645 1553105995338 
512 803 645 1553105995347 
512 803 644 1553105995355 
512 802 644 1553105995369 
512 800 644 1553105995379 
512 797 644 1553105995385 
512 793 645 1553105995395 
512 787 646 1553105995401 
512 783 646 1553105995412 
512 780 646 1553105995414 
512 778 646 1553105995423 
512 777 646 1553105995438 
512 776 646 1553105995446 
512 778 643 1553105995484 
512 782 638 1553105995495 
512 786 632 1553105995500 
512 793 626 1553105995512 
512 801 617 1553105995516 
512 811 607 1553105995523 
512 829 592 1553105995530 
512 852 570 1553105995539 
512 883 543 1553105995547 
512 906 525 1553105995554 
512 925 512 1553105995563 
512 938 499 1553105995571 
512 948 489 1553105995579 
512 955 483 1553105995585 
512 962 476 1553105995596 
512 964 472 1553105995600 
512 966 468 1553105995613 
512 967 464 1553105995616 
512 967 461 1553105995631 
512 967 458 1553105995632 
512 967 455 1553105995639 
512 967 452 1553105995646 
512 967 449 1553105995655 
512 967 446 1553105995663 
512 968 444 1553105995670 
512 968 441 1553105995679 
512 968 438 1553105995684 
512 969 434 1553105995696 
512 969 431 1553105995700 
512 969 429 1553105995713 
512 969 427 1553105995716 
512 969 425 1553105995730 
512 968 423 1553105995732 
512 967 420 1553105995739 
512 964 418 1553105995747 
512 962 416 1553105995754 
512 960 414 1553105995762 
512 957 412 1553105995770 
512 955 411 1553105995779 
512 953 408 1553105995784 
512 951 406 1553105995796 
512 949 404 1553105995800 
512 948 401 1553105995813 
512 947 399 1553105995816 
512 945 397 1553105995830 
512 942 395 1553105995832 
512 940 392 1553105995842 
512 938 390 1553105995848 
512 936 388 1553105995854 
512 934 386 1553105995863 
512 932 386 1553105995870 
512 931 385 1553105995879 
512 931 384 1553105995886 
512 930 384 1553105995895 
512 929 383 1553105995900 
512 929 382 1553105995916 
512 928 381 1553105995929 
512 928 380 1553105995942 
512 928 379 1553105995954 
512 927 378 1553105995962 
512 927 377 1553105995970 
512 926 376 1553105995986 
512 925 376 1553105995995 
512 925 375 1553105996012 
513 925 375 1553105996060 
514 925 375 1553105996168 
512 924 375 1553105996184 
512 924 376 1553105996192 
512 923 378 1553105996200 
512 922 381 1553105996208 
512 921 383 1553105996217 
512 921 386 1553105996224 
512 920 392 1553105996230 
512 919 398 1553105996239 
512 919 403 1553105996246 
512 919 410 1553105996254 
512 919 414 1553105996262 
512 920 417 1553105996268 
512 923 419 1553105996276 
512 925 420 1553105996284 
512 927 420 1553105996292 
512 929 420 1553105996300 
512 930 420 1553105996309 
512 933 419 1553105996316 
512 934 419 1553105996325 
512 934 418 1553105996330 
512 935 418 1553105996339 
512 936 418 1553105996346 
512 935 418 1553105996392 
512 927 420 1553105996400 
512 911 425 1553105996409 
512 887 431 1553105996416 
512 858 436 1553105996425 
512 837 436 1553105996432 
512 811 436 1553105996439 
512 774 429 1553105996446 
512 745 422 1553105996454 
512 708 415 1553105996463 
512 675 405 1553105996471 
512 645 395 1553105996479 
512 625 389 1553105996485 
512 615 386 1553105996494 
512 609 383 1553105996501 
512 605 380 1553105996511 
512 604 380 1553105996517 
512 602 378 1553105996528 
512 601 376 1553105996540 
512 600 375 1553105996548 
512 598 373 1553105996557 
512 595 373 1553105996564 
512 592 370 1553105996571 
512 588 369 1553105996579 
512 581 368 1553105996586 
512 574 367 1553105996595 
512 567 366 1553105996601 
512 561 363 1553105996611 
512 555 362 1553105996617 
512 552 359 1553105996627 
512 549 358 1553105996633 
512 546 357 1553105996644 
512 543 356 1553105996646 
512 539 355 1553105996657 
512 537 355 1553105996663 
512 535 354 1553105996670 
512 532 354 1553105996678 
512 529 354 1553105996687 
512 525 354 1553105996695 
512 521 355 1553105996700 
512 515 356 1553105996710 
512 511 358 1553105996716 
512 507 358 1553105996727 
512 504 359 1553105996732 
512 501 360 1553105996744 
512 499 361 1553105996748 
512 497 361 1553105996760 
512 496 361 1553105996762 
512 495 362 1553105996770 
512 494 362 1553105996779 
512 493 362 1553105996794 
512 493 363 1553105996802 
512 492 363 1553105996894 
512 491 364 1553105996960 
512 490 364 1553105996970 
512 486 365 1553105996978 
512 483 365 1553105996986 
512 480 366 1553105996994 
512 477 367 1553105997002 
512 475 368 1553105997010 
512 473 368 1553105997018 
512 472 368 1553105997026 
512 472 369 1553105997031 
513 472 369 1553105997134 
514 472 369 1553105997272 
512 473 370 1553105997316 
512 475 370 1553105997326 
512 479 371 1553105997333 
512 514 374 1553105997372 
512 523 373 1553105997378 
512 528 372 1553105997387 
512 534 371 1553105997394 
512 539 370 1553105997402 
512 544 370 1553105997407 
512 547 369 1553105997416 
512 550 369 1553105997425 
512 554 368 1553105997432 
512 557 367 1553105997441 
512 559 365 1553105997449 
512 562 363 1553105997457 
512 564 361 1553105997462 
512 565 359 1553105997475 
512 568 357 1553105997478 
512 570 355 1553105997488 
512 572 353 1553105997494 
512 573 353 1553105997502 
512 573 356 1553105997559 
512 569 363 1553105997564 
512 563 372 1553105997576 
512 557 382 1553105997578 
512 548 397 1553105997589 
512 543 411 1553105997595 
512 536 430 1553105997602 
512 531 447 1553105997611 
512 528 463 1553105997616 
512 525 475 1553105997625 
512 525 487 1553105997632 
512 525 499 1553105997643 
512 528 509 1553105997648 
512 531 518 1553105997658 
512 535 528 1553105997664 
512 538 539 1553105997676 
512 542 550 1553105997678 
512 544 562 1553105997688 
512 547 573 1553105997695 
512 550 584 1553105997704 
512 555 598 1553105997711 
512 558 609 1553105997718 
512 563 620 1553105997726 
512 566 628 1553105997732 
512 569 637 1553105997741 
512 572 642 1553105997748 
512 574 647 1553105997758 
512 575 649 1553105997764 
512 575 651 1553105997775 
512 575 653 1553105997778 
512 576 655 1553105997788 
512 577 655 1553105997794 
512 577 656 1553105997804 
512 577 657 1553105997811 
512 577 655 1553105997841 
512 577 654 1553105997858 
512 577 653 1553105997875 
512 576 652 1553105997958 
512 575 652 1553105997964 
512 574 652 1553105997974 
512 573 652 1553105997979 
512 572 651 1553105997991 
512 571 650 1553105998002 
512 570 650 1553105998010 
512 570 649 1553105998026 
512 569 649 1553105998033 
512 568 649 1553105998057 
512 568 648 1553105998063 
512 567 648 1553105998074 
512 566 648 1553105998079 
512 566 647 1553105998091 
512 565 646 1553105998095 
512 563 645 1553105998110 
512 562 645 1553105998125 
512 562 644 1553105998133 
513 562 644 1553105998181 
514 562 644 1553105998324 
512 563 642 1553105998426 
512 565 638 1553105998432 
512 575 612 1553105998474 
512 577 605 1553105998478 
512 579 598 1553105998486 
512 582 589 1553105998494 
512 585 581 1553105998502 
512 589 572 1553105998509 
512 593 565 1553105998523 
512 598 556 1553105998526 
512 602 547 1553105998533 
512 609 536 1553105998541 
512 616 523 1553105998548 
512 623 507 1553105998556 
512 633 489 1553105998564 
512 639 474 1553105998573 
512 644 462 1553105998580 
512 647 447 1553105998590 
512 651 428 1553105998594 
512 654 413 1553105998607 
512 656 399 1553105998610 
512 657 386 1553105998624 
512 658 372 1553105998626 
512 660 355 1553105998636 
512 664 339 1553105998643 
512 666 326 1553105998648 
512 667 314 1553105998656 
512 667 305 1553105998664 
512 667 296 1553105998673 
512 665 286 1553105998680 
512 664 280 1553105998689 
512 663 276 1553105998694 
512 661 273 1553105998706 
512 660 270 1553105998710 
512 659 267 1553105998724 
512 658 265 1553105998726 
512 657 265 1553105998736 
512 657 264 1553105998743 
512 656 263 1553105998748 
512 656 262 1553105998826 
512 656 260 1553105998836 
512 657 258 1553105998842 
512 659 255 1553105998852 
512 661 251 1553105998858 
512 664 249 1553105998864 
512 667 247 1553105998872 
512 671 244 1553105998880 
512 675 240 1553105998889 
512 679 238 1553105998896 
512 682 234 1553105998906 
512 687 231 1553105998910 
512 692 227 1553105998923 
512 698 224 1553105998926 
512 701 223 1553105998935 
512 703 221 1553105998942 
512 705 220 1553105998952 
512 706 219 1553105998963 
512 707 219 1553105998980 
512 707 218 1553105998989 
512 708 218 1553105998996 
512 708 217 1553105999011 
512 709 217 1553105999025 
512 709 216 1553105999035 
512 708 215 1553105999157 
512 706 214 1553105999167 
512 705 214 1553105999175 
512 703 213 1553105999181 
512 701 212 1553105999188 
512 700 212 1553105999195 
512 700 211 1553105999205 
513 700 211 1553105999259 
512 699 211 1553105999379 
514 699 211 1553105999380 
