512 699 207 1553174014750 
512 698 207 1553174014765 
512 696 208 1553174014781 
512 695 210 1553174014799 
512 695 215 1553174014816 
512 696 222 1553174014832 
512 701 236 1553174014851 
512 710 257 1553174014866 
512 724 285 1553174014882 
512 756 332 1553174014898 
512 771 354 1553174014916 
512 791 374 1553174014932 
512 817 395 1553174014950 
512 835 410 1553174014966 
512 849 428 1553174014984 
512 855 436 1553174014998 
512 857 444 1553174015017 
512 859 459 1553174015032 
512 860 484 1553174015048 
512 857 507 1553174015065 
512 849 535 1553174015084 
512 845 550 1553174015100 
512 843 558 1553174015115 
512 840 563 1553174015134 
512 836 569 1553174015148 
512 831 577 1553174015165 
512 822 596 1553174015184 
512 821 612 1553174015198 
512 821 627 1553174015216 
512 821 632 1553174015233 
512 821 633 1553174015248 
512 821 634 1553174015298 
512 822 634 1553174015315 
512 823 634 1553174015348 
512 824 635 1553174015382 
512 827 635 1553174015399 
512 828 636 1553174015417 
512 830 636 1553174015432 
512 831 636 1553174015449 
512 833 636 1553174015482 
512 834 637 1553174015498 
512 834 638 1553174015516 
512 835 638 1553174015532 
512 835 639 1553174015549 
512 835 641 1553174015601 
512 835 642 1553174015616 
513 835 642 1553174015624 
512 835 643 1553174015632 
512 836 643 1553174015649 
512 837 643 1553174015683 
514 837 643 1553174015760 
512 837 643 1553174015767 
512 837 641 1553174015915 
512 837 639 1553174015934 
512 837 635 1553174015950 
512 837 629 1553174015966 
512 832 616 1553174015982 
512 819 597 1553174016000 
512 802 570 1553174016017 
512 745 509 1553174016032 
512 696 461 1553174016049 
512 643 420 1553174016066 
512 592 387 1553174016082 
512 554 364 1553174016101 
512 530 352 1553174016117 
512 520 346 1553174016132 
512 521 351 1553174016249 
512 522 358 1553174016267 
512 522 364 1553174016283 
512 522 370 1553174016298 
512 521 375 1553174016316 
512 519 377 1553174016334 
512 515 378 1553174016350 
512 509 379 1553174016365 
512 501 379 1553174016383 
512 492 377 1553174016400 
512 487 374 1553174016417 
512 483 373 1553174016433 
512 482 373 1553174016499 
513 482 373 1553174016588 
512 481 373 1553174016684 
514 481 373 1553174016718 
512 481 373 1553174016731 
512 480 373 1553174016781 
512 479 373 1553174016800 
513 479 373 1553174016872 
514 479 373 1553174017010 
512 480 371 1553174017065 
512 485 370 1553174017083 
512 494 368 1553174017099 
512 506 367 1553174017115 
512 520 367 1553174017134 
512 532 368 1553174017148 
512 545 370 1553174017166 
512 556 372 1553174017182 
512 569 374 1553174017201 
512 578 376 1553174017216 
512 583 379 1553174017232 
512 591 383 1553174017251 
512 596 383 1553174017265 
512 622 370 1553174017282 
512 654 336 1553174017299 
512 677 301 1553174017315 
512 685 273 1553174017332 
512 688 245 1553174017348 
512 690 216 1553174017367 
512 684 205 1553174017382 
512 680 200 1553174017399 
512 677 198 1553174017417 
512 676 198 1553174017432 
512 675 198 1553174017449 
512 674 198 1553174017467 
512 673 200 1553174017482 
512 671 210 1553174017499 
512 669 217 1553174017516 
512 669 223 1553174017533 
512 669 226 1553174017548 
512 669 228 1553174017567 
512 671 228 1553174017582 
512 677 229 1553174017599 
512 683 229 1553174017615 
512 688 227 1553174017634 
512 692 224 1553174017648 
512 695 222 1553174017667 
512 696 221 1553174017699 
512 697 220 1553174017717 
512 697 218 1553174017748 
512 698 217 1553174017865 
512 699 213 1553174017884 
513 699 213 1553174017908 
514 699 213 1553174018044 
512 697 218 1553174018081 
512 694 231 1553174018098 
512 694 245 1553174018117 
512 699 264 1553174018131 
512 704 281 1553174018149 
512 710 299 1553174018167 
512 717 318 1553174018182 
512 727 347 1553174018200 
512 733 359 1553174018215 
512 735 364 1553174018232 
512 736 368 1553174018250 
512 739 372 1553174018265 
512 746 379 1553174018282 
512 763 382 1553174018300 
512 802 372 1553174018315 
512 825 355 1553174018332 
512 843 343 1553174018348 
512 859 333 1553174018365 
512 874 325 1553174018383 
512 884 321 1553174018398 
512 885 320 1553174018415 
512 886 320 1553174018466 
512 887 322 1553174018481 
512 889 329 1553174018498 
512 892 345 1553174018517 
512 892 355 1553174018531 
512 891 366 1553174018548 
512 891 380 1553174018566 
512 896 391 1553174018581 
512 903 399 1553174018598 
512 907 402 1553174018615 
512 909 402 1553174018634 
512 910 402 1553174018650 
512 910 398 1553174018665 
512 911 395 1553174018683 
512 912 391 1553174018698 
512 915 387 1553174018715 
512 918 381 1553174018733 
512 919 379 1553174018748 
512 919 378 1553174018766 
512 920 378 1553174018799 
512 921 377 1553174018832 
512 922 376 1553174018849 
512 923 375 1553174018865 
512 925 375 1553174018882 
512 926 375 1553174018900 
512 927 375 1553174018925 
513 927 375 1553174018925 
512 928 376 1553174018950 
512 929 376 1553174018982 
514 929 376 1553174019078 
512 929 376 1553174019083 
512 928 376 1553174019100 
512 927 376 1553174019115 
512 923 378 1553174019131 
512 919 380 1553174019148 
512 916 382 1553174019166 
512 910 386 1553174019181 
512 902 390 1553174019199 
512 893 396 1553174019216 
512 874 412 1553174019232 
512 862 421 1553174019249 
512 849 433 1553174019267 
512 834 447 1553174019282 
512 816 460 1553174019299 
512 802 470 1553174019317 
512 787 479 1553174019332 
512 761 488 1553174019349 
512 737 497 1553174019366 
512 716 513 1553174019382 
512 698 532 1553174019399 
512 676 562 1553174019418 
512 653 591 1553174019432 
512 623 633 1553174019448 
512 607 652 1553174019466 
512 597 661 1553174019482 
512 593 666 1553174019499 
512 591 667 1553174019517 
512 590 668 1553174019533 
512 589 668 1553174019582 
512 584 669 1553174019600 
512 580 669 1553174019616 
512 575 667 1553174019631 
512 570 663 1553174019649 
512 566 656 1553174019665 
512 561 651 1553174019684 
512 559 650 1553174019699 
512 558 649 1553174019716 
512 558 648 1553174019782 
512 558 647 1553174019799 
513 558 647 1553174019876 
512 560 646 1553174019899 
514 560 646 1553174019996 
512 560 646 1553174019999 
512 561 645 1553174020050 
512 563 644 1553174020065 
512 566 642 1553174020082 
512 571 641 1553174020100 
512 577 641 1553174020116 
512 592 645 1553174020132 
512 610 651 1553174020150 
512 625 657 1553174020165 
512 644 660 1553174020182 
512 656 660 1553174020198 
512 673 658 1553174020216 
512 702 655 1553174020232 
512 750 650 1553174020249 
512 790 652 1553174020265 
512 815 658 1553174020282 
512 859 668 1553174020299 
512 881 674 1553174020316 
512 893 679 1553174020332 
512 898 680 1553174020349 
512 898 681 1553174020365 
512 896 681 1553174020482 
512 889 678 1553174020498 
512 881 672 1553174020515 
512 874 667 1553174020532 
512 867 662 1553174020549 
512 861 657 1553174020565 
512 857 653 1553174020584 
512 850 649 1553174020600 
512 847 647 1553174020615 
512 843 646 1553174020631 
512 838 644 1553174020649 
512 836 643 1553174020666 
512 835 643 1553174020682 
513 835 643 1553174020777 
514 835 643 1553174020901 
512 835 642 1553174021015 
512 820 632 1553174021032 
512 807 619 1553174021049 
512 793 607 1553174021067 
512 778 590 1553174021082 
512 770 576 1553174021099 
512 767 566 1553174021115 
512 781 549 1553174021134 
512 802 538 1553174021149 
512 829 528 1553174021166 
512 851 518 1553174021182 
512 870 510 1553174021198 
512 882 502 1553174021217 
512 882 500 1553174021232 
512 883 491 1553174021249 
512 883 485 1553174021265 
512 880 479 1553174021282 
512 879 475 1553174021300 
512 874 466 1553174021315 
512 870 457 1553174021332 
512 870 451 1553174021351 
512 875 442 1553174021366 
512 881 430 1553174021382 
512 883 421 1553174021400 
512 888 411 1553174021415 
512 895 401 1553174021432 
512 902 393 1553174021449 
512 906 388 1553174021466 
512 911 386 1553174021482 
512 912 384 1553174021499 
512 913 384 1553174021515 
512 914 383 1553174021532 
512 915 383 1553174021551 
512 916 383 1553174021566 
512 917 382 1553174021615 
512 920 380 1553174021634 
512 920 379 1553174021648 
512 921 379 1553174021700 
512 922 379 1553174021750 
512 923 378 1553174021765 
513 923 378 1553174021765 
512 924 378 1553174021782 
514 924 378 1553174021926 
512 924 378 1553174021931 
512 923 378 1553174021966 
512 921 378 1553174021983 
512 920 378 1553174021998 
512 917 378 1553174022015 
512 916 378 1553174022034 
512 915 377 1553174022048 
512 924 375 1553174022065 
512 948 375 1553174022083 
512 969 377 1553174022098 
512 978 379 1553174022117 
512 981 380 1553174022131 
512 981 381 1553174022167 
512 964 386 1553174022181 
512 925 384 1553174022199 
512 843 370 1553174022215 
512 713 351 1553174022233 
512 557 336 1553174022248 
512 452 322 1553174022265 
512 374 316 1553174022283 
512 372 316 1553174022298 
512 372 317 1553174022315 
512 383 322 1553174022331 
512 399 330 1553174022348 
512 411 338 1553174022366 
512 428 346 1553174022381 
512 435 349 1553174022399 
512 437 350 1553174022416 
512 437 351 1553174022449 
512 436 355 1553174022467 
512 436 360 1553174022482 
512 436 362 1553174022499 
512 436 363 1553174022533 
512 436 364 1553174022551 
512 437 365 1553174022565 
512 439 367 1553174022584 
512 442 369 1553174022599 
512 443 370 1553174022615 
512 444 371 1553174022633 
512 445 371 1553174022649 
512 447 371 1553174022667 
512 449 371 1553174022682 
512 455 369 1553174022699 
512 457 368 1553174022716 
512 459 368 1553174022731 
512 460 368 1553174022749 
512 461 368 1553174022767 
512 463 367 1553174022784 
512 466 367 1553174022799 
512 469 366 1553174022816 
512 471 365 1553174022831 
512 472 365 1553174022849 
512 473 365 1553174022866 
512 474 365 1553174022882 
512 475 365 1553174022899 
512 476 365 1553174022915 
512 477 365 1553174022933 
512 478 366 1553174022949 
512 480 366 1553174022961 
513 480 366 1553174022961 
512 481 367 1553174023016 
514 481 367 1553174023122 
512 481 367 1553174023132 
512 479 369 1553174023231 
512 478 371 1553174023250 
512 477 372 1553174023265 
512 477 373 1553174023283 
512 476 375 1553174023300 
512 476 376 1553174023333 
512 475 376 1553174023382 
512 475 377 1553174023399 
513 475 377 1553174023426 
514 475 377 1553174023562 
512 475 379 1553174023616 
512 477 381 1553174023633 
512 478 381 1553174023648 
512 478 384 1553174023666 
512 479 387 1553174023681 
512 481 393 1553174023699 
512 483 401 1553174023717 
512 485 404 1553174023732 
512 487 410 1553174023749 
512 491 415 1553174023765 
512 495 424 1553174023782 
512 501 437 1553174023800 
512 512 472 1553174023817 
512 521 496 1553174023832 
512 528 522 1553174023848 
512 534 546 1553174023867 
512 538 564 1553174023882 
512 538 573 1553174023899 
512 538 576 1553174023915 
512 538 577 1553174023932 
512 538 578 1553174023950 
512 538 579 1553174023999 
512 536 581 1553174024016 
512 535 583 1553174024032 
512 535 588 1553174024048 
512 535 590 1553174024065 
512 536 593 1553174024082 
512 539 598 1553174024100 
512 544 604 1553174024115 
512 557 615 1553174024132 
512 565 620 1553174024149 
512 568 621 1553174024166 
512 570 621 1553174024183 
512 570 622 1553174024201 
512 571 623 1553174024216 
512 571 624 1553174024232 
512 571 625 1553174024249 
512 571 627 1553174024266 
512 571 628 1553174024282 
512 571 631 1553174024300 
512 571 632 1553174024315 
512 571 633 1553174024333 
512 570 634 1553174024348 
512 568 636 1553174024365 
512 567 637 1553174024382 
512 565 638 1553174024399 
512 565 639 1553174024415 
512 564 640 1553174024432 
512 563 640 1553174024450 
513 563 640 1553174024535 
514 563 640 1553174024667 
512 562 640 1553174024716 
512 560 634 1553174024734 
512 558 625 1553174024749 
512 558 609 1553174024765 
512 562 577 1553174024784 
512 567 556 1553174024798 
512 574 538 1553174024817 
512 580 520 1553174024832 
512 589 506 1553174024849 
512 603 489 1553174024867 
512 626 459 1553174024882 
512 635 440 1553174024899 
512 644 415 1553174024917 
512 655 385 1553174024932 
512 662 355 1553174024949 
512 666 332 1553174024965 
512 669 308 1553174024984 
512 670 292 1553174024999 
512 670 281 1553174025015 
512 670 275 1553174025032 
512 669 269 1553174025048 
512 669 266 1553174025067 
512 670 266 1553174025082 
512 673 262 1553174025099 
512 674 261 1553174025115 
512 674 260 1553174025132 
512 675 259 1553174025149 
512 676 258 1553174025165 
512 681 254 1553174025183 
512 685 250 1553174025199 
512 688 246 1553174025215 
512 691 241 1553174025234 
512 695 237 1553174025249 
512 697 233 1553174025265 
512 699 231 1553174025282 
512 700 230 1553174025299 
512 701 228 1553174025316 
512 702 227 1553174025332 
512 703 225 1553174025348 
512 703 223 1553174025367 
512 703 222 1553174025382 
512 703 220 1553174025399 
512 703 219 1553174025415 
512 703 217 1553174025432 
512 703 213 1553174025449 
512 703 210 1553174025465 
512 703 209 1553174025483 
513 703 209 1553174025523 
512 703 208 1553174025532 
514 703 208 1553174025652 
