512 693 215 1553174035983 
512 691 222 1553174035998 
512 688 235 1553174036017 
512 688 245 1553174036031 
512 690 259 1553174036048 
512 696 270 1553174036065 
512 701 282 1553174036084 
512 705 299 1553174036099 
512 709 315 1553174036116 
512 713 334 1553174036132 
512 716 367 1553174036148 
512 720 395 1553174036167 
512 735 437 1553174036182 
512 756 466 1553174036199 
512 773 481 1553174036215 
512 787 488 1553174036232 
512 798 496 1553174036249 
512 801 501 1553174036267 
512 803 507 1553174036282 
512 804 511 1553174036299 
512 805 515 1553174036316 
512 805 518 1553174036333 
512 806 522 1553174036348 
512 806 527 1553174036366 
512 806 532 1553174036382 
512 803 536 1553174036399 
512 801 542 1553174036415 
512 800 553 1553174036432 
512 800 563 1553174036450 
512 802 573 1553174036466 
512 804 578 1553174036481 
512 807 582 1553174036499 
512 809 589 1553174036515 
512 814 600 1553174036533 
512 817 606 1553174036548 
512 820 609 1553174036566 
512 822 612 1553174036581 
512 823 613 1553174036598 
512 823 614 1553174036650 
512 823 616 1553174036665 
512 823 620 1553174036683 
512 824 626 1553174036698 
512 826 630 1553174036717 
512 827 633 1553174036732 
512 828 635 1553174036748 
512 829 635 1553174036798 
512 829 636 1553174036815 
512 829 637 1553174036883 
512 830 638 1553174036915 
512 831 638 1553174036933 
512 833 639 1553174036950 
512 834 640 1553174036999 
512 835 641 1553174037032 
512 835 642 1553174037048 
512 836 642 1553174037067 
513 836 642 1553174037097 
512 837 642 1553174037132 
512 838 642 1553174037166 
512 837 642 1553174037234 
512 836 642 1553174037242 
514 836 642 1553174037242 
512 835 641 1553174037267 
512 834 640 1553174037281 
512 833 640 1553174037298 
512 832 639 1553174037317 
512 829 637 1553174037334 
512 823 632 1553174037349 
512 809 621 1553174037365 
512 778 594 1553174037384 
512 760 581 1553174037398 
512 744 571 1553174037415 
512 731 558 1553174037432 
512 718 546 1553174037449 
512 702 534 1553174037465 
512 679 520 1553174037484 
512 666 512 1553174037500 
512 653 501 1553174037515 
512 638 487 1553174037532 
512 624 476 1553174037548 
512 610 468 1553174037565 
512 592 460 1553174037582 
512 566 449 1553174037601 
512 552 443 1553174037616 
512 540 435 1553174037634 
512 528 429 1553174037650 
512 516 423 1553174037667 
512 512 421 1553174037682 
512 505 416 1553174037699 
512 501 413 1553174037715 
512 500 412 1553174037734 
512 499 411 1553174037750 
512 497 408 1553174037765 
512 494 403 1553174037784 
512 492 401 1553174037798 
512 490 398 1553174037817 
512 488 397 1553174037832 
512 487 395 1553174037850 
512 485 393 1553174037867 
512 479 391 1553174037795 
512 475 389 1553174037812 
512 471 387 1553174037828 
512 469 385 1553174037844 
512 468 384 1553174037862 
512 466 383 1553174037878 
512 464 380 1553174037896 
512 463 378 1553174037911 
512 461 377 1553174037929 
512 461 376 1553174037946 
512 464 376 1553174038230 
512 467 378 1553174038244 
512 468 378 1553174038261 
512 469 378 1553174038279 
512 470 378 1553174038294 
512 471 378 1553174038312 
513 471 378 1553174038315 
512 472 378 1553174038346 
514 472 378 1553174038467 
512 472 378 1553174038477 
512 472 379 1553174038561 
512 472 381 1553174038578 
512 473 386 1553174038594 
512 477 392 1553174038612 
512 483 396 1553174038629 
512 489 403 1553174038645 
512 493 410 1553174038663 
512 498 413 1553174038679 
512 506 412 1553174038694 
512 524 402 1553174038711 
512 542 392 1553174038729 
512 569 367 1553174038746 
512 595 340 1553174038763 
512 617 311 1553174038778 
512 626 298 1553174038795 
512 627 289 1553174038811 
512 628 282 1553174038829 
512 629 270 1553174038846 
512 633 261 1553174038861 
512 638 253 1553174038879 
512 643 247 1553174038896 
512 648 241 1553174038911 
512 653 234 1553174038928 
512 660 225 1553174038944 
512 671 215 1553174038962 
512 678 209 1553174038977 
512 682 205 1553174038995 
512 685 202 1553174039013 
512 688 200 1553174039030 
512 691 198 1553174039062 
512 693 198 1553174039078 
512 694 198 1553174039095 
512 695 198 1553174039112 
512 697 199 1553174039129 
512 699 201 1553174039145 
512 701 204 1553174039162 
512 702 205 1553174039178 
512 703 206 1553174039197 
512 704 207 1553174039213 
512 704 208 1553174039228 
512 704 210 1553174039261 
512 703 211 1553174039280 
512 702 212 1553174039295 
512 701 213 1553174039312 
512 699 214 1553174039330 
512 698 215 1553174039345 
512 697 215 1553174039356 
513 697 215 1553174039356 
514 697 215 1553174039501 
512 697 216 1553174039596 
512 696 218 1553174039611 
512 696 221 1553174039629 
512 697 225 1553174039645 
512 702 231 1553174039663 
512 707 244 1553174039678 
512 708 283 1553174039695 
512 719 331 1553174039711 
512 751 377 1553174039728 
512 780 397 1553174039745 
512 809 405 1553174039761 
512 835 408 1553174039780 
512 846 409 1553174039795 
512 856 409 1553174039812 
512 861 409 1553174039828 
512 865 406 1553174039844 
512 869 402 1553174039863 
512 870 400 1553174039878 
512 872 399 1553174039895 
512 873 398 1553174039912 
512 875 397 1553174039928 
512 878 394 1553174039946 
512 883 390 1553174039962 
512 887 386 1553174039979 
512 893 383 1553174039995 
512 910 379 1553174040013 
512 925 377 1553174040028 
512 936 376 1553174040045 
512 944 376 1553174040061 
512 951 377 1553174040080 
512 952 377 1553174040094 
512 951 379 1553174040147 
512 949 380 1553174040161 
512 945 383 1553174040180 
512 943 384 1553174040195 
512 937 385 1553174040211 
512 932 386 1553174040230 
512 930 386 1553174040244 
512 929 386 1553174040263 
512 928 386 1553174040278 
512 927 384 1553174040313 
512 926 383 1553174040328 
512 926 382 1553174040344 
512 925 381 1553174040362 
512 925 380 1553174040378 
512 925 379 1553174040395 
513 925 379 1553174040427 
514 925 379 1553174040565 
512 923 382 1553174040612 
512 920 389 1553174040628 
512 915 397 1553174040644 
512 904 409 1553174040662 
512 891 423 1553174040679 
512 876 436 1553174040694 
512 860 443 1553174040713 
512 836 457 1553174040728 
512 817 468 1553174040745 
512 805 478 1553174040761 
512 794 488 1553174040779 
512 781 502 1553174040794 
512 767 520 1553174040813 
512 734 549 1553174040829 
512 711 564 1553174040846 
512 689 577 1553174040862 
512 666 588 1553174040878 
512 642 597 1553174040894 
512 620 606 1553174040912 
512 591 612 1553174040930 
512 577 617 1553174040945 
512 569 620 1553174040962 
512 564 622 1553174040979 
512 559 627 1553174040995 
512 554 633 1553174041011 
512 549 638 1553174041028 
512 545 642 1553174041044 
512 545 643 1553174041111 
512 546 644 1553174041129 
512 548 648 1553174041146 
512 549 649 1553174041161 
512 550 649 1553174041179 
512 551 650 1553174041194 
512 553 650 1553174041212 
512 554 650 1553174041228 
512 556 651 1553174041247 
513 556 651 1553174041376 
514 556 651 1553174041537 
512 557 648 1553174041645 
512 559 637 1553174041661 
512 561 621 1553174041679 
512 565 599 1553174041695 
512 573 577 1553174041711 
512 581 560 1553174041728 
512 589 549 1553174041744 
512 606 546 1553174041761 
512 639 551 1553174041778 
512 690 573 1553174041794 
512 748 604 1553174041812 
512 798 634 1553174041828 
512 827 650 1553174041847 
512 836 657 1553174041862 
512 837 658 1553174041878 
512 837 659 1553174041894 
512 836 661 1553174041912 
512 835 662 1553174041928 
512 834 663 1553174041947 
512 834 664 1553174041961 
512 835 665 1553174041979 
512 836 665 1553174042012 
512 837 665 1553174042029 
512 838 665 1553174042044 
512 839 665 1553174042061 
512 841 664 1553174042078 
512 842 662 1553174042095 
512 843 660 1553174042112 
512 844 659 1553174042128 
512 844 658 1553174042163 
512 844 656 1553174042178 
512 844 655 1553174042196 
512 844 653 1553174042261 
512 844 652 1553174042279 
512 844 650 1553174042294 
513 844 650 1553174042403 
514 844 650 1553174042534 
512 843 650 1553174042561 
512 840 648 1553174042595 
512 836 646 1553174042611 
512 832 642 1553174042628 
512 826 634 1553174042646 
512 818 619 1553174042661 
512 802 600 1553174042679 
512 785 584 1553174042694 
512 768 572 1553174042711 
512 765 569 1553174042729 
512 766 568 1553174042744 
512 778 563 1553174042761 
512 801 555 1553174042779 
512 840 541 1553174042794 
512 865 530 1553174042812 
512 885 520 1553174042827 
512 896 511 1553174042844 
512 900 500 1553174042862 
512 902 492 1553174042878 
512 902 475 1553174042895 
512 902 464 1553174042913 
512 902 455 1553174042928 
512 903 445 1553174042946 
512 905 435 1553174042961 
512 908 426 1553174042978 
512 914 419 1553174042996 
512 918 409 1553174043011 
512 920 399 1553174043028 
512 920 395 1553174043044 
512 920 393 1553174043061 
512 921 392 1553174043079 
512 922 391 1553174043094 
512 923 390 1553174043111 
512 924 389 1553174043129 
512 925 388 1553174043162 
512 926 386 1553174043177 
512 926 385 1553174043194 
512 927 384 1553174043212 
512 927 383 1553174043263 
512 928 382 1553174043278 
512 929 378 1553174043295 
512 930 373 1553174043311 
512 930 367 1553174043328 
512 930 365 1553174043346 
513 930 365 1553174043367 
514 930 365 1553174043530 
512 930 366 1553174043678 
512 928 367 1553174043695 
512 928 368 1553174043711 
512 927 370 1553174043728 
512 925 375 1553174043746 
512 925 376 1553174043761 
512 924 378 1553174043767 
513 924 378 1553174043767 
512 924 379 1553174043794 
514 924 379 1553174043922 
512 924 379 1553174043927 
512 923 380 1553174044045 
512 918 384 1553174044061 
512 909 389 1553174044078 
512 897 394 1553174044096 
512 878 401 1553174044111 
512 854 403 1553174044128 
512 829 404 1553174044146 
512 773 407 1553174044161 
512 727 407 1553174044178 
512 686 407 1553174044194 
512 658 409 1553174044211 
512 636 411 1553174044229 
512 623 412 1553174044244 
512 610 412 1553174044261 
512 604 409 1553174044279 
512 600 404 1553174044294 
512 598 400 1553174044312 
512 597 396 1553174044327 
512 599 393 1553174044344 
512 601 391 1553174044363 
512 602 391 1553174044378 
512 602 390 1553174044446 
512 600 390 1553174044461 
512 593 388 1553174044478 
512 584 387 1553174044496 
512 569 385 1553174044511 
512 552 382 1553174044528 
512 534 381 1553174044544 
512 518 380 1553174044561 
512 503 378 1553174044580 
512 485 376 1553174044594 
512 479 374 1553174044611 
512 478 373 1553174044629 
512 478 372 1553174044644 
512 478 371 1553174044662 
512 478 370 1553174044694 
512 477 369 1553174044712 
513 477 369 1553174044834 
512 476 369 1553174044861 
512 474 370 1553174044980 
514 474 370 1553174044980 
512 474 370 1553174044994 
512 473 372 1553174045011 
512 471 372 1553174045029 
512 471 373 1553174045062 
512 472 373 1553174045094 
512 472 374 1553174045161 
512 472 384 1553174045178 
512 492 418 1553174045195 
512 521 457 1553174045211 
512 546 495 1553174045228 
512 560 517 1553174045246 
512 568 535 1553174045261 
512 570 544 1553174045279 
512 571 550 1553174045294 
512 571 558 1553174045311 
512 569 563 1553174045329 
512 568 567 1553174045344 
512 568 571 1553174045361 
512 568 574 1553174045379 
512 568 577 1553174045394 
512 568 586 1553174045412 
512 568 593 1553174045427 
512 566 598 1553174045444 
512 565 602 1553174045462 
512 565 607 1553174045478 
512 565 610 1553174045495 
512 565 615 1553174045512 
512 566 617 1553174045528 
512 566 618 1553174045545 
512 566 619 1553174045561 
512 566 622 1553174045578 
512 565 623 1553174045596 
512 565 625 1553174045611 
512 565 627 1553174045628 
512 565 629 1553174045646 
512 565 630 1553174045661 
512 565 631 1553174045694 
512 565 632 1553174045711 
512 565 633 1553174045729 
512 565 634 1553174045744 
512 565 636 1553174045761 
512 565 637 1553174045794 
512 564 637 1553174045812 
513 564 637 1553174045891 
514 564 637 1553174046020 
512 564 631 1553174046129 
512 565 621 1553174046145 
512 567 611 1553174046161 
512 569 600 1553174046178 
512 570 590 1553174046196 
512 573 582 1553174046211 
512 577 576 1553174046229 
512 588 559 1553174046246 
512 601 540 1553174046261 
512 613 521 1553174046278 
512 621 499 1553174046294 
512 630 474 1553174046311 
512 634 448 1553174046329 
512 639 427 1553174046344 
512 641 408 1553174046362 
512 641 398 1553174046379 
512 642 387 1553174046394 
512 648 371 1553174046412 
512 656 347 1553174046427 
512 668 311 1553174046445 
512 674 292 1553174046463 
512 678 278 1553174046478 
512 680 267 1553174046496 
512 680 261 1553174046511 
512 681 256 1553174046528 
512 682 251 1553174046544 
512 684 242 1553174046562 
512 686 238 1553174046578 
512 687 235 1553174046594 
512 689 230 1553174046611 
512 690 227 1553174046629 
512 692 223 1553174046646 
512 693 222 1553174046661 
512 693 221 1553174046679 
512 694 220 1553174046696 
512 695 218 1553174046712 
512 696 217 1553174046727 
512 696 216 1553174046746 
512 696 215 1553174046761 
512 697 215 1553174046778 
512 697 214 1553174046811 
512 697 212 1553174046828 
512 697 211 1553174046844 
512 697 210 1553174046879 
513 697 210 1553174046885 
514 697 210 1553174047025 
