512 699 212 1552932750737 
512 699 213 1552932750745 
512 699 216 1552932750753 
512 699 219 1552932750762 
512 699 222 1552932750770 
512 699 225 1552932750778 
512 699 229 1552932750787 
512 699 233 1552932750792 
512 700 239 1552932750802 
512 701 244 1552932750808 
512 703 253 1552932750818 
512 706 259 1552932750824 
512 709 263 1552932750833 
512 712 269 1552932750840 
512 715 273 1552932750846 
512 718 277 1552932750855 
512 722 283 1552932750862 
512 725 289 1552932750871 
512 727 296 1552932750879 
512 728 303 1552932750889 
512 729 309 1552932750895 
512 730 314 1552932750902 
512 731 320 1552932750909 
512 732 326 1552932750919 
512 732 334 1552932750925 
512 733 344 1552932750933 
512 734 356 1552932750941 
512 734 370 1552932750949 
512 737 387 1552932750956 
512 742 406 1552932750963 
512 748 418 1552932750972 
512 755 431 1552932750979 
512 764 441 1552932750989 
512 772 449 1552932750995 
512 779 454 1552932751003 
512 785 460 1552932751009 
512 789 465 1552932751017 
512 792 468 1552932751025 
512 795 473 1552932751033 
512 797 476 1552932751041 
512 799 481 1552932751049 
512 801 485 1552932751057 
512 804 491 1552932751063 
512 807 500 1552932751072 
512 811 508 1552932751079 
512 815 520 1552932751089 
512 820 536 1552932751095 
512 827 556 1552932751106 
512 835 581 1552932751111 
512 838 597 1552932751119 
512 839 609 1552932751125 
512 839 619 1552932751133 
512 839 627 1552932751141 
512 838 634 1552932751149 
512 838 639 1552932751156 
512 837 642 1552932751163 
512 836 644 1552932751173 
512 835 646 1552932751179 
512 835 647 1552932751189 
512 834 647 1552932751195 
512 834 649 1552932751206 
512 833 651 1552932751211 
512 833 653 1552932751219 
512 833 655 1552932751225 
512 833 656 1552932751233 
512 833 658 1552932751241 
512 833 659 1552932751249 
512 833 660 1552932751257 
512 833 662 1552932751265 
512 834 664 1552932751272 
512 834 665 1552932751279 
512 834 667 1552932751289 
512 835 668 1552932751295 
512 835 669 1552932751306 
512 835 670 1552932751311 
512 836 670 1552932751365 
512 836 669 1552932751395 
512 837 669 1552932751406 
512 837 668 1552932751411 
512 838 666 1552932751423 
512 838 664 1552932751427 
512 838 661 1552932751433 
512 839 658 1552932751441 
512 839 655 1552932751449 
512 839 652 1552932751457 
512 839 650 1552932751465 
512 838 648 1552932751473 
512 837 646 1552932751481 
512 836 644 1552932751489 
512 836 643 1552932751495 
512 836 641 1552932751506 
512 836 640 1552932751523 
512 836 639 1552932751541 
512 836 638 1552932751542 
513 836 638 1552932751591 
512 836 637 1552932751645 
512 835 637 1552932751739 
514 835 637 1552932751756 
512 834 637 1552932751763 
512 833 637 1552932751771 
512 832 634 1552932751837 
512 830 630 1552932751842 
512 813 610 1552932751870 
512 805 603 1552932751872 
512 799 594 1552932751879 
512 791 583 1552932751888 
512 784 570 1552932751895 
512 772 556 1552932751904 
512 760 539 1552932751912 
512 744 523 1552932751920 
512 729 510 1552932751926 
512 709 495 1552932751938 
512 692 475 1552932751942 
512 677 459 1552932751951 
512 666 447 1552932751958 
512 651 433 1552932751967 
512 634 420 1552932751972 
512 620 410 1552932751980 
512 601 400 1552932751988 
512 585 395 1552932751996 
512 569 391 1552932752004 
512 559 389 1552932752012 
512 551 388 1552932752021 
512 546 387 1552932752026 
512 541 387 1552932752037 
512 538 387 1552932752042 
512 535 387 1552932752052 
512 532 387 1552932752059 
512 529 387 1552932752068 
512 526 387 1552932752075 
512 523 388 1552932752081 
512 519 389 1552932752089 
512 514 390 1552932752097 
512 510 390 1552932752106 
512 507 391 1552932752113 
512 505 392 1552932752122 
512 504 392 1552932752129 
512 503 392 1552932752252 
512 502 392 1552932752259 
512 501 391 1552932752268 
512 500 390 1552932752275 
512 499 388 1552932752283 
512 498 388 1552932752290 
512 496 386 1552932752297 
512 495 386 1552932752306 
512 494 385 1552932752313 
512 494 384 1552932752323 
512 493 384 1552932752329 
512 493 383 1552932752339 
512 492 383 1552932752343 
512 491 382 1552932752353 
512 491 381 1552932752359 
512 490 381 1552932752368 
512 490 380 1552932752375 
512 489 380 1552932752383 
512 489 379 1552932752391 
512 488 379 1552932752399 
512 487 379 1552932752406 
512 487 378 1552932752413 
512 486 377 1552932752422 
512 485 377 1552932752556 
512 483 377 1552932752591 
512 481 377 1552932752599 
512 479 377 1552932752607 
512 478 377 1552932752613 
512 476 377 1552932752622 
512 475 377 1552932752629 
512 474 377 1552932752645 
513 474 377 1552932752708 
514 474 377 1552932752837 
512 473 377 1552932752852 
512 473 378 1552932752859 
512 473 380 1552932752868 
512 472 384 1552932752875 
512 472 387 1552932752886 
512 472 391 1552932752889 
512 472 395 1552932752898 
512 474 401 1552932752906 
512 477 407 1552932752914 
512 480 412 1552932752922 
512 484 418 1552932752930 
512 488 424 1552932752937 
512 493 432 1552932752944 
512 498 438 1552932752953 
512 503 444 1552932752961 
512 511 450 1552932752970 
512 517 458 1552932752976 
512 523 464 1552932752987 
512 529 470 1552932752990 
512 537 478 1552932752998 
512 542 484 1552932753006 
512 547 493 1552932753015 
512 552 500 1552932753023 
512 557 506 1552932753031 
512 559 511 1552932753040 
512 562 516 1552932753045 
512 564 520 1552932753056 
512 566 522 1552932753061 
512 568 523 1552932753073 
512 569 523 1552932753090 
512 570 522 1552932753092 
512 572 516 1552932753099 
512 577 507 1552932753108 
512 583 491 1552932753115 
512 590 466 1552932753123 
512 600 441 1552932753131 
512 610 410 1552932753139 
512 620 378 1552932753147 
512 632 347 1552932753156 
512 644 326 1552932753161 
512 653 308 1552932753172 
512 659 291 1552932753177 
512 664 280 1552932753190 
512 667 271 1552932753192 
512 668 266 1552932753202 
512 669 261 1552932753208 
512 670 258 1552932753215 
512 673 255 1552932753223 
512 676 251 1552932753231 
512 680 247 1552932753239 
512 684 244 1552932753247 
512 686 241 1552932753256 
512 687 239 1552932753261 
512 688 239 1552932753273 
512 689 238 1552932753278 
512 689 237 1552932753293 
512 690 236 1552932753302 
512 690 235 1552932753315 
512 690 234 1552932753331 
512 691 234 1552932753339 
512 691 233 1552932753347 
512 691 232 1552932753356 
512 692 232 1552932753363 
512 693 231 1552932753373 
512 693 230 1552932753377 
512 694 229 1552932753390 
512 694 228 1552932753393 
512 695 227 1552932753402 
512 695 225 1552932753409 
512 695 224 1552932753419 
512 696 223 1552932753425 
512 696 222 1552932753431 
512 696 220 1552932753439 
512 696 219 1552932753447 
512 696 217 1552932753459 
512 696 216 1552932753463 
512 696 215 1552932753472 
512 697 214 1552932753477 
512 698 213 1552932753493 
512 698 212 1552932753509 
512 698 211 1552932753539 
512 698 210 1552932753547 
512 698 209 1552932753572 
513 698 209 1552932753605 
512 698 210 1552932753708 
512 697 212 1552932753716 
514 697 212 1552932753717 
512 696 216 1552932753723 
512 696 219 1552932753731 
512 695 223 1552932753739 
512 693 229 1552932753747 
512 691 235 1552932753753 
512 689 240 1552932753761 
512 686 246 1552932753769 
512 683 252 1552932753777 
512 680 257 1552932753786 
512 679 262 1552932753792 
512 677 271 1552932753801 
512 676 279 1552932753808 
512 676 286 1552932753817 
512 676 294 1552932753824 
512 676 302 1552932753832 
512 675 310 1552932753840 
512 675 316 1552932753846 
512 675 325 1552932753854 
512 675 331 1552932753862 
512 676 337 1552932753870 
512 677 340 1552932753877 
512 677 343 1552932753885 
512 678 346 1552932753893 
512 679 349 1552932753900 
512 682 353 1552932753907 
512 688 357 1552932753915 
512 694 361 1552932753923 
512 702 365 1552932753932 
512 712 368 1552932753939 
512 720 369 1552932753948 
512 730 369 1552932753953 
512 739 369 1552932753961 
512 747 368 1552932753970 
512 757 367 1552932753978 
512 766 366 1552932753986 
512 776 364 1552932753994 
512 785 363 1552932754003 
512 795 360 1552932754008 
512 804 358 1552932754015 
512 811 356 1552932754025 
512 818 355 1552932754032 
512 823 354 1552932754040 
512 826 353 1552932754047 
512 828 352 1552932754055 
512 830 352 1552932754061 
512 832 352 1552932754070 
512 834 352 1552932754077 
512 837 352 1552932754085 
512 840 353 1552932754094 
512 842 354 1552932754102 
512 844 354 1552932754109 
512 845 354 1552932754116 
512 847 355 1552932754124 
512 847 356 1552932754132 
512 849 356 1552932754140 
512 851 358 1552932754148 
512 854 360 1552932754156 
512 855 361 1552932754164 
512 856 363 1552932754170 
512 857 364 1552932754178 
512 859 366 1552932754189 
512 861 368 1552932754195 
512 862 370 1552932754206 
512 865 373 1552932754211 
512 867 374 1552932754222 
512 869 376 1552932754224 
512 872 378 1552932754233 
512 872 379 1552932754241 
512 874 381 1552932754249 
512 877 382 1552932754257 
512 878 383 1552932754265 
512 880 384 1552932754273 
512 882 384 1552932754279 
512 885 384 1552932754289 
512 887 384 1552932754295 
512 890 384 1552932754306 
512 893 384 1552932754311 
512 896 384 1552932754322 
512 899 384 1552932754327 
512 902 384 1552932754333 
512 905 383 1552932754341 
512 908 383 1552932754349 
512 911 382 1552932754357 
512 913 382 1552932754365 
512 915 382 1552932754373 
512 916 382 1552932754380 
512 916 381 1552932754481 
512 917 381 1552932754522 
512 918 381 1552932754543 
512 919 381 1552932754566 
513 919 381 1552932754569 
512 922 379 1552932754613 
512 923 379 1552932754696 
512 923 378 1552932754706 
512 924 378 1552932754710 
512 925 377 1552932754723 
514 925 377 1552932754740 
512 926 376 1552932754741 
512 927 375 1552932754751 
512 928 374 1552932754757 
513 928 374 1552932754789 
512 929 374 1552932754821 
512 930 374 1552932754825 
512 929 374 1552932754926 
512 928 374 1552932754941 
514 928 374 1552932754942 
512 927 374 1552932754957 
512 926 374 1552932754973 
512 925 374 1552932754979 
512 924 374 1552932754996 
512 922 374 1552932755004 
512 918 374 1552932755031 
512 917 374 1552932755035 
512 916 374 1552932755042 
512 915 374 1552932755054 
512 914 374 1552932755074 
512 913 374 1552932755096 
512 908 376 1552932755196 
512 894 382 1552932755206 
512 877 389 1552932755213 
512 859 397 1552932755222 
512 833 410 1552932755229 
512 800 422 1552932755239 
512 760 445 1552932755245 
512 717 468 1552932755252 
512 678 489 1552932755259 
512 653 505 1552932755269 
512 634 519 1552932755276 
512 624 528 1552932755283 
512 615 538 1552932755291 
512 607 548 1552932755299 
512 603 556 1552932755306 
512 599 565 1552932755313 
512 596 571 1552932755322 
512 594 575 1552932755329 
512 592 580 1552932755339 
512 589 586 1552932755345 
512 587 591 1552932755352 
512 584 599 1552932755359 
512 582 606 1552932755369 
512 579 611 1552932755376 
512 576 617 1552932755383 
512 573 622 1552932755391 
512 571 625 1552932755399 
512 569 628 1552932755407 
512 569 629 1552932755412 
512 569 630 1552932755421 
512 569 631 1552932755560 
512 569 633 1552932755675 
512 568 635 1552932755683 
512 567 637 1552932755691 
512 566 639 1552932755699 
512 566 641 1552932755707 
512 565 643 1552932755715 
512 564 644 1552932755723 
512 564 645 1552932755731 
512 563 645 1552932755739 
512 562 646 1552932755745 
512 562 647 1552932755760 
512 561 647 1552932755772 
513 561 647 1552932755847 
512 562 647 1552932755937 
514 562 647 1552932756000 
512 563 647 1552932756005 
512 563 646 1552932756029 
512 564 646 1552932756038 
512 564 644 1552932756046 
512 564 643 1552932756060 
512 565 640 1552932756070 
512 572 628 1552932756097 
512 576 622 1552932756101 
512 580 615 1552932756106 
512 587 605 1552932756114 
512 595 593 1552932756122 
512 602 581 1552932756131 
512 612 567 1552932756139 
512 622 553 1552932756147 
512 629 540 1552932756155 
512 636 527 1552932756160 
512 644 514 1552932756172 
512 650 499 1552932756176 
512 656 488 1552932756190 
512 661 478 1552932756193 
512 667 467 1552932756202 
512 674 458 1552932756209 
512 680 452 1552932756214 
512 687 449 1552932756223 
512 693 448 1552932756230 
512 696 448 1552932756239 
512 698 448 1552932756247 
512 702 450 1552932756256 
512 708 454 1552932756262 
512 717 460 1552932756273 
512 726 468 1552932756277 
512 735 477 1552932756290 
512 745 486 1552932756292 
512 754 495 1552932756302 
512 764 505 1552932756309 
512 772 514 1552932756319 
512 781 522 1552932756325 
512 789 528 1552932756331 
512 796 535 1552932756339 
512 802 541 1552932756347 
512 806 544 1552932756356 
512 810 548 1552932756363 
512 813 551 1552932756372 
512 815 554 1552932756377 
512 818 558 1552932756390 
512 820 562 1552932756392 
512 822 566 1552932756402 
512 822 569 1552932756409 
512 823 572 1552932756417 
512 823 575 1552932756424 
512 823 578 1552932756431 
512 823 582 1552932756439 
512 823 585 1552932756447 
512 823 587 1552932756456 
512 823 589 1552932756463 
512 823 591 1552932756472 
512 824 592 1552932756479 
512 825 595 1552932756490 
512 825 597 1552932756492 
512 825 599 1552932756502 
512 825 601 1552932756509 
512 825 602 1552932756519 
512 825 605 1552932756525 
512 823 607 1552932756533 
512 823 608 1552932756540 
512 822 611 1552932756546 
512 821 612 1552932756555 
512 821 613 1552932756572 
512 821 614 1552932756578 
512 821 615 1552932756592 
512 822 617 1552932756609 
512 822 619 1552932756618 
512 822 622 1552932756625 
512 823 624 1552932756633 
512 824 626 1552932756641 
512 825 628 1552932756647 
512 828 631 1552932756656 
512 830 634 1552932756662 
512 832 636 1552932756672 
512 834 640 1552932756678 
512 836 642 1552932756689 
512 838 644 1552932756694 
512 839 646 1552932756702 
512 839 648 1552932756709 
512 840 648 1552932756719 
512 840 649 1552932756725 
512 841 649 1552932756732 
512 841 650 1552932756740 
512 842 650 1552932756795 
513 842 650 1552932756864 
512 843 649 1552932756914 
512 842 649 1552932756978 
514 842 649 1552932757003 
512 841 646 1552932757120 
512 838 640 1552932757126 
512 824 614 1552932757154 
512 815 601 1552932757156 
512 801 582 1552932757163 
512 778 558 1552932757171 
512 754 535 1552932757179 
512 729 512 1552932757186 
512 702 496 1552932757193 
512 688 487 1552932757202 
512 679 483 1552932757209 
512 675 480 1552932757219 
512 675 479 1552932757226 
512 675 478 1552932757237 
512 676 477 1552932757240 
512 681 474 1552932757248 
512 690 471 1552932757257 
512 699 467 1552932757264 
512 713 462 1552932757273 
512 730 457 1552932757282 
512 752 449 1552932757289 
512 778 436 1552932757294 
512 802 422 1552932757306 
512 829 405 1552932757311 
512 856 390 1552932757322 
512 874 379 1552932757327 
512 887 372 1552932757340 
512 897 366 1552932757342 
512 906 360 1552932757352 
512 912 356 1552932757358 
512 915 352 1552932757365 
512 916 350 1552932757373 
512 917 349 1552932757381 
512 917 348 1552932757389 
512 917 347 1552932757397 
512 917 346 1552932757410 
512 917 345 1552932757442 
512 918 345 1552932757473 
512 919 345 1552932757480 
512 920 345 1552932757497 
512 921 345 1552932757510 
512 922 345 1552932757540 
512 923 345 1552932757542 
512 923 346 1552932757552 
512 923 347 1552932757559 
512 923 349 1552932757565 
512 923 351 1552932757573 
512 923 353 1552932757580 
512 923 355 1552932757589 
512 923 357 1552932757596 
512 922 359 1552932757605 
512 921 362 1552932757612 
512 920 366 1552932757622 
512 920 369 1552932757626 
512 919 371 1552932757640 
512 917 373 1552932757643 
512 917 374 1552932757652 
512 916 376 1552932757659 
512 916 377 1552932757667 
512 915 378 1552932757674 
512 914 379 1552932757689 
512 914 380 1552932757705 
513 914 380 1552932757806 
512 915 380 1552932757847 
512 916 380 1552932757912 
512 917 380 1552932757928 
512 920 380 1552932757939 
512 921 380 1552932757947 
514 921 380 1552932757967 
512 922 380 1552932757967 
512 924 380 1552932757970 
512 925 380 1552932757973 
512 926 380 1552932758011 
513 926 380 1552932758036 
512 927 380 1552932758057 
512 928 380 1552932758073 
512 929 380 1552932758082 
514 929 380 1552932758173 
512 927 380 1552932758181 
512 925 380 1552932758189 
512 922 381 1552932758197 
512 919 382 1552932758205 
512 916 383 1552932758215 
512 910 384 1552932758219 
512 906 385 1552932758227 
512 903 385 1552932758235 
512 898 386 1552932758243 
512 893 386 1552932758251 
512 890 386 1552932758259 
512 884 387 1552932758266 
512 877 388 1552932758274 
512 869 389 1552932758281 
512 860 390 1552932758290 
512 852 391 1552932758298 
512 847 392 1552932758306 
512 844 392 1552932758314 
512 843 392 1552932758339 
512 842 393 1552932758356 
512 839 393 1552932758360 
512 836 394 1552932758372 
512 831 396 1552932758374 
512 822 399 1552932758383 
512 810 403 1552932758391 
512 800 404 1552932758399 
512 789 404 1552932758407 
512 777 405 1552932758414 
512 765 405 1552932758423 
512 748 405 1552932758428 
512 728 408 1552932758439 
512 704 414 1552932758445 
512 673 417 1552932758455 
512 641 422 1552932758461 
512 612 428 1552932758472 
512 573 434 1552932758477 
512 536 439 1552932758483 
512 504 444 1552932758491 
512 476 445 1552932758498 
512 455 445 1552932758507 
512 438 445 1552932758514 
512 426 445 1552932758523 
512 421 445 1552932758530 
512 417 445 1552932758539 
512 415 444 1552932758544 
512 413 443 1552932758556 
512 412 442 1552932758560 
512 411 441 1552932758572 
512 410 439 1552932758577 
512 410 437 1552932758583 
512 409 436 1552932758591 
512 408 434 1552932758598 
512 406 432 1552932758607 
512 405 431 1552932758614 
512 405 430 1552932758623 
512 404 429 1552932758630 
512 404 427 1552932758639 
512 404 424 1552932758644 
512 404 422 1552932758656 
512 405 419 1552932758661 
512 406 417 1552932758672 
512 408 415 1552932758677 
512 410 413 1552932758690 
512 412 409 1552932758692 
512 414 407 1552932758699 
512 416 405 1552932758707 
512 418 403 1552932758714 
512 420 402 1552932758723 
512 422 400 1552932758730 
512 424 399 1552932758739 
512 427 397 1552932758744 
512 428 397 1552932758755 
512 429 396 1552932758760 
512 429 395 1552932758772 
512 430 395 1552932758790 
512 431 395 1552932758802 
512 431 394 1552932758808 
512 432 394 1552932758814 
512 433 394 1552932758823 
512 434 394 1552932758831 
512 434 393 1552932758839 
512 435 393 1552932758846 
512 436 393 1552932758856 
512 437 392 1552932758907 
512 437 391 1552932758914 
512 438 391 1552932758923 
512 438 390 1552932758931 
512 439 390 1552932758939 
512 439 389 1552932758946 
512 440 389 1552932758955 
512 441 388 1552932758960 
512 441 387 1552932758972 
512 442 387 1552932758990 
512 442 386 1552932759007 
512 443 386 1552932759008 
512 443 385 1552932759018 
512 444 385 1552932759025 
512 445 384 1552932759031 
512 446 383 1552932759055 
512 447 382 1552932759072 
512 448 382 1552932759076 
512 449 381 1552932759090 
512 450 380 1552932759109 
512 451 379 1552932759118 
512 452 379 1552932759125 
512 453 379 1552932759130 
512 454 379 1552932759140 
512 454 378 1552932759146 
512 455 378 1552932759155 
512 457 377 1552932759162 
512 458 376 1552932759172 
512 460 376 1552932759176 
512 461 375 1552932759190 
512 462 374 1552932759202 
512 463 374 1552932759208 
512 464 374 1552932759230 
512 464 373 1552932759239 
512 465 373 1552932759246 
512 466 373 1552932759272 
512 467 372 1552932759279 
512 468 371 1552932759292 
512 469 371 1552932759302 
512 471 370 1552932759309 
512 473 370 1552932759318 
512 475 369 1552932759325 
512 477 369 1552932759332 
512 478 369 1552932759346 
513 478 369 1552932759418 
512 481 368 1552932759472 
512 480 369 1552932759555 
512 479 370 1552932759570 
514 479 370 1552932759571 
512 478 371 1552932759607 
512 477 371 1552932759623 
512 477 372 1552932759639 
512 477 373 1552932759656 
512 477 374 1552932759671 
512 477 376 1552932759699 
512 477 377 1552932759709 
512 478 378 1552932759715 
512 480 378 1552932759723 
512 482 379 1552932759731 
512 486 381 1552932759739 
512 491 383 1552932759749 
512 495 385 1552932759757 
512 498 387 1552932759764 
512 500 388 1552932759772 
512 500 389 1552932759779 
512 501 389 1552932759789 
512 501 390 1552932759795 
512 502 391 1552932759806 
512 503 393 1552932759810 
512 503 396 1552932759822 
512 504 401 1552932759824 
512 505 409 1552932759832 
512 506 418 1552932759840 
512 507 429 1552932759848 
512 508 441 1552932759856 
512 511 458 1552932759865 
512 515 477 1552932759873 
512 519 500 1552932759879 
512 524 527 1552932759889 
512 526 544 1552932759894 
512 529 560 1552932759905 
512 533 576 1552932759910 
512 540 591 1552932759922 
512 545 605 1552932759927 
512 552 615 1552932759933 
512 558 625 1552932759941 
512 565 633 1552932759948 
512 571 638 1552932759957 
512 577 642 1552932759964 
512 580 644 1552932759973 
512 584 647 1552932759980 
512 585 648 1552932759989 
512 586 648 1552932759994 
512 586 649 1552932760006 
512 587 649 1552932760010 
512 587 650 1552932760022 
512 587 651 1552932760048 
512 587 652 1552932760064 
512 587 653 1552932760080 
512 586 653 1552932760089 
512 585 654 1552932760094 
512 584 654 1552932760105 
512 584 655 1552932760110 
512 583 656 1552932760123 
512 582 656 1552932760126 
512 581 657 1552932760140 
512 579 657 1552932760148 
512 578 657 1552932760164 
512 576 657 1552932760180 
512 575 657 1552932760189 
512 572 655 1552932760196 
512 570 654 1552932760206 
512 567 652 1552932760210 
512 565 651 1552932760222 
512 564 650 1552932760226 
512 563 649 1552932760240 
512 563 648 1552932760242 
512 562 646 1552932760252 
512 562 645 1552932760265 
512 561 645 1552932760273 
512 561 644 1552932760281 
512 560 644 1552932760289 
512 560 643 1552932760297 
512 560 642 1552932760306 
512 560 641 1552932760322 
512 560 640 1552932760339 
512 559 640 1552932760342 
512 559 639 1552932760352 
512 559 638 1552932760358 
512 559 637 1552932760373 
512 559 636 1552932760389 
513 559 636 1552932760406 
512 558 636 1552932760535 
514 558 636 1552932760536 
512 557 637 1552932760541 
512 557 636 1552932760612 
512 557 634 1552932760620 
512 557 632 1552932760628 
512 557 630 1552932760636 
512 559 612 1552932760661 
512 560 604 1552932760665 
512 560 594 1552932760673 
512 560 585 1552932760681 
512 558 574 1552932760687 
512 557 564 1552932760695 
512 556 556 1552932760703 
512 555 547 1552932760711 
512 553 540 1552932760720 
512 552 535 1552932760728 
512 551 531 1552932760739 
512 550 528 1552932760742 
512 550 523 1552932760752 
512 550 517 1552932760759 
512 551 510 1552932760769 
512 556 502 1552932760775 
512 560 492 1552932760783 
512 565 482 1552932760790 
512 572 471 1552932760796 
512 580 458 1552932760806 
512 594 436 1552932760812 
512 609 410 1552932760822 
512 631 377 1552932760828 
512 646 351 1552932760839 
512 658 329 1552932760842 
512 667 304 1552932760852 
512 671 288 1552932760858 
512 672 275 1552932760868 
512 672 266 1552932760875 
512 669 258 1552932760883 
512 667 251 1552932760890 
512 665 246 1552932760897 
512 663 242 1552932760906 
512 663 239 1552932760913 
512 662 236 1552932760922 
512 660 234 1552932760929 
512 660 232 1552932760939 
512 659 230 1552932760944 
512 658 230 1552932760952 
512 658 229 1552932760959 
512 657 229 1552932760968 
512 657 228 1552932760975 
512 656 227 1552932760983 
512 656 226 1552932760998 
512 656 225 1552932761012 
512 656 224 1552932761022 
512 656 222 1552932761028 
512 656 220 1552932761039 
512 656 218 1552932761044 
512 656 215 1552932761056 
512 657 212 1552932761058 
512 657 210 1552932761068 
512 659 208 1552932761075 
512 661 207 1552932761083 
512 662 206 1552932761091 
512 664 205 1552932761098 
512 665 204 1552932761107 
512 667 204 1552932761112 
512 670 203 1552932761123 
512 671 203 1552932761129 
512 673 203 1552932761139 
512 674 203 1552932761144 
512 676 203 1552932761154 
512 680 203 1552932761160 
512 683 203 1552932761167 
512 685 204 1552932761175 
512 687 205 1552932761182 
512 688 205 1552932761190 
512 689 205 1552932761198 
512 689 206 1552932761206 
512 689 207 1552932761214 
512 690 207 1552932761228 
512 691 207 1552932761239 
512 691 208 1552932761290 
512 691 209 1552932761306 
512 692 210 1552932761328 
512 692 211 1552932761355 
512 693 211 1552932761414 
512 694 211 1552932761444 
512 695 211 1552932761461 
513 695 211 1552932761492 
512 696 211 1552932761495 
514 696 211 1552932761606 
