512 694 206 1553174079694 
512 693 207 1553174079713 
512 692 210 1553174079727 
512 690 216 1553174079745 
512 689 223 1553174079763 
512 689 230 1553174079778 
512 689 237 1553174079795 
512 690 238 1553174079811 
512 692 244 1553174079829 
512 694 254 1553174079844 
512 699 270 1553174079863 
512 712 297 1553174079878 
512 759 361 1553174079896 
512 778 392 1553174079912 
512 790 412 1553174079928 
512 798 433 1553174079945 
512 807 455 1553174079963 
512 815 477 1553174079978 
512 824 507 1553174079995 
512 828 531 1553174080013 
512 831 549 1553174080028 
512 832 560 1553174080046 
512 832 571 1553174080061 
512 832 587 1553174080079 
512 834 601 1553174080095 
512 835 610 1553174080112 
512 835 611 1553174080128 
512 834 611 1553174080145 
512 833 612 1553174080162 
512 832 615 1553174080180 
512 832 617 1553174080195 
512 832 619 1553174080214 
512 832 620 1553174080264 
512 833 624 1553174080278 
512 837 631 1553174080295 
512 838 634 1553174080312 
512 839 636 1553174080328 
512 839 637 1553174080347 
512 839 638 1553174080363 
512 839 639 1553174080378 
512 839 640 1553174080395 
513 839 640 1553174080489 
514 839 640 1553174080635 
512 839 639 1553174080761 
512 838 637 1553174080777 
512 837 636 1553174080795 
512 836 636 1553174080811 
512 834 636 1553174080828 
512 829 636 1553174080846 
512 815 636 1553174080861 
512 795 631 1553174080880 
512 770 621 1553174080894 
512 735 601 1553174080911 
512 700 577 1553174080930 
512 692 567 1553174080945 
512 684 558 1553174080961 
512 671 542 1553174080978 
512 658 529 1553174080996 
512 645 517 1553174081013 
512 634 509 1553174081028 
512 619 495 1553174081045 
512 606 482 1553174081062 
512 593 471 1553174081079 
512 581 460 1553174081097 
512 564 447 1553174081111 
512 545 434 1553174081128 
512 522 423 1553174081146 
512 517 419 1553174081161 
512 517 415 1553174081179 
512 517 411 1553174081194 
512 517 406 1553174081213 
512 517 405 1553174081228 
512 512 402 1553174081245 
512 509 400 1553174081261 
512 509 399 1553174081279 
512 509 398 1553174081294 
512 509 397 1553174081313 
512 505 394 1553174081362 
512 501 392 1553174081378 
512 496 389 1553174081395 
512 488 385 1553174081412 
512 481 381 1553174081428 
512 477 379 1553174081446 
512 476 378 1553174081462 
512 475 377 1553174081478 
512 473 376 1553174081495 
512 472 374 1553174081512 
512 470 372 1553174081530 
512 470 371 1553174081578 
512 470 370 1553174081597 
513 470 370 1553174081625 
512 470 371 1553174081762 
512 471 374 1553174081777 
514 471 374 1553174081777 
512 471 374 1553174081779 
512 471 378 1553174081796 
512 473 382 1553174081811 
512 474 383 1553174081829 
512 478 385 1553174081844 
512 488 386 1553174081862 
512 501 387 1553174081879 
512 522 394 1553174081895 
512 549 404 1553174081913 
512 570 414 1553174081929 
512 584 423 1553174081945 
512 595 433 1553174081962 
512 598 434 1553174081979 
512 599 434 1553174081996 
512 600 428 1553174082011 
512 606 416 1553174082028 
512 618 397 1553174082045 
512 639 367 1553174082064 
512 682 317 1553174082078 
512 699 297 1553174082095 
512 707 282 1553174082111 
512 710 271 1553174082130 
512 711 264 1553174082146 
512 713 259 1553174082161 
512 715 254 1553174082178 
512 716 252 1553174082197 
512 717 251 1553174082230 
512 717 249 1553174082244 
512 717 248 1553174082261 
512 717 246 1553174082280 
512 717 245 1553174082294 
512 717 244 1553174082311 
512 716 241 1553174082330 
512 715 239 1553174082344 
512 714 237 1553174082362 
512 714 235 1553174082378 
512 714 231 1553174082397 
512 714 229 1553174082411 
512 714 228 1553174082428 
512 714 227 1553174082444 
512 714 226 1553174082464 
512 714 225 1553174082497 
512 714 223 1553174082528 
512 713 222 1553174082545 
512 712 221 1553174082562 
512 710 220 1553174082578 
512 709 218 1553174082595 
512 708 217 1553174082611 
512 707 216 1553174082628 
512 706 215 1553174082646 
512 705 215 1553174082662 
512 703 214 1553174082678 
512 698 212 1553174082695 
513 698 212 1553174082742 
514 698 212 1553174082873 
512 698 214 1553174082961 
512 702 218 1553174082978 
512 705 218 1553174082995 
512 710 220 1553174083011 
512 716 227 1553174083028 
512 722 238 1553174083044 
512 733 259 1553174083062 
512 764 305 1553174083078 
512 818 374 1553174083094 
512 871 427 1553174083112 
512 880 432 1553174083128 
512 881 432 1553174083145 
512 882 431 1553174083195 
512 883 420 1553174083212 
512 885 413 1553174083228 
512 887 409 1553174083245 
512 889 406 1553174083261 
512 890 403 1553174083278 
512 891 399 1553174083296 
512 893 396 1553174083313 
512 896 395 1553174083330 
512 899 393 1553174083344 
512 902 392 1553174083361 
512 905 391 1553174083378 
512 909 391 1553174083395 
512 918 391 1553174083413 
512 933 393 1553174083428 
512 938 393 1553174083444 
512 941 393 1553174083462 
512 942 392 1553174083478 
512 942 391 1553174083595 
512 942 390 1553174083613 
512 937 388 1553174083628 
512 934 387 1553174083645 
512 933 386 1553174083662 
512 932 385 1553174083694 
512 930 384 1553174083712 
512 929 384 1553174083728 
512 928 382 1553174083745 
512 927 381 1553174083762 
513 927 381 1553174083822 
512 926 381 1553174083896 
514 926 381 1553174083937 
512 926 381 1553174083944 
512 925 382 1553174083994 
512 919 387 1553174084013 
512 913 391 1553174084028 
512 889 397 1553174084045 
512 868 399 1553174084061 
512 843 401 1553174084078 
512 820 406 1553174084095 
512 799 409 1553174084113 
512 780 414 1553174084128 
512 760 421 1553174084145 
512 731 438 1553174084161 
512 712 455 1553174084178 
512 694 470 1553174084196 
512 682 484 1553174084212 
512 668 498 1553174084228 
512 651 522 1553174084247 
512 640 542 1553174084261 
512 628 563 1553174084278 
512 617 583 1553174084297 
512 605 597 1553174084311 
512 598 606 1553174084330 
512 594 610 1553174084345 
512 594 612 1553174084363 
512 593 613 1553174084444 
512 590 617 1553174084562 
512 586 624 1553174084579 
512 583 628 1553174084595 
512 578 634 1553174084612 
512 576 636 1553174084629 
512 575 637 1553174084645 
512 573 639 1553174084661 
512 572 640 1553174084678 
512 571 641 1553174084694 
512 570 642 1553174084712 
512 569 643 1553174084729 
512 564 645 1553174084812 
512 552 647 1553174084830 
512 543 649 1553174084845 
512 541 650 1553174084863 
513 541 650 1553174084894 
512 541 651 1553174084911 
512 543 651 1553174084979 
512 544 651 1553174085028 
512 546 650 1553174085044 
514 546 650 1553174085048 
512 547 649 1553174085061 
512 548 649 1553174085077 
512 549 649 1553174085095 
512 552 648 1553174085112 
512 555 647 1553174085128 
512 557 647 1553174085147 
512 559 647 1553174085161 
512 560 647 1553174085178 
512 561 647 1553174085195 
512 562 647 1553174085212 
513 562 647 1553174085220 
512 563 647 1553174085229 
512 564 647 1553174085244 
512 565 647 1553174085279 
514 565 647 1553174085373 
512 565 647 1553174085378 
512 567 643 1553174085513 
512 569 637 1553174085528 
512 575 624 1553174085545 
512 585 607 1553174085561 
512 600 593 1553174085578 
512 627 588 1553174085594 
512 668 590 1553174085611 
512 689 599 1553174085629 
512 705 610 1553174085644 
512 716 620 1553174085661 
512 723 627 1553174085679 
512 727 630 1553174085696 
512 731 633 1553174085712 
512 737 637 1553174085728 
512 743 640 1553174085745 
512 751 641 1553174085762 
512 762 642 1553174085777 
512 773 644 1553174085794 
512 778 645 1553174085811 
512 780 645 1553174085828 
512 781 645 1553174085846 
512 783 644 1553174085861 
512 785 643 1553174085878 
512 789 641 1553174085895 
512 793 641 1553174085913 
512 801 641 1553174085928 
512 805 641 1553174085947 
512 806 641 1553174085961 
512 807 641 1553174085980 
512 808 642 1553174085995 
512 810 644 1553174086012 
512 811 644 1553174086028 
512 812 644 1553174086047 
512 815 644 1553174086061 
512 820 644 1553174086079 
512 825 644 1553174086095 
512 828 644 1553174086111 
512 831 644 1553174086130 
512 833 644 1553174086146 
512 834 644 1553174086263 
513 834 644 1553174086333 
512 835 644 1553174086362 
512 836 644 1553174086461 
514 836 644 1553174086467 
512 836 644 1553174086479 
512 836 643 1553174086544 
512 833 640 1553174086562 
512 829 639 1553174086577 
512 823 637 1553174086596 
512 819 634 1553174086612 
512 812 629 1553174086627 
512 799 620 1553174086645 
512 794 613 1553174086661 
512 792 608 1553174086680 
512 791 601 1553174086695 
512 792 587 1553174086711 
512 802 570 1553174086728 
512 830 540 1553174086746 
512 870 510 1553174086761 
512 896 488 1553174086778 
512 911 478 1553174086794 
512 919 472 1553174086811 
512 922 467 1553174086829 
512 923 465 1553174086844 
512 923 461 1553174086861 
512 923 460 1553174086878 
512 922 459 1553174086896 
512 922 457 1553174086911 
512 922 455 1553174086928 
512 922 450 1553174086945 
512 922 445 1553174086962 
512 921 441 1553174086978 
512 921 439 1553174086994 
512 921 434 1553174087011 
512 922 428 1553174087029 
512 924 422 1553174087045 
512 925 418 1553174087061 
512 927 413 1553174087078 
512 928 410 1553174087095 
512 928 408 1553174087114 
512 928 406 1553174087128 
512 928 405 1553174087147 
512 928 404 1553174087162 
512 928 402 1553174087180 
512 928 401 1553174087195 
512 927 399 1553174087211 
512 926 398 1553174087228 
512 925 397 1553174087244 
512 924 395 1553174087261 
512 922 392 1553174087280 
512 922 390 1553174087294 
512 922 389 1553174087312 
512 921 387 1553174087328 
512 921 386 1553174087347 
512 921 385 1553174087361 
512 921 384 1553174087380 
513 921 384 1553174087419 
514 921 384 1553174087580 
512 918 385 1553174087744 
512 906 388 1553174087762 
512 883 388 1553174087778 
512 812 386 1553174087795 
512 751 385 1553174087811 
512 672 387 1553174087830 
512 609 387 1553174087844 
512 573 386 1553174087861 
512 552 379 1553174087880 
512 543 375 1553174087897 
512 534 372 1553174087911 
512 524 370 1553174087928 
512 514 368 1553174087946 
512 499 366 1553174087961 
512 485 363 1553174087980 
512 474 359 1553174087995 
512 471 357 1553174088012 
512 471 356 1553174088028 
512 470 358 1553174088112 
512 470 363 1553174088129 
512 470 365 1553174088145 
512 472 367 1553174088162 
512 474 367 1553174088179 
512 475 368 1553174088195 
512 477 369 1553174088212 
512 479 370 1553174088228 
512 480 370 1553174088245 
513 480 370 1553174088345 
512 480 371 1553174088462 
512 479 371 1553174088479 
514 479 371 1553174088489 
512 479 371 1553174088494 
512 478 372 1553174088561 
512 476 373 1553174088578 
512 475 373 1553174088595 
512 474 374 1553174088645 
512 473 375 1553174088676 
513 473 375 1553174088676 
512 472 377 1553174088761 
512 472 378 1553174088767 
514 472 378 1553174088768 
512 472 380 1553174088779 
512 476 389 1553174088794 
512 483 403 1553174088812 
512 492 422 1553174088827 
512 514 466 1553174088846 
512 535 507 1553174088862 
512 543 536 1553174088878 
512 553 561 1553174088895 
512 561 580 1553174088911 
512 565 593 1553174088929 
512 567 602 1553174088944 
512 574 618 1553174088961 
512 580 626 1553174088978 
512 582 629 1553174088996 
512 582 630 1553174089012 
512 582 631 1553174089045 
512 582 633 1553174089061 
512 581 634 1553174089078 
512 580 635 1553174089095 
512 578 637 1553174089111 
512 576 638 1553174089128 
512 574 641 1553174089145 
512 572 642 1553174089162 
512 572 643 1553174089178 
512 571 645 1553174089194 
512 570 645 1553174089212 
513 570 645 1553174089318 
512 570 646 1553174089445 
512 567 646 1553174089462 
514 567 646 1553174089470 
512 567 646 1553174089477 
513 567 646 1553174089539 
514 567 646 1553174089701 
512 567 644 1553174089778 
512 572 634 1553174089797 
512 578 629 1553174089811 
512 584 625 1553174089828 
512 587 625 1553174089845 
512 588 626 1553174089912 
512 592 626 1553174089928 
512 598 615 1553174089945 
512 606 595 1553174089961 
512 611 576 1553174089979 
512 619 554 1553174089995 
512 641 479 1553174090014 
512 661 413 1553174090030 
512 679 356 1553174090045 
512 689 321 1553174090062 
512 701 299 1553174090078 
512 712 269 1553174090095 
512 717 257 1553174090112 
512 720 245 1553174090128 
512 721 238 1553174090145 
512 721 233 1553174090161 
512 721 231 1553174090178 
512 721 230 1553174090194 
512 721 228 1553174090211 
512 720 226 1553174090228 
512 718 223 1553174090246 
512 716 221 1553174090261 
512 713 217 1553174090278 
512 710 212 1553174090295 
512 708 209 1553174090312 
512 708 208 1553174090346 
513 708 208 1553174090466 
512 707 208 1553174090544 
512 705 208 1553174090595 
512 704 208 1553174090603 
514 704 208 1553174090603 
