512 698 207 1552932772443 
512 697 208 1552932772451 
512 696 209 1552932772460 
512 696 210 1552932772470 
512 695 211 1552932772476 
512 694 213 1552932772482 
512 693 215 1552932772489 
512 691 217 1552932772498 
512 691 219 1552932772505 
512 688 222 1552932772514 
512 686 224 1552932772522 
512 683 227 1552932772530 
512 681 230 1552932772538 
512 678 232 1552932772544 
512 674 236 1552932772555 
512 671 239 1552932772560 
512 668 241 1552932772571 
512 666 242 1552932772576 
512 665 243 1552932772590 
512 663 244 1552932772591 
512 662 244 1552932772598 
512 660 247 1552932772606 
512 657 249 1552932772614 
512 655 251 1552932772622 
512 654 252 1552932772630 
512 651 254 1552932772639 
512 647 259 1552932772644 
512 645 265 1552932772655 
512 642 271 1552932772660 
512 641 279 1552932772672 
512 641 287 1552932772676 
512 642 299 1552932772689 
512 645 311 1552932772692 
512 650 325 1552932772698 
512 655 342 1552932772706 
512 663 362 1552932772714 
512 676 386 1552932772722 
512 691 415 1552932772730 
512 702 445 1552932772738 
512 713 471 1552932772746 
512 722 496 1552932772755 
512 735 519 1552932772760 
512 746 538 1552932772771 
512 757 555 1552932772776 
512 771 570 1552932772789 
512 783 579 1552932772792 
512 793 586 1552932772801 
512 803 595 1552932772808 
512 811 602 1552932772814 
512 820 609 1552932772822 
512 824 615 1552932772830 
512 827 618 1552932772838 
512 829 621 1552932772846 
512 830 623 1552932772855 
512 831 624 1552932772860 
512 831 625 1552932772872 
512 831 626 1552932772876 
512 831 627 1552932772889 
512 831 629 1552932772892 
512 829 629 1552932772901 
512 829 630 1552932772908 
512 828 630 1552932772914 
512 827 631 1552932772930 
512 826 631 1552932772955 
512 826 633 1552932773046 
512 826 634 1552932773055 
512 827 635 1552932773062 
512 828 637 1552932773071 
512 830 639 1552932773076 
512 832 642 1552932773089 
512 834 645 1552932773091 
512 835 647 1552932773101 
512 836 649 1552932773108 
512 837 652 1552932773118 
512 837 653 1552932773124 
512 838 653 1552932773130 
512 839 654 1552932773146 
513 839 654 1552932773240 
512 839 653 1552932773298 
512 839 651 1552932773306 
512 839 648 1552932773314 
512 839 647 1552932773340 
512 839 641 1552932773357 
514 839 641 1552932773375 
512 840 640 1552932773376 
512 840 639 1552932773388 
512 841 639 1552932773401 
512 841 638 1552932773439 
513 841 638 1552932773464 
512 843 638 1552932773509 
514 843 638 1552932773602 
512 843 637 1552932773609 
512 843 636 1552932773614 
512 843 635 1552932773755 
512 842 635 1552932773763 
512 838 632 1552932773863 
512 791 598 1552932773898 
512 770 584 1552932773901 
512 742 561 1552932773909 
512 719 544 1552932773918 
512 692 527 1552932773925 
512 674 515 1552932773935 
512 662 507 1552932773939 
512 654 501 1552932773947 
512 648 496 1552932773956 
512 641 490 1552932773964 
512 638 485 1552932773972 
512 635 481 1552932773980 
512 632 478 1552932773988 
512 630 474 1552932773994 
512 627 472 1552932774005 
512 626 470 1552932774010 
512 625 469 1552932774021 
512 624 468 1552932774039 
512 624 467 1552932774088 
512 622 466 1552932774096 
512 621 466 1552932774105 
512 620 464 1552932774110 
512 617 463 1552932774122 
512 612 461 1552932774126 
512 606 458 1552932774139 
512 598 455 1552932774142 
512 588 450 1552932774151 
512 576 447 1552932774158 
512 565 444 1552932774164 
512 555 440 1552932774172 
512 547 437 1552932774180 
512 537 434 1552932774188 
512 532 431 1552932774196 
512 530 429 1552932774205 
512 527 426 1552932774210 
512 525 424 1552932774223 
512 523 421 1552932774225 
512 521 417 1552932774239 
512 520 413 1552932774241 
512 518 410 1552932774258 
512 517 405 1552932774259 
512 517 402 1552932774263 
512 514 398 1552932774273 
512 510 394 1552932774280 
512 507 390 1552932774288 
512 503 387 1552932774296 
512 500 383 1552932774305 
512 498 381 1552932774312 
512 496 379 1552932774322 
512 493 376 1552932774326 
512 491 375 1552932774339 
512 491 374 1552932774341 
512 490 374 1552932774351 
512 490 373 1552932774358 
512 489 373 1552932774368 
512 488 372 1552932774374 
512 488 371 1552932774380 
512 487 371 1552932774388 
512 486 370 1552932774412 
512 485 370 1552932774428 
512 484 370 1552932774496 
512 482 370 1552932774521 
512 481 371 1552932774528 
512 479 372 1552932774542 
512 478 372 1552932774551 
512 477 373 1552932774582 
512 476 373 1552932774596 
512 475 373 1552932774606 
512 474 374 1552932774620 
512 473 375 1552932774627 
512 472 375 1552932774636 
512 471 375 1552932774650 
513 471 375 1552932774739 
514 471 375 1552932774881 
512 470 376 1552932774896 
512 469 377 1552932774919 
512 469 378 1552932774926 
512 468 378 1552932774935 
512 468 379 1552932774942 
512 468 380 1552932774958 
512 469 380 1552932774996 
512 471 380 1552932775004 
512 472 380 1552932775013 
512 474 380 1552932775019 
512 476 380 1552932775026 
512 478 380 1552932775035 
512 481 380 1552932775043 
512 484 382 1552932775053 
512 487 385 1552932775059 
512 492 387 1552932775070 
512 498 390 1552932775073 
512 506 393 1552932775081 
512 514 394 1552932775089 
512 524 396 1552932775097 
512 532 396 1552932775105 
512 540 396 1552932775113 
512 547 392 1552932775122 
512 553 388 1552932775127 
512 559 382 1552932775137 
512 565 374 1552932775143 
512 569 366 1552932775153 
512 572 358 1552932775159 
512 575 350 1552932775169 
512 578 339 1552932775175 
512 582 329 1552932775180 
512 585 317 1552932775188 
512 590 303 1552932775196 
512 593 292 1552932775204 
512 597 282 1552932775213 
512 602 272 1552932775220 
512 607 263 1552932775229 
512 611 254 1552932775235 
512 616 246 1552932775243 
512 620 238 1552932775252 
512 625 233 1552932775258 
512 628 231 1552932775268 
512 634 228 1552932775275 
512 637 227 1552932775285 
512 639 226 1552932775288 
512 642 226 1552932775296 
512 644 226 1552932775304 
512 647 226 1552932775312 
512 650 227 1552932775321 
512 653 228 1552932775329 
512 656 228 1552932775337 
512 658 229 1552932775343 
512 660 230 1552932775352 
512 662 231 1552932775359 
512 664 232 1552932775375 
512 666 233 1552932775385 
512 668 233 1552932775391 
512 671 233 1552932775397 
512 673 233 1552932775405 
512 676 233 1552932775413 
512 678 233 1552932775421 
512 681 233 1552932775429 
512 684 233 1552932775437 
512 686 233 1552932775445 
512 689 233 1552932775452 
512 692 231 1552932775459 
512 695 230 1552932775471 
512 698 229 1552932775476 
512 700 228 1552932775489 
512 702 227 1552932775492 
512 704 226 1552932775501 
512 705 225 1552932775508 
512 706 225 1552932775514 
512 706 224 1552932775601 
512 707 224 1552932775608 
512 707 223 1552932775614 
512 707 222 1552932775630 
512 707 221 1552932775655 
512 707 220 1552932775671 
512 706 219 1552932775689 
512 705 218 1552932775691 
512 704 217 1552932775708 
512 703 216 1552932775723 
512 703 215 1552932775738 
512 703 214 1552932775746 
512 702 214 1552932775755 
512 702 213 1552932775762 
512 701 212 1552932775776 
512 701 211 1552932775801 
513 701 211 1552932775832 
514 701 211 1552932775937 
512 700 211 1552932775952 
512 700 212 1552932775960 
512 700 214 1552932775968 
512 700 215 1552932775976 
512 700 217 1552932775986 
512 700 219 1552932775991 
512 699 221 1552932776000 
512 698 225 1552932776007 
512 698 228 1552932776016 
512 697 231 1552932776023 
512 697 235 1552932776031 
512 696 239 1552932776037 
512 696 245 1552932776045 
512 696 253 1552932776053 
512 696 261 1552932776061 
512 698 269 1552932776069 
512 701 276 1552932776077 
512 705 286 1552932776086 
512 709 295 1552932776093 
512 714 302 1552932776100 
512 719 308 1552932776107 
512 725 315 1552932776116 
512 731 322 1552932776123 
512 740 330 1552932776131 
512 748 338 1552932776139 
512 758 347 1552932776145 
512 773 357 1552932776153 
512 794 371 1552932776161 
512 817 380 1552932776169 
512 831 390 1552932776177 
512 850 402 1552932776186 
512 863 409 1552932776193 
512 880 415 1552932776200 
512 894 420 1552932776207 
512 907 423 1552932776215 
512 916 425 1552932776223 
512 924 425 1552932776231 
512 929 425 1552932776239 
512 932 425 1552932776248 
512 935 423 1552932776256 
512 936 421 1552932776262 
512 936 419 1552932776271 
512 936 416 1552932776278 
512 936 413 1552932776288 
512 934 409 1552932776294 
512 931 406 1552932776305 
512 929 402 1552932776310 
512 926 399 1552932776318 
512 925 397 1552932776324 
512 925 395 1552932776332 
512 925 392 1552932776340 
512 925 391 1552932776348 
512 925 390 1552932776356 
512 925 389 1552932776362 
512 925 388 1552932776371 
512 925 387 1552932776378 
512 925 386 1552932776394 
512 925 385 1552932776410 
512 925 383 1552932776424 
512 925 382 1552932776440 
512 925 381 1552932776455 
512 925 380 1552932776463 
512 925 379 1552932776471 
512 925 378 1552932776478 
512 925 377 1552932776488 
512 925 376 1552932776494 
512 925 375 1552932776510 
513 925 375 1552932776566 
514 925 375 1552932776693 
512 924 375 1552932776725 
512 923 375 1552932776736 
512 921 376 1552932776741 
512 920 377 1552932776747 
512 914 378 1552932776773 
512 911 379 1552932776778 
512 909 380 1552932776786 
512 906 381 1552932776792 
512 904 381 1552932776801 
512 903 381 1552932776808 
512 902 381 1552932776816 
512 901 381 1552932776856 
512 900 381 1552932776864 
512 899 381 1552932776872 
512 897 381 1552932776880 
512 894 381 1552932776888 
512 891 381 1552932776896 
512 885 381 1552932776905 
512 877 381 1552932776910 
512 868 381 1552932776921 
512 855 382 1552932776926 
512 841 384 1552932776939 
512 826 388 1552932776941 
512 814 391 1552932776957 
512 803 396 1552932776959 
512 793 400 1552932776963 
512 782 406 1552932776971 
512 772 412 1552932776979 
512 760 422 1552932776987 
512 748 433 1552932776994 
512 733 448 1552932777002 
512 718 460 1552932777008 
512 706 471 1552932777017 
512 691 485 1552932777024 
512 676 497 1552932777034 
512 659 509 1552932777040 
512 649 518 1552932777050 
512 640 526 1552932777056 
512 632 532 1552932777062 
512 624 540 1552932777070 
512 616 549 1552932777078 
512 608 559 1552932777086 
512 602 569 1552932777094 
512 597 578 1552932777102 
512 592 586 1552932777110 
512 589 593 1552932777117 
512 586 600 1552932777124 
512 585 603 1552932777133 
512 583 608 1552932777140 
512 582 611 1552932777151 
512 582 613 1552932777156 
512 582 614 1552932777164 
512 582 616 1552932777170 
512 582 617 1552932777186 
512 582 618 1552932777194 
512 582 620 1552932777202 
512 582 622 1552932777210 
512 582 625 1552932777218 
512 582 627 1552932777224 
512 582 629 1552932777234 
512 581 630 1552932777240 
512 581 631 1552932777250 
512 580 632 1552932777272 
512 579 634 1552932777286 
512 578 635 1552932777294 
512 576 636 1552932777302 
512 574 638 1552932777310 
512 573 639 1552932777319 
512 569 641 1552932777326 
512 566 643 1552932777334 
512 563 643 1552932777340 
512 560 644 1552932777350 
512 558 645 1552932777356 
512 557 645 1552932777364 
512 556 645 1552932777474 
513 556 645 1552932777523 
514 556 645 1552932777651 
512 560 642 1552932777710 
512 564 639 1552932777718 
512 569 636 1552932777727 
512 575 631 1552932777735 
512 580 628 1552932777742 
512 583 624 1552932777750 
512 587 620 1552932777758 
512 591 614 1552932777768 
512 595 610 1552932777772 
512 599 604 1552932777780 
512 605 595 1552932777788 
512 612 585 1552932777797 
512 620 572 1552932777805 
512 631 556 1552932777813 
512 638 538 1552932777819 
512 644 526 1552932777827 
512 648 514 1552932777836 
512 651 504 1552932777843 
512 652 496 1552932777852 
512 652 490 1552932777859 
512 652 486 1552932777869 
512 652 483 1552932777873 
512 652 481 1552932777881 
512 652 480 1552932777889 
512 652 483 1552932777921 
512 653 488 1552932777927 
512 656 497 1552932777936 
512 661 507 1552932777943 
512 665 519 1552932777952 
512 670 531 1552932777959 
512 677 544 1552932777969 
512 685 557 1552932777975 
512 695 568 1552932777981 
512 709 579 1552932777989 
512 719 588 1552932777997 
512 732 595 1552932778005 
512 744 600 1552932778013 
512 755 603 1552932778021 
512 766 607 1552932778029 
512 777 610 1552932778036 
512 785 613 1552932778043 
512 794 615 1552932778052 
512 800 616 1552932778059 
512 806 617 1552932778069 
512 810 618 1552932778075 
512 813 618 1552932778086 
512 816 618 1552932778089 
512 818 618 1552932778097 
512 820 618 1552932778105 
512 822 617 1552932778113 
512 824 616 1552932778121 
512 825 615 1552932778137 
512 825 614 1552932778143 
512 826 613 1552932778159 
512 828 612 1552932778175 
512 830 611 1552932778189 
512 832 611 1552932778191 
512 833 611 1552932778198 
512 834 611 1552932778206 
512 834 612 1552932778229 
512 834 614 1552932778245 
512 833 616 1552932778255 
512 833 618 1552932778260 
512 832 621 1552932778272 
512 831 624 1552932778276 
512 830 627 1552932778289 
512 830 629 1552932778291 
512 830 632 1552932778301 
512 830 635 1552932778307 
512 830 637 1552932778314 
512 830 639 1552932778322 
512 830 641 1552932778330 
512 830 643 1552932778338 
512 830 644 1552932778355 
512 830 645 1552932778389 
512 830 646 1552932778392 
512 831 646 1552932778407 
512 832 646 1552932778438 
512 833 646 1552932778530 
512 834 647 1552932778545 
512 835 647 1552932778554 
512 836 647 1552932778571 
512 837 647 1552932778630 
513 837 647 1552932778632 
512 838 647 1552932778675 
512 839 647 1552932778685 
514 839 647 1552932778815 
512 839 646 1552932778954 
512 838 646 1552932778962 
512 838 645 1552932778971 
512 837 645 1552932779005 
512 837 644 1552932779039 
512 837 640 1552932779048 
512 864 569 1552932779088 
512 884 535 1552932779093 
512 904 503 1552932779102 
512 925 473 1552932779109 
512 942 443 1552932779114 
512 954 422 1552932779122 
512 959 408 1552932779130 
512 961 396 1552932779139 
512 962 388 1552932779147 
512 962 380 1552932779155 
512 963 371 1552932779163 
512 963 365 1552932779171 
512 963 360 1552932779177 
512 963 357 1552932779188 
512 962 354 1552932779194 
512 962 352 1552932779205 
512 962 350 1552932779209 
512 962 349 1552932779221 
512 962 348 1552932779232 
512 961 348 1552932779248 
512 960 348 1552932779263 
512 959 347 1552932779278 
512 958 346 1552932779288 
512 957 346 1552932779294 
512 955 346 1552932779304 
512 954 346 1552932779310 
512 952 346 1552932779321 
512 951 346 1552932779326 
512 949 346 1552932779331 
512 947 346 1552932779340 
512 945 346 1552932779347 
512 943 346 1552932779355 
512 940 346 1552932779363 
512 938 346 1552932779371 
512 936 347 1552932779377 
512 935 348 1552932779386 
512 934 348 1552932779393 
512 934 349 1552932779409 
512 933 349 1552932779419 
512 933 350 1552932779439 
512 933 351 1552932779455 
512 933 352 1552932779471 
512 932 352 1552932779479 
512 932 353 1552932779487 
512 932 354 1552932779505 
512 931 355 1552932779510 
512 930 355 1552932779521 
512 930 356 1552932779526 
512 930 358 1552932779540 
512 930 359 1552932779548 
512 929 361 1552932779555 
512 928 362 1552932779563 
512 928 363 1552932779572 
512 927 364 1552932779580 
512 927 365 1552932779589 
512 926 366 1552932779593 
512 925 367 1552932779605 
512 925 368 1552932779625 
512 925 369 1552932779651 
512 924 370 1552932779657 
512 924 371 1552932779672 
512 923 372 1552932779688 
513 923 372 1552932779773 
514 923 372 1552932779935 
512 922 372 1552932780057 
512 921 372 1552932780066 
512 919 372 1552932780074 
512 918 372 1552932780088 
512 909 368 1552932780132 
512 906 366 1552932780133 
512 900 366 1552932780141 
512 892 365 1552932780149 
512 884 364 1552932780156 
512 870 362 1552932780164 
512 856 361 1552932780172 
512 832 361 1552932780180 
512 802 361 1552932780188 
512 760 364 1552932780195 
512 719 368 1552932780205 
512 674 371 1552932780211 
512 633 375 1552932780221 
512 589 377 1552932780227 
512 544 382 1552932780238 
512 500 388 1552932780241 
512 460 393 1552932780250 
512 432 396 1552932780257 
512 415 398 1552932780265 
512 403 399 1552932780272 
512 395 400 1552932780281 
512 392 400 1552932780288 
512 389 401 1552932780294 
512 388 402 1552932780302 
512 387 402 1552932780310 
512 388 402 1552932780411 
512 390 400 1552932780421 
512 392 399 1552932780427 
512 393 397 1552932780438 
512 394 396 1552932780444 
512 395 396 1552932780455 
512 395 395 1552932780481 
512 396 395 1552932780497 
512 397 394 1552932780505 
512 399 393 1552932780512 
512 401 392 1552932780521 
512 403 390 1552932780527 
512 406 387 1552932780538 
512 409 385 1552932780543 
512 414 382 1552932780554 
512 418 380 1552932780559 
512 423 377 1552932780568 
512 426 376 1552932780574 
512 428 375 1552932780582 
512 431 374 1552932780590 
512 433 374 1552932780597 
512 435 373 1552932780606 
512 436 373 1552932780613 
512 437 372 1552932780638 
512 438 372 1552932780655 
512 439 372 1552932780672 
512 440 372 1552932780673 
512 441 372 1552932780682 
512 444 372 1552932780690 
512 447 372 1552932780697 
512 450 373 1552932780707 
512 452 373 1552932780714 
512 453 374 1552932780722 
512 454 374 1552932780728 
512 454 375 1552932780738 
512 455 375 1552932780771 
512 456 375 1552932780775 
512 458 376 1552932780782 
512 460 377 1552932780790 
512 463 377 1552932780797 
512 464 378 1552932780813 
512 465 378 1552932780975 
512 466 378 1552932780991 
512 467 378 1552932781006 
513 467 378 1552932781008 
512 469 378 1552932781061 
512 470 378 1552932781067 
514 470 378 1552932781167 
512 471 378 1552932781271 
512 471 379 1552932781284 
512 473 379 1552932781291 
512 478 381 1552932781311 
512 483 383 1552932781315 
512 488 383 1552932781320 
512 494 384 1552932781328 
512 500 386 1552932781336 
512 506 388 1552932781344 
512 511 390 1552932781352 
512 519 393 1552932781360 
512 526 397 1552932781368 
512 536 403 1552932781374 
512 549 411 1552932781387 
512 575 426 1552932781391 
512 607 444 1552932781400 
512 647 467 1552932781407 
512 675 489 1552932781416 
512 708 515 1552932781423 
512 732 539 1552932781431 
512 751 559 1552932781438 
512 763 576 1552932781445 
512 769 588 1552932781454 
512 770 598 1552932781461 
512 770 607 1552932781471 
512 767 614 1552932781478 
512 764 623 1552932781489 
512 759 631 1552932781491 
512 755 639 1552932781501 
512 749 647 1552932781508 
512 742 657 1552932781517 
512 736 666 1552932781524 
512 727 672 1552932781532 
512 718 677 1552932781539 
512 710 681 1552932781545 
512 704 685 1552932781554 
512 700 687 1552932781561 
512 697 690 1552932781571 
512 695 692 1552932781578 
512 693 693 1552932781588 
512 690 694 1552932781591 
512 688 695 1552932781601 
512 686 695 1552932781608 
512 683 696 1552932781617 
512 681 696 1552932781624 
512 679 697 1552932781632 
512 678 697 1552932781661 
512 676 697 1552932781671 
512 673 697 1552932781677 
512 670 694 1552932781688 
512 665 691 1552932781693 
512 660 688 1552932781701 
512 656 686 1552932781708 
512 652 683 1552932781718 
512 649 681 1552932781724 
512 644 679 1552932781731 
512 641 677 1552932781740 
512 637 674 1552932781747 
512 634 672 1552932781755 
512 629 670 1552932781761 
512 626 667 1552932781771 
512 620 665 1552932781777 
512 614 663 1552932781788 
512 610 662 1552932781793 
512 606 661 1552932781805 
512 601 660 1552932781807 
512 598 659 1552932781818 
512 595 658 1552932781824 
512 591 658 1552932781832 
512 588 657 1552932781840 
512 585 656 1552932781847 
512 582 655 1552932781855 
512 581 654 1552932781871 
512 581 653 1552932781888 
512 581 652 1552932781894 
512 581 651 1552932781924 
512 581 650 1552932781939 
512 581 649 1552932781947 
512 581 648 1552932781955 
512 581 646 1552932781963 
512 581 644 1552932781971 
512 581 643 1552932781977 
512 581 641 1552932781988 
512 581 640 1552932782005 
512 581 639 1552932782023 
512 580 639 1552932782047 
512 578 639 1552932782064 
512 576 639 1552932782071 
512 573 640 1552932782078 
512 570 640 1552932782088 
512 567 640 1552932782093 
512 564 641 1552932782104 
512 562 641 1552932782109 
512 560 642 1552932782121 
512 559 643 1552932782125 
513 559 643 1552932782257 
514 559 643 1552932782402 
512 560 643 1552932782417 
512 560 642 1552932782424 
512 561 642 1552932782433 
512 564 640 1552932782440 
512 566 639 1552932782452 
512 568 636 1552932782455 
512 572 633 1552932782463 
512 577 629 1552932782471 
512 582 623 1552932782479 
512 588 617 1552932782487 
512 594 608 1552932782495 
512 601 599 1552932782503 
512 606 592 1552932782509 
512 610 585 1552932782521 
512 615 576 1552932782525 
512 619 566 1552932782538 
512 623 557 1552932782541 
512 628 547 1552932782551 
512 632 536 1552932782557 
512 639 520 1552932782564 
512 648 502 1552932782572 
512 655 489 1552932782579 
512 662 476 1552932782587 
512 668 466 1552932782596 
512 675 455 1552932782604 
512 682 445 1552932782609 
512 687 436 1552932782621 
512 693 428 1552932782625 
512 697 422 1552932782639 
512 699 416 1552932782641 
512 700 410 1552932782651 
512 702 404 1552932782658 
512 702 399 1552932782667 
512 702 394 1552932782674 
512 702 389 1552932782679 
512 702 385 1552932782688 
512 702 379 1552932782695 
512 701 374 1552932782704 
512 700 368 1552932782712 
512 698 361 1552932782721 
512 697 356 1552932782726 
512 695 349 1552932782739 
512 693 343 1552932782741 
512 690 337 1552932782751 
512 686 330 1552932782758 
512 681 321 1552932782767 
512 677 313 1552932782775 
512 674 304 1552932782779 
512 672 299 1552932782788 
512 671 292 1552932782795 
512 670 286 1552932782804 
512 670 281 1552932782811 
512 670 275 1552932782821 
512 671 269 1552932782826 
512 672 265 1552932782838 
512 673 261 1552932782841 
512 674 256 1552932782851 
512 675 252 1552932782857 
512 676 248 1552932782867 
512 677 243 1552932782874 
512 680 237 1552932782879 
512 683 231 1552932782888 
512 686 225 1552932782895 
512 689 221 1552932782903 
512 691 218 1552932782911 
512 694 216 1552932782919 
512 696 214 1552932782927 
512 697 212 1552932782936 
512 699 210 1552932782941 
512 700 208 1552932782950 
512 701 207 1552932782957 
512 702 205 1552932782968 
512 704 204 1552932782974 
512 705 203 1552932782981 
512 706 202 1552932782988 
512 707 202 1552932783011 
513 707 202 1552932783175 
514 707 202 1552932783280 
