512 708 217 1553631733901 
512 714 229 1553631733918 
512 718 245 1553631733936 
512 724 267 1553631733951 
512 730 287 1553631733968 
512 730 313 1553631733984 
512 730 339 1553631734003 
512 744 395 1553631734020 
512 746 409 1553631734035 
512 756 435 1553631734052 
512 766 455 1553631734068 
512 768 463 1553631734085 
512 768 473 1553631734102 
512 768 483 1553631734119 
512 768 495 1553631734135 
512 776 513 1553631734152 
512 786 527 1553631734169 
512 794 539 1553631734186 
512 798 555 1553631734201 
512 808 585 1553631734220 
512 816 605 1553631734237 
512 820 617 1553631734252 
512 824 625 1553631734268 
512 824 633 1553631734286 
512 826 637 1553631734303 
512 828 641 1553631734319 
512 832 647 1553631734335 
512 834 647 1553631734369 
512 838 649 1553631734387 
512 842 649 1553631734435 
512 842 645 1553631734587 
513 842 645 1553631734645 
514 842 645 1553631734788 
512 840 643 1553631734803 
512 838 637 1553631734820 
512 830 625 1553631734835 
512 822 611 1553631734853 
512 812 593 1553631734869 
512 796 565 1553631734886 
512 782 549 1553631734902 
512 776 545 1553631734920 
512 772 541 1553631734935 
512 772 533 1553631734952 
512 770 517 1553631734969 
512 762 495 1553631734986 
512 752 473 1553631735002 
512 738 445 1553631735020 
512 722 429 1553631735036 
512 696 413 1553631735052 
512 674 403 1553631735069 
512 650 393 1553631735086 
512 620 383 1553631735103 
512 590 375 1553631735119 
512 566 369 1553631735136 
512 554 363 1553631735153 
512 546 361 1553631735169 
512 540 361 1553631735204 
512 534 361 1553631735219 
512 524 367 1553631735236 
512 522 373 1553631735252 
512 522 375 1553631735269 
512 522 377 1553631735302 
512 520 379 1553631735319 
512 512 383 1553631735353 
512 504 387 1553631735369 
512 492 389 1553631735387 
512 482 389 1553631735404 
512 480 389 1553631735436 
512 474 389 1553631735452 
512 462 385 1553631735469 
512 458 383 1553631735486 
512 456 383 1553631735503 
512 458 383 1553631735687 
512 466 383 1553631735703 
512 474 383 1553631735721 
512 476 383 1553631735736 
513 476 383 1553631735902 
512 478 383 1553631736044 
514 478 383 1553631736044 
512 484 383 1553631736054 
512 498 395 1553631736070 
512 514 407 1553631736088 
512 528 419 1553631736105 
512 540 429 1553631736120 
512 554 439 1553631736137 
512 576 451 1553631736154 
512 598 461 1553631736171 
512 628 477 1553631736187 
512 632 477 1553631736204 
512 634 477 1553631736236 
512 638 473 1553631736270 
512 640 463 1553631736287 
512 640 447 1553631736304 
512 646 425 1553631736320 
512 650 397 1553631736337 
512 656 367 1553631736353 
512 660 341 1553631736370 
512 666 317 1553631736387 
512 668 297 1553631736404 
512 670 291 1553631736420 
512 676 281 1553631736437 
512 680 271 1553631736455 
512 682 263 1553631736471 
512 684 261 1553631736488 
512 684 255 1553631736504 
512 684 253 1553631736520 
512 686 251 1553631736537 
512 686 245 1553631736553 
512 688 243 1553631736571 
512 690 235 1553631736588 
512 690 233 1553631736620 
512 690 231 1553631736637 
512 694 225 1553631736670 
512 694 223 1553631736687 
512 694 221 1553631736703 
512 694 217 1553631736721 
512 694 215 1553631736739 
513 694 215 1553631736893 
512 700 223 1553631737019 
514 700 223 1553631737020 
512 700 223 1553631737021 
512 700 229 1553631737037 
512 704 243 1553631737054 
512 706 259 1553631737070 
512 708 277 1553631737087 
512 714 301 1553631737104 
512 720 325 1553631737122 
512 728 351 1553631737137 
512 736 375 1553631737154 
512 746 409 1553631737172 
512 754 425 1553631737187 
512 770 435 1553631737205 
512 780 445 1553631737221 
512 788 451 1553631737242 
512 800 457 1553631737255 
512 814 459 1553631737271 
512 834 459 1553631737288 
512 852 459 1553631737304 
512 864 459 1553631737323 
512 870 451 1553631737339 
512 870 441 1553631737354 
512 878 427 1553631737372 
512 880 423 1553631737388 
512 882 419 1553631737421 
512 888 413 1553631737438 
512 894 403 1553631737455 
512 898 397 1553631737471 
512 902 393 1553631737488 
512 908 385 1553631737505 
512 910 383 1553631737521 
512 914 379 1553631737537 
512 916 375 1553631737556 
512 916 373 1553631737571 
512 918 371 1553631737589 
512 920 369 1553631737673 
512 924 367 1553631737705 
513 924 367 1553631737732 
514 924 367 1553631737860 
512 924 369 1553631737938 
512 922 371 1553631738040 
512 914 373 1553631738056 
512 906 377 1553631738071 
512 894 381 1553631738088 
512 874 389 1553631738105 
512 850 397 1553631738123 
512 824 405 1553631738140 
512 810 419 1553631738156 
512 810 425 1553631738171 
512 814 433 1553631738189 
512 828 435 1553631738205 
512 848 431 1553631738223 
512 876 423 1553631738239 
512 886 419 1553631738256 
512 890 413 1553631738272 
512 890 411 1553631738289 
512 892 409 1553631738340 
512 898 403 1553631738355 
512 908 395 1553631738372 
512 910 391 1553631738389 
512 910 387 1553631738406 
512 912 385 1553631738473 
512 916 385 1553631738488 
512 922 383 1553631738505 
512 924 381 1553631738522 
512 926 379 1553631738572 
512 928 377 1553631738628 
513 928 377 1553631738629 
512 924 375 1553631738773 
514 924 375 1553631738788 
512 924 375 1553631738789 
512 922 375 1553631738806 
512 916 377 1553631738823 
512 910 377 1553631738840 
512 902 381 1553631738855 
512 892 389 1553631738873 
512 880 397 1553631738889 
512 862 403 1553631738907 
512 850 411 1553631738922 
512 826 425 1553631738939 
512 796 447 1553631738956 
512 784 457 1553631738972 
512 782 461 1553631738990 
512 778 467 1553631739006 
512 772 475 1553631739022 
512 758 483 1553631739039 
512 748 497 1553631739056 
512 734 517 1553631739073 
512 718 533 1553631739089 
512 700 545 1553631739106 
512 662 555 1553631739123 
512 632 565 1553631739140 
512 618 575 1553631739156 
512 610 585 1553631739173 
512 604 593 1553631739190 
512 604 595 1553631739207 
512 604 597 1553631739256 
512 602 599 1553631739274 
512 600 605 1553631739308 
512 594 609 1553631739323 
512 592 615 1553631739339 
512 590 617 1553631739356 
512 588 619 1553631739373 
512 584 621 1553631739389 
512 580 627 1553631739406 
512 578 629 1553631739424 
512 574 637 1553631739439 
512 572 639 1553631739456 
512 570 641 1553631739474 
512 568 645 1553631739490 
512 566 647 1553631739507 
513 566 647 1553631739701 
514 566 647 1553631739803 
512 568 641 1553631739906 
512 574 625 1553631739924 
512 580 611 1553631739940 
512 594 591 1553631739956 
512 608 571 1553631739973 
512 620 545 1553631739990 
512 628 521 1553631740007 
512 636 505 1553631740023 
512 638 501 1553631740041 
512 644 499 1553631740056 
512 658 499 1553631740073 
512 688 501 1553631740090 
512 732 519 1553631740106 
512 766 537 1553631740123 
512 804 565 1553631740140 
512 816 577 1553631740156 
512 826 591 1553631740175 
512 830 597 1553631740190 
512 830 599 1553631740240 
512 830 605 1553631740257 
512 832 609 1553631740273 
512 834 613 1553631740291 
512 836 615 1553631740307 
512 836 619 1553631740357 
512 836 627 1553631740373 
512 836 633 1553631740391 
512 838 635 1553631740407 
512 840 639 1553631740424 
512 842 641 1553631740475 
512 844 645 1553631740540 
513 844 645 1553631740637 
512 842 647 1553631740756 
514 842 647 1553631740756 
512 842 647 1553631740758 
512 840 645 1553631740791 
512 838 637 1553631740807 
512 832 625 1553631740825 
512 828 609 1553631740842 
512 814 591 1553631740857 
512 804 579 1553631740874 
512 792 567 1553631740891 
512 770 545 1553631740908 
512 752 533 1553631740924 
512 742 529 1553631740941 
512 736 525 1553631740959 
512 734 523 1553631740990 
512 742 519 1553631741008 
512 766 513 1553631741025 
512 796 503 1553631741041 
512 834 493 1553631741058 
512 872 475 1553631741076 
512 880 463 1553631741092 
512 886 451 1553631741108 
512 886 441 1553631741124 
512 890 435 1553631741140 
512 892 429 1553631741159 
512 896 425 1553631741174 
512 898 417 1553631741191 
512 904 405 1553631741209 
512 906 397 1553631741225 
512 908 387 1553631741240 
512 910 381 1553631741257 
512 914 375 1553631741276 
512 916 373 1553631741291 
512 918 371 1553631741358 
512 922 371 1553631741392 
512 926 369 1553631741491 
513 926 369 1553631741533 
514 926 369 1553631741683 
512 924 369 1553631741774 
512 918 369 1553631741792 
512 904 375 1553631741809 
512 880 385 1553631741824 
512 852 391 1553631741842 
512 820 401 1553631741859 
512 792 415 1553631741875 
512 764 435 1553631741892 
512 754 441 1553631741908 
512 738 447 1553631741925 
512 710 449 1553631741941 
512 674 449 1553631741958 
512 646 449 1553631741976 
512 624 449 1553631741992 
512 602 441 1553631742008 
512 580 431 1553631742025 
512 552 415 1553631742043 
512 532 403 1553631742058 
512 520 395 1553631742076 
512 518 393 1553631742093 
512 516 393 1553631742125 
512 514 393 1553631742260 
512 506 393 1553631742276 
512 496 393 1553631742293 
512 482 391 1553631742310 
512 466 385 1553631742325 
512 462 383 1553631742342 
512 460 381 1553631742359 
512 464 379 1553631742508 
512 466 379 1553631742526 
512 468 379 1553631742543 
512 472 379 1553631742558 
513 472 379 1553631742677 
514 472 379 1553631742836 
512 478 381 1553631742843 
512 488 387 1553631742859 
512 522 401 1553631742876 
512 538 409 1553631742893 
512 552 411 1553631742908 
512 558 411 1553631742925 
512 566 411 1553631742944 
512 576 411 1553631742959 
512 592 403 1553631742977 
512 612 399 1553631742993 
512 634 393 1553631743010 
512 652 391 1553631743026 
512 676 383 1553631743044 
512 680 383 1553631743059 
512 682 381 1553631743077 
512 684 393 1553631743109 
512 680 409 1553631743126 
512 672 437 1553631743143 
512 668 463 1553631743161 
512 664 485 1553631743176 
512 660 507 1553631743193 
512 658 521 1553631743209 
512 652 537 1553631743227 
512 644 553 1553631743242 
512 638 565 1553631743259 
512 636 569 1553631743276 
512 630 575 1553631743294 
512 622 581 1553631743310 
512 612 589 1553631743326 
512 604 597 1553631743344 
512 600 601 1553631743359 
512 590 607 1553631743377 
512 578 613 1553631743393 
512 570 621 1553631743409 
512 564 627 1553631743426 
512 564 633 1553631743460 
512 564 635 1553631743492 
512 564 637 1553631743576 
513 564 637 1553631743709 
514 564 637 1553631743844 
512 564 635 1553631743893 
512 568 623 1553631743910 
512 576 611 1553631743926 
512 590 593 1553631743944 
512 608 569 1553631743961 
512 626 541 1553631743977 
512 642 511 1553631743993 
512 664 483 1553631744009 
512 680 463 1553631744027 
512 700 435 1553631744044 
512 716 417 1553631744060 
512 726 397 1553631744076 
512 734 379 1553631744093 
512 740 357 1553631744109 
512 744 333 1553631744127 
512 746 303 1553631744144 
512 746 263 1553631744160 
512 738 231 1553631744178 
512 726 213 1553631744193 
512 722 209 1553631744210 
512 714 209 1553631744293 
512 712 209 1553631744311 
512 710 209 1553631744327 
512 706 209 1553631744344 
512 704 209 1553631744360 
512 700 209 1553631744444 
513 700 209 1553631744564 
514 700 209 1553631744684 
