512 704 218 1553692623968 
512 708 222 1553692623983 
512 712 230 1553692624000 
512 716 232 1553692624019 
512 718 236 1553692624034 
512 726 246 1553692624051 
512 728 248 1553692624067 
512 730 250 1553692624085 
512 730 256 1553692624150 
512 736 274 1553692624168 
512 740 292 1553692624185 
512 750 320 1553692624200 
512 764 352 1553692624218 
512 776 402 1553692624235 
512 778 420 1553692624251 
512 780 486 1553692624267 
512 786 528 1553692624284 
512 800 564 1553692624301 
512 814 592 1553692624317 
512 820 610 1553692624334 
512 824 614 1553692624352 
512 828 618 1553692624451 
512 830 620 1553692624484 
512 834 622 1553692624567 
512 838 622 1553692624602 
512 844 622 1553692624634 
512 848 624 1553692624652 
512 850 626 1553692624685 
512 850 628 1553692624718 
512 850 632 1553692624735 
512 850 636 1553692624752 
512 848 638 1553692624867 
512 846 638 1553692624935 
512 844 638 1553692625002 
512 842 638 1553692625018 
512 840 638 1553692625051 
512 838 640 1553692625067 
513 838 640 1553692625115 
514 838 640 1553692625251 
512 838 636 1553692625335 
512 834 626 1553692625351 
512 832 606 1553692625368 
512 828 590 1553692625385 
512 828 578 1553692625401 
512 822 570 1553692625419 
512 818 566 1553692625435 
512 814 566 1553692625502 
512 810 568 1553692625518 
512 800 568 1553692625535 
512 784 566 1553692625552 
512 774 562 1553692625569 
512 750 548 1553692625585 
512 714 522 1553692625602 
512 626 468 1553692625620 
512 584 444 1553692625635 
512 562 424 1553692625651 
512 558 418 1553692625669 
512 558 414 1553692625685 
512 558 410 1553692625702 
512 558 406 1553692625718 
512 558 404 1553692625735 
512 556 398 1553692625752 
512 554 396 1553692625768 
512 552 394 1553692625785 
512 548 388 1553692625802 
512 530 378 1553692625819 
512 504 368 1553692625835 
512 480 362 1553692625853 
512 468 356 1553692625868 
512 466 356 1553692625886 
512 464 356 1553692625919 
512 462 356 1553692625935 
512 460 358 1553692626035 
512 460 362 1553692626069 
512 468 368 1553692626086 
512 470 370 1553692626102 
512 474 372 1553692626137 
512 474 376 1553692626218 
512 474 382 1553692626235 
512 474 386 1553692626252 
513 474 386 1553692626380 
514 474 386 1553692626530 
512 472 388 1553692626720 
512 470 386 1553692626770 
512 470 384 1553692626802 
512 468 382 1553692626819 
513 468 382 1553692626908 
514 468 382 1553692627051 
512 470 384 1553692627120 
512 474 384 1553692627136 
512 478 384 1553692627153 
512 488 388 1553692627171 
512 504 392 1553692627187 
512 516 398 1553692627204 
512 526 404 1553692627220 
512 538 412 1553692627237 
512 560 430 1553692627253 
512 602 458 1553692627270 
512 656 478 1553692627287 
512 692 484 1553692627303 
512 694 482 1553692627336 
512 692 464 1553692627353 
512 688 440 1553692627370 
512 682 398 1553692627387 
512 680 368 1553692627403 
512 678 340 1553692627421 
512 678 318 1553692627437 
512 678 298 1553692627454 
512 678 284 1553692627470 
512 678 274 1553692627487 
512 678 268 1553692627504 
512 680 264 1553692627587 
512 684 258 1553692627603 
512 686 254 1553692627621 
512 688 248 1553692627637 
512 692 246 1553692627686 
512 694 246 1553692627703 
512 698 244 1553692627721 
512 700 240 1553692627738 
512 704 236 1553692627754 
512 704 234 1553692627872 
512 704 230 1553692627953 
512 704 226 1553692627971 
512 704 224 1553692627988 
512 704 220 1553692628004 
512 704 218 1553692628020 
513 704 218 1553692628244 
514 704 218 1553692628363 
512 708 220 1553692628521 
512 716 230 1553692628537 
512 732 240 1553692628555 
512 740 246 1553692628571 
512 744 250 1553692628588 
512 748 254 1553692628605 
512 756 272 1553692628621 
512 772 296 1553692628638 
512 818 332 1553692628655 
512 874 362 1553692628672 
512 916 378 1553692628688 
512 926 382 1553692628704 
512 922 382 1553692628754 
512 916 378 1553692628772 
512 914 378 1553692628804 
512 912 376 1553692628822 
512 906 372 1553692628838 
512 902 368 1553692628855 
512 904 372 1553692629021 
512 908 376 1553692629037 
512 916 382 1553692629056 
512 918 384 1553692629072 
512 928 384 1553692629355 
512 930 386 1553692629405 
512 928 388 1553692629523 
512 926 388 1553692629588 
512 924 386 1553692629639 
512 922 384 1553692629688 
513 922 384 1553692629860 
514 922 384 1553692630003 
512 918 384 1553692630272 
512 912 392 1553692630289 
512 900 414 1553692630305 
512 874 442 1553692630322 
512 812 490 1553692630338 
512 778 520 1553692630355 
512 746 548 1553692630372 
512 712 572 1553692630388 
512 674 588 1553692630407 
512 634 604 1553692630422 
512 590 618 1553692630440 
512 548 630 1553692630457 
512 506 640 1553692630472 
512 480 648 1553692630491 
512 474 650 1553692630505 
512 476 650 1553692630639 
512 482 650 1553692630656 
512 488 650 1553692630673 
512 492 650 1553692630690 
512 498 652 1553692630707 
512 508 654 1553692630723 
512 522 654 1553692630739 
512 526 654 1553692630757 
512 528 654 1553692630772 
512 532 652 1553692630790 
512 534 652 1553692630805 
512 542 652 1553692631040 
512 546 652 1553692631057 
512 548 652 1553692631073 
512 554 652 1553692631108 
512 558 648 1553692631123 
512 560 646 1553692631141 
512 562 646 1553692631156 
512 564 644 1553692631173 
512 562 642 1553692631374 
513 562 642 1553692631396 
514 562 642 1553692631499 
512 562 638 1553692631574 
512 562 634 1553692631590 
512 562 628 1553692631607 
512 562 626 1553692631623 
512 566 622 1553692631640 
512 576 616 1553692631657 
512 594 604 1553692631673 
512 608 586 1553692631690 
512 630 550 1553692631707 
512 638 536 1553692631723 
512 644 524 1553692631741 
512 654 518 1553692631757 
512 678 512 1553692631774 
512 718 508 1553692631790 
512 760 504 1553692631808 
512 784 504 1553692631823 
512 786 504 1553692631841 
512 790 510 1553692631857 
512 796 530 1553692631875 
512 798 550 1553692631891 
512 804 568 1553692631908 
512 806 582 1553692631924 
512 810 596 1553692631941 
512 818 608 1553692631957 
512 824 614 1553692631973 
512 826 614 1553692632041 
512 830 616 1553692632091 
512 834 618 1553692632123 
512 836 620 1553692632141 
512 838 622 1553692632158 
512 840 624 1553692632191 
512 840 630 1553692632207 
512 840 638 1553692632225 
512 840 640 1553692632240 
512 842 642 1553692632274 
512 844 642 1553692632291 
512 846 644 1553692632341 
513 846 644 1553692632413 
514 846 644 1553692632579 
512 846 638 1553692632641 
512 846 634 1553692632658 
512 848 624 1553692632674 
512 848 618 1553692632692 
512 848 616 1553692632708 
512 850 614 1553692632725 
512 850 610 1553692632742 
512 854 604 1553692632758 
512 854 598 1553692632857 
512 858 586 1553692632875 
512 864 574 1553692632891 
512 870 558 1553692632908 
512 878 538 1553692632924 
512 886 516 1553692632941 
512 896 490 1553692632958 
512 906 468 1553692632974 
512 912 446 1553692632991 
512 918 434 1553692633008 
512 920 422 1553692633024 
512 924 414 1553692633041 
512 924 410 1553692633075 
512 926 408 1553692633092 
512 926 404 1553692633108 
512 926 400 1553692633126 
512 928 398 1553692633141 
512 928 396 1553692633175 
512 928 394 1553692633209 
512 928 388 1553692633225 
512 928 386 1553692633276 
512 928 384 1553692633308 
512 928 380 1553692633341 
512 928 378 1553692633359 
512 928 376 1553692633375 
513 928 376 1553692633427 
512 926 374 1553692633587 
514 926 374 1553692633588 
512 926 374 1553692633593 
512 924 374 1553692633625 
512 922 374 1553692633641 
512 916 378 1553692633658 
512 906 388 1553692633675 
512 892 398 1553692633691 
512 866 412 1553692633708 
512 830 428 1553692633726 
512 784 444 1553692633742 
512 756 454 1553692633758 
512 734 460 1553692633775 
512 710 462 1553692633793 
512 680 464 1553692633808 
512 642 464 1553692633827 
512 610 464 1553692633841 
512 592 458 1553692633858 
512 590 456 1553692633875 
512 588 448 1553692633892 
512 578 436 1553692633909 
512 558 416 1553692633925 
512 530 404 1553692633942 
512 506 396 1553692633958 
512 490 388 1553692633976 
512 484 386 1553692633992 
512 478 384 1553692634009 
512 476 384 1553692634025 
512 474 382 1553692634075 
513 474 382 1553692634316 
512 474 380 1553692634359 
514 474 380 1553692634435 
512 474 380 1553692634442 
512 478 378 1553692634493 
512 488 378 1553692634509 
512 508 382 1553692634525 
512 528 388 1553692634543 
512 546 390 1553692634559 
512 558 396 1553692634576 
512 562 400 1553692634592 
512 564 400 1553692634610 
512 564 404 1553692634709 
512 562 406 1553692634726 
512 562 410 1553692634742 
512 562 422 1553692634760 
512 562 440 1553692634775 
512 562 468 1553692634793 
512 562 498 1553692634810 
512 562 522 1553692634826 
512 566 548 1553692634843 
512 566 560 1553692634860 
512 568 570 1553692634876 
512 568 578 1553692634893 
512 570 580 1553692634909 
512 570 582 1553692634927 
512 570 584 1553692634960 
512 570 590 1553692634976 
512 570 602 1553692634993 
512 570 610 1553692635009 
512 568 618 1553692635027 
512 562 628 1553692635042 
512 558 636 1553692635060 
512 558 638 1553692635143 
512 558 642 1553692635159 
512 558 646 1553692635192 
513 558 646 1553692635316 
512 556 646 1553692635428 
512 554 644 1553692635459 
514 554 644 1553692635459 
512 554 644 1553692635460 
512 554 640 1553692635476 
512 554 630 1553692635494 
512 558 618 1553692635510 
512 566 600 1553692635526 
512 578 582 1553692635543 
512 588 568 1553692635560 
512 600 556 1553692635576 
512 618 538 1553692635594 
512 648 518 1553692635610 
512 664 506 1553692635626 
512 678 496 1553692635644 
512 680 494 1553692635660 
512 680 490 1553692635678 
512 680 488 1553692635727 
512 680 486 1553692635743 
512 680 474 1553692635761 
512 680 448 1553692635776 
512 680 416 1553692635795 
512 680 386 1553692635810 
512 680 346 1553692635827 
512 680 324 1553692635843 
512 680 304 1553692635860 
512 686 280 1553692635877 
512 696 254 1553692635895 
512 704 224 1553692635911 
512 708 200 1553692635926 
512 708 188 1553692635944 
512 708 186 1553692635962 
512 710 184 1553692636128 
512 710 186 1553692636144 
512 710 188 1553692636160 
512 710 190 1553692636194 
512 710 192 1553692636211 
512 710 196 1553692636228 
512 708 200 1553692636243 
512 706 202 1553692636277 
512 704 204 1553692636328 
512 702 206 1553692636494 
512 700 208 1553692636511 
512 698 210 1553692636527 
513 698 210 1553692636572 
514 698 210 1553692636683 
