512 707 205 1553717484518 
512 711 212 1553717484534 
512 717 222 1553717484551 
512 723 229 1553717484568 
512 729 239 1553717484584 
512 733 246 1553717484601 
512 741 262 1553717484618 
512 746 273 1553717484634 
512 756 290 1553717484652 
512 776 317 1553717484668 
512 785 332 1553717484685 
512 789 339 1553717484701 
512 789 343 1553717484718 
512 791 352 1553717484735 
512 787 366 1553717484751 
512 782 384 1553717484768 
512 774 413 1553717484785 
512 765 452 1553717484801 
512 761 501 1553717484818 
512 754 551 1553717484835 
512 762 621 1553717484852 
512 757 645 1553717484869 
512 758 696 1553717484885 
512 758 717 1553717484901 
512 759 727 1553717484918 
512 760 729 1553717484935 
512 766 731 1553717484968 
512 774 730 1553717484985 
512 778 728 1553717485002 
512 782 727 1553717485018 
512 786 727 1553717485036 
512 792 729 1553717485052 
512 798 729 1553717485068 
512 809 719 1553717485085 
512 815 704 1553717485101 
512 821 694 1553717485118 
512 826 683 1553717485135 
512 828 677 1553717485152 
512 829 675 1553717485169 
512 830 673 1553717485185 
512 831 669 1553717485202 
512 834 659 1553717485218 
512 839 655 1553717485236 
512 845 648 1553717485252 
512 844 646 1553717485302 
513 844 646 1553717485429 
514 844 646 1553717485540 
512 842 645 1553717485552 
512 838 640 1553717485569 
512 838 636 1553717485585 
512 838 623 1553717485602 
512 835 612 1553717485619 
512 831 591 1553717485635 
512 833 574 1553717485652 
512 839 552 1553717485669 
512 840 527 1553717485685 
512 843 509 1553717485702 
512 843 501 1553717485719 
512 836 491 1553717485785 
512 818 476 1553717485802 
512 781 452 1553717485819 
512 734 410 1553717485836 
512 662 351 1553717485852 
512 626 315 1553717485869 
512 588 278 1553717485886 
512 561 256 1553717485902 
512 548 245 1553717485919 
512 547 243 1553717485936 
512 543 241 1553717485986 
512 537 239 1553717486002 
512 531 241 1553717486020 
512 525 248 1553717486036 
512 518 271 1553717486052 
512 510 284 1553717486069 
512 502 303 1553717486086 
512 498 319 1553717486102 
512 494 333 1553717486119 
512 486 346 1553717486136 
512 480 354 1553717486152 
512 473 360 1553717486169 
512 466 364 1553717486186 
512 461 368 1553717486203 
512 459 369 1553717486219 
512 464 380 1553717486437 
512 468 382 1553717486453 
512 470 383 1553717486520 
513 470 383 1553717486749 
514 470 383 1553717486852 
512 478 385 1553717486886 
512 486 388 1553717486903 
512 492 390 1553717486920 
512 510 395 1553717486936 
512 526 405 1553717486953 
512 554 419 1553717486970 
512 600 435 1553717486987 
512 629 447 1553717487004 
512 643 451 1553717487020 
512 647 452 1553717487037 
512 649 451 1553717487137 
512 646 440 1553717487153 
512 643 427 1553717487170 
512 645 411 1553717487187 
512 651 391 1553717487204 
512 657 369 1553717487220 
512 670 335 1553717487237 
512 678 316 1553717487253 
512 688 298 1553717487270 
512 697 279 1553717487287 
512 705 265 1553717487303 
512 715 251 1553717487320 
512 717 247 1553717487337 
512 719 241 1553717487354 
512 720 239 1553717487370 
512 722 238 1553717487387 
512 722 232 1553717487487 
512 721 230 1553717487504 
512 714 226 1553717487520 
512 706 218 1553717487537 
512 702 213 1553717487554 
512 699 210 1553717487620 
513 699 210 1553717487757 
514 699 210 1553717487891 
512 698 215 1553717487937 
512 699 225 1553717487954 
512 698 235 1553717487971 
512 699 254 1553717487988 
512 705 289 1553717488004 
512 703 317 1553717488020 
512 701 337 1553717488037 
512 702 350 1553717488054 
512 701 360 1553717488071 
512 701 364 1553717488087 
512 698 374 1553717488104 
512 701 393 1553717488121 
512 709 412 1553717488138 
512 730 434 1553717488154 
512 760 452 1553717488171 
512 788 465 1553717488188 
512 815 457 1553717488204 
512 827 445 1553717488221 
512 836 433 1553717488238 
512 847 419 1553717488254 
512 859 412 1553717488271 
512 871 405 1553717488288 
512 882 402 1553717488304 
512 889 400 1553717488321 
512 891 399 1553717488338 
512 893 398 1553717488354 
512 895 399 1553717488372 
512 897 398 1553717488389 
512 899 399 1553717488405 
512 903 398 1553717488421 
512 905 397 1553717488438 
512 923 399 1553717488495 
512 925 398 1553717488520 
512 926 396 1553717488537 
512 931 392 1553717488554 
512 933 391 1553717488571 
512 936 385 1553717488588 
512 937 383 1553717488605 
512 938 379 1553717488620 
512 939 377 1553717488636 
512 940 375 1553717488654 
512 939 373 1553717488670 
512 938 371 1553717488686 
512 934 370 1553717488787 
512 930 368 1553717488821 
512 928 369 1553717488837 
512 926 370 1553717488871 
512 925 372 1553717488887 
513 925 372 1553717489006 
512 923 374 1553717489116 
514 923 374 1553717489117 
512 923 373 1553717489120 
512 919 371 1553717489138 
512 913 369 1553717489154 
512 907 372 1553717489172 
512 903 373 1553717489187 
512 880 381 1553717489205 
512 858 385 1553717489222 
512 836 392 1553717489237 
512 815 401 1553717489255 
512 793 406 1553717489270 
512 776 407 1553717489288 
512 767 408 1553717489304 
512 763 409 1553717489321 
512 743 412 1553717489388 
512 720 427 1553717489404 
512 700 447 1553717489421 
512 679 465 1553717489437 
512 657 484 1553717489455 
512 638 504 1553717489471 
512 623 525 1553717489487 
512 608 544 1553717489504 
512 594 559 1553717489521 
512 577 569 1553717489538 
512 560 579 1553717489554 
512 551 584 1553717489572 
512 543 597 1553717489588 
512 541 601 1553717489605 
512 539 607 1553717489621 
512 537 611 1553717489639 
512 538 613 1553717489671 
512 539 615 1553717489704 
512 540 619 1553717489738 
512 542 623 1553717489754 
512 544 627 1553717489772 
512 549 632 1553717489788 
512 548 632 1553717489805 
512 550 633 1553717489821 
512 551 635 1553717489855 
512 549 641 1553717489938 
512 548 643 1553717489955 
512 547 645 1553717489972 
512 546 649 1553717489989 
513 546 649 1553717490053 
512 547 651 1553717490156 
512 549 651 1553717490164 
514 549 651 1553717490165 
512 549 652 1553717490171 
512 553 650 1553717490188 
512 553 651 1553717490206 
512 555 650 1553717490221 
512 558 645 1553717490322 
512 562 644 1553717490340 
512 564 643 1553717490404 
513 564 643 1553717490413 
514 564 643 1553717490548 
512 562 643 1553717490572 
512 561 640 1553717490588 
512 560 636 1553717490605 
512 562 632 1553717490622 
512 562 626 1553717490638 
512 563 624 1553717490655 
512 562 620 1553717490671 
512 558 620 1553717490756 
512 557 624 1553717490772 
512 554 628 1553717490789 
512 552 636 1553717490806 
512 551 644 1553717490822 
512 557 652 1553717490839 
512 566 659 1553717490856 
512 588 665 1553717490872 
512 613 667 1553717490890 
512 643 663 1553717490905 
512 672 656 1553717490922 
512 704 652 1553717490939 
512 730 648 1553717490956 
512 757 647 1553717490973 
512 777 651 1553717490989 
512 812 658 1553717491007 
512 850 668 1553717491022 
512 877 675 1553717491039 
512 889 678 1553717491055 
512 893 679 1553717491073 
512 885 676 1553717491239 
512 875 668 1553717491256 
512 869 663 1553717491272 
512 865 658 1553717491289 
512 862 653 1553717491306 
512 861 651 1553717491340 
512 859 647 1553717491356 
512 856 644 1553717491373 
512 853 641 1553717491390 
512 851 642 1553717491473 
512 849 641 1553717491506 
512 847 642 1553717491524 
512 845 643 1553717491540 
512 843 644 1553717491556 
512 838 647 1553717491639 
512 836 648 1553717491656 
513 836 648 1553717491725 
512 834 646 1553717491900 
514 834 646 1553717491900 
512 835 646 1553717491906 
512 838 638 1553717491922 
512 840 632 1553717491940 
512 847 615 1553717491957 
512 851 606 1553717491973 
512 858 589 1553717491990 
512 861 579 1553717492007 
512 864 569 1553717492024 
512 869 558 1553717492040 
512 878 548 1553717492056 
512 882 534 1553717492073 
512 888 521 1553717492090 
512 893 510 1553717492107 
512 899 496 1553717492123 
512 912 490 1553717492140 
512 925 479 1553717492156 
512 935 465 1553717492173 
512 944 453 1553717492190 
512 949 442 1553717492207 
512 952 432 1553717492223 
512 954 426 1553717492241 
512 959 417 1553717492257 
512 965 410 1553717492273 
512 967 406 1553717492290 
512 969 400 1553717492308 
512 970 398 1553717492324 
512 968 394 1553717492373 
512 963 391 1553717492390 
512 955 389 1553717492408 
512 949 387 1553717492423 
512 946 382 1553717492441 
512 944 381 1553717492473 
512 942 380 1553717492491 
512 935 376 1553717492508 
512 933 375 1553717492523 
512 927 369 1553717492540 
512 923 362 1553717492556 
512 922 360 1553717492590 
513 922 360 1553717492685 
512 922 364 1553717492740 
512 923 368 1553717492757 
512 926 376 1553717492787 
514 926 376 1553717492788 
512 925 377 1553717492790 
512 925 383 1553717492807 
512 923 387 1553717492825 
512 922 389 1553717492857 
513 922 389 1553717492982 
514 922 389 1553717493052 
512 923 391 1553717493125 
512 924 387 1553717493141 
512 925 385 1553717493159 
512 926 383 1553717493190 
512 927 381 1553717493241 
512 928 377 1553717493259 
513 928 377 1553717493421 
512 930 376 1553717493525 
512 930 376 1553717493532 
514 930 376 1553717493532 
512 930 376 1553717493541 
512 929 378 1553717493608 
512 928 380 1553717493641 
512 921 384 1553717493658 
512 911 383 1553717493674 
512 897 383 1553717493691 
512 847 388 1553717493708 
512 815 390 1553717493725 
512 790 391 1553717493741 
512 748 388 1553717493757 
512 703 378 1553717493775 
512 658 368 1553717493791 
512 622 358 1553717493809 
512 604 353 1553717493825 
512 598 353 1553717493841 
512 593 356 1553717493874 
512 585 356 1553717493892 
512 575 354 1553717493908 
512 567 353 1553717493925 
512 548 354 1553717493941 
512 522 349 1553717493958 
512 496 342 1553717493974 
512 486 341 1553717493992 
512 484 342 1553717494008 
512 483 344 1553717494058 
512 481 348 1553717494076 
512 480 352 1553717494091 
512 477 358 1553717494108 
512 475 364 1553717494125 
512 474 366 1553717494141 
512 472 372 1553717494158 
512 470 376 1553717494174 
512 470 382 1553717494192 
512 468 386 1553717494208 
512 467 388 1553717494224 
512 466 392 1553717494258 
512 468 386 1553717494442 
512 469 384 1553717494460 
512 470 382 1553717494526 
512 472 381 1553717494541 
513 472 381 1553717494661 
512 478 381 1553717494804 
514 478 381 1553717494805 
512 478 383 1553717494809 
512 483 389 1553717494825 
512 486 392 1553717494842 
512 497 397 1553717494858 
512 507 400 1553717494875 
512 525 406 1553717494893 
512 537 409 1553717494909 
512 541 411 1553717494926 
512 549 411 1553717494942 
512 551 410 1553717494960 
512 557 412 1553717494975 
512 561 414 1553717494992 
512 574 420 1553717495009 
512 584 423 1553717495026 
512 586 424 1553717495042 
512 588 423 1553717495059 
512 587 421 1553717495076 
512 571 427 1553717495093 
512 556 447 1553717495108 
512 541 472 1553717495125 
512 531 495 1553717495142 
512 521 519 1553717495158 
512 514 546 1553717495177 
512 508 581 1553717495193 
512 511 611 1553717495209 
512 516 631 1553717495226 
512 516 639 1553717495242 
512 520 648 1553717495260 
512 519 650 1553717495277 
512 520 652 1553717495310 
512 522 651 1553717495376 
512 524 650 1553717495393 
512 526 649 1553717495409 
512 531 646 1553717495426 
512 533 645 1553717495444 
512 537 638 1553717495492 
512 541 637 1553717495509 
512 543 636 1553717495526 
512 547 637 1553717495560 
512 549 638 1553717495609 
513 549 638 1553717495804 
512 551 638 1553717495860 
512 551 639 1553717495876 
512 553 640 1553717495926 
512 553 640 1553717495931 
514 553 640 1553717495932 
512 558 643 1553717495943 
512 559 645 1553717495959 
512 561 646 1553717495977 
512 565 647 1553717496009 
513 565 647 1553717496132 
514 565 647 1553717496259 
512 563 646 1553717496477 
512 559 645 1553717496527 
512 558 643 1553717496560 
512 560 637 1553717496577 
512 564 623 1553717496594 
512 570 601 1553717496610 
512 580 567 1553717496626 
512 598 508 1553717496645 
512 616 458 1553717496660 
512 635 411 1553717496677 
512 649 375 1553717496694 
512 664 344 1553717496709 
512 676 316 1553717496727 
512 689 293 1553717496744 
512 702 267 1553717496760 
512 715 247 1553717496777 
512 726 229 1553717496794 
512 731 218 1553717496809 
512 743 198 1553717496826 
512 750 191 1553717496844 
512 756 184 1553717496859 
512 753 181 1553717496977 
512 745 181 1553717496995 
512 734 184 1553717497010 
512 722 191 1553717497027 
512 720 192 1553717497043 
512 716 199 1553717497060 
512 710 206 1553717497077 
512 708 207 1553717497093 
512 706 208 1553717497143 
512 703 211 1553717497177 
512 702 213 1553717497193 
513 702 213 1553717497316 
514 702 213 1553717497452 
