512 697 210 1553692226023 
512 695 218 1553692226039 
512 695 228 1553692226055 
512 695 238 1553692226073 
512 695 252 1553692226088 
512 695 272 1553692226107 
512 695 290 1553692226122 
512 695 310 1553692226138 
512 701 332 1553692226155 
512 709 354 1553692226172 
512 755 406 1553692226190 
512 787 434 1553692226206 
512 803 458 1553692226223 
512 811 476 1553692226240 
512 821 506 1553692226255 
512 831 538 1553692226274 
512 849 558 1553692226289 
512 861 572 1553692226306 
512 863 574 1553692226323 
512 865 576 1553692226339 
512 873 582 1553692226373 
512 879 590 1553692226389 
512 879 600 1553692226405 
512 879 608 1553692226423 
512 879 614 1553692226440 
512 875 622 1553692226456 
512 871 628 1553692226474 
512 867 636 1553692226489 
512 861 638 1553692226522 
512 857 640 1553692226540 
512 845 644 1553692226556 
512 843 646 1553692226573 
512 839 646 1553692226707 
512 837 646 1553692226741 
513 837 646 1553692226806 
512 837 642 1553692226949 
514 837 642 1553692226950 
512 837 642 1553692226956 
512 839 630 1553692226974 
512 839 618 1553692226989 
512 839 600 1553692227007 
512 843 586 1553692227022 
512 843 570 1553692227040 
512 847 554 1553692227057 
512 847 536 1553692227073 
512 847 518 1553692227091 
512 847 510 1553692227106 
512 845 506 1553692227124 
512 839 496 1553692227139 
512 809 470 1553692227157 
512 743 436 1553692227174 
512 637 394 1553692227189 
512 551 366 1553692227207 
512 519 356 1553692227224 
512 517 356 1553692227408 
512 509 356 1553692227457 
512 505 356 1553692227474 
512 497 362 1553692227490 
512 493 364 1553692227507 
512 491 366 1553692227523 
512 489 366 1553692227540 
512 485 370 1553692227557 
512 483 372 1553692227690 
512 479 372 1553692227757 
512 475 374 1553692227774 
512 473 374 1553692227808 
512 467 376 1553692227824 
512 465 378 1553692227875 
513 465 378 1553692227926 
514 465 378 1553692228069 
512 467 380 1553692228124 
512 471 384 1553692228173 
512 479 390 1553692228191 
512 483 394 1553692228207 
512 489 400 1553692228224 
512 493 404 1553692228240 
512 497 404 1553692228257 
512 499 404 1553692228307 
512 505 404 1553692228340 
512 515 398 1553692228357 
512 525 388 1553692228375 
512 537 374 1553692228391 
512 551 354 1553692228407 
512 565 328 1553692228424 
512 583 306 1553692228441 
512 607 284 1553692228459 
512 639 266 1553692228474 
512 671 246 1553692228492 
512 693 230 1553692228507 
512 707 212 1553692228525 
512 711 200 1553692228541 
512 713 198 1553692228557 
512 713 196 1553692228625 
512 711 194 1553692228708 
512 709 194 1553692228758 
512 703 200 1553692228774 
512 699 204 1553692228791 
512 693 212 1553692228809 
512 691 214 1553692228842 
513 691 214 1553692228974 
514 691 214 1553692229126 
512 695 214 1553692229174 
512 697 214 1553692229226 
512 699 214 1553692229258 
512 701 214 1553692229342 
513 701 214 1553692229415 
514 701 214 1553692229534 
512 703 216 1553692229559 
512 703 220 1553692229575 
512 703 228 1553692229591 
512 703 240 1553692229609 
512 703 254 1553692229626 
512 703 278 1553692229643 
512 703 300 1553692229660 
512 709 326 1553692229677 
512 733 360 1553692229692 
512 759 396 1553692229709 
512 771 414 1553692229726 
512 773 428 1553692229742 
512 779 434 1553692229759 
512 781 440 1553692229777 
512 785 440 1553692229791 
512 797 440 1553692229809 
512 817 438 1553692229826 
512 851 434 1553692229843 
512 887 428 1553692229858 
512 905 424 1553692229876 
512 909 422 1553692229892 
512 909 420 1553692229927 
512 911 418 1553692229942 
512 911 416 1553692230009 
512 913 410 1553692230026 
512 915 406 1553692230042 
512 917 404 1553692230059 
512 919 400 1553692230076 
512 921 392 1553692230093 
512 921 390 1553692230109 
512 923 382 1553692230127 
512 927 378 1553692230142 
512 929 376 1553692230159 
512 931 372 1553692230176 
512 931 370 1553692230193 
512 933 368 1553692230226 
513 933 368 1553692230279 
514 933 368 1553692230405 
512 927 368 1553692230509 
512 923 372 1553692230526 
512 915 376 1553692230543 
512 903 384 1553692230560 
512 887 396 1553692230577 
512 881 408 1553692230592 
512 877 412 1553692230609 
512 863 414 1553692230677 
512 837 426 1553692230693 
512 795 454 1553692230710 
512 765 484 1553692230727 
512 737 506 1553692230743 
512 715 526 1553692230759 
512 705 540 1553692230776 
512 701 558 1553692230793 
512 685 580 1553692230809 
512 671 594 1553692230826 
512 651 612 1553692230842 
512 633 628 1553692230859 
512 607 652 1553692230877 
512 599 656 1553692230893 
512 591 664 1553692230910 
512 587 660 1553692231093 
512 579 654 1553692231110 
512 571 648 1553692231127 
512 565 646 1553692231143 
512 561 644 1553692231193 
512 559 644 1553692231210 
512 557 644 1553692231243 
512 555 644 1553692231278 
512 553 642 1553692231360 
512 555 640 1553692231366 
513 555 640 1553692231367 
512 557 640 1553692231477 
514 557 640 1553692231501 
512 557 640 1553692231509 
512 559 640 1553692231526 
512 561 638 1553692231561 
512 565 634 1553692231594 
512 573 626 1553692231611 
512 587 614 1553692231626 
512 601 606 1553692231645 
512 631 594 1553692231661 
512 661 588 1553692231677 
512 701 582 1553692231693 
512 729 578 1553692231711 
512 749 574 1553692231726 
512 765 574 1553692231744 
512 771 570 1553692231760 
512 779 570 1553692231795 
512 797 584 1553692231810 
512 823 600 1553692231828 
512 847 614 1553692231845 
512 857 624 1553692231862 
512 865 640 1553692231878 
512 867 642 1553692231894 
512 859 646 1553692231961 
512 853 652 1553692231978 
512 847 660 1553692231995 
512 843 664 1553692232011 
512 843 662 1553692232194 
512 843 660 1553692232210 
512 843 658 1553692232229 
512 843 652 1553692232261 
512 843 650 1553692232327 
512 843 648 1553692232362 
513 843 648 1553692232430 
514 843 648 1553692232565 
512 841 646 1553692232612 
512 841 642 1553692232644 
512 837 632 1553692232661 
512 837 620 1553692232679 
512 837 606 1553692232694 
512 837 590 1553692232711 
512 839 576 1553692232727 
512 841 562 1553692232745 
512 843 552 1553692232761 
512 843 550 1553692232778 
512 843 548 1553692232795 
512 849 542 1553692232829 
512 863 526 1553692232845 
512 889 488 1553692232862 
512 907 456 1553692232879 
512 919 428 1553692232896 
512 927 402 1553692232912 
512 929 388 1553692232927 
512 931 380 1553692232946 
512 931 378 1553692232961 
512 931 376 1553692232979 
512 931 372 1553692233011 
512 929 370 1553692233112 
513 929 370 1553692233182 
512 927 370 1553692233309 
514 927 370 1553692233310 
512 927 370 1553692233311 
512 925 370 1553692233328 
512 919 372 1553692233362 
512 909 374 1553692233378 
512 903 374 1553692233395 
512 893 380 1553692233412 
512 851 392 1553692233430 
512 783 396 1553692233445 
512 697 396 1553692233462 
512 635 396 1553692233478 
512 605 396 1553692233496 
512 595 402 1553692233512 
512 585 406 1553692233528 
512 573 412 1553692233545 
512 563 414 1553692233561 
512 549 414 1553692233579 
512 533 414 1553692233595 
512 515 414 1553692233611 
512 499 408 1553692233629 
512 497 406 1553692233645 
512 495 404 1553692233662 
512 495 402 1553692233696 
512 495 400 1553692233712 
512 495 398 1553692233729 
512 495 396 1553692233745 
512 495 392 1553692233762 
512 493 390 1553692233811 
512 493 388 1553692233846 
512 491 386 1553692233863 
512 485 380 1553692233880 
512 475 374 1553692233896 
512 461 366 1553692233912 
512 457 366 1553692233929 
513 457 366 1553692234062 
512 459 366 1553692234146 
512 461 366 1553692234162 
512 465 366 1553692234173 
514 465 366 1553692234174 
512 465 366 1553692234178 
512 469 368 1553692234196 
512 471 370 1553692234213 
512 473 372 1553692234279 
513 473 372 1553692234358 
514 473 372 1553692234477 
512 479 374 1553692234496 
512 485 374 1553692234513 
512 491 376 1553692234529 
512 499 380 1553692234546 
512 507 384 1553692234562 
512 521 392 1553692234580 
512 567 412 1553692234597 
512 597 422 1553692234613 
512 667 450 1553692234629 
512 689 460 1553692234647 
512 691 462 1553692234663 
512 689 462 1553692234730 
512 663 464 1553692234746 
512 627 472 1553692234762 
512 597 492 1553692234779 
512 583 510 1553692234796 
512 577 534 1553692234813 
512 577 548 1553692234829 
512 577 554 1553692234847 
512 577 562 1553692234863 
512 579 572 1553692234881 
512 579 582 1553692234896 
512 579 592 1553692234914 
512 577 600 1553692234930 
512 575 604 1553692234946 
512 573 610 1553692234962 
512 573 612 1553692234980 
512 573 618 1553692234996 
512 571 620 1553692235079 
512 567 624 1553692235114 
512 565 628 1553692235147 
512 563 630 1553692235163 
512 561 634 1553692235179 
512 561 638 1553692235198 
512 561 640 1553692235230 
513 561 640 1553692235383 
514 561 640 1553692235501 
512 567 636 1553692235546 
512 573 628 1553692235563 
512 589 610 1553692235581 
512 613 570 1553692235597 
512 623 546 1553692235613 
512 631 524 1553692235631 
512 637 512 1553692235647 
512 639 502 1553692235663 
512 645 494 1553692235681 
512 655 480 1553692235696 
512 663 470 1553692235715 
512 675 456 1553692235730 
512 681 446 1553692235747 
512 687 426 1553692235763 
512 689 410 1553692235781 
512 689 390 1553692235798 
512 689 376 1553692235813 
512 693 356 1553692235831 
512 697 332 1553692235846 
512 701 308 1553692235865 
512 703 290 1553692235881 
512 707 278 1553692235897 
512 707 272 1553692235913 
512 707 266 1553692235930 
512 707 260 1553692235947 
512 707 256 1553692235963 
512 707 248 1553692235981 
512 705 242 1553692235997 
512 705 236 1553692236014 
512 705 226 1553692236030 
512 705 220 1553692236047 
512 705 216 1553692236064 
512 705 212 1553692236081 
512 703 210 1553692236214 
513 703 210 1553692236358 
514 703 210 1553692236446 
