512 703 222 1553692268525 
512 709 236 1553692268542 
512 719 252 1553692268557 
512 729 268 1553692268574 
512 741 284 1553692268591 
512 753 302 1553692268607 
512 771 322 1553692268625 
512 789 348 1553692268642 
512 811 374 1553692268658 
512 827 398 1553692268674 
512 829 408 1553692268690 
512 829 414 1553692268707 
512 829 420 1553692268725 
512 827 428 1553692268741 
512 827 438 1553692268757 
512 827 458 1553692268774 
512 827 480 1553692268790 
512 827 506 1553692268807 
512 827 536 1553692268824 
512 827 562 1553692268841 
512 831 580 1553692268858 
512 831 592 1553692268875 
512 831 598 1553692268891 
512 831 610 1553692268907 
512 831 624 1553692268925 
512 831 630 1553692268941 
512 831 632 1553692268957 
512 833 634 1553692269175 
512 837 636 1553692269209 
512 843 640 1553692269224 
512 845 640 1553692269242 
512 849 642 1553692269258 
513 849 642 1553692269398 
514 849 642 1553692269526 
512 847 642 1553692269541 
512 845 640 1553692269574 
512 841 636 1553692269592 
512 835 630 1553692269609 
512 827 622 1553692269625 
512 819 614 1553692269641 
512 807 606 1553692269658 
512 785 590 1553692269675 
512 767 578 1553692269691 
512 757 568 1553692269708 
512 743 550 1553692269725 
512 737 538 1553692269742 
512 731 530 1553692269760 
512 715 516 1553692269775 
512 685 498 1553692269792 
512 639 480 1553692269808 
512 599 464 1553692269826 
512 561 444 1553692269843 
512 523 420 1553692269859 
512 495 406 1553692269876 
512 481 398 1553692269891 
512 477 396 1553692269909 
512 481 388 1553692270110 
512 483 384 1553692270141 
512 483 382 1553692270192 
512 483 380 1553692270308 
512 481 378 1553692270377 
512 479 378 1553692270493 
512 477 378 1553692270525 
512 475 378 1553692270542 
513 475 378 1553692270638 
514 475 378 1553692270749 
512 489 380 1553692270792 
512 507 384 1553692270809 
512 519 384 1553692270825 
512 529 386 1553692270843 
512 545 392 1553692270858 
512 579 402 1553692270875 
512 625 420 1553692270894 
512 653 432 1553692270909 
512 663 436 1553692270925 
512 661 424 1553692271044 
512 651 408 1553692271059 
512 633 372 1553692271076 
512 623 340 1553692271094 
512 621 290 1553692271109 
512 629 262 1553692271127 
512 647 236 1553692271142 
512 661 216 1553692271160 
512 671 198 1553692271177 
512 675 188 1553692271192 
512 677 186 1553692271209 
512 679 184 1553692271227 
512 679 182 1553692271243 
512 681 180 1553692271327 
512 683 182 1553692271344 
512 689 186 1553692271360 
512 691 190 1553692271376 
512 697 196 1553692271394 
512 699 198 1553692271410 
512 701 202 1553692271426 
512 701 204 1553692271461 
512 703 210 1553692271493 
513 703 210 1553692271662 
514 703 210 1553692271765 
512 705 216 1553692271793 
512 707 220 1553692271810 
512 709 222 1553692271826 
512 713 232 1553692271844 
512 719 244 1553692271860 
512 729 264 1553692271877 
512 779 328 1553692271894 
512 821 364 1553692271910 
512 847 382 1553692271926 
512 849 384 1553692271943 
512 851 386 1553692271961 
512 851 388 1553692272028 
512 853 390 1553692272060 
512 857 390 1553692272077 
512 861 390 1553692272094 
512 867 390 1553692272110 
512 873 388 1553692272126 
512 877 386 1553692272144 
512 879 384 1553692272160 
512 881 382 1553692272178 
512 885 378 1553692272194 
512 891 374 1553692272211 
512 899 370 1553692272228 
512 901 368 1553692272243 
512 907 366 1553692272261 
512 909 366 1553692272277 
512 915 366 1553692272294 
512 917 366 1553692272310 
512 921 366 1553692272327 
512 927 366 1553692272343 
513 927 366 1553692272558 
512 925 370 1553692272661 
512 923 372 1553692272669 
514 923 372 1553692272670 
512 921 374 1553692272677 
512 917 382 1553692272695 
512 915 386 1553692272710 
512 915 388 1553692272727 
512 919 384 1553692272928 
512 923 380 1553692272978 
512 927 378 1553692273011 
512 929 378 1553692273028 
512 931 378 1553692273045 
512 933 376 1553692273095 
513 933 376 1553692273110 
514 933 376 1553692273237 
512 929 376 1553692273261 
512 927 376 1553692273277 
512 919 380 1553692273295 
512 909 384 1553692273312 
512 893 394 1553692273329 
512 869 404 1553692273344 
512 833 420 1553692273361 
512 787 434 1553692273378 
512 731 452 1553692273395 
512 679 462 1553692273412 
512 609 472 1553692273429 
512 581 474 1553692273445 
512 569 474 1553692273462 
512 567 474 1553692273478 
512 565 476 1553692273496 
512 563 480 1553692273529 
512 557 494 1553692273545 
512 551 512 1553692273561 
512 543 532 1553692273578 
512 537 558 1553692273596 
512 533 578 1553692273612 
512 533 592 1553692273628 
512 533 602 1553692273645 
512 533 604 1553692273661 
512 535 606 1553692273677 
512 539 610 1553692273696 
512 539 612 1553692273712 
512 539 624 1553692273728 
512 539 634 1553692273745 
512 539 644 1553692273762 
512 541 650 1553692273778 
512 543 654 1553692273795 
512 547 662 1553692273811 
512 549 664 1553692273828 
512 551 664 1553692273879 
512 557 662 1553692273978 
512 559 660 1553692273996 
512 561 656 1553692274011 
512 561 650 1553692274029 
512 563 646 1553692274045 
512 563 642 1553692274062 
513 563 642 1553692274190 
514 563 642 1553692274309 
512 563 640 1553692274345 
512 563 638 1553692274378 
512 563 632 1553692274395 
512 569 622 1553692274412 
512 581 606 1553692274429 
512 593 578 1553692274445 
512 597 560 1553692274462 
512 597 548 1553692274478 
512 597 546 1553692274497 
512 595 544 1553692274529 
512 597 548 1553692274563 
512 607 556 1553692274580 
512 625 562 1553692274596 
512 649 574 1553692274614 
512 675 590 1553692274629 
512 705 606 1553692274646 
512 751 626 1553692274662 
512 789 646 1553692274680 
512 819 664 1553692274695 
512 829 670 1553692274712 
512 835 666 1553692274780 
512 837 664 1553692274796 
512 837 662 1553692274812 
512 839 660 1553692274879 
512 841 658 1553692274913 
512 841 656 1553692274964 
512 841 652 1553692274979 
512 839 648 1553692275013 
512 837 646 1553692275064 
513 837 646 1553692275173 
512 837 642 1553692275212 
514 837 642 1553692275277 
512 837 642 1553692275279 
512 835 640 1553692275296 
512 831 638 1553692275313 
512 823 636 1553692275329 
512 809 630 1553692275347 
512 787 620 1553692275363 
512 765 614 1553692275380 
512 753 604 1553692275397 
512 747 578 1553692275413 
512 745 568 1553692275429 
512 745 560 1553692275446 
512 741 556 1553692275464 
512 733 548 1553692275480 
512 711 534 1553692275496 
512 691 524 1553692275513 
512 685 520 1553692275530 
512 685 510 1553692275546 
512 687 500 1553692275563 
512 703 488 1553692275580 
512 727 476 1553692275597 
512 757 458 1553692275612 
512 827 438 1553692275630 
512 871 426 1553692275646 
512 895 416 1553692275664 
512 897 414 1553692275679 
512 899 412 1553692275713 
512 901 410 1553692275730 
512 907 404 1553692275746 
512 909 402 1553692275763 
512 911 398 1553692275780 
512 913 396 1553692275796 
512 917 392 1553692275813 
512 919 388 1553692275829 
512 921 382 1553692275848 
512 923 380 1553692275864 
512 923 378 1553692276014 
513 923 378 1553692276054 
514 923 378 1553692276173 
512 919 376 1553692276247 
512 909 376 1553692276264 
512 897 382 1553692276282 
512 871 400 1553692276297 
512 833 420 1553692276314 
512 791 436 1553692276332 
512 743 452 1553692276347 
512 687 460 1553692276364 
512 625 460 1553692276380 
512 569 460 1553692276397 
512 567 460 1553692276414 
512 565 460 1553692276497 
512 557 458 1553692276515 
512 553 456 1553692276530 
512 547 454 1553692276547 
512 539 446 1553692276564 
512 527 438 1553692276580 
512 503 416 1553692276598 
512 493 406 1553692276615 
512 485 400 1553692276630 
512 479 394 1553692276648 
512 473 390 1553692276664 
512 467 388 1553692276815 
512 469 384 1553692276964 
513 469 384 1553692277014 
512 471 382 1553692277081 
514 471 382 1553692277158 
512 471 382 1553692277164 
512 473 380 1553692277347 
512 475 380 1553692277366 
512 477 382 1553692277432 
512 477 390 1553692277448 
512 477 398 1553692277465 
512 483 410 1553692277481 
512 499 424 1553692277498 
512 509 434 1553692277515 
512 513 442 1553692277531 
512 517 458 1553692277548 
512 519 472 1553692277564 
512 529 492 1553692277581 
512 539 508 1553692277597 
512 547 522 1553692277616 
512 551 532 1553692277632 
512 553 538 1553692277648 
512 557 548 1553692277666 
512 559 554 1553692277681 
512 559 562 1553692277697 
512 559 572 1553692277716 
512 559 588 1553692277731 
512 555 604 1553692277749 
512 555 620 1553692277765 
512 555 632 1553692277782 
512 555 634 1553692277798 
512 557 640 1553692277832 
512 557 644 1553692277865 
512 559 646 1553692277931 
513 559 646 1553692278046 
514 559 646 1553692278181 
512 559 636 1553692278233 
512 563 624 1553692278250 
512 575 604 1553692278265 
512 581 590 1553692278281 
512 589 576 1553692278299 
512 599 558 1553692278316 
512 609 546 1553692278331 
512 629 536 1553692278349 
512 657 526 1553692278366 
512 677 516 1553692278382 
512 689 508 1553692278399 
512 693 502 1553692278416 
512 697 490 1553692278432 
512 697 478 1553692278449 
512 697 458 1553692278465 
512 697 430 1553692278482 
512 697 392 1553692278498 
512 697 356 1553692278515 
512 697 330 1553692278533 
512 697 302 1553692278549 
512 697 296 1553692278565 
512 697 282 1553692278582 
512 695 278 1553692278599 
512 695 274 1553692278616 
512 695 270 1553692278632 
512 695 266 1553692278649 
512 695 258 1553692278665 
512 695 248 1553692278683 
512 695 242 1553692278699 
512 695 238 1553692278717 
512 695 236 1553692278732 
512 695 232 1553692278748 
512 695 230 1553692278765 
512 695 228 1553692278784 
512 695 226 1553692278799 
512 695 222 1553692278816 
512 695 220 1553692278832 
512 695 218 1553692278849 
512 695 216 1553692278949 
513 695 216 1553692279006 
512 697 214 1553692279116 
512 697 216 1553692279141 
514 697 216 1553692279141 
