512 700 212 1553186180382 
512 706 224 1553186180416 
512 718 238 1553186180432 
512 736 262 1553186180449 
512 764 288 1553186180465 
512 808 318 1553186180482 
512 846 334 1553186180499 
512 870 346 1553186180515 
512 884 358 1553186180532 
512 890 368 1553186180549 
512 890 388 1553186180565 
512 890 414 1553186180584 
512 882 446 1553186180598 
512 876 478 1553186180616 
512 876 516 1553186180632 
512 876 542 1553186180650 
512 872 566 1553186180666 
512 864 588 1553186180683 
512 860 608 1553186180700 
512 856 616 1553186180716 
512 852 624 1553186180732 
512 850 628 1553186180749 
512 846 634 1553186180783 
512 846 636 1553186180799 
512 846 638 1553186180815 
512 844 640 1553186180833 
512 842 640 1553186180865 
512 838 640 1553186180882 
512 836 640 1553186180900 
513 836 640 1553186181048 
514 836 640 1553186181144 
512 834 638 1553186181233 
512 834 626 1553186181250 
512 836 604 1553186181267 
512 840 582 1553186181283 
512 842 562 1553186181299 
512 846 544 1553186181317 
512 850 530 1553186181332 
512 856 512 1553186181351 
512 862 496 1553186181366 
512 866 486 1553186181384 
512 866 478 1553186181400 
512 856 468 1553186181417 
512 842 462 1553186181434 
512 808 460 1553186181450 
512 754 454 1553186181468 
512 688 448 1553186181484 
512 626 438 1553186181500 
512 568 430 1553186181517 
512 526 422 1553186181533 
512 502 414 1553186181550 
512 492 412 1553186181566 
512 486 410 1553186181583 
512 484 410 1553186181601 
512 482 410 1553186181617 
512 476 410 1553186181634 
512 472 410 1553186181649 
512 468 410 1553186181668 
512 464 408 1553186181700 
512 464 406 1553186181717 
512 464 404 1553186181733 
512 464 400 1553186181751 
512 466 396 1553186181767 
512 470 392 1553186181784 
512 472 390 1553186181800 
512 476 384 1553186181819 
512 476 382 1553186181868 
512 478 380 1553186181885 
512 478 374 1553186182118 
512 476 370 1553186182134 
513 476 370 1553186182209 
514 476 370 1553186182336 
512 474 370 1553186182368 
512 478 370 1553186182385 
512 492 374 1553186182402 
512 506 378 1553186182418 
512 520 380 1553186182434 
512 534 384 1553186182451 
512 552 388 1553186182467 
512 580 396 1553186182485 
512 610 400 1553186182501 
512 640 406 1553186182517 
512 660 408 1553186182534 
512 668 408 1553186182551 
512 670 408 1553186182567 
512 680 410 1553186182584 
512 696 410 1553186182601 
512 706 410 1553186182618 
512 708 402 1553186182652 
512 706 392 1553186182667 
512 700 378 1553186182684 
512 694 366 1553186182701 
512 690 350 1553186182717 
512 686 330 1553186182734 
512 686 312 1553186182751 
512 686 300 1553186182767 
512 688 282 1553186182785 
512 688 270 1553186182801 
512 688 262 1553186182817 
512 688 252 1553186182834 
512 690 246 1553186182851 
512 692 240 1553186182869 
512 692 236 1553186182885 
512 696 230 1553186182901 
512 698 224 1553186182935 
512 700 220 1553186182952 
512 700 216 1553186182967 
512 702 214 1553186182984 
512 702 212 1553186183034 
513 702 212 1553186183185 
514 702 212 1553186183321 
512 706 210 1553186183385 
512 714 216 1553186183402 
512 722 228 1553186183418 
512 730 234 1553186183435 
512 740 244 1553186183451 
512 746 248 1553186183469 
512 752 252 1553186183484 
512 754 254 1553186183502 
512 758 258 1553186183520 
512 758 264 1553186183535 
512 762 278 1553186183552 
512 778 304 1553186183569 
512 792 320 1553186183586 
512 814 334 1553186183602 
512 846 342 1553186183619 
512 878 348 1553186183635 
512 900 350 1553186183652 
512 910 352 1553186183669 
512 912 354 1553186183736 
512 912 356 1553186183869 
512 910 362 1553186183885 
512 910 368 1553186183902 
512 910 376 1553186183919 
512 910 378 1553186183935 
512 914 384 1553186183953 
512 916 384 1553186183970 
512 920 384 1553186183986 
512 924 384 1553186184052 
512 926 384 1553186184086 
512 928 382 1553186184103 
512 926 380 1553186184202 
513 926 380 1553186184337 
514 926 380 1553186184480 
512 924 378 1553186184602 
512 920 378 1553186184619 
512 914 378 1553186184637 
512 902 386 1553186184652 
512 888 396 1553186184669 
512 872 404 1553186184686 
512 848 414 1553186184702 
512 818 424 1553186184720 
512 776 450 1553186184736 
512 756 466 1553186184753 
512 736 482 1553186184770 
512 722 498 1553186184787 
512 712 512 1553186184802 
512 704 522 1553186184819 
512 696 532 1553186184836 
512 686 542 1553186184853 
512 672 556 1553186184870 
512 658 576 1553186184887 
512 646 592 1553186184903 
512 636 608 1553186184920 
512 628 614 1553186184936 
512 618 618 1553186184953 
512 608 626 1553186184969 
512 604 630 1553186184987 
512 600 634 1553186185003 
512 594 644 1553186185019 
512 592 646 1553186185036 
512 590 648 1553186185053 
512 586 650 1553186185086 
512 582 650 1553186185119 
512 576 650 1553186185136 
512 574 650 1553186185152 
512 572 650 1553186185171 
512 568 650 1553186185187 
512 562 648 1553186185203 
512 556 646 1553186185252 
512 554 644 1553186185269 
513 554 644 1553186185401 
514 554 644 1553186185521 
512 556 640 1553186185586 
512 558 636 1553186185603 
512 562 630 1553186185620 
512 568 622 1553186185636 
512 580 608 1553186185653 
512 594 594 1553186185671 
512 608 580 1553186185686 
512 628 558 1553186185704 
512 638 544 1553186185720 
512 640 540 1553186185736 
512 648 538 1553186185770 
512 660 544 1553186185787 
512 676 550 1553186185804 
512 702 564 1553186185820 
512 730 578 1553186185837 
512 754 594 1553186185854 
512 778 608 1553186185870 
512 808 620 1553186185887 
512 850 634 1553186185905 
512 874 636 1553186185921 
512 886 636 1553186185936 
512 888 636 1553186185954 
512 886 638 1553186186105 
512 882 638 1553186186121 
512 872 638 1553186186137 
512 858 640 1553186186154 
512 854 644 1553186186171 
512 848 646 1553186186187 
512 846 646 1553186186222 
512 844 646 1553186186237 
512 842 646 1553186186253 
513 842 646 1553186186424 
514 842 646 1553186186552 
512 840 644 1553186186621 
512 842 640 1553186186637 
512 842 626 1553186186654 
512 846 612 1553186186671 
512 848 592 1553186186688 
512 852 570 1553186186704 
512 852 560 1553186186720 
512 852 554 1553186186737 
512 852 550 1553186186755 
512 856 546 1553186186771 
512 858 540 1553186186788 
512 866 528 1553186186804 
512 874 514 1553186186821 
512 882 502 1553186186838 
512 886 490 1553186186855 
512 892 476 1553186186871 
512 912 450 1553186186888 
512 922 432 1553186186904 
512 932 412 1553186186921 
512 938 396 1553186186939 
512 940 388 1553186186954 
512 940 382 1553186186972 
512 942 376 1553186186987 
512 942 374 1553186187005 
512 942 372 1553186187071 
512 940 370 1553186187138 
512 936 370 1553186187171 
512 928 370 1553186187188 
512 926 370 1553186187205 
512 924 370 1553186187222 
512 922 370 1553186187239 
512 920 372 1553186187256 
512 920 374 1553186187272 
513 920 374 1553186187553 
512 922 376 1553186187639 
512 924 376 1553186187672 
512 926 374 1553186187688 
514 926 374 1553186187689 
512 926 374 1553186187690 
512 924 374 1553186187955 
512 912 374 1553186187972 
512 892 378 1553186187988 
512 868 390 1553186188006 
512 840 402 1553186188023 
512 806 414 1553186188038 
512 768 418 1553186188056 
512 676 418 1553186188072 
512 608 408 1553186188090 
512 542 398 1553186188107 
512 492 388 1553186188122 
512 460 376 1553186188139 
512 440 364 1553186188155 
512 434 358 1553186188173 
512 432 356 1553186188205 
512 430 354 1553186188255 
512 432 360 1553186188373 
512 440 368 1553186188388 
512 452 376 1553186188406 
512 458 382 1553186188422 
512 464 388 1553186188440 
512 466 388 1553186188474 
512 468 390 1553186188506 
512 476 390 1553186188539 
512 480 394 1553186188555 
512 476 392 1553186188673 
512 474 390 1553186188689 
512 474 386 1553186188706 
512 472 384 1553186188723 
512 470 382 1553186188773 
512 470 380 1553186188823 
512 470 376 1553186188839 
513 470 376 1553186188890 
514 470 376 1553186189025 
512 480 380 1553186189089 
512 488 386 1553186189106 
512 504 394 1553186189124 
512 518 396 1553186189139 
512 540 398 1553186189157 
512 564 404 1553186189173 
512 590 410 1553186189191 
512 640 426 1553186189207 
512 706 444 1553186189223 
512 774 464 1553186189242 
512 778 466 1553186189256 
512 762 468 1553186189290 
512 734 476 1553186189307 
512 704 494 1553186189324 
512 682 518 1553186189340 
512 666 540 1553186189356 
512 660 558 1553186189373 
512 654 574 1553186189390 
512 650 582 1553186189407 
512 642 590 1553186189423 
512 634 598 1553186189440 
512 632 600 1553186189456 
512 622 604 1553186189473 
512 616 606 1553186189490 
512 604 610 1553186189506 
512 596 616 1553186189523 
512 594 618 1553186189541 
512 586 620 1553186189556 
512 578 620 1553186189574 
512 570 622 1553186189591 
512 566 624 1553186189608 
512 564 626 1553186189625 
512 562 628 1553186189658 
512 562 632 1553186189675 
512 562 634 1553186189691 
512 564 636 1553186189773 
512 566 638 1553186189808 
512 564 638 1553186190006 
512 562 638 1553186190041 
513 562 638 1553186190073 
514 562 638 1553186190193 
512 562 632 1553186190307 
512 570 622 1553186190325 
512 580 610 1553186190340 
512 594 592 1553186190357 
512 608 578 1553186190374 
512 626 562 1553186190391 
512 642 550 1553186190407 
512 656 536 1553186190424 
512 670 512 1553186190441 
512 672 494 1553186190457 
512 676 474 1553186190474 
512 678 456 1553186190490 
512 680 436 1553186190508 
512 680 412 1553186190525 
512 682 382 1553186190540 
512 682 352 1553186190557 
512 676 312 1553186190575 
512 672 286 1553186190592 
512 670 250 1553186190609 
512 670 230 1553186190624 
512 670 214 1553186190642 
512 670 202 1553186190657 
512 670 196 1553186190674 
512 670 194 1553186190691 
512 672 190 1553186190725 
512 674 190 1553186190758 
512 678 190 1553186190775 
512 680 190 1553186190791 
512 688 190 1553186190808 
512 690 190 1553186190857 
512 692 196 1553186190874 
512 692 202 1553186190891 
512 692 208 1553186190909 
512 692 212 1553186190924 
512 692 214 1553186190942 
512 692 216 1553186190959 
512 694 218 1553186191058 
512 698 218 1553186191108 
512 700 218 1553186191125 
512 702 216 1553186191141 
512 704 214 1553186191159 
512 706 212 1553186191174 
513 706 212 1553186191417 
514 706 212 1553186191545 
