512 695 209 1553110243077 
512 703 223 1553110243093 
512 713 235 1553110243110 
512 729 251 1553110243126 
512 747 269 1553110243144 
512 763 285 1553110243159 
512 775 301 1553110243177 
512 783 317 1553110243194 
512 789 333 1553110243210 
512 793 353 1553110243226 
512 799 373 1553110243243 
512 803 397 1553110243261 
512 803 423 1553110243277 
512 805 463 1553110243293 
512 811 499 1553110243310 
512 815 537 1553110243326 
512 823 569 1553110243344 
512 831 593 1553110243360 
512 833 599 1553110243376 
512 835 601 1553110243410 
512 839 603 1553110243428 
512 841 611 1553110243444 
512 843 615 1553110243460 
512 843 617 1553110243477 
512 843 623 1553110243577 
512 843 627 1553110243594 
512 843 633 1553110243610 
512 843 637 1553110243628 
512 843 645 1553110243644 
512 843 653 1553110243661 
512 843 657 1553110243677 
512 841 659 1553110243727 
512 839 659 1553110243777 
512 837 659 1553110243793 
512 835 657 1553110243811 
512 835 655 1553110243827 
512 835 653 1553110243844 
512 835 651 1553110243860 
512 833 647 1553110243878 
512 833 645 1553110243894 
512 833 643 1553110243910 
512 833 641 1553110243943 
513 833 641 1553110244046 
514 833 641 1553110244173 
512 833 637 1553110244327 
512 833 631 1553110244344 
512 833 613 1553110244361 
512 833 583 1553110244377 
512 841 553 1553110244394 
512 849 527 1553110244412 
512 853 507 1553110244428 
512 855 483 1553110244445 
512 853 463 1553110244462 
512 809 435 1553110244478 
512 713 403 1553110244494 
512 587 365 1553110244512 
512 467 333 1553110244528 
512 397 313 1553110244545 
512 385 309 1553110244561 
512 391 309 1553110244594 
512 397 311 1553110244611 
512 401 317 1553110244629 
512 401 323 1553110244661 
512 401 327 1553110244677 
512 403 333 1553110244695 
512 407 341 1553110244712 
512 415 355 1553110244728 
512 425 367 1553110244744 
512 435 379 1553110244761 
512 439 387 1553110244778 
512 443 391 1553110244794 
512 449 391 1553110244812 
512 453 395 1553110244827 
512 457 395 1553110244845 
512 467 395 1553110244861 
512 469 395 1553110244978 
512 473 395 1553110244994 
512 477 391 1553110245011 
512 483 385 1553110245027 
512 483 383 1553110245045 
512 483 381 1553110245146 
512 477 379 1553110245345 
512 475 379 1553110245361 
513 475 379 1553110245502 
514 475 379 1553110245605 
512 479 379 1553110245713 
512 491 379 1553110245728 
512 521 379 1553110245745 
512 573 379 1553110245763 
512 629 379 1553110245778 
512 681 379 1553110245795 
512 721 379 1553110245811 
512 739 379 1553110245828 
512 741 377 1553110245896 
512 739 367 1553110245913 
512 729 349 1553110245928 
512 715 325 1553110245946 
512 703 303 1553110245962 
512 693 283 1553110245979 
512 687 263 1553110245996 
512 683 243 1553110246012 
512 683 217 1553110246029 
512 683 211 1553110246046 
512 683 203 1553110246062 
512 683 197 1553110246080 
512 685 195 1553110246095 
512 685 193 1553110246112 
512 687 191 1553110246162 
512 691 191 1553110246179 
512 693 191 1553110246196 
512 697 191 1553110246213 
512 699 193 1553110246263 
512 701 195 1553110246279 
512 703 199 1553110246328 
512 703 203 1553110246363 
512 705 205 1553110246430 
513 705 205 1553110246607 
514 705 205 1553110246701 
512 705 207 1553110246747 
512 709 213 1553110246763 
512 713 219 1553110246780 
512 721 231 1553110246797 
512 727 237 1553110246813 
512 737 241 1553110246831 
512 751 249 1553110246846 
512 763 255 1553110246863 
512 773 259 1553110246879 
512 783 265 1553110246896 
512 793 275 1553110246913 
512 805 289 1553110246929 
512 821 311 1553110246947 
512 837 331 1553110246962 
512 853 355 1553110246981 
512 855 357 1553110246996 
512 859 361 1553110247013 
512 861 361 1553110247113 
512 867 361 1553110247129 
512 873 361 1553110247147 
512 879 361 1553110247164 
512 881 361 1553110247180 
512 891 361 1553110247197 
512 901 361 1553110247213 
512 911 361 1553110247231 
512 921 365 1553110247246 
512 923 367 1553110247330 
512 921 369 1553110247413 
512 919 373 1553110247430 
512 919 377 1553110247448 
512 919 379 1553110247464 
512 921 381 1553110247513 
512 921 377 1553110247698 
512 923 375 1553110247747 
513 923 375 1553110247822 
514 923 375 1553110247941 
512 921 375 1553110248080 
512 909 373 1553110248097 
512 897 371 1553110248115 
512 877 361 1553110248132 
512 851 355 1553110248147 
512 819 345 1553110248165 
512 775 335 1553110248180 
512 685 309 1553110248197 
512 625 293 1553110248214 
512 569 285 1553110248231 
512 541 295 1553110248247 
512 533 327 1553110248263 
512 533 369 1553110248281 
512 533 415 1553110248297 
512 535 455 1553110248314 
512 545 489 1553110248331 
512 553 515 1553110248349 
512 559 535 1553110248365 
512 561 537 1553110248414 
512 563 539 1553110248480 
512 563 543 1553110248497 
512 563 553 1553110248515 
512 563 567 1553110248531 
512 557 583 1553110248548 
512 555 597 1553110248565 
512 551 611 1553110248581 
512 547 619 1553110248597 
512 547 627 1553110248615 
512 545 643 1553110248631 
512 543 657 1553110248649 
512 543 667 1553110248665 
512 543 669 1553110248681 
512 541 675 1553110248698 
512 539 675 1553110248748 
512 537 673 1553110248798 
512 539 665 1553110248815 
512 547 657 1553110248831 
512 551 651 1553110248848 
512 553 649 1553110248865 
513 553 649 1553110249070 
514 553 649 1553110249190 
512 553 643 1553110249365 
512 559 633 1553110249382 
512 567 625 1553110249398 
512 583 615 1553110249415 
512 611 603 1553110249432 
512 663 599 1553110249449 
512 729 595 1553110249465 
512 777 595 1553110249481 
512 801 599 1553110249499 
512 803 599 1553110249515 
512 805 601 1553110249532 
512 801 609 1553110249549 
512 799 625 1553110249565 
512 799 643 1553110249582 
512 799 659 1553110249598 
512 799 673 1553110249616 
512 801 679 1553110249631 
512 801 677 1553110249682 
512 801 675 1553110249700 
512 805 669 1553110249715 
512 809 665 1553110249733 
512 811 663 1553110249748 
512 819 659 1553110249765 
512 825 653 1553110249782 
512 829 647 1553110249798 
512 831 645 1553110249815 
512 833 641 1553110249831 
512 835 639 1553110249849 
512 837 639 1553110249881 
512 839 639 1553110249899 
512 841 639 1553110249915 
512 843 639 1553110249949 
512 847 639 1553110249999 
513 847 639 1553110250206 
514 847 639 1553110250277 
512 843 637 1553110250432 
512 839 633 1553110250449 
512 839 625 1553110250484 
512 839 613 1553110250499 
512 841 593 1553110250517 
512 849 573 1553110250534 
512 859 551 1553110250549 
512 877 523 1553110250567 
512 903 495 1553110250584 
512 931 465 1553110250601 
512 945 441 1553110250616 
512 955 423 1553110250633 
512 959 415 1553110250650 
512 959 413 1553110250667 
512 959 411 1553110250717 
512 961 405 1553110250734 
512 963 401 1553110250750 
512 963 393 1553110250766 
512 963 391 1553110250782 
512 963 387 1553110250800 
512 961 383 1553110250833 
512 957 383 1553110250850 
512 955 383 1553110250866 
512 951 381 1553110250899 
512 947 381 1553110250917 
512 945 379 1553110250933 
512 939 379 1553110250999 
512 937 379 1553110251017 
512 935 379 1553110251033 
512 931 379 1553110251133 
512 929 379 1553110251150 
512 927 379 1553110251183 
513 927 379 1553110251238 
514 927 379 1553110251357 
512 921 373 1553110251533 
512 909 371 1553110251550 
512 905 371 1553110251567 
512 901 371 1553110251584 
512 891 371 1553110251600 
512 867 375 1553110251617 
512 821 391 1553110251633 
512 751 411 1553110251649 
512 687 421 1553110251666 
512 651 425 1553110251683 
512 641 425 1553110251700 
512 637 417 1553110251716 
512 633 405 1553110251733 
512 619 399 1553110251750 
512 585 389 1553110251766 
512 537 375 1553110251784 
512 483 365 1553110251801 
512 435 359 1553110251818 
512 411 355 1553110251834 
512 407 355 1553110251851 
512 409 355 1553110251900 
512 411 355 1553110251916 
512 415 357 1553110251933 
512 419 359 1553110251951 
512 423 363 1553110251967 
512 433 369 1553110251983 
512 443 375 1553110252000 
512 453 381 1553110252018 
512 463 385 1553110252033 
512 467 385 1553110252051 
512 469 385 1553110252068 
512 471 383 1553110252317 
512 471 381 1553110252384 
512 471 377 1553110252401 
512 471 373 1553110252418 
512 473 367 1553110252434 
513 473 367 1553110252494 
514 473 367 1553110252629 
512 479 369 1553110252784 
512 487 371 1553110252800 
512 495 373 1553110252818 
512 507 375 1553110252834 
512 537 375 1553110252852 
512 591 377 1553110252867 
512 681 391 1553110252885 
512 763 405 1553110252901 
512 801 409 1553110252918 
512 777 415 1553110252969 
512 759 421 1553110252985 
512 749 427 1553110253002 
512 747 427 1553110253017 
512 741 427 1553110253035 
512 733 421 1553110253052 
512 717 405 1553110253068 
512 675 377 1553110253085 
512 633 363 1553110253101 
512 601 359 1553110253118 
512 577 359 1553110253135 
512 555 359 1553110253152 
512 529 363 1553110253169 
512 513 373 1553110253185 
512 499 379 1553110253202 
512 489 379 1553110253219 
512 481 379 1553110253235 
512 477 379 1553110253251 
512 475 379 1553110253269 
512 471 379 1553110253401 
513 471 379 1553110253502 
514 471 379 1553110253590 
512 479 381 1553110253651 
512 491 381 1553110253668 
512 509 385 1553110253685 
512 523 385 1553110253701 
512 543 385 1553110253720 
512 563 385 1553110253736 
512 583 385 1553110253752 
512 603 389 1553110253768 
512 639 395 1553110253785 
512 683 399 1553110253802 
512 721 407 1553110253818 
512 739 409 1553110253836 
512 741 409 1553110253852 
512 743 411 1553110253869 
512 741 425 1553110253885 
512 725 447 1553110253902 
512 707 475 1553110253918 
512 693 503 1553110253936 
512 677 527 1553110253952 
512 667 547 1553110253968 
512 663 563 1553110253986 
512 659 573 1553110254002 
512 655 579 1553110254019 
512 649 587 1553110254035 
512 637 599 1553110254053 
512 633 603 1553110254068 
512 627 611 1553110254085 
512 623 615 1553110254102 
512 619 617 1553110254120 
512 617 617 1553110254136 
512 611 619 1553110254152 
512 607 619 1553110254169 
512 601 619 1553110254186 
512 595 619 1553110254202 
512 589 621 1553110254219 
512 585 623 1553110254236 
512 585 625 1553110254253 
512 583 629 1553110254268 
512 583 633 1553110254287 
512 583 635 1553110254303 
512 581 639 1553110254319 
512 579 639 1553110254354 
512 577 641 1553110254370 
512 573 645 1553110254402 
512 571 645 1553110254437 
512 567 645 1553110254470 
512 561 645 1553110254485 
512 559 645 1553110254503 
512 557 645 1553110254520 
512 555 645 1553110254537 
513 555 645 1553110254686 
514 555 645 1553110254797 
512 555 641 1553110254886 
512 555 635 1553110254903 
512 555 631 1553110254919 
512 555 623 1553110254936 
512 555 617 1553110254952 
512 561 607 1553110254970 
512 573 589 1553110254986 
512 603 559 1553110255002 
512 633 529 1553110255020 
512 665 499 1553110255036 
512 685 465 1553110255054 
512 691 453 1553110255071 
512 691 441 1553110255086 
512 691 425 1553110255103 
512 691 395 1553110255120 
512 691 355 1553110255136 
512 685 313 1553110255155 
512 683 277 1553110255169 
512 677 247 1553110255186 
512 675 231 1553110255203 
512 673 217 1553110255221 
512 671 209 1553110255236 
512 669 205 1553110255337 
512 673 201 1553110255354 
512 677 193 1553110255369 
512 679 193 1553110255404 
512 681 193 1553110255420 
512 687 193 1553110255436 
512 693 197 1553110255453 
512 693 199 1553110255470 
512 695 201 1553110255488 
512 695 203 1553110255737 
512 697 207 1553110255771 
513 697 207 1553110255886 
514 697 207 1553110256005 
