512 705 203 1553198422408 
512 703 203 1553198422424 
512 701 203 1553198422459 
512 697 203 1553198422475 
512 695 207 1553198422508 
512 695 211 1553198422525 
512 695 221 1553198422542 
512 695 233 1553198422559 
512 697 241 1553198422575 
512 699 243 1553198422592 
512 711 253 1553198422627 
512 729 271 1553198422642 
512 757 299 1553198422658 
512 803 339 1553198422675 
512 847 383 1553198422692 
512 877 429 1553198422710 
512 881 479 1553198422725 
512 881 523 1553198422742 
512 881 551 1553198422759 
512 881 559 1553198422775 
512 871 569 1553198422792 
512 869 571 1553198422809 
512 865 577 1553198422825 
512 865 583 1553198422843 
512 865 589 1553198422860 
512 863 591 1553198422875 
512 855 591 1553198422909 
512 847 595 1553198422925 
512 837 603 1553198422942 
512 831 609 1553198422959 
512 827 613 1553198422975 
512 823 615 1553198422993 
512 819 619 1553198423009 
512 819 629 1553198423025 
512 819 633 1553198423042 
512 819 637 1553198423109 
512 821 641 1553198423125 
512 829 649 1553198423142 
512 831 651 1553198423159 
512 833 651 1553198423175 
513 833 651 1553198423345 
512 835 651 1553198423409 
514 835 651 1553198423505 
512 835 651 1553198423510 
512 837 649 1553198423593 
512 837 645 1553198423609 
512 841 639 1553198423626 
512 853 629 1553198423643 
512 869 619 1553198423660 
512 885 605 1553198423676 
512 887 597 1553198423692 
512 887 589 1553198423709 
512 885 587 1553198423726 
512 881 587 1553198423743 
512 865 583 1553198423759 
512 841 569 1553198423777 
512 787 545 1553198423793 
512 613 469 1553198423810 
512 515 435 1553198423826 
512 475 417 1553198423843 
512 473 415 1553198423860 
512 471 413 1553198423926 
512 471 409 1553198423944 
512 469 401 1553198423959 
512 463 389 1553198423976 
512 445 373 1553198423994 
512 431 365 1553198424010 
512 429 363 1553198424128 
512 433 363 1553198424176 
512 439 363 1553198424193 
512 447 369 1553198424211 
512 451 375 1553198424227 
512 453 379 1553198424243 
512 455 381 1553198424278 
512 459 381 1553198424311 
512 463 381 1553198424327 
512 467 381 1553198424345 
512 469 381 1553198424359 
512 471 379 1553198424377 
513 471 379 1553198424466 
514 471 379 1553198424593 
512 475 379 1553198424676 
512 485 379 1553198424693 
512 495 381 1553198424711 
512 517 383 1553198424728 
512 585 395 1553198424744 
512 721 415 1553198424762 
512 791 431 1553198424777 
512 847 439 1553198424794 
512 885 443 1553198424810 
512 887 443 1553198424827 
512 871 427 1553198424894 
512 841 397 1553198424911 
512 809 369 1553198424928 
512 783 345 1553198424943 
512 771 329 1553198424961 
512 753 305 1553198424977 
512 735 287 1553198424994 
512 719 277 1553198425010 
512 715 269 1553198425027 
512 715 259 1553198425045 
512 715 251 1553198425061 
512 715 249 1553198425077 
512 715 247 1553198425095 
512 715 245 1553198425128 
512 717 239 1553198425161 
512 717 235 1553198425177 
512 717 231 1553198425194 
512 715 229 1553198425212 
512 715 227 1553198425245 
512 713 223 1553198425260 
512 713 221 1553198425277 
512 713 219 1553198425296 
512 713 215 1553198425310 
512 713 211 1553198425327 
512 711 209 1553198425345 
512 711 207 1553198425393 
513 711 207 1553198425466 
514 711 207 1553198425577 
512 709 205 1553198425612 
512 707 205 1553198425628 
512 705 205 1553198425644 
512 703 207 1553198425661 
512 701 209 1553198425779 
513 701 209 1553198425810 
514 701 209 1553198425921 
512 707 213 1553198425978 
512 723 223 1553198425994 
512 735 231 1553198426011 
512 751 241 1553198426028 
512 775 253 1553198426046 
512 803 265 1553198426061 
512 821 277 1553198426079 
512 837 297 1553198426094 
512 853 319 1553198426112 
512 865 335 1553198426128 
512 869 343 1553198426145 
512 871 349 1553198426196 
512 877 353 1553198426212 
512 883 355 1553198426228 
512 887 357 1553198426279 
512 889 359 1553198426312 
512 899 359 1553198426328 
512 911 361 1553198426346 
512 913 361 1553198426363 
512 915 363 1553198426395 
512 921 365 1553198426428 
512 921 369 1553198426446 
512 925 375 1553198426462 
512 925 379 1553198426478 
512 925 381 1553198426495 
513 925 381 1553198426626 
514 925 381 1553198426729 
512 923 383 1553198426778 
512 919 379 1553198426845 
512 915 375 1553198426862 
512 913 369 1553198426880 
512 907 357 1553198426896 
512 901 347 1553198426912 
512 895 341 1553198426929 
512 891 335 1553198426945 
512 881 327 1553198426962 
512 845 319 1553198426979 
512 781 317 1553198426996 
512 693 329 1553198427012 
512 645 355 1553198427024 
513 645 355 1553198427025 
512 635 381 1553198427046 
512 635 405 1553198427062 
512 635 429 1553198427081 
512 635 457 1553198427095 
512 615 503 1553198427112 
512 603 531 1553198427128 
512 595 545 1553198427145 
512 591 549 1553198427153 
514 591 549 1553198427153 
512 589 553 1553198427163 
512 581 557 1553198427180 
512 575 565 1553198427195 
512 575 571 1553198427212 
512 575 581 1553198427230 
512 575 587 1553198427245 
512 575 589 1553198427262 
512 573 593 1553198427279 
512 571 599 1553198427296 
512 569 603 1553198427313 
512 569 607 1553198427329 
512 569 611 1553198427347 
512 565 621 1553198427462 
512 563 627 1553198427480 
512 559 633 1553198427495 
512 557 639 1553198427513 
512 551 647 1553198427530 
512 549 651 1553198427545 
512 549 653 1553198427630 
512 551 655 1553198427814 
512 553 655 1553198427829 
512 555 653 1553198427846 
512 557 651 1553198427862 
512 557 647 1553198427880 
513 557 647 1553198428018 
514 557 647 1553198428128 
512 559 645 1553198428162 
512 579 625 1553198428180 
512 601 601 1553198428196 
512 625 579 1553198428213 
512 673 559 1553198428230 
512 723 545 1553198428247 
512 757 533 1553198428263 
512 781 521 1553198428281 
512 805 503 1553198428297 
512 817 487 1553198428313 
512 829 469 1553198428330 
512 831 455 1553198428346 
512 831 451 1553198428364 
512 831 457 1553198428397 
512 831 479 1553198428413 
512 831 503 1553198428430 
512 839 531 1553198428446 
512 847 567 1553198428463 
512 853 609 1553198428480 
512 865 645 1553198428496 
512 871 671 1553198428513 
512 871 673 1553198428564 
512 867 673 1553198428681 
512 865 673 1553198428696 
512 859 669 1553198428731 
512 853 663 1553198428746 
512 851 655 1553198428764 
512 849 645 1553198428781 
512 849 639 1553198428798 
512 847 637 1553198428946 
512 845 639 1553198428981 
512 841 641 1553198428996 
512 835 645 1553198429014 
512 833 647 1553198429047 
512 835 649 1553198429264 
512 837 647 1553198429282 
513 837 647 1553198429467 
514 837 647 1553198429553 
512 839 639 1553198429631 
512 839 631 1553198429648 
512 847 609 1553198429664 
512 857 569 1553198429681 
512 869 545 1553198429698 
512 885 515 1553198429714 
512 897 497 1553198429731 
512 901 481 1553198429747 
512 901 479 1553198429765 
512 905 475 1553198429816 
512 911 471 1553198429831 
512 915 467 1553198429849 
512 917 459 1553198429865 
512 919 457 1553198429881 
512 921 447 1553198429899 
512 921 441 1553198429916 
512 925 435 1553198429932 
512 927 425 1553198429947 
512 927 419 1553198429965 
512 929 415 1553198429982 
512 929 411 1553198429997 
512 929 409 1553198430032 
512 931 405 1553198430047 
512 931 397 1553198430065 
512 931 395 1553198430082 
512 933 389 1553198430115 
512 935 387 1553198430231 
512 935 385 1553198430249 
512 935 381 1553198430264 
512 935 379 1553198430282 
512 935 377 1553198430381 
513 935 377 1553198430385 
514 935 377 1553198430473 
512 933 375 1553198430481 
512 931 377 1553198430514 
512 931 379 1553198430564 
512 929 381 1553198430598 
512 923 385 1553198430615 
512 909 389 1553198430633 
512 905 391 1553198430648 
512 901 393 1553198430666 
512 893 397 1553198430681 
512 883 405 1553198430699 
512 867 411 1553198430715 
512 837 413 1553198430732 
512 795 413 1553198430748 
512 751 413 1553198430766 
512 693 405 1553198430784 
512 643 397 1553198430798 
512 611 393 1553198430816 
512 571 387 1553198430833 
512 555 387 1553198430849 
512 547 387 1553198430866 
512 541 385 1553198430915 
512 537 385 1553198430932 
512 531 385 1553198430948 
512 521 379 1553198430966 
512 515 379 1553198431048 
512 513 377 1553198431066 
512 507 377 1553198431083 
512 497 375 1553198431098 
512 491 373 1553198431116 
512 483 373 1553198431133 
512 481 373 1553198431148 
512 477 373 1553198431166 
512 475 373 1553198431183 
512 471 369 1553198431198 
512 469 371 1553198431353 
513 469 371 1553198431354 
514 469 371 1553198431473 
512 471 373 1553198431500 
512 473 373 1553198431515 
512 475 373 1553198431533 
512 485 373 1553198431548 
512 497 373 1553198431566 
512 509 373 1553198431583 
512 523 373 1553198431599 
512 537 373 1553198431617 
512 561 373 1553198431633 
512 613 373 1553198431650 
512 633 379 1553198431665 
512 645 385 1553198431684 
512 645 389 1553198431699 
512 645 401 1553198431716 
512 629 427 1553198431732 
512 611 461 1553198431749 
512 599 491 1553198431766 
512 591 517 1553198431782 
512 591 533 1553198431800 
512 589 545 1553198431816 
512 585 557 1553198431833 
512 581 561 1553198431851 
512 581 563 1553198431866 
512 577 571 1553198431883 
512 575 573 1553198431900 
512 573 577 1553198431917 
512 573 583 1553198431933 
512 573 591 1553198431949 
512 573 597 1553198431967 
512 573 599 1553198431982 
512 571 607 1553198432000 
512 569 617 1553198432017 
512 569 619 1553198432033 
512 565 627 1553198432049 
512 565 629 1553198432067 
512 563 631 1553198432133 
512 563 633 1553198432216 
512 561 639 1553198432250 
512 561 641 1553198432266 
512 561 643 1553198432283 
512 559 649 1553198432301 
513 559 649 1553198432404 
514 559 649 1553198432521 
512 561 645 1553198432550 
512 569 625 1553198432567 
512 581 605 1553198432583 
512 595 583 1553198432601 
512 621 555 1553198432617 
512 649 541 1553198432633 
512 677 521 1553198432651 
512 703 499 1553198432668 
512 729 483 1553198432683 
512 755 471 1553198432700 
512 771 461 1553198432717 
512 779 453 1553198432735 
512 781 447 1553198432750 
512 785 441 1553198432768 
512 785 429 1553198432783 
512 785 415 1553198432801 
512 783 387 1553198432817 
512 773 367 1553198432833 
512 765 349 1553198432851 
512 763 329 1553198432868 
512 759 309 1553198432884 
512 753 295 1553198432900 
512 751 285 1553198432917 
512 749 279 1553198432934 
512 745 271 1553198432950 
512 743 267 1553198432967 
512 739 261 1553198432984 
512 737 257 1553198433000 
512 733 251 1553198433017 
512 729 245 1553198433034 
512 721 237 1553198433050 
512 705 223 1553198433067 
512 685 213 1553198433085 
512 673 203 1553198433100 
512 669 197 1553198433118 
512 665 191 1553198433133 
512 663 189 1553198433151 
512 661 187 1553198433167 
512 673 191 1553198433284 
512 681 201 1553198433300 
512 691 213 1553198433317 
512 697 221 1553198433334 
512 699 223 1553198433369 
512 705 227 1553198433385 
512 707 229 1553198433401 
512 713 229 1553198433417 
512 715 229 1553198433435 
512 719 227 1553198433468 
512 719 225 1553198433551 
512 717 217 1553198433567 
512 715 215 1553198433585 
512 709 209 1553198433602 
512 707 209 1553198433617 
513 707 209 1553198433794 
514 707 209 1553198433922 
