512 705 221 1553198468229 
512 709 237 1553198468246 
512 711 251 1553198468263 
512 719 271 1553198468279 
512 737 313 1553198468297 
512 749 343 1553198468312 
512 761 373 1553198468329 
512 773 401 1553198468347 
512 787 423 1553198468362 
512 801 447 1553198468379 
512 819 471 1553198468397 
512 837 495 1553198468413 
512 851 513 1553198468430 
512 863 525 1553198468447 
512 869 533 1553198468464 
512 875 547 1553198468481 
512 877 553 1553198468496 
512 877 563 1553198468514 
512 877 577 1553198468530 
512 871 597 1553198468547 
512 869 613 1553198468564 
512 865 627 1553198468579 
512 863 633 1553198468597 
512 861 633 1553198468663 
512 855 633 1553198468680 
512 853 633 1553198468696 
512 851 633 1553198468747 
512 847 633 1553198468764 
512 843 633 1553198468781 
512 841 633 1553198468797 
512 837 633 1553198468812 
512 835 633 1553198468829 
512 837 633 1553198468930 
513 837 633 1553198468937 
512 839 633 1553198468963 
512 841 635 1553198468996 
512 843 635 1553198469013 
514 843 635 1553198469152 
512 843 635 1553198469164 
512 845 633 1553198469197 
513 845 633 1553198469369 
514 845 633 1553198469472 
512 843 631 1553198469514 
512 841 629 1553198469531 
512 839 625 1553198469580 
512 839 621 1553198469597 
512 835 617 1553198469614 
512 829 619 1553198469647 
512 821 633 1553198469663 
512 821 649 1553198469681 
512 821 651 1553198469697 
512 823 653 1553198469765 
512 827 653 1553198469813 
512 833 653 1553198469832 
512 837 653 1553198469848 
512 839 653 1553198469864 
512 845 655 1553198469880 
512 847 653 1553198470080 
512 845 651 1553198470148 
512 845 649 1553198470164 
512 843 647 1553198470182 
512 845 645 1553198470231 
513 845 645 1553198470250 
514 845 645 1553198470376 
512 825 613 1553198470464 
512 805 585 1553198470482 
512 789 555 1553198470497 
512 773 517 1553198470515 
512 761 475 1553198470532 
512 749 441 1553198470548 
512 733 405 1553198470565 
512 713 371 1553198470581 
512 691 347 1553198470598 
512 681 333 1553198470615 
512 671 323 1553198470632 
512 657 317 1553198470648 
512 623 317 1553198470665 
512 597 319 1553198470681 
512 569 327 1553198470698 
512 543 333 1553198470714 
512 523 333 1553198470731 
512 503 333 1553198470749 
512 495 333 1553198470764 
512 497 339 1553198470899 
512 501 349 1553198470914 
512 505 355 1553198470932 
512 505 359 1553198470949 
512 503 361 1553198470964 
512 501 363 1553198470982 
512 495 367 1553198470999 
512 487 369 1553198471014 
512 483 369 1553198471032 
512 481 371 1553198471049 
512 475 371 1553198471065 
512 473 371 1553198471081 
512 471 371 1553198471148 
512 469 373 1553198471166 
512 467 375 1553198471181 
513 467 375 1553198471242 
514 467 375 1553198471337 
512 477 381 1553198471416 
512 495 383 1553198471433 
512 513 385 1553198471449 
512 545 391 1553198471466 
512 589 395 1553198471483 
512 635 407 1553198471499 
512 673 421 1553198471516 
512 697 429 1553198471532 
512 705 433 1553198471549 
512 709 439 1553198471566 
512 713 441 1553198471583 
512 717 443 1553198471599 
512 719 431 1553198471649 
512 719 411 1553198471667 
512 713 395 1553198471682 
512 709 375 1553198471699 
512 709 351 1553198471716 
512 709 329 1553198471732 
512 709 311 1553198471749 
512 709 297 1553198471766 
512 715 285 1553198471784 
512 717 277 1553198471800 
512 717 271 1553198471816 
512 717 267 1553198471833 
512 717 265 1553198471866 
512 715 259 1553198471883 
512 713 251 1553198471899 
512 711 243 1553198471916 
512 705 233 1553198471934 
512 699 225 1553198471949 
512 695 223 1553198471967 
512 693 219 1553198471984 
512 691 215 1553198472033 
512 689 213 1553198472050 
512 689 211 1553198472066 
512 689 209 1553198472083 
512 689 207 1553198472116 
512 689 205 1553198472133 
512 691 203 1553198472232 
512 699 203 1553198472249 
512 703 205 1553198472267 
512 705 205 1553198472283 
513 705 205 1553198472426 
512 707 207 1553198472533 
514 707 207 1553198472537 
512 707 207 1553198472549 
512 707 209 1553198472566 
512 707 213 1553198472583 
512 709 223 1553198472600 
512 715 241 1553198472617 
512 715 257 1553198472633 
512 719 275 1553198472650 
512 725 295 1553198472668 
512 735 321 1553198472683 
512 747 343 1553198472700 
512 759 357 1553198472717 
512 763 363 1553198472733 
512 765 367 1553198472783 
512 765 373 1553198472801 
512 767 385 1553198472818 
512 787 389 1553198472833 
512 817 389 1553198472851 
512 837 389 1553198472868 
512 849 389 1553198472884 
512 855 387 1553198472901 
512 863 387 1553198472918 
512 879 387 1553198472934 
512 905 387 1553198472950 
512 923 385 1553198472968 
512 925 383 1553198472985 
512 927 381 1553198473000 
512 925 379 1553198473018 
512 923 379 1553198473134 
512 919 377 1553198473217 
513 919 377 1553198473274 
514 919 377 1553198473377 
512 917 377 1553198473467 
512 903 377 1553198473484 
512 873 377 1553198473501 
512 827 377 1553198473518 
512 763 377 1553198473534 
512 703 377 1553198473551 
512 665 381 1553198473568 
512 643 391 1553198473584 
512 635 395 1553198473601 
512 629 399 1553198473634 
512 625 401 1553198473651 
512 625 403 1553198473684 
512 633 413 1553198473701 
512 661 413 1553198473717 
512 709 413 1553198473734 
512 769 413 1553198473752 
512 819 413 1553198473767 
512 849 407 1553198473785 
512 853 407 1553198473800 
512 885 403 1553198473818 
512 919 397 1553198473834 
512 953 393 1553198473851 
512 957 389 1553198473868 
512 959 387 1553198473884 
512 957 387 1553198473967 
512 953 387 1553198473985 
512 945 385 1553198474000 
512 943 385 1553198474018 
512 937 383 1553198474036 
512 935 383 1553198474052 
512 929 379 1553198474069 
512 923 377 1553198474084 
512 921 375 1553198474117 
513 921 375 1553198474211 
514 921 375 1553198474345 
512 921 381 1553198474551 
512 909 401 1553198474569 
512 895 415 1553198474585 
512 873 431 1553198474601 
512 837 451 1553198474619 
512 795 473 1553198474635 
512 763 493 1553198474651 
512 733 513 1553198474668 
512 699 537 1553198474686 
512 665 563 1553198474701 
512 643 589 1553198474718 
512 631 609 1553198474737 
512 623 619 1553198474751 
512 619 623 1553198474768 
512 603 629 1553198474785 
512 593 635 1553198474802 
512 589 641 1553198474819 
512 583 647 1553198474836 
512 583 649 1553198474851 
512 579 653 1553198474870 
512 575 655 1553198474885 
512 571 659 1553198474903 
512 565 661 1553198474918 
512 563 663 1553198474952 
512 561 661 1553198475018 
512 559 657 1553198475036 
512 559 655 1553198475068 
512 559 651 1553198475086 
512 559 647 1553198475102 
512 559 645 1553198475137 
512 559 641 1553198475152 
512 561 639 1553198475235 
513 561 639 1553198475266 
512 563 639 1553198475385 
514 563 639 1553198475386 
512 563 639 1553198475387 
512 569 639 1553198475453 
512 585 633 1553198475470 
512 601 619 1553198475486 
512 631 599 1553198475502 
512 677 573 1553198475520 
512 731 543 1553198475536 
512 783 515 1553198475552 
512 821 487 1553198475570 
512 827 477 1553198475585 
512 827 475 1553198475602 
512 831 487 1553198475653 
512 837 507 1553198475670 
512 847 523 1553198475686 
512 853 545 1553198475703 
512 857 567 1553198475719 
512 859 587 1553198475736 
512 861 601 1553198475754 
512 861 603 1553198475770 
512 863 605 1553198475786 
512 863 609 1553198475886 
512 857 611 1553198475903 
512 849 615 1553198475920 
512 835 623 1553198475937 
512 831 625 1553198475952 
512 819 633 1553198475970 
512 819 637 1553198476036 
512 819 639 1553198476069 
512 821 641 1553198476086 
512 825 643 1553198476104 
512 827 643 1553198476119 
512 829 643 1553198476136 
512 835 643 1553198476153 
512 837 643 1553198476169 
513 837 643 1553198476362 
512 839 643 1553198476420 
514 839 643 1553198476465 
512 839 643 1553198476471 
512 841 641 1553198476553 
512 841 635 1553198476570 
512 839 619 1553198476587 
512 833 605 1553198476604 
512 825 591 1553198476620 
512 815 575 1553198476636 
512 797 559 1553198476654 
512 771 549 1553198476670 
512 751 543 1553198476688 
512 745 543 1553198476704 
512 747 539 1553198476737 
512 769 523 1553198476754 
512 795 507 1553198476770 
512 817 495 1553198476786 
512 839 481 1553198476803 
512 853 467 1553198476820 
512 863 455 1553198476838 
512 873 445 1553198476853 
512 883 433 1553198476870 
512 897 423 1553198476888 
512 905 415 1553198476903 
512 911 409 1553198476921 
512 913 407 1553198476987 
512 917 405 1553198477004 
512 919 403 1553198477020 
512 921 399 1553198477037 
512 921 397 1553198477053 
512 923 395 1553198477070 
512 925 393 1553198477087 
512 925 391 1553198477103 
512 929 385 1553198477121 
512 931 379 1553198477138 
512 937 373 1553198477153 
512 937 369 1553198477170 
513 937 369 1553198477281 
514 937 369 1553198477392 
512 935 371 1553198477421 
512 933 373 1553198477454 
512 933 375 1553198477470 
512 931 379 1553198477486 
513 931 379 1553198477625 
514 931 379 1553198477737 
512 927 379 1553198477822 
512 919 385 1553198477838 
512 905 397 1553198477855 
512 889 411 1553198477871 
512 865 419 1553198477888 
512 823 431 1553198477905 
512 805 435 1553198477920 
512 793 439 1553198477938 
512 791 439 1553198477954 
512 787 439 1553198477971 
512 781 439 1553198477987 
512 763 439 1553198478004 
512 731 433 1553198478021 
512 693 427 1553198478037 
512 667 425 1553198478054 
512 655 425 1553198478072 
512 633 419 1553198478088 
512 613 419 1553198478104 
512 585 415 1553198478121 
512 571 409 1553198478137 
512 563 407 1553198478155 
512 557 405 1553198478171 
512 555 405 1553198478188 
512 551 403 1553198478204 
512 545 397 1553198478221 
512 537 393 1553198478238 
512 515 377 1553198478282 
512 507 375 1553198478321 
512 501 373 1553198478337 
512 493 373 1553198478355 
512 487 373 1553198478371 
512 483 369 1553198478421 
512 481 371 1553198478488 
512 475 373 1553198478521 
512 473 375 1553198478671 
513 473 375 1553198478730 
514 473 375 1553198478857 
512 475 375 1553198478871 
512 483 375 1553198478889 
512 499 381 1553198478906 
512 513 381 1553198478922 
512 525 381 1553198478938 
512 543 381 1553198478955 
512 575 385 1553198478972 
512 613 391 1553198478988 
512 649 395 1553198479005 
512 669 399 1553198479022 
512 673 399 1553198479039 
512 675 401 1553198479090 
512 669 417 1553198479105 
512 659 443 1553198479122 
512 651 471 1553198479139 
512 649 493 1553198479155 
512 645 511 1553198479173 
512 641 523 1553198479188 
512 633 535 1553198479206 
512 621 549 1553198479222 
512 609 561 1553198479239 
512 599 569 1553198479256 
512 589 585 1553198479272 
512 583 605 1553198479289 
512 581 609 1553198479305 
512 579 613 1553198479323 
512 577 613 1553198479338 
512 573 615 1553198479356 
512 571 619 1553198479372 
512 571 621 1553198479389 
512 571 627 1553198479405 
512 571 629 1553198479422 
512 571 631 1553198479440 
512 571 633 1553198479455 
512 571 637 1553198479489 
512 571 639 1553198479622 
512 569 641 1553198479655 
512 565 641 1553198479674 
512 563 641 1553198479689 
512 561 641 1553198479739 
513 561 641 1553198479866 
514 561 641 1553198479969 
512 559 637 1553198480022 
512 559 629 1553198480040 
512 579 599 1553198480056 
512 589 587 1553198480072 
512 627 545 1553198480090 
512 657 519 1553198480105 
512 669 497 1553198480124 
512 679 479 1553198480139 
512 687 469 1553198480156 
512 693 459 1553198480173 
512 695 457 1553198480189 
512 689 451 1553198480273 
512 681 437 1553198480290 
512 675 419 1553198480306 
512 675 395 1553198480323 
512 675 365 1553198480339 
512 675 339 1553198480357 
512 675 317 1553198480373 
512 677 301 1553198480390 
512 679 285 1553198480407 
512 679 275 1553198480423 
512 681 269 1553198480440 
512 681 265 1553198480456 
512 689 257 1553198480476 
512 695 251 1553198480490 
512 697 249 1553198480506 
512 699 245 1553198480524 
512 699 241 1553198480557 
512 699 239 1553198480641 
512 699 235 1553198480656 
512 699 229 1553198480673 
512 699 225 1553198480691 
512 699 221 1553198480707 
512 699 217 1553198480723 
512 699 211 1553198480740 
512 699 209 1553198480757 
512 699 205 1553198480773 
512 699 203 1553198480790 
512 699 199 1553198480807 
512 699 195 1553198480823 
513 699 195 1553198480874 
514 699 195 1553198481001 
512 699 199 1553198481057 
512 699 201 1553198481073 
512 699 203 1553198481090 
512 699 207 1553198481108 
513 699 207 1553198481227 
512 701 209 1553198481273 
514 701 209 1553198481353 
