512 701 209 1553198481357 
512 705 213 1553198481390 
512 711 219 1553198481409 
512 717 229 1553198481425 
512 727 257 1553198481441 
512 735 285 1553198481457 
512 751 319 1553198481474 
512 769 339 1553198481490 
512 779 351 1553198481507 
512 781 353 1553198481524 
512 783 359 1553198481540 
512 785 361 1553198481557 
512 789 369 1553198481574 
512 791 379 1553198481591 
512 795 397 1553198481607 
512 811 439 1553198481624 
512 821 457 1553198481640 
512 841 507 1553198481657 
512 851 531 1553198481675 
512 855 553 1553198481690 
512 855 577 1553198481708 
512 855 597 1553198481725 
512 855 609 1553198481740 
512 855 613 1553198481757 
512 855 619 1553198481775 
512 855 621 1553198481808 
512 855 623 1553198481824 
512 855 627 1553198481891 
512 853 631 1553198481908 
512 851 633 1553198481924 
512 849 635 1553198481957 
512 849 637 1553198481974 
512 849 639 1553198482075 
513 849 639 1553198482169 
514 849 639 1553198482281 
512 847 641 1553198482376 
512 845 641 1553198482458 
512 843 641 1553198482476 
512 841 641 1553198482491 
512 837 639 1553198482575 
512 829 627 1553198482591 
512 803 591 1553198482609 
512 769 549 1553198482626 
512 719 509 1553198482642 
512 651 475 1553198482658 
512 555 437 1553198482676 
512 481 415 1553198482691 
512 445 403 1553198482708 
512 441 399 1553198482726 
512 437 397 1553198482808 
512 435 395 1553198482825 
512 433 393 1553198482842 
512 433 391 1553198482858 
512 433 389 1553198482875 
512 433 385 1553198482908 
512 437 379 1553198482942 
512 445 377 1553198482959 
512 453 373 1553198482975 
512 457 373 1553198482992 
512 459 373 1553198483008 
512 463 373 1553198483026 
512 467 371 1553198483042 
513 467 371 1553198483201 
514 467 371 1553198483352 
512 477 379 1553198483409 
512 497 393 1553198483426 
512 541 415 1553198483442 
512 615 435 1553198483459 
512 675 455 1553198483477 
512 705 465 1553198483492 
512 715 471 1553198483510 
512 717 473 1553198483560 
512 719 477 1553198483575 
512 719 475 1553198483642 
512 711 465 1553198483659 
512 705 447 1553198483676 
512 693 421 1553198483693 
512 679 395 1553198483710 
512 669 371 1553198483726 
512 665 349 1553198483743 
512 665 321 1553198483758 
512 669 297 1553198483776 
512 681 249 1553198483793 
512 685 221 1553198483809 
512 687 205 1553198483827 
512 687 195 1553198483842 
512 687 189 1553198483859 
512 689 187 1553198484026 
512 691 189 1553198484043 
512 691 193 1553198484094 
512 691 197 1553198484109 
512 695 201 1553198484126 
513 695 201 1553198484332 
514 695 201 1553198484449 
512 699 207 1553198484509 
512 701 211 1553198484526 
512 707 223 1553198484543 
512 715 241 1553198484559 
512 721 263 1553198484577 
512 741 315 1553198484593 
512 757 349 1553198484609 
512 767 365 1553198484627 
512 777 381 1553198484644 
512 785 389 1553198484659 
512 793 395 1553198484677 
512 805 403 1553198484695 
512 817 409 1553198484709 
512 819 411 1553198484728 
512 819 407 1553198484794 
512 809 399 1553198484810 
512 785 385 1553198484827 
512 753 367 1553198484844 
512 723 353 1553198484860 
512 709 345 1553198484877 
512 703 325 1553198484895 
512 703 299 1553198484910 
512 703 275 1553198484928 
512 699 257 1553198484943 
512 695 247 1553198484960 
512 695 245 1553198484993 
512 695 241 1553198485010 
512 695 239 1553198485028 
512 695 237 1553198485061 
512 695 235 1553198485095 
512 695 231 1553198485110 
512 695 229 1553198485176 
512 695 225 1553198485211 
512 695 221 1553198485227 
512 695 215 1553198485244 
512 695 207 1553198485261 
512 695 205 1553198485277 
512 695 199 1553198485294 
512 697 197 1553198485361 
513 697 197 1553198485370 
512 697 199 1553198485494 
514 697 199 1553198485505 
512 697 199 1553198485511 
512 697 201 1553198485527 
512 697 203 1553198485545 
512 697 209 1553198485561 
512 697 211 1553198485577 
512 699 213 1553198485612 
513 699 213 1553198485714 
514 699 213 1553198485857 
512 699 219 1553198485878 
512 703 229 1553198485895 
512 709 241 1553198485911 
512 717 261 1553198485928 
512 739 305 1553198485945 
512 757 339 1553198485960 
512 769 373 1553198485977 
512 781 411 1553198485995 
512 797 441 1553198486010 
512 809 457 1553198486029 
512 817 465 1553198486045 
512 821 471 1553198486060 
512 825 475 1553198486078 
512 833 475 1553198486095 
512 839 475 1553198486112 
512 849 475 1553198486128 
512 861 463 1553198486145 
512 871 455 1553198486161 
512 887 447 1553198486178 
512 905 441 1553198486195 
512 913 437 1553198486211 
512 923 435 1553198486228 
512 927 431 1553198486245 
512 929 427 1553198486261 
512 929 419 1553198486278 
512 929 411 1553198486296 
512 929 407 1553198486312 
512 929 401 1553198486328 
512 929 399 1553198486345 
512 929 395 1553198486361 
512 925 391 1553198486378 
512 921 387 1553198486395 
512 921 385 1553198486478 
512 921 381 1553198486512 
512 923 379 1553198486545 
512 927 377 1553198486562 
512 929 377 1553198486597 
512 933 377 1553198486613 
513 933 377 1553198486674 
514 933 377 1553198486793 
512 935 379 1553198486828 
512 935 381 1553198486846 
512 935 389 1553198486861 
512 933 401 1553198486878 
512 929 419 1553198486895 
512 923 441 1553198486912 
512 919 459 1553198486929 
512 913 477 1553198486945 
512 911 479 1553198486963 
512 899 475 1553198487028 
512 883 469 1553198487045 
512 853 467 1553198487063 
512 805 467 1553198487078 
512 767 473 1553198487096 
512 741 493 1553198487113 
512 725 519 1553198487130 
512 697 561 1553198487146 
512 671 587 1553198487163 
512 649 611 1553198487178 
512 633 633 1553198487196 
512 623 643 1553198487213 
512 621 649 1553198487229 
512 615 655 1553198487245 
512 605 655 1553198487262 
512 593 661 1553198487278 
512 581 665 1553198487295 
512 573 669 1553198487312 
512 571 671 1553198487328 
512 567 671 1553198487363 
512 565 669 1553198487396 
512 563 667 1553198487430 
512 563 665 1553198487495 
512 563 661 1553198487512 
512 563 659 1553198487529 
512 563 657 1553198487562 
512 563 655 1553198487596 
512 563 651 1553198487613 
512 563 649 1553198487628 
512 563 647 1553198487696 
512 561 645 1553198487729 
513 561 645 1553198487762 
514 561 645 1553198487873 
512 563 645 1553198487946 
512 569 645 1553198487962 
512 589 645 1553198487979 
512 607 635 1553198487997 
512 623 623 1553198488012 
512 635 611 1553198488029 
512 639 599 1553198488045 
512 641 595 1553198488063 
512 643 593 1553198488081 
512 669 589 1553198488097 
512 707 589 1553198488113 
512 755 589 1553198488130 
512 783 589 1553198488146 
512 787 587 1553198488163 
512 789 587 1553198488181 
512 795 591 1553198488196 
512 799 601 1553198488213 
512 805 615 1553198488230 
512 811 627 1553198488246 
512 821 637 1553198488264 
512 835 645 1553198488279 
512 853 649 1553198488296 
512 875 653 1553198488313 
512 877 653 1553198488396 
512 877 649 1553198488513 
512 873 649 1553198488530 
512 871 649 1553198488546 
512 861 647 1553198488564 
512 855 645 1553198488580 
512 853 643 1553198488596 
512 851 643 1553198488613 
512 847 643 1553198488647 
512 845 643 1553198488696 
513 845 643 1553198488771 
514 845 643 1553198488928 
512 843 635 1553198489030 
512 843 621 1553198489048 
512 839 605 1553198489063 
512 835 597 1553198489080 
512 831 593 1553198489097 
512 825 587 1553198489114 
512 817 579 1553198489129 
512 811 573 1553198489147 
512 811 569 1553198489163 
512 811 561 1553198489179 
512 823 545 1553198489197 
512 839 527 1553198489214 
512 851 511 1553198489230 
512 861 499 1553198489247 
512 875 481 1553198489264 
512 885 465 1553198489280 
512 901 441 1553198489297 
512 911 425 1553198489313 
512 917 409 1553198489332 
512 919 405 1553198489347 
512 921 399 1553198489364 
512 921 397 1553198489463 
512 925 391 1553198489481 
512 929 387 1553198489497 
512 931 381 1553198489515 
512 935 377 1553198489531 
512 937 375 1553198489614 
513 937 375 1553198489658 
514 937 375 1553198489769 
512 935 375 1553198489880 
512 929 379 1553198489897 
512 923 383 1553198489914 
512 911 389 1553198489931 
512 895 395 1553198489947 
512 873 405 1553198489964 
512 853 415 1553198489982 
512 831 429 1553198489998 
512 811 435 1553198490014 
512 789 443 1553198490031 
512 763 449 1553198490049 
512 735 455 1553198490065 
512 719 465 1553198490081 
512 745 463 1553198490131 
512 787 443 1553198490149 
512 827 427 1553198490164 
512 859 411 1553198490182 
512 879 397 1553198490198 
512 897 389 1553198490215 
512 901 385 1553198490231 
512 901 381 1553198490248 
512 905 379 1553198490331 
512 907 379 1553198490348 
512 909 379 1553198490414 
512 915 379 1553198490431 
512 925 381 1553198490449 
512 935 381 1553198490465 
512 939 381 1553198490482 
512 941 379 1553198490598 
513 941 379 1553198490657 
512 939 377 1553198490749 
514 939 377 1553198490753 
512 939 377 1553198490764 
512 933 377 1553198490799 
512 931 377 1553198490814 
512 927 377 1553198490832 
512 925 377 1553198490850 
512 923 375 1553198490865 
512 921 375 1553198490882 
512 915 375 1553198490915 
512 913 373 1553198490932 
512 915 373 1553198490999 
513 915 373 1553198491002 
514 915 373 1553198491112 
512 917 373 1553198491232 
512 919 373 1553198491313 
513 919 373 1553198491314 
514 919 373 1553198491433 
513 919 373 1553198491713 
514 919 373 1553198491825 
512 923 373 1553198491900 
512 925 373 1553198491915 
512 927 373 1553198491933 
512 929 371 1553198492083 
513 929 371 1553198492089 
512 927 369 1553198492166 
512 925 369 1553198492200 
514 925 369 1553198492204 
512 925 369 1553198492217 
512 907 369 1553198492233 
512 891 369 1553198492249 
512 849 375 1553198492267 
512 791 385 1553198492284 
512 729 403 1553198492299 
512 683 423 1553198492316 
512 641 439 1553198492333 
512 615 445 1553198492350 
512 587 453 1553198492366 
512 563 453 1553198492384 
512 541 453 1553198492399 
512 487 439 1553198492417 
512 461 427 1553198492433 
512 445 417 1553198492449 
512 437 413 1553198492466 
512 433 409 1553198492483 
512 431 407 1553198492499 
512 431 405 1553198492566 
512 431 401 1553198492583 
512 431 399 1553198492600 
512 431 397 1553198492616 
512 431 391 1553198492633 
512 435 387 1553198492649 
512 439 383 1553198492666 
512 447 377 1553198492683 
512 449 377 1553198492700 
512 455 377 1553198492716 
512 457 375 1553198492733 
512 465 375 1553198492750 
512 467 373 1553198492766 
513 467 373 1553198492865 
514 467 373 1553198493025 
512 475 373 1553198493117 
512 491 375 1553198493133 
512 519 383 1553198493150 
512 567 395 1553198493168 
512 611 409 1553198493185 
512 639 417 1553198493200 
512 645 423 1553198493218 
512 651 431 1553198493233 
512 659 437 1553198493250 
512 665 445 1553198493268 
512 665 461 1553198493285 
512 647 489 1553198493301 
512 623 515 1553198493316 
512 605 541 1553198493334 
512 593 565 1553198493350 
512 591 581 1553198493367 
512 591 591 1553198493384 
512 585 601 1553198493401 
512 583 603 1553198493434 
512 579 609 1553198493451 
512 573 615 1553198493467 
512 569 621 1553198493484 
512 563 631 1553198493501 
512 563 639 1553198493517 
512 563 641 1553198493534 
513 563 641 1553198493760 
514 563 641 1553198493888 
512 565 639 1553198493934 
512 575 633 1553198493951 
512 593 617 1553198493967 
512 607 601 1553198493985 
512 617 591 1553198494001 
512 623 585 1553198494017 
512 633 579 1553198494035 
512 647 575 1553198494052 
512 657 573 1553198494067 
512 669 567 1553198494085 
512 677 559 1553198494101 
512 677 551 1553198494118 
512 679 539 1553198494134 
512 679 525 1553198494151 
512 679 507 1553198494168 
512 679 489 1553198494185 
512 685 449 1553198494201 
512 689 419 1553198494218 
512 695 387 1553198494234 
512 695 359 1553198494251 
512 699 337 1553198494267 
512 699 325 1553198494284 
512 701 315 1553198494302 
512 703 305 1553198494318 
512 705 303 1553198494334 
512 707 299 1553198494351 
512 707 297 1553198494368 
512 709 281 1553198494384 
512 715 257 1553198494401 
512 715 239 1553198494418 
512 715 227 1553198494434 
512 715 217 1553198494451 
512 715 211 1553198494468 
512 713 209 1553198494669 
512 707 209 1553198494685 
512 705 209 1553198494701 
512 701 211 1553198494718 
513 701 211 1553198494890 
512 699 213 1553198495018 
512 699 219 1553198495024 
514 699 219 1553198495025 
