512 700 212 1553261594920 
512 702 222 1553261594935 
512 702 236 1553261594952 
512 702 252 1553261594970 
512 704 272 1553261594986 
512 714 290 1553261595004 
512 718 290 1553261595020 
512 720 296 1553261595119 
512 728 320 1553261595137 
512 754 360 1553261595154 
512 826 428 1553261595169 
512 922 490 1553261595187 
512 990 530 1553261595202 
512 1038 576 1553261595220 
512 1038 600 1553261595237 
512 1018 624 1553261595252 
512 996 642 1553261595269 
512 968 652 1553261595286 
512 946 660 1553261595302 
512 936 666 1553261595320 
512 934 670 1553261595336 
512 930 670 1553261595403 
512 918 670 1553261595419 
512 894 666 1553261595436 
512 880 664 1553261595453 
512 874 664 1553261595469 
512 870 664 1553261595503 
512 868 662 1553261595520 
512 864 656 1553261595536 
512 856 650 1553261595554 
512 848 644 1553261595570 
512 844 642 1553261595587 
512 840 642 1553261595619 
512 838 640 1553261595637 
512 836 638 1553261595686 
512 834 636 1553261595736 
513 834 636 1553261595822 
514 834 636 1553261595932 
512 836 636 1553261596021 
512 838 636 1553261596070 
512 840 638 1553261596087 
512 838 638 1553261596238 
512 820 626 1553261596254 
512 784 602 1553261596271 
512 706 564 1553261596287 
512 598 516 1553261596304 
512 504 464 1553261596320 
512 434 416 1553261596337 
512 392 384 1553261596353 
512 384 370 1553261596370 
512 384 366 1553261596388 
512 388 364 1553261596538 
512 410 364 1553261596555 
512 430 364 1553261596570 
512 446 364 1553261596588 
512 456 364 1553261596604 
512 458 364 1553261596637 
512 460 364 1553261596655 
512 462 364 1553261596688 
512 464 366 1553261596820 
512 464 370 1553261596848 
512 464 376 1553261596873 
512 466 378 1553261596904 
512 468 378 1553261596987 
512 470 380 1553261597004 
513 470 380 1553261597021 
514 470 380 1553261597132 
512 472 380 1553261597337 
512 478 380 1553261597355 
512 488 380 1553261597371 
512 516 376 1553261597388 
512 534 372 1553261597404 
512 558 364 1553261597421 
512 578 354 1553261597437 
512 598 342 1553261597455 
512 614 326 1553261597471 
512 622 308 1553261597488 
512 630 292 1553261597506 
512 632 284 1553261597522 
512 636 272 1553261597539 
512 648 256 1553261597556 
512 650 254 1553261597572 
512 662 242 1553261597589 
512 668 234 1553261597604 
512 674 224 1553261597621 
512 682 216 1553261597639 
512 688 210 1553261597654 
512 690 206 1553261597672 
512 692 204 1553261597688 
512 696 204 1553261597738 
512 702 206 1553261597756 
512 702 208 1553261597789 
512 702 210 1553261597806 
512 702 216 1553261597822 
512 702 218 1553261597855 
513 702 218 1553261597974 
514 702 218 1553261598108 
512 702 216 1553261598288 
512 698 212 1553261598339 
512 698 218 1553261598373 
512 702 228 1553261598388 
512 710 242 1553261598405 
512 720 258 1553261598422 
512 742 274 1553261598438 
512 792 308 1553261598456 
512 850 340 1553261598473 
512 902 370 1553261598489 
512 938 390 1553261598505 
512 954 398 1553261598523 
512 952 396 1553261598639 
512 946 392 1553261598789 
512 936 386 1553261598806 
512 926 384 1553261598822 
512 924 382 1553261598840 
512 922 380 1553261598956 
513 922 380 1553261599045 
514 922 380 1553261599172 
512 918 378 1553261599273 
512 914 378 1553261599290 
512 902 378 1553261599307 
512 888 378 1553261599323 
512 864 378 1553261599340 
512 854 380 1553261599357 
512 844 382 1553261599373 
512 828 382 1553261599390 
512 810 388 1553261599406 
512 782 394 1553261599423 
512 746 408 1553261599440 
512 730 414 1553261599457 
512 718 424 1553261599474 
512 706 434 1553261599491 
512 690 450 1553261599506 
512 666 484 1553261599524 
512 646 512 1553261599540 
512 632 532 1553261599556 
512 618 550 1553261599574 
512 602 568 1553261599589 
512 594 582 1553261599607 
512 592 596 1553261599623 
512 588 602 1553261599640 
512 584 610 1553261599656 
512 584 612 1553261599673 
512 578 622 1553261599691 
512 574 628 1553261599706 
512 566 638 1553261599724 
512 564 642 1553261599740 
512 562 644 1553261599756 
512 560 644 1553261599874 
513 560 644 1553261600005 
514 560 644 1553261600109 
512 562 636 1553261600157 
512 568 620 1553261600174 
512 580 596 1553261600190 
512 594 558 1553261600207 
512 614 520 1553261600224 
512 634 490 1553261600240 
512 652 466 1553261600258 
512 662 454 1553261600274 
512 668 446 1553261600290 
512 670 444 1553261600307 
512 672 442 1553261600341 
512 674 438 1553261600357 
512 680 438 1553261600373 
512 696 442 1553261600391 
512 716 458 1553261600407 
512 740 474 1553261600424 
512 762 498 1553261600442 
512 780 530 1553261600457 
512 794 562 1553261600474 
512 810 594 1553261600490 
512 822 622 1553261600508 
512 822 632 1553261600524 
512 822 640 1553261600542 
512 822 648 1553261600557 
512 822 650 1553261600574 
512 822 652 1553261600592 
512 822 658 1553261600641 
512 822 662 1553261600657 
512 822 666 1553261600673 
512 822 668 1553261600692 
512 824 670 1553261600724 
512 828 670 1553261600740 
512 834 670 1553261600758 
512 842 670 1553261600774 
512 848 668 1553261600791 
512 850 666 1553261600808 
512 848 662 1553261600991 
512 844 658 1553261601040 
512 842 656 1553261601059 
512 842 654 1553261601074 
512 842 650 1553261601092 
512 838 646 1553261601108 
512 836 644 1553261601159 
513 836 644 1553261601261 
514 836 644 1553261601404 
512 836 636 1553261601458 
512 836 628 1553261601475 
512 832 594 1553261601492 
512 832 564 1553261601508 
512 832 534 1553261601524 
512 826 510 1553261601541 
512 824 494 1553261601559 
512 822 486 1553261601574 
512 822 484 1553261601608 
512 822 480 1553261601625 
512 822 478 1553261601659 
512 822 476 1553261601676 
512 822 474 1553261601692 
512 830 464 1553261601709 
512 848 452 1553261601725 
512 862 442 1553261601742 
512 876 432 1553261601759 
512 886 424 1553261601776 
512 894 418 1553261601791 
512 898 416 1553261601809 
512 900 414 1553261601841 
512 902 412 1553261601874 
512 906 408 1553261601892 
512 908 406 1553261601908 
512 908 404 1553261601924 
512 910 400 1553261601941 
512 910 398 1553261601959 
512 910 396 1553261601992 
512 912 392 1553261602042 
512 912 390 1553261602058 
512 914 386 1553261602076 
512 920 380 1553261602093 
512 922 378 1553261602110 
512 924 376 1553261602310 
513 924 376 1553261602349 
514 924 376 1553261602468 
512 916 376 1553261602660 
512 908 376 1553261602676 
512 896 380 1553261602693 
512 886 384 1553261602709 
512 850 392 1553261602725 
512 796 400 1553261602743 
512 704 402 1553261602760 
512 614 402 1553261602776 
512 546 402 1553261602793 
512 494 402 1553261602810 
512 466 402 1553261602825 
512 458 402 1553261602842 
512 456 400 1553261602910 
512 456 396 1553261602926 
512 456 394 1553261602942 
512 456 390 1553261602960 
512 456 388 1553261603025 
512 456 386 1553261603043 
512 456 384 1553261603076 
512 458 382 1553261603092 
512 460 382 1553261603126 
512 462 382 1553261603226 
512 466 382 1553261603342 
513 466 382 1553261603485 
514 466 382 1553261603596 
512 470 380 1553261603660 
512 472 378 1553261603677 
512 478 376 1553261603693 
512 486 372 1553261603711 
512 494 368 1553261603727 
512 498 364 1553261603743 
512 502 362 1553261603760 
512 508 362 1553261603793 
512 514 360 1553261603810 
512 518 358 1553261603827 
512 520 358 1553261603860 
512 522 360 1553261603876 
512 522 376 1553261603893 
512 518 400 1553261603910 
512 518 428 1553261603927 
512 516 470 1553261603943 
512 512 512 1553261603961 
512 508 548 1553261603976 
512 508 570 1553261603994 
512 510 582 1553261604010 
512 514 588 1553261604027 
512 516 590 1553261604110 
512 518 590 1553261604127 
512 522 590 1553261604145 
512 534 594 1553261604160 
512 540 600 1553261604177 
512 548 604 1553261604194 
512 554 608 1553261604260 
512 554 610 1553261604293 
512 554 612 1553261604327 
512 554 616 1553261604362 
512 554 618 1553261604376 
512 554 622 1553261604427 
512 554 632 1553261604444 
512 554 638 1553261604460 
512 554 642 1553261604478 
512 554 646 1553261604494 
512 554 648 1553261604511 
512 556 652 1553261604528 
512 558 654 1553261604544 
512 560 656 1553261604577 
512 562 658 1553261604627 
513 562 658 1553261604708 
514 562 658 1553261604780 
512 562 650 1553261604812 
512 562 648 1553261604828 
512 562 646 1553261604844 
513 562 646 1553261604997 
514 562 646 1553261605108 
512 562 644 1553261605146 
512 562 636 1553261605161 
512 562 626 1553261605178 
512 562 610 1553261605196 
512 582 568 1553261605212 
512 620 544 1553261605228 
512 670 526 1553261605244 
512 712 512 1553261605262 
512 740 496 1553261605278 
512 766 482 1553261605295 
512 778 472 1553261605311 
512 780 464 1553261605329 
512 780 458 1553261605345 
512 780 450 1553261605362 
512 778 440 1553261605378 
512 778 426 1553261605395 
512 778 394 1553261605412 
512 776 368 1553261605429 
512 768 340 1553261605445 
512 758 314 1553261605461 
512 752 294 1553261605478 
512 746 276 1553261605495 
512 744 264 1553261605511 
512 742 252 1553261605528 
512 742 250 1553261605544 
512 742 248 1553261605577 
512 740 244 1553261605595 
512 736 236 1553261605612 
512 732 230 1553261605628 
512 726 224 1553261605645 
512 724 220 1553261605662 
512 722 218 1553261605679 
512 718 214 1553261605712 
512 716 212 1553261605762 
512 712 208 1553261605796 
512 710 206 1553261606012 
512 708 206 1553261606163 
512 706 206 1553261606413 
513 706 206 1553261606469 
514 706 206 1553261606572 
