512 698 212 1553261653869 
512 700 226 1553261653885 
512 702 240 1553261653902 
512 704 258 1553261653918 
512 708 278 1553261653935 
512 712 296 1553261653951 
512 720 312 1553261653969 
512 730 324 1553261653985 
512 736 328 1553261654002 
512 738 330 1553261654018 
512 742 346 1553261654035 
512 742 366 1553261654051 
512 744 390 1553261654069 
512 754 412 1553261654085 
512 764 430 1553261654101 
512 770 438 1553261654119 
512 774 452 1553261654134 
512 778 466 1553261654152 
512 780 486 1553261654168 
512 788 510 1553261654185 
512 800 534 1553261654202 
512 810 558 1553261654218 
512 822 588 1553261654236 
512 830 602 1553261654252 
512 832 616 1553261654268 
512 834 622 1553261654285 
512 834 630 1553261654302 
512 834 636 1553261654318 
512 834 646 1553261654334 
512 834 652 1553261654353 
512 834 658 1553261654369 
512 836 660 1553261654502 
512 838 660 1553261654535 
512 840 658 1553261654601 
512 840 656 1553261654619 
512 840 648 1553261654636 
512 840 644 1553261654653 
512 842 640 1553261654668 
512 842 638 1553261654686 
512 844 636 1553261654701 
513 844 636 1553261654901 
514 844 636 1553261655020 
512 842 634 1553261655036 
512 840 634 1553261655085 
512 836 632 1553261655118 
512 830 628 1553261655137 
512 816 624 1553261655153 
512 808 622 1553261655169 
512 800 618 1553261655186 
512 796 616 1553261655202 
512 770 598 1553261655220 
512 750 584 1553261655236 
512 728 568 1553261655253 
512 706 554 1553261655269 
512 676 532 1553261655286 
512 626 504 1553261655303 
512 566 472 1553261655319 
512 508 444 1553261655335 
512 476 426 1553261655352 
512 466 418 1553261655370 
512 466 408 1553261655385 
512 466 404 1553261655404 
512 466 400 1553261655420 
512 466 398 1553261655436 
512 466 396 1553261655486 
512 466 394 1553261655536 
512 466 390 1553261655553 
512 466 388 1553261655570 
512 466 384 1553261655586 
512 468 380 1553261655603 
512 468 376 1553261655620 
512 468 374 1553261655720 
513 468 374 1553261655804 
514 468 374 1553261655900 
512 476 372 1553261655954 
512 488 374 1553261655969 
512 506 378 1553261655986 
512 522 378 1553261656003 
512 562 382 1553261656020 
512 604 392 1553261656037 
512 676 404 1553261656052 
512 748 420 1553261656070 
512 796 434 1553261656086 
512 818 442 1553261656104 
512 820 442 1553261656119 
512 822 444 1553261656154 
512 822 448 1553261656170 
512 822 450 1553261656187 
512 810 432 1553261656237 
512 794 412 1553261656253 
512 768 392 1553261656270 
512 742 372 1553261656286 
512 720 356 1553261656304 
512 704 340 1553261656320 
512 694 326 1553261656337 
512 692 316 1553261656355 
512 692 306 1553261656370 
512 692 290 1553261656387 
512 692 280 1553261656403 
512 694 268 1553261656420 
512 698 262 1553261656505 
512 698 260 1553261656520 
512 700 256 1553261656537 
512 700 250 1553261656554 
512 700 246 1553261656588 
512 700 244 1553261656604 
512 698 238 1553261656654 
512 698 236 1553261656688 
512 698 234 1553261656704 
512 698 230 1553261656721 
512 698 228 1553261656737 
512 698 226 1553261656753 
512 698 220 1553261656770 
512 698 216 1553261656788 
512 698 214 1553261656803 
512 698 210 1553261656821 
512 698 208 1553261656837 
512 698 204 1553261656853 
513 698 204 1553261656972 
514 698 204 1553261657132 
512 698 206 1553261657204 
512 704 218 1553261657220 
512 714 232 1553261657238 
512 728 248 1553261657255 
512 740 254 1553261657270 
512 746 260 1553261657288 
512 750 264 1553261657304 
512 750 276 1553261657321 
512 750 290 1553261657337 
512 750 312 1553261657355 
512 736 342 1553261657372 
512 726 362 1553261657388 
512 724 384 1553261657404 
512 724 402 1553261657421 
512 746 418 1553261657438 
512 782 422 1553261657455 
512 822 416 1553261657472 
512 856 402 1553261657488 
512 878 386 1553261657504 
512 884 376 1553261657521 
512 890 366 1553261657538 
512 894 358 1553261657555 
512 898 354 1553261657589 
512 902 352 1553261657604 
512 906 352 1553261657639 
512 908 352 1553261657687 
512 912 352 1553261657705 
512 916 352 1553261657721 
512 918 352 1553261657738 
512 920 356 1553261657788 
512 920 358 1553261657805 
512 920 360 1553261657822 
512 920 362 1553261657839 
512 920 368 1553261657938 
512 920 370 1553261657954 
512 920 372 1553261657971 
512 922 376 1553261657988 
512 924 378 1553261658022 
512 926 378 1553261658039 
512 928 378 1553261658055 
512 930 378 1553261658071 
513 930 378 1553261658174 
514 930 378 1553261658307 
512 928 378 1553261658356 
512 918 380 1553261658372 
512 904 380 1553261658388 
512 878 384 1553261658405 
512 848 390 1553261658422 
512 816 392 1553261658438 
512 784 398 1553261658455 
512 760 400 1553261658472 
512 750 404 1553261658489 
512 744 408 1553261658505 
512 740 408 1553261658522 
512 728 412 1553261658539 
512 710 424 1553261658555 
512 680 448 1553261658571 
512 664 460 1553261658589 
512 644 478 1553261658605 
512 620 494 1553261658622 
512 590 520 1553261658638 
512 568 542 1553261658655 
512 556 560 1553261658672 
512 550 572 1553261658688 
512 546 582 1553261658706 
512 544 596 1553261658721 
512 542 610 1553261658739 
512 542 622 1553261658756 
512 542 630 1553261658772 
512 542 632 1553261658789 
512 542 636 1553261658807 
512 542 638 1553261658856 
512 544 640 1553261658873 
512 546 640 1553261658889 
512 548 640 1553261658922 
512 550 638 1553261658939 
512 552 638 1553261659022 
512 556 638 1553261659090 
513 556 638 1553261659236 
514 556 638 1553261659356 
512 558 636 1553261659389 
512 558 628 1553261659406 
512 558 616 1553261659422 
512 568 602 1553261659439 
512 582 588 1553261659455 
512 600 574 1553261659473 
512 620 562 1553261659489 
512 646 544 1553261659506 
512 668 526 1553261659523 
512 690 512 1553261659540 
512 698 506 1553261659556 
512 700 506 1553261659573 
512 702 506 1553261659640 
512 712 508 1553261659656 
512 720 514 1553261659673 
512 738 530 1553261659690 
512 750 542 1553261659706 
512 764 552 1553261659723 
512 776 562 1553261659740 
512 780 570 1553261659756 
512 790 580 1553261659774 
512 808 586 1553261659789 
512 822 594 1553261659807 
512 840 602 1553261659823 
512 852 608 1553261659840 
512 854 612 1553261659874 
512 854 620 1553261659940 
512 854 628 1553261659956 
512 854 636 1553261659972 
512 854 640 1553261659990 
512 852 642 1553261660056 
512 850 642 1553261660124 
512 848 642 1553261660223 
512 846 642 1553261660257 
512 844 642 1553261660307 
513 844 642 1553261660372 
514 844 642 1553261660484 
512 844 636 1553261660574 
512 844 628 1553261660590 
512 844 618 1553261660607 
512 842 606 1553261660625 
512 842 594 1553261660640 
512 842 578 1553261660657 
512 842 566 1553261660674 
512 842 558 1553261660690 
512 842 556 1553261660707 
512 850 548 1553261660724 
512 870 534 1553261660740 
512 894 508 1553261660756 
512 918 478 1553261660774 
512 932 458 1553261660790 
512 940 446 1553261660807 
512 940 438 1553261660825 
512 940 436 1553261660840 
512 940 430 1553261660908 
512 940 420 1553261660924 
512 940 414 1553261660941 
512 940 408 1553261660957 
512 938 404 1553261660975 
512 936 402 1553261660991 
512 934 398 1553261661007 
512 932 396 1553261661058 
512 932 394 1553261661075 
512 932 388 1553261661090 
512 928 384 1553261661107 
512 926 380 1553261661225 
512 926 378 1553261661242 
512 926 376 1553261661257 
513 926 376 1553261661316 
514 926 376 1553261661436 
512 924 374 1553261661491 
512 910 374 1553261661508 
512 900 378 1553261661524 
512 888 382 1553261661541 
512 876 382 1553261661558 
512 854 388 1553261661575 
512 822 394 1553261661591 
512 784 412 1553261661608 
512 748 430 1553261661626 
512 730 440 1553261661641 
512 722 448 1553261661658 
512 714 454 1553261661674 
512 706 460 1553261661692 
512 680 460 1553261661707 
512 660 460 1553261661725 
512 634 460 1553261661741 
512 600 452 1553261661758 
512 562 438 1553261661774 
512 538 426 1553261661792 
512 534 420 1553261661808 
512 532 410 1553261661825 
512 532 404 1553261661841 
512 532 396 1553261661858 
512 526 390 1553261661875 
512 520 384 1553261661891 
512 512 378 1553261661908 
512 510 378 1553261661925 
512 504 372 1553261661941 
512 498 366 1553261661958 
512 494 362 1553261661975 
512 488 356 1553261661991 
512 486 354 1553261662008 
512 484 352 1553261662025 
512 478 352 1553261662041 
512 476 352 1553261662058 
512 474 352 1553261662075 
512 470 354 1553261662107 
512 468 356 1553261662125 
512 466 360 1553261662142 
512 466 368 1553261662158 
512 466 370 1553261662191 
512 466 372 1553261662208 
512 466 376 1553261662241 
512 466 378 1553261662259 
512 468 380 1553261662343 
512 470 380 1553261662409 
512 474 378 1553261662458 
512 476 376 1553261662508 
513 476 376 1553261662524 
514 476 376 1553261662636 
512 476 378 1553261662710 
512 480 382 1553261662725 
512 486 384 1553261662760 
512 496 388 1553261662776 
512 510 392 1553261662792 
512 528 394 1553261662809 
512 546 398 1553261662825 
512 562 398 1553261662842 
512 576 398 1553261662860 
512 578 398 1553261662877 
512 580 400 1553261662892 
512 580 420 1553261662910 
512 580 450 1553261662926 
512 580 486 1553261662942 
512 580 520 1553261662958 
512 582 552 1553261662976 
512 582 582 1553261662993 
512 582 610 1553261663009 
512 578 630 1553261663026 
512 578 640 1553261663043 
512 576 642 1553261663059 
512 572 646 1553261663076 
512 572 648 1553261663092 
512 570 654 1553261663109 
512 568 658 1553261663125 
512 568 660 1553261663142 
512 566 662 1553261663210 
512 562 658 1553261663276 
512 562 656 1553261663293 
512 562 650 1553261663310 
512 562 644 1553261663325 
512 562 640 1553261663342 
512 562 638 1553261663360 
513 562 638 1553261663508 
514 562 638 1553261663660 
512 568 624 1553261663743 
512 584 604 1553261663760 
512 602 580 1553261663777 
512 622 556 1553261663793 
512 650 536 1553261663810 
512 678 516 1553261663826 
512 704 496 1553261663843 
512 720 478 1553261663859 
512 724 466 1553261663876 
512 724 464 1553261663893 
512 724 458 1553261663909 
512 722 450 1553261663927 
512 716 432 1553261663943 
512 716 406 1553261663960 
512 712 374 1553261663977 
512 712 344 1553261663994 
512 712 318 1553261664010 
512 712 294 1553261664026 
512 712 266 1553261664044 
512 712 248 1553261664060 
512 712 234 1553261664076 
512 708 224 1553261664094 
512 706 220 1553261664109 
512 704 216 1553261664126 
512 702 212 1553261664159 
512 702 210 1553261664177 
512 700 208 1553261664193 
512 696 204 1553261664210 
512 694 202 1553261664243 
512 698 208 1553261664460 
512 702 212 1553261664478 
513 702 212 1553261664620 
514 702 212 1553261664780 
