512 698 210 1553261688681 
512 698 212 1553261688696 
512 698 222 1553261688714 
512 698 238 1553261688730 
512 698 256 1553261688747 
512 704 292 1553261688763 
512 720 312 1553261688780 
512 736 320 1553261688797 
512 742 324 1553261688814 
512 748 336 1553261688831 
512 748 360 1553261688847 
512 748 398 1553261688864 
512 758 440 1553261688881 
512 780 480 1553261688897 
512 804 512 1553261688913 
512 820 538 1553261688930 
512 830 552 1553261688947 
512 834 560 1553261688963 
512 834 566 1553261688980 
512 834 570 1553261688996 
512 834 580 1553261689014 
512 834 588 1553261689030 
512 834 598 1553261689047 
512 834 606 1553261689063 
512 836 612 1553261689081 
512 838 616 1553261689097 
512 840 618 1553261689130 
512 840 620 1553261689181 
512 840 622 1553261689197 
512 842 626 1553261689213 
512 844 630 1553261689247 
512 848 634 1553261689265 
512 848 636 1553261689281 
513 848 636 1553261689614 
512 846 638 1553261689631 
512 844 638 1553261689665 
512 840 638 1553261689680 
512 836 640 1553261689698 
512 834 642 1553261689715 
514 834 642 1553261689716 
512 834 642 1553261689731 
513 834 642 1553261689948 
514 834 642 1553261690035 
512 828 640 1553261690065 
512 822 626 1553261690081 
512 804 606 1553261690097 
512 772 578 1553261690115 
512 700 538 1553261690131 
512 654 524 1553261690148 
512 604 508 1553261690165 
512 566 492 1553261690181 
512 538 472 1553261690197 
512 522 456 1553261690216 
512 514 444 1553261690231 
512 514 438 1553261690265 
512 512 434 1553261690299 
512 510 432 1553261690332 
512 508 430 1553261690349 
512 506 426 1553261690365 
512 506 424 1553261690381 
512 506 418 1553261690398 
512 504 410 1553261690415 
512 502 400 1553261690432 
512 496 390 1553261690448 
512 488 382 1553261690464 
512 482 376 1553261690482 
512 480 374 1553261690499 
512 478 374 1553261690515 
512 476 372 1553261690532 
512 474 368 1553261690581 
512 472 366 1553261690598 
513 472 366 1553261690733 
514 472 366 1553261690859 
512 472 368 1553261690883 
512 474 370 1553261690898 
512 478 374 1553261690915 
512 482 378 1553261690932 
512 488 380 1553261690950 
512 494 384 1553261690965 
512 508 390 1553261690982 
512 516 394 1553261690999 
512 522 398 1553261691015 
512 522 400 1553261691065 
512 518 406 1553261691082 
512 512 418 1553261691099 
512 512 420 1553261691116 
512 510 422 1553261691131 
512 508 422 1553261691167 
512 504 418 1553261691183 
512 500 412 1553261691199 
512 494 408 1553261691215 
512 490 404 1553261691233 
512 488 402 1553261691249 
512 482 396 1553261691266 
512 478 390 1553261691282 
512 478 384 1553261691299 
512 476 378 1553261691315 
512 476 374 1553261691332 
513 476 374 1553261691517 
512 478 372 1553261691619 
514 478 372 1553261691620 
512 478 372 1553261691634 
512 482 372 1553261691666 
512 490 374 1553261691682 
512 502 374 1553261691699 
512 522 380 1553261691716 
512 540 382 1553261691734 
512 558 384 1553261691749 
512 578 392 1553261691767 
512 606 400 1553261691782 
512 632 404 1553261691800 
512 656 408 1553261691817 
512 666 410 1553261691833 
512 668 412 1553261691849 
512 678 416 1553261691866 
512 702 428 1553261691883 
512 742 432 1553261691899 
512 778 430 1553261691916 
512 780 412 1553261691933 
512 778 394 1553261691950 
512 774 372 1553261691966 
512 764 350 1553261691984 
512 754 330 1553261692000 
512 744 310 1553261692016 
512 736 294 1553261692033 
512 732 278 1553261692049 
512 732 266 1553261692067 
512 732 256 1553261692083 
512 732 246 1553261692100 
512 732 240 1553261692116 
512 728 236 1553261692183 
512 728 230 1553261692200 
512 728 224 1553261692216 
512 726 220 1553261692234 
512 718 214 1553261692249 
512 716 212 1553261692282 
512 712 208 1553261692299 
512 710 208 1553261692316 
512 706 206 1553261692400 
512 704 206 1553261692516 
513 704 206 1553261692613 
514 704 206 1553261692723 
512 708 208 1553261692800 
512 712 212 1553261692816 
512 718 216 1553261692833 
512 722 222 1553261692850 
512 728 240 1553261692868 
512 732 244 1553261692883 
512 734 250 1553261692901 
512 738 254 1553261692933 
512 740 258 1553261692949 
512 742 276 1553261692967 
512 752 300 1553261692985 
512 770 324 1553261693001 
512 790 344 1553261693017 
512 808 352 1553261693034 
512 824 360 1553261693050 
512 832 360 1553261693067 
512 836 360 1553261693101 
512 842 360 1553261693117 
512 852 362 1553261693134 
512 862 364 1553261693151 
512 872 368 1553261693166 
512 876 370 1553261693184 
512 878 370 1553261693201 
512 880 370 1553261693251 
512 884 372 1553261693301 
512 890 374 1553261693317 
512 896 374 1553261693334 
512 898 374 1553261693350 
512 900 374 1553261693367 
512 904 378 1553261693384 
512 910 378 1553261693401 
512 918 378 1553261693419 
512 926 380 1553261693434 
512 928 380 1553261693451 
513 928 380 1553261693708 
514 928 380 1553261693827 
512 926 380 1553261693886 
512 910 380 1553261693901 
512 894 380 1553261693918 
512 868 380 1553261693935 
512 836 382 1553261693951 
512 800 384 1553261693968 
512 770 384 1553261693984 
512 756 384 1553261694001 
512 754 384 1553261694019 
512 740 384 1553261694069 
512 724 394 1553261694085 
512 702 410 1553261694102 
512 676 428 1553261694119 
512 646 444 1553261694135 
512 616 468 1553261694151 
512 598 490 1553261694168 
512 588 510 1553261694184 
512 582 522 1553261694202 
512 574 538 1553261694219 
512 568 550 1553261694235 
512 566 568 1553261694252 
512 566 576 1553261694267 
512 564 580 1553261694285 
512 560 588 1553261694302 
512 556 592 1553261694317 
512 556 596 1553261694335 
512 556 598 1553261694352 
512 556 600 1553261694385 
512 556 608 1553261694419 
512 556 610 1553261694434 
512 556 616 1553261694451 
512 556 618 1553261694468 
512 556 620 1553261694485 
512 558 624 1553261694502 
512 558 628 1553261694518 
512 558 632 1553261694536 
512 558 638 1553261694551 
512 558 640 1553261694586 
512 558 642 1553261694602 
512 558 648 1553261694618 
512 558 650 1553261694635 
512 558 652 1553261694651 
513 558 652 1553261694756 
512 556 654 1553261694818 
514 556 654 1553261694916 
512 556 654 1553261694918 
512 556 650 1553261695001 
512 556 648 1553261695020 
512 556 646 1553261695036 
512 576 644 1553261695236 
512 600 644 1553261695252 
512 708 644 1553261695269 
512 784 642 1553261695285 
512 826 636 1553261695302 
512 840 632 1553261695319 
512 842 634 1553261695418 
512 842 638 1553261695436 
512 842 640 1553261695519 
513 842 640 1553261695708 
514 842 640 1553261695820 
512 842 634 1553261695904 
512 842 620 1553261695920 
512 842 608 1553261695936 
512 842 596 1553261695953 
512 844 576 1553261695970 
512 848 548 1553261695986 
512 852 520 1553261696003 
512 852 494 1553261696020 
512 852 488 1553261696036 
512 852 486 1553261696069 
512 852 476 1553261696086 
512 862 464 1553261696103 
512 870 452 1553261696119 
512 884 436 1553261696136 
512 894 424 1553261696153 
512 906 404 1553261696170 
512 918 384 1553261696186 
512 924 368 1553261696203 
512 928 364 1553261696220 
512 926 366 1553261696487 
512 924 372 1553261696504 
512 924 376 1553261696520 
512 924 378 1553261696587 
513 924 378 1553261696668 
514 924 378 1553261696795 
512 918 380 1553261696870 
512 912 382 1553261696886 
512 906 382 1553261696903 
512 898 382 1553261696921 
512 890 382 1553261696937 
512 882 376 1553261696953 
512 874 374 1553261696970 
512 860 366 1553261696987 
512 844 362 1553261697003 
512 816 356 1553261697020 
512 770 352 1553261697036 
512 718 344 1553261697053 
512 682 344 1553261697071 
512 668 344 1553261697087 
512 660 344 1553261697105 
512 652 344 1553261697120 
512 634 348 1553261697137 
512 608 352 1553261697154 
512 578 358 1553261697171 
512 536 368 1553261697188 
512 524 370 1553261697203 
512 510 372 1553261697221 
512 504 374 1553261697237 
512 500 374 1553261697321 
512 494 374 1553261697338 
512 490 374 1553261697354 
512 486 378 1553261697370 
512 478 380 1553261697387 
512 476 380 1553261697454 
512 474 380 1553261697505 
513 474 380 1553261697628 
514 474 380 1553261697748 
512 488 380 1553261697789 
512 506 378 1553261697805 
512 518 374 1553261697820 
512 530 368 1553261697838 
512 534 364 1553261697854 
512 540 362 1553261697872 
512 552 362 1553261697888 
512 574 362 1553261697904 
512 596 362 1553261697922 
512 616 362 1553261697937 
512 626 362 1553261697955 
512 624 382 1553261698005 
512 614 418 1553261698021 
512 604 454 1553261698038 
512 594 492 1553261698054 
512 588 530 1553261698071 
512 588 558 1553261698089 
512 588 576 1553261698104 
512 588 582 1553261698121 
512 588 590 1553261698138 
512 588 598 1553261698155 
512 588 612 1553261698172 
512 588 622 1553261698188 
512 588 628 1553261698204 
512 588 632 1553261698223 
512 588 638 1553261698239 
512 586 644 1553261698254 
512 582 650 1553261698271 
512 578 660 1553261698288 
512 576 662 1553261698306 
512 574 664 1553261698321 
512 572 666 1553261698338 
512 568 670 1553261698356 
512 566 670 1553261698406 
512 564 668 1553261698454 
512 562 666 1553261698471 
512 562 664 1553261698505 
512 562 660 1553261698555 
512 562 658 1553261698571 
512 562 656 1553261698588 
512 564 654 1553261698605 
512 564 650 1553261698656 
513 564 650 1553261698812 
512 564 648 1553261698905 
512 562 646 1553261698922 
514 562 646 1553261698932 
512 562 646 1553261698939 
512 562 638 1553261699022 
512 572 628 1553261699038 
512 586 622 1553261699055 
512 608 614 1553261699071 
512 636 608 1553261699088 
512 662 598 1553261699107 
512 678 594 1553261699122 
512 692 580 1553261699140 
512 694 570 1553261699156 
512 698 554 1553261699172 
512 698 534 1553261699190 
512 698 508 1553261699206 
512 698 476 1553261699223 
512 698 438 1553261699238 
512 698 406 1553261699256 
512 698 368 1553261699272 
512 698 340 1553261699288 
512 696 322 1553261699306 
512 696 310 1553261699322 
512 696 298 1553261699339 
512 696 288 1553261699356 
512 698 280 1553261699373 
512 698 270 1553261699389 
512 700 264 1553261699406 
512 702 256 1553261699423 
512 708 246 1553261699439 
512 708 244 1553261699455 
512 710 242 1553261699472 
512 710 238 1553261699539 
512 710 234 1553261699556 
512 710 230 1553261699574 
512 710 226 1553261699589 
512 710 224 1553261699606 
512 708 220 1553261699623 
512 708 216 1553261699639 
512 708 214 1553261699656 
512 708 210 1553261699673 
512 708 208 1553261699689 
512 706 206 1553261699706 
512 704 204 1553261699889 
512 702 206 1553261699939 
512 700 208 1553261699957 
513 700 208 1553261699997 
514 700 208 1553261700123 
