512 698 212 1553261700156 
512 704 222 1553261700173 
512 710 232 1553261700191 
512 714 242 1553261700206 
512 722 254 1553261700223 
512 730 268 1553261700240 
512 734 282 1553261700256 
512 742 298 1553261700273 
512 750 314 1553261700289 
512 758 334 1553261700306 
512 768 352 1553261700324 
512 778 374 1553261700340 
512 780 386 1553261700358 
512 782 402 1553261700373 
512 784 426 1553261700390 
512 790 450 1553261700407 
512 794 476 1553261700423 
512 802 500 1553261700439 
512 808 520 1553261700456 
512 810 536 1553261700475 
512 812 556 1553261700489 
512 818 572 1553261700506 
512 822 588 1553261700523 
512 828 602 1553261700540 
512 828 612 1553261700557 
512 828 620 1553261700574 
512 830 626 1553261700590 
512 832 630 1553261700606 
512 834 632 1553261700640 
512 836 634 1553261700673 
512 840 638 1553261700690 
512 842 642 1553261700706 
512 844 644 1553261700723 
512 844 646 1553261700823 
513 844 646 1553261700909 
514 844 646 1553261701052 
512 844 640 1553261701108 
512 844 630 1553261701123 
512 844 620 1553261701142 
512 850 606 1553261701157 
512 858 590 1553261701174 
512 862 568 1553261701192 
512 868 546 1553261701206 
512 870 528 1553261701224 
512 870 518 1553261701242 
512 872 516 1553261701258 
512 870 516 1553261701307 
512 844 506 1553261701324 
512 804 494 1553261701340 
512 752 486 1553261701358 
512 686 470 1553261701374 
512 618 452 1553261701390 
512 564 434 1553261701407 
512 518 416 1553261701424 
512 504 410 1553261701441 
512 504 406 1553261701458 
512 504 398 1553261701475 
512 508 394 1553261701491 
512 508 390 1553261701508 
512 508 388 1553261701524 
512 508 384 1553261701574 
512 506 378 1553261701591 
512 504 376 1553261701607 
512 502 374 1553261701624 
512 500 372 1553261701657 
512 496 372 1553261701690 
512 494 372 1553261701707 
512 490 372 1553261701724 
512 488 372 1553261701775 
512 486 372 1553261701792 
512 484 372 1553261701875 
512 474 374 1553261701908 
512 470 374 1553261701957 
513 470 374 1553261702060 
514 470 374 1553261702195 
512 472 374 1553261702242 
512 482 376 1553261702259 
512 492 380 1553261702274 
512 518 388 1553261702292 
512 536 392 1553261702307 
512 550 394 1553261702325 
512 562 402 1553261702342 
512 578 412 1553261702359 
512 588 422 1553261702375 
512 598 432 1553261702392 
512 606 442 1553261702407 
512 616 450 1553261702425 
512 618 450 1553261702441 
512 620 450 1553261702459 
512 632 446 1553261702475 
512 640 436 1553261702491 
512 648 420 1553261702508 
512 654 400 1553261702524 
512 658 376 1553261702542 
512 658 350 1553261702559 
512 658 328 1553261702576 
512 660 316 1553261702592 
512 660 308 1553261702609 
512 664 296 1553261702625 
512 668 280 1553261702641 
512 668 268 1553261702659 
512 668 258 1553261702676 
512 668 254 1553261702691 
512 668 250 1553261702758 
512 668 248 1553261702775 
512 670 244 1553261702791 
512 678 240 1553261702808 
512 682 236 1553261702826 
512 686 234 1553261702842 
512 692 234 1553261702859 
512 698 232 1553261702877 
512 702 230 1553261702892 
512 706 226 1553261702909 
512 708 224 1553261702926 
512 706 222 1553261702975 
512 706 220 1553261702992 
512 706 218 1553261703008 
512 706 216 1553261703025 
512 706 210 1553261703042 
512 706 208 1553261703075 
512 704 206 1553261703125 
513 704 206 1553261703228 
512 704 212 1553261703339 
514 704 212 1553261703340 
512 704 212 1553261703342 
512 704 228 1553261703358 
512 710 242 1553261703376 
512 718 258 1553261703392 
512 728 272 1553261703409 
512 740 290 1553261703426 
512 746 304 1553261703443 
512 752 318 1553261703458 
512 754 342 1553261703476 
512 758 358 1553261703492 
512 760 372 1553261703509 
512 762 382 1553261703526 
512 762 400 1553261703542 
512 762 416 1553261703559 
512 762 436 1553261703576 
512 766 462 1553261703592 
512 780 492 1553261703609 
512 800 510 1553261703626 
512 820 512 1553261703642 
512 854 494 1553261703660 
512 864 470 1553261703677 
512 872 448 1553261703692 
512 874 434 1553261703709 
512 882 424 1553261703725 
512 884 418 1553261703742 
512 890 408 1553261703759 
512 892 404 1553261703775 
512 898 400 1553261703792 
512 898 398 1553261703843 
512 898 396 1553261703859 
512 900 392 1553261703876 
512 902 388 1553261703893 
512 906 386 1553261703909 
512 908 386 1553261703926 
512 910 384 1553261703942 
512 916 384 1553261704043 
512 918 382 1553261704110 
512 920 382 1553261704144 
512 922 380 1553261704159 
513 922 380 1553261704292 
512 924 378 1553261704309 
512 924 376 1553261704360 
514 924 376 1553261704419 
512 922 374 1553261704427 
512 908 378 1553261704444 
512 888 382 1553261704459 
512 862 388 1553261704476 
512 830 398 1553261704494 
512 798 408 1553261704509 
512 772 420 1553261704526 
512 744 430 1553261704544 
512 714 440 1553261704560 
512 680 448 1553261704577 
512 654 456 1553261704593 
512 630 462 1553261704610 
512 588 474 1553261704628 
512 556 490 1553261704644 
512 538 502 1553261704660 
512 526 510 1553261704676 
512 518 516 1553261704694 
512 514 530 1553261704709 
512 508 550 1553261704728 
512 506 570 1553261704743 
512 506 588 1553261704760 
512 508 598 1553261704776 
512 510 602 1553261704794 
512 512 604 1553261704810 
512 516 604 1553261704843 
512 520 608 1553261704860 
512 530 608 1553261704877 
512 538 610 1553261704893 
512 546 610 1553261704910 
512 548 610 1553261704943 
512 550 612 1553261704961 
512 554 618 1553261704978 
512 560 624 1553261704993 
512 562 626 1553261705010 
512 564 630 1553261705026 
512 564 632 1553261705060 
512 564 638 1553261705077 
512 562 642 1553261705093 
512 560 644 1553261705161 
513 560 644 1553261705236 
514 560 644 1553261705380 
512 560 636 1553261705428 
512 560 624 1553261705444 
512 562 614 1553261705461 
512 568 604 1553261705477 
512 576 596 1553261705494 
512 590 584 1553261705510 
512 606 572 1553261705528 
512 620 558 1553261705544 
512 630 540 1553261705560 
512 636 522 1553261705578 
512 642 516 1553261705594 
512 652 506 1553261705611 
512 688 502 1553261705628 
512 718 498 1553261705644 
512 740 498 1553261705661 
512 754 500 1553261705677 
512 764 516 1553261705694 
512 774 540 1553261705711 
512 790 562 1553261705727 
512 810 588 1553261705745 
512 828 606 1553261705761 
512 834 616 1553261705778 
512 840 626 1553261705795 
512 844 632 1553261705811 
512 852 638 1553261705828 
512 854 640 1553261705844 
512 856 644 1553261705928 
512 854 644 1553261706078 
512 848 644 1553261706095 
512 846 644 1553261706112 
512 844 644 1553261706162 
512 838 642 1553261706195 
512 834 638 1553261706212 
512 830 634 1553261706228 
513 830 634 1553261706308 
514 830 634 1553261706467 
512 830 640 1553261706579 
512 832 642 1553261706645 
513 832 642 1553261706708 
514 832 642 1553261706835 
512 832 640 1553261707162 
512 832 636 1553261707179 
512 836 634 1553261707195 
512 838 634 1553261707212 
512 840 634 1553261707230 
512 842 636 1553261707278 
512 842 642 1553261707296 
512 842 646 1553261707311 
512 842 650 1553261707329 
513 842 650 1553261707452 
512 840 652 1553261707529 
514 840 652 1553261707587 
512 840 652 1553261707597 
512 838 652 1553261707680 
512 836 650 1553261707696 
512 834 644 1553261707712 
512 828 634 1553261707730 
512 822 624 1553261707745 
512 812 606 1553261707763 
512 804 596 1553261707779 
512 802 594 1553261707796 
512 808 594 1553261707879 
512 828 584 1553261707896 
512 852 566 1553261707913 
512 864 546 1553261707929 
512 872 526 1553261707946 
512 878 508 1553261707963 
512 888 490 1553261707980 
512 894 474 1553261707995 
512 902 454 1553261708012 
512 904 436 1553261708030 
512 908 418 1553261708045 
512 910 404 1553261708064 
512 914 394 1553261708079 
512 914 388 1553261708096 
512 918 384 1553261708113 
512 918 378 1553261708180 
512 918 376 1553261708196 
512 922 368 1553261708213 
512 924 368 1553261708296 
512 926 368 1553261708314 
512 928 368 1553261708347 
512 930 370 1553261708355 
513 930 370 1553261708356 
514 930 370 1553261708508 
512 928 372 1553261708563 
512 924 372 1553261708579 
512 916 374 1553261708597 
512 910 374 1553261708613 
512 896 380 1553261708630 
512 870 384 1553261708648 
512 832 398 1553261708663 
512 788 414 1553261708680 
512 740 430 1553261708697 
512 702 448 1553261708713 
512 678 460 1553261708730 
512 660 470 1553261708746 
512 638 482 1553261708764 
512 622 488 1553261708780 
512 608 488 1553261708796 
512 590 486 1553261708815 
512 560 464 1553261708830 
512 520 436 1553261708848 
512 478 412 1553261708864 
512 438 386 1553261708881 
512 414 372 1553261708897 
512 408 370 1553261708914 
512 412 364 1553261708963 
512 416 356 1553261708981 
512 418 354 1553261708997 
512 420 356 1553261709080 
512 424 360 1553261709097 
512 430 366 1553261709113 
512 438 378 1553261709130 
512 452 388 1553261709147 
512 456 388 1553261709231 
512 460 388 1553261709247 
512 462 388 1553261709263 
512 466 388 1553261709314 
512 468 386 1553261709364 
512 468 384 1553261709397 
512 468 380 1553261709414 
512 468 376 1553261709431 
512 468 374 1553261709448 
512 468 370 1553261709464 
512 468 364 1553261709481 
512 468 360 1553261709498 
512 470 358 1553261709514 
513 470 358 1553261709581 
512 472 360 1553261709699 
512 472 366 1553261709724 
514 472 366 1553261709725 
512 472 366 1553261709731 
512 472 370 1553261709748 
512 472 376 1553261709765 
513 472 376 1553261709917 
514 472 376 1553261710044 
512 478 382 1553261710082 
512 492 390 1553261710099 
512 514 398 1553261710115 
512 532 400 1553261710132 
512 546 400 1553261710149 
512 558 400 1553261710165 
512 572 400 1553261710182 
512 586 400 1553261710198 
512 600 400 1553261710215 
512 610 402 1553261710231 
512 604 408 1553261710299 
512 578 428 1553261710316 
512 556 458 1553261710332 
512 546 498 1553261710349 
512 546 522 1553261710365 
512 546 540 1553261710381 
512 548 552 1553261710398 
512 550 560 1553261710416 
512 552 566 1553261710433 
512 552 570 1553261710448 
512 552 582 1553261710465 
512 554 592 1553261710483 
512 554 598 1553261710499 
512 554 608 1553261710515 
512 556 612 1553261710532 
512 558 612 1553261710549 
512 560 612 1553261710599 
512 564 614 1553261710615 
512 564 618 1553261710633 
512 566 630 1553261710649 
512 568 638 1553261710665 
512 568 642 1553261710682 
512 568 646 1553261710750 
512 568 648 1553261710783 
512 566 650 1553261710816 
513 566 650 1553261710950 
514 566 650 1553261711092 
512 564 648 1553261711149 
512 562 646 1553261711167 
512 570 632 1553261711367 
512 582 612 1553261711383 
512 598 580 1553261711399 
512 604 544 1553261711416 
512 612 508 1553261711432 
512 620 474 1553261711450 
512 624 442 1553261711467 
512 634 410 1553261711483 
512 650 376 1553261711499 
512 670 328 1553261711516 
512 678 298 1553261711534 
512 684 274 1553261711550 
512 692 254 1553261711566 
512 696 234 1553261711583 
512 700 220 1553261711601 
512 704 208 1553261711617 
512 708 200 1553261711633 
512 710 198 1553261711651 
512 712 194 1553261711666 
512 714 192 1553261711684 
512 714 190 1553261711699 
512 714 188 1553261711733 
512 706 188 1553261711850 
512 698 200 1553261711867 
512 694 208 1553261711884 
512 692 214 1553261711899 
512 692 216 1553261711916 
513 692 216 1553261712141 
512 694 214 1553261712267 
514 694 214 1553261712268 
