512 702 205 1553284994312 
512 702 207 1553284994329 
512 702 209 1553284994346 
512 702 211 1553284994379 
512 702 215 1553284994412 
512 702 229 1553284994596 
512 706 249 1553284994612 
512 716 283 1553284994628 
512 732 333 1553284994645 
512 742 393 1553284994663 
512 754 459 1553284994679 
512 774 515 1553284994696 
512 806 577 1553284994713 
512 816 589 1553284994728 
512 826 603 1553284994746 
512 828 609 1553284994763 
512 828 615 1553284994780 
512 832 619 1553284994797 
512 834 623 1553284994813 
512 834 627 1553284994828 
512 836 633 1553284994847 
512 838 645 1553284994863 
512 842 655 1553284994878 
512 846 663 1553284994897 
512 850 667 1553284994913 
512 850 663 1553284995112 
512 848 657 1553284995129 
512 848 655 1553284995145 
512 848 653 1553284995162 
513 848 653 1553284995361 
512 846 651 1553284995381 
512 844 651 1553284995430 
514 844 651 1553284995536 
512 844 651 1553284995545 
512 840 651 1553284995562 
512 838 651 1553284995595 
512 834 651 1553284995630 
512 832 651 1553284995645 
512 830 651 1553284995680 
512 828 651 1553284995697 
512 822 647 1553284995714 
512 818 645 1553284995730 
512 816 643 1553284995779 
512 818 641 1553284995814 
512 824 641 1553284995897 
512 830 641 1553284995913 
512 832 641 1553284995930 
512 834 641 1553284995996 
513 834 641 1553284996025 
512 836 641 1553284996064 
512 840 641 1553284996097 
512 842 645 1553284996113 
512 842 647 1553284996128 
514 842 647 1553284996129 
512 842 647 1553284996129 
512 844 649 1553284996147 
513 844 649 1553284996345 
514 844 649 1553284996449 
512 840 645 1553284996463 
512 810 625 1553284996480 
512 766 601 1553284996496 
512 704 565 1553284996513 
512 644 527 1553284996531 
512 576 493 1553284996546 
512 504 463 1553284996563 
512 460 435 1553284996582 
512 430 417 1553284996596 
512 418 405 1553284996613 
512 418 397 1553284996632 
512 418 395 1553284996730 
512 422 391 1553284996764 
512 430 391 1553284996782 
512 444 391 1553284996798 
512 462 391 1553284996814 
512 472 391 1553284996831 
512 478 387 1553284996847 
512 476 383 1553284997097 
512 474 381 1553284997114 
512 468 375 1553284997131 
512 462 375 1553284997147 
512 460 373 1553284997165 
512 458 371 1553284997197 
512 458 369 1553284997215 
513 458 369 1553284997298 
512 460 367 1553284997315 
512 464 369 1553284997348 
512 466 371 1553284997398 
512 468 375 1553284997434 
514 468 375 1553284997434 
512 474 381 1553284997449 
512 476 383 1553284997465 
512 478 387 1553284997481 
513 478 387 1553284997626 
514 478 387 1553284997737 
512 478 383 1553284998015 
512 478 379 1553284998032 
512 478 375 1553284998048 
512 478 371 1553284998064 
512 478 367 1553284998083 
512 478 365 1553284998099 
513 478 365 1553284998235 
514 478 365 1553284998344 
512 476 367 1553284998381 
512 476 369 1553284998399 
512 474 371 1553284998583 
513 474 371 1553284998673 
514 474 371 1553284998825 
512 476 371 1553284998883 
512 486 375 1553284998899 
512 498 381 1553284998916 
512 512 387 1553284998932 
512 534 397 1553284998950 
512 556 409 1553284998965 
512 588 423 1553284998982 
512 636 447 1553284998999 
512 694 469 1553284999016 
512 740 481 1553284999032 
512 760 487 1553284999049 
512 762 485 1553284999065 
512 764 483 1553284999083 
512 766 475 1553284999100 
512 770 467 1553284999116 
512 776 455 1553284999132 
512 778 433 1553284999150 
512 778 399 1553284999165 
512 778 369 1553284999183 
512 778 337 1553284999199 
512 778 319 1553284999216 
512 778 297 1553284999233 
512 778 287 1553284999249 
512 778 283 1553284999266 
512 778 279 1553284999282 
512 778 273 1553284999299 
512 778 269 1553284999316 
512 770 263 1553284999334 
512 758 259 1553284999349 
512 750 255 1553284999366 
512 732 251 1553284999382 
512 720 245 1553284999400 
512 716 241 1553284999417 
512 716 239 1553284999432 
512 716 235 1553284999449 
512 712 225 1553284999467 
512 710 223 1553284999483 
512 706 217 1553284999499 
512 706 215 1553284999549 
512 706 213 1553284999582 
512 702 205 1553284999600 
512 702 199 1553284999617 
512 700 201 1553284999899 
512 702 201 1553284999983 
513 702 201 1553285000089 
512 704 203 1553285000216 
514 704 203 1553285000217 
512 704 203 1553285000218 
512 706 207 1553285000401 
512 704 209 1553285000417 
512 702 211 1553285000433 
513 702 211 1553285000571 
514 702 211 1553285000681 
512 702 215 1553285000767 
512 704 231 1553285000785 
512 708 249 1553285000801 
512 724 277 1553285000817 
512 744 297 1553285000833 
512 764 307 1553285000850 
512 772 309 1553285000867 
512 774 309 1553285000883 
512 776 311 1553285000918 
512 784 319 1553285000933 
512 798 337 1553285000951 
512 822 363 1553285000969 
512 868 391 1553285000985 
512 902 403 1553285001001 
512 924 407 1553285001018 
512 934 403 1553285001035 
512 936 399 1553285001050 
512 936 393 1553285001068 
512 936 389 1553285001184 
512 934 385 1553285001267 
512 932 383 1553285001301 
512 928 377 1553285001335 
512 926 375 1553285001402 
513 926 375 1553285001513 
514 926 375 1553285001640 
512 928 377 1553285001701 
512 926 379 1553285001718 
512 918 383 1553285001734 
512 906 387 1553285001751 
512 872 389 1553285001768 
512 858 391 1553285001784 
512 812 391 1553285001801 
512 784 391 1553285001819 
512 764 391 1553285001834 
512 760 391 1553285001851 
512 750 387 1553285001901 
512 734 387 1553285001918 
512 714 399 1553285001934 
512 696 427 1553285001952 
512 668 477 1553285001969 
512 648 511 1553285001984 
512 632 541 1553285002002 
512 622 565 1553285002017 
512 618 575 1553285002034 
512 618 577 1553285002052 
512 614 583 1553285002067 
512 604 593 1553285002085 
512 596 607 1553285002102 
512 592 617 1553285002118 
512 592 621 1553285002134 
512 592 627 1553285002152 
512 592 629 1553285002168 
512 590 635 1553285002185 
512 588 637 1553285002218 
512 584 641 1553285002236 
512 580 643 1553285002252 
512 576 647 1553285002268 
512 572 651 1553285002285 
512 570 653 1553285002351 
512 568 651 1553285002385 
512 566 649 1553285002435 
512 566 647 1553285002470 
512 566 645 1553285002485 
512 566 643 1553285002502 
512 566 639 1553285002519 
513 566 639 1553285002681 
512 564 637 1553285002786 
512 560 639 1553285002800 
514 560 639 1553285002801 
512 560 639 1553285002802 
512 564 635 1553285003019 
512 568 633 1553285003035 
512 578 625 1553285003053 
512 594 623 1553285003069 
512 622 621 1553285003086 
512 664 621 1553285003104 
512 716 621 1553285003119 
512 770 621 1553285003137 
512 780 621 1553285003154 
512 784 623 1553285003170 
512 784 627 1553285003186 
512 786 631 1553285003202 
512 786 637 1553285003220 
512 790 643 1553285003235 
512 796 649 1553285003253 
512 804 651 1553285003269 
512 814 653 1553285003286 
512 820 653 1553285003302 
512 822 653 1553285003319 
512 824 653 1553285003536 
512 830 653 1553285003553 
512 832 653 1553285003587 
512 834 653 1553285003619 
512 836 653 1553285003637 
513 836 653 1553285003802 
512 838 649 1553285003871 
512 838 643 1553285003886 
512 838 639 1553285003903 
514 838 639 1553285003922 
512 838 639 1553285003936 
513 838 639 1553285004193 
514 838 639 1553285004280 
512 838 637 1553285004403 
512 838 633 1553285004421 
512 846 617 1553285004438 
512 856 605 1553285004454 
512 858 599 1553285004470 
512 862 595 1553285004487 
512 864 593 1553285004503 
512 864 589 1553285004536 
512 872 575 1553285004553 
512 886 557 1553285004571 
512 902 535 1553285004587 
512 916 515 1553285004603 
512 924 495 1553285004620 
512 926 473 1553285004638 
512 928 447 1553285004653 
512 928 427 1553285004671 
512 928 409 1553285004689 
512 932 399 1553285004704 
512 934 393 1553285004720 
512 934 389 1553285004738 
512 930 385 1553285004771 
512 930 383 1553285004803 
512 928 381 1553285004820 
513 928 381 1553285005074 
514 928 381 1553285005209 
512 926 389 1553285005305 
512 926 399 1553285005320 
512 926 407 1553285005338 
512 928 415 1553285005355 
512 930 419 1553285005370 
512 928 421 1553285005437 
512 914 421 1553285005455 
512 888 421 1553285005470 
512 844 421 1553285005487 
512 780 429 1553285005505 
512 758 433 1553285005521 
512 740 437 1553285005537 
512 722 437 1553285005556 
512 700 433 1553285005571 
512 672 421 1553285005589 
512 644 411 1553285005606 
512 598 397 1553285005621 
512 552 385 1553285005639 
512 510 377 1553285005655 
512 480 375 1553285005672 
512 472 375 1553285005688 
513 472 375 1553285006001 
512 470 373 1553285006021 
514 470 373 1553285006081 
512 470 373 1553285006088 
512 472 371 1553285006105 
512 480 371 1553285006122 
512 486 371 1553285006138 
512 502 371 1553285006155 
512 524 373 1553285006172 
512 550 379 1553285006188 
512 582 381 1553285006205 
512 614 383 1553285006222 
512 642 387 1553285006238 
512 664 387 1553285006254 
512 682 387 1553285006271 
512 702 387 1553285006289 
512 704 389 1553285006305 
512 706 391 1553285006321 
512 706 397 1553285006338 
512 690 413 1553285006355 
512 648 443 1553285006371 
512 606 485 1553285006388 
512 582 519 1553285006405 
512 572 547 1553285006421 
512 568 565 1553285006439 
512 568 577 1553285006456 
512 568 585 1553285006471 
512 566 595 1553285006488 
512 562 599 1553285006505 
512 552 605 1553285006522 
512 546 611 1553285006539 
512 540 619 1553285006555 
512 538 629 1553285006572 
512 538 635 1553285006589 
512 538 637 1553285006605 
512 538 639 1553285006622 
512 542 641 1553285006806 
512 546 641 1553285006822 
512 554 641 1553285006839 
512 560 637 1553285006855 
512 562 637 1553285006955 
513 562 637 1553285007073 
514 562 637 1553285007192 
512 566 637 1553285007289 
512 584 637 1553285007306 
512 610 631 1553285007323 
512 632 615 1553285007339 
512 648 597 1553285007356 
512 658 577 1553285007372 
512 670 557 1553285007389 
512 684 537 1553285007406 
512 704 513 1553285007422 
512 724 487 1553285007439 
512 742 435 1553285007457 
512 744 419 1553285007472 
512 746 379 1553285007489 
512 746 355 1553285007507 
512 746 327 1553285007522 
512 738 299 1553285007539 
512 730 279 1553285007556 
512 728 273 1553285007572 
512 728 267 1553285007589 
512 728 259 1553285007607 
512 728 255 1553285007623 
512 728 247 1553285007640 
512 726 235 1553285007656 
512 726 229 1553285007673 
512 724 227 1553285007723 
512 722 225 1553285007740 
512 718 221 1553285007756 
512 712 217 1553285007806 
512 706 215 1553285007822 
512 700 213 1553285007839 
512 698 213 1553285007858 
512 696 211 1553285007907 
513 696 211 1553285008146 
514 696 211 1553285008233 
