512 703 213 1553606729863 
512 709 221 1553606729880 
512 709 225 1553606729896 
512 711 235 1553606729913 
512 711 245 1553606729931 
512 713 259 1553606729946 
512 715 275 1553606729963 
512 717 293 1553606729981 
512 717 315 1553606729996 
512 717 343 1553606730014 
512 721 403 1553606730030 
512 733 445 1553606730046 
512 759 475 1553606730065 
512 775 495 1553606730080 
512 781 501 1553606730097 
512 783 505 1553606730113 
512 787 513 1553606730181 
512 789 519 1553606730197 
512 791 525 1553606730213 
512 799 539 1553606730230 
512 801 545 1553606730246 
512 805 551 1553606730264 
512 807 553 1553606730281 
512 807 559 1553606730298 
512 807 571 1553606730314 
512 809 583 1553606730330 
512 809 589 1553606730347 
512 811 591 1553606730363 
512 811 593 1553606730380 
512 815 597 1553606730397 
512 817 597 1553606730413 
512 821 601 1553606730430 
512 827 607 1553606730447 
512 833 613 1553606730464 
512 837 617 1553606730481 
512 839 619 1553606730515 
512 841 621 1553606730581 
512 841 623 1553606730613 
512 841 635 1553606730630 
512 837 643 1553606730647 
512 835 645 1553606730664 
512 835 649 1553606730782 
513 835 649 1553606730952 
514 835 649 1553606731078 
512 835 647 1553606731148 
512 835 643 1553606731164 
512 835 637 1553606731182 
512 833 631 1553606731198 
512 833 625 1553606731214 
512 833 617 1553606731231 
512 831 601 1553606731247 
512 831 577 1553606731264 
512 831 557 1553606731281 
512 831 541 1553606731299 
512 831 531 1553606731315 
512 823 521 1553606731331 
512 809 507 1553606731348 
512 785 499 1553606731365 
512 753 491 1553606731382 
512 683 475 1553606731398 
512 635 465 1553606731415 
512 597 449 1553606731431 
512 563 431 1553606731449 
512 553 425 1553606731464 
512 551 423 1553606731482 
512 549 421 1553606731499 
512 545 417 1553606731582 
512 543 415 1553606731598 
512 537 409 1553606731614 
512 535 407 1553606731633 
512 529 405 1553606731648 
512 519 399 1553606731666 
512 507 395 1553606731681 
512 499 389 1553606731699 
512 495 385 1553606731715 
512 493 383 1553606731731 
512 491 381 1553606731748 
512 489 379 1553606731799 
512 487 377 1553606731814 
512 485 375 1553606731865 
512 483 375 1553606731948 
512 473 375 1553606731966 
513 473 375 1553606732159 
514 473 375 1553606732262 
512 481 375 1553606732316 
512 495 375 1553606732332 
512 509 375 1553606732348 
512 539 377 1553606732366 
512 559 377 1553606732382 
512 589 385 1553606732399 
512 623 395 1553606732417 
512 649 407 1553606732432 
512 663 417 1553606732449 
512 669 423 1553606732467 
512 671 425 1553606732483 
512 671 429 1553606732499 
512 673 433 1553606732516 
512 675 435 1553606732550 
512 687 421 1553606732583 
512 691 399 1553606732599 
512 697 373 1553606732617 
512 697 343 1553606732633 
512 697 311 1553606732649 
512 693 279 1553606732665 
512 691 261 1553606732683 
512 691 251 1553606732698 
512 691 243 1553606732715 
512 691 237 1553606732733 
512 691 233 1553606732750 
512 691 231 1553606732949 
512 691 229 1553606732966 
512 693 225 1553606732982 
512 693 223 1553606733000 
512 699 217 1553606733217 
512 701 215 1553606733233 
512 703 213 1553606733249 
512 705 211 1553606733282 
512 709 207 1553606733300 
512 711 205 1553606733366 
513 711 205 1553606733431 
514 711 205 1553606733550 
512 707 205 1553606733616 
512 703 205 1553606733634 
513 703 205 1553606733839 
512 701 207 1553606733958 
514 701 207 1553606733958 
512 703 211 1553606733967 
512 713 221 1553606733983 
512 721 229 1553606733999 
512 727 237 1553606734017 
512 733 253 1553606734034 
512 745 271 1553606734051 
512 763 291 1553606734067 
512 777 313 1553606734083 
512 783 331 1553606734099 
512 787 345 1553606734117 
512 791 367 1553606734135 
512 793 381 1553606734150 
512 793 393 1553606734166 
512 793 405 1553606734185 
512 799 421 1553606734201 
512 807 435 1553606734217 
512 817 443 1553606734233 
512 827 443 1553606734250 
512 841 443 1553606734267 
512 851 433 1553606734285 
512 857 421 1553606734301 
512 861 411 1553606734317 
512 867 399 1553606734333 
512 871 389 1553606734351 
512 879 381 1553606734367 
512 881 379 1553606734384 
512 885 373 1553606734401 
512 887 371 1553606734417 
512 889 369 1553606734434 
512 891 367 1553606734467 
512 893 365 1553606734484 
512 895 365 1553606734517 
512 899 367 1553606734534 
512 911 371 1553606734551 
512 915 373 1553606734568 
512 917 373 1553606734585 
512 919 373 1553606734600 
512 923 375 1553606734650 
512 927 377 1553606734767 
513 927 377 1553606734847 
514 927 377 1553606734990 
512 925 377 1553606735068 
512 915 377 1553606735084 
512 899 377 1553606735101 
512 877 377 1553606735117 
512 855 383 1553606735134 
512 843 387 1553606735150 
512 827 391 1553606735167 
512 807 393 1553606735185 
512 791 397 1553606735202 
512 775 401 1553606735217 
512 753 405 1553606735235 
512 719 407 1553606735250 
512 683 421 1553606735267 
512 655 435 1553606735285 
512 641 455 1553606735301 
512 633 481 1553606735318 
512 631 493 1553606735335 
512 627 509 1553606735351 
512 619 525 1553606735368 
512 613 543 1553606735384 
512 605 563 1553606735401 
512 601 579 1553606735417 
512 597 591 1553606735435 
512 595 599 1553606735452 
512 595 603 1553606735468 
512 593 609 1553606735484 
512 591 613 1553606735501 
512 585 619 1553606735517 
512 569 635 1553606735535 
512 559 641 1553606735551 
512 553 645 1553606735569 
512 549 645 1553606735585 
512 547 647 1553606735601 
512 545 647 1553606735652 
512 547 647 1553606735818 
512 549 645 1553606735835 
512 551 643 1553606735853 
512 553 641 1553606735868 
512 555 641 1553606735902 
512 557 641 1553606735919 
513 557 641 1553606736023 
514 557 641 1553606736150 
512 559 639 1553606736186 
512 559 637 1553606736219 
512 559 629 1553606736235 
512 563 621 1553606736252 
512 577 607 1553606736269 
512 591 591 1553606736285 
512 613 551 1553606736303 
512 619 527 1553606736318 
512 623 511 1553606736335 
512 623 509 1553606736353 
512 631 507 1553606736385 
512 657 507 1553606736402 
512 699 507 1553606736419 
512 751 507 1553606736435 
512 787 515 1553606736452 
512 801 525 1553606736468 
512 809 543 1553606736486 
512 813 563 1553606736502 
512 819 575 1553606736518 
512 821 583 1553606736536 
512 823 585 1553606736552 
512 823 589 1553606736587 
512 827 595 1553606736602 
512 831 601 1553606736619 
512 833 605 1553606736635 
512 837 613 1553606736653 
512 837 619 1553606736669 
512 837 629 1553606736685 
512 835 641 1553606736702 
512 833 649 1553606736719 
513 833 649 1553606736951 
514 833 649 1553606737006 
512 835 645 1553606737169 
512 837 643 1553606737187 
512 839 639 1553606737202 
512 843 631 1553606737304 
512 851 619 1553606737319 
512 859 601 1553606737336 
512 863 581 1553606737353 
512 867 553 1553606737371 
512 873 519 1553606737386 
512 883 489 1553606737403 
512 891 463 1553606737419 
512 901 441 1553606737436 
512 909 419 1553606737452 
512 919 397 1553606737470 
512 921 391 1553606737486 
512 921 383 1553606737502 
512 923 379 1553606737520 
512 923 377 1553606737537 
512 923 373 1553606737569 
512 923 371 1553606737586 
512 923 369 1553606737603 
512 927 363 1553606737620 
512 929 361 1553606737653 
513 929 361 1553606737735 
512 927 363 1553606737871 
514 927 363 1553606737871 
512 927 365 1553606737886 
512 927 369 1553606737904 
512 927 371 1553606737921 
513 927 371 1553606738103 
514 927 371 1553606738206 
512 925 373 1553606738237 
512 903 375 1553606738254 
512 877 385 1553606738270 
512 847 397 1553606738286 
512 817 411 1553606738305 
512 783 423 1553606738320 
512 745 427 1553606738337 
512 713 435 1553606738354 
512 675 441 1553606738370 
512 647 445 1553606738387 
512 619 451 1553606738403 
512 595 455 1553606738421 
512 585 457 1553606738437 
512 583 457 1553606738455 
512 571 451 1553606738487 
512 547 435 1553606738505 
512 519 417 1553606738520 
512 497 409 1553606738538 
512 485 407 1553606738553 
512 479 405 1553606738570 
512 477 405 1553606738588 
512 475 403 1553606738620 
512 475 401 1553606738638 
512 475 399 1553606738654 
512 475 397 1553606738755 
512 475 393 1553606738770 
512 475 391 1553606738788 
512 477 387 1553606738805 
512 475 381 1553606738888 
512 473 379 1553606738920 
513 473 379 1553606739022 
514 473 379 1553606739149 
512 475 379 1553606739204 
512 495 391 1553606739222 
512 499 393 1553606739237 
512 509 401 1553606739255 
512 519 411 1553606739271 
512 529 423 1553606739288 
512 547 435 1553606739304 
512 565 445 1553606739320 
512 581 453 1553606739338 
512 585 453 1553606739355 
512 587 455 1553606739371 
512 587 459 1553606739387 
512 587 473 1553606739406 
512 587 491 1553606739422 
512 587 515 1553606739438 
512 587 525 1553606739454 
512 587 543 1553606739472 
512 587 561 1553606739489 
512 587 583 1553606739505 
512 587 595 1553606739521 
512 587 605 1553606739539 
512 587 611 1553606739554 
512 587 613 1553606739571 
512 585 621 1553606739588 
512 583 625 1553606739605 
512 581 629 1553606739621 
512 579 631 1553606739638 
512 575 633 1553606739655 
512 573 635 1553606739672 
512 565 639 1553606739688 
512 563 641 1553606739739 
512 561 639 1553606739754 
512 559 639 1553606739772 
512 555 641 1553606739822 
513 555 641 1553606739975 
514 555 641 1553606740062 
512 555 639 1553606740106 
512 557 631 1553606740122 
512 559 619 1553606740139 
512 561 603 1553606740155 
512 569 583 1553606740171 
512 579 565 1553606740188 
512 587 545 1553606740206 
512 601 513 1553606740222 
512 611 493 1553606740238 
512 619 473 1553606740255 
512 623 455 1553606740271 
512 629 439 1553606740288 
512 635 417 1553606740306 
512 649 389 1553606740322 
512 659 367 1553606740340 
512 671 349 1553606740356 
512 687 327 1553606740372 
512 697 309 1553606740388 
512 707 287 1553606740405 
512 711 269 1553606740422 
512 711 261 1553606740438 
512 711 259 1553606740456 
512 711 253 1553606740472 
512 711 247 1553606740490 
512 711 235 1553606740506 
512 711 223 1553606740523 
512 711 221 1553606740539 
512 711 219 1553606740556 
512 711 217 1553606740572 
512 711 213 1553606740655 
512 709 209 1553606740723 
512 707 209 1553606740738 
512 705 209 1553606740772 
512 703 209 1553606740806 
513 703 209 1553606740983 
514 703 209 1553606741079 
