512 700 211 1553114540663 
512 705 254 1553114540730 
512 740 419 1553114540743 
512 749 469 1553114540759 
512 757 511 1553114540779 
512 762 534 1553114540794 
512 766 552 1553114540809 
512 770 565 1553114540826 
512 773 570 1553114540841 
512 774 573 1553114540864 
512 774 574 1553114540909 
512 776 574 1553114540925 
512 778 574 1553114540941 
512 780 574 1553114540959 
512 781 575 1553114540980 
512 783 576 1553114540992 
512 784 578 1553114541011 
512 789 583 1553114541026 
512 796 592 1553114541042 
512 807 612 1553114541062 
512 811 636 1553114541076 
512 817 661 1553114541093 
512 821 680 1553114541110 
512 821 687 1553114541128 
512 822 689 1553114541143 
512 823 689 1553114541244 
512 830 683 1553114541266 
512 831 680 1553114541276 
512 832 677 1553114541293 
512 832 672 1553114541309 
512 832 670 1553114541326 
512 833 665 1553114541355 
512 833 663 1553114541376 
512 834 660 1553114541398 
512 835 659 1553114541407 
512 835 658 1553114541426 
512 835 656 1553114541443 
512 835 655 1553114541496 
512 836 655 1553114541510 
512 837 654 1553114541545 
512 838 652 1553114541559 
513 838 652 1553114541566 
514 838 652 1553114541683 
512 838 651 1553114541976 
512 827 641 1553114541992 
512 800 621 1553114542012 
512 744 588 1553114542035 
512 688 554 1553114542045 
512 621 516 1553114542060 
512 564 474 1553114542079 
512 537 449 1553114542092 
512 528 443 1553114542110 
512 525 441 1553114542126 
512 524 440 1553114542147 
512 522 440 1553114542160 
512 516 439 1553114542177 
512 515 439 1553114542193 
512 514 439 1553114542210 
512 509 436 1553114542226 
512 501 428 1553114542246 
512 491 422 1553114542260 
512 485 418 1553114542279 
512 483 414 1553114542300 
512 481 410 1553114542310 
512 477 406 1553114542327 
512 474 403 1553114542347 
512 471 399 1553114542362 
512 468 394 1553114542377 
512 466 389 1553114542397 
512 465 388 1553114542409 
512 465 387 1553114542427 
513 465 387 1553114542614 
514 465 387 1553114542747 
512 467 387 1553114542910 
512 468 387 1553114542927 
512 468 385 1553114542944 
512 468 383 1553114542959 
512 467 381 1553114542978 
512 467 380 1553114542994 
512 467 379 1553114543195 
512 467 377 1553114543224 
513 467 377 1553114543225 
512 469 377 1553114543261 
512 470 377 1553114543277 
514 470 377 1553114543339 
512 470 377 1553114543360 
512 483 366 1553114543710 
512 523 343 1553114543730 
512 558 326 1553114543744 
512 588 313 1553114543761 
512 622 272 1553114543776 
512 628 249 1553114543794 
512 632 232 1553114543811 
512 637 222 1553114543828 
512 642 216 1553114543844 
512 642 220 1553114543943 
512 642 224 1553114543961 
512 645 228 1553114543978 
512 648 231 1553114543997 
512 653 231 1553114544012 
512 663 231 1553114544033 
512 676 233 1553114544045 
512 683 233 1553114544062 
512 686 231 1553114544077 
512 689 229 1553114544095 
512 691 226 1553114544111 
512 693 224 1553114544130 
512 696 221 1553114544146 
512 698 218 1553114544166 
512 700 217 1553114544176 
512 701 216 1553114544196 
512 701 215 1553114544406 
513 701 215 1553114544408 
514 701 215 1553114544489 
512 701 216 1553114544586 
512 701 217 1553114544610 
512 700 217 1553114544628 
512 699 222 1553114544763 
512 699 229 1553114544779 
512 699 236 1553114544794 
512 702 247 1553114544815 
512 713 262 1553114544828 
512 736 273 1553114544844 
512 772 297 1553114544867 
512 802 313 1553114544878 
512 823 324 1553114544893 
512 836 334 1553114544910 
512 849 339 1553114544935 
512 858 343 1553114544949 
512 867 348 1553114544963 
512 869 350 1553114544979 
512 872 351 1553114544997 
512 873 352 1553114545011 
512 875 355 1553114545029 
512 878 359 1553114545047 
512 884 363 1553114545061 
512 888 366 1553114545078 
512 890 368 1553114545095 
512 896 369 1553114545204 
512 906 374 1553114545216 
512 909 374 1553114545233 
512 920 376 1553114545247 
512 932 377 1553114545266 
512 933 377 1553114545284 
512 935 377 1553114545296 
512 936 378 1553114545312 
512 937 378 1553114545331 
513 937 378 1553114545450 
514 937 378 1553114545566 
512 936 378 1553114545611 
512 935 378 1553114545628 
512 934 378 1553114545645 
512 932 379 1553114545663 
512 931 380 1553114545678 
512 928 380 1553114545696 
512 924 380 1553114545795 
512 918 380 1553114545813 
512 913 380 1553114545829 
512 906 380 1553114545847 
512 901 380 1553114545862 
512 894 380 1553114545881 
512 890 381 1553114545897 
512 886 382 1553114545911 
512 884 383 1553114545929 
512 884 384 1553114545946 
512 883 385 1553114545964 
512 885 385 1553114546146 
512 886 385 1553114546163 
512 888 385 1553114546182 
512 889 385 1553114546280 
512 865 400 1553114547848 
512 830 432 1553114547864 
512 797 468 1553114547882 
512 753 500 1553114547898 
512 694 535 1553114547913 
512 654 558 1553114547932 
512 603 590 1553114547950 
512 581 606 1553114547964 
512 564 615 1553114547981 
512 546 620 1553114547997 
512 534 623 1553114548015 
512 528 624 1553114548030 
512 524 626 1553114548046 
512 521 626 1553114548064 
512 519 626 1553114548080 
512 518 626 1553114548149 
512 518 630 1553114548182 
512 522 633 1553114548199 
512 527 636 1553114548215 
512 533 638 1553114548233 
512 539 639 1553114548246 
512 543 639 1553114548263 
512 544 639 1553114548281 
512 546 639 1553114548298 
512 549 639 1553114548314 
512 550 639 1553114548332 
512 551 640 1553114548348 
512 553 643 1553114548366 
512 556 643 1553114548547 
512 557 644 1553114548564 
512 558 644 1553114548581 
513 558 644 1553114548722 
514 558 644 1553114548817 
512 559 644 1553114548847 
512 570 644 1553114549147 
512 593 645 1553114549164 
512 622 645 1553114549181 
512 666 650 1553114549198 
512 703 654 1553114549215 
512 740 657 1553114549231 
512 765 657 1553114549249 
512 791 657 1553114549265 
512 812 657 1553114549281 
512 827 658 1553114549299 
512 834 658 1553114549316 
512 835 658 1553114549332 
512 835 657 1553114549364 
512 835 654 1553114549517 
512 836 647 1553114549532 
512 836 643 1553114549549 
512 838 638 1553114549569 
512 840 633 1553114549583 
512 840 631 1553114549599 
512 840 630 1553114549616 
513 840 630 1553114549690 
512 839 631 1553114549749 
512 838 632 1553114549766 
514 838 632 1553114549861 
512 838 632 1553114549866 
512 837 632 1553114549914 
512 836 633 1553114549931 
512 836 634 1553114549966 
512 836 636 1553114550000 
512 837 636 1553114550281 
512 837 638 1553114550300 
512 837 639 1553114550315 
512 837 640 1553114550332 
512 838 640 1553114550431 
512 838 641 1553114550483 
513 838 641 1553114550496 
514 838 641 1553114550604 
512 839 641 1553114550949 
512 847 637 1553114550967 
512 858 632 1553114550984 
512 871 623 1553114551001 
512 882 613 1553114551016 
512 896 581 1553114551034 
512 899 529 1553114551051 
512 899 503 1553114551065 
512 900 465 1553114551084 
512 900 444 1553114551101 
512 900 434 1553114551115 
512 901 426 1553114551134 
512 901 417 1553114551151 
512 898 413 1553114551165 
512 893 399 1553114551182 
512 889 389 1553114551201 
512 886 383 1553114551216 
512 886 378 1553114551234 
512 886 374 1553114551251 
512 886 373 1553114551268 
512 888 372 1553114551285 
512 891 372 1553114551300 
512 899 372 1553114551318 
512 906 372 1553114551333 
512 915 371 1553114551351 
512 918 371 1553114551366 
512 919 371 1553114551384 
512 920 371 1553114551401 
512 921 370 1553114551418 
512 922 370 1553114551433 
512 923 370 1553114551534 
513 923 370 1553114551669 
514 923 370 1553114551799 
512 924 370 1553114551901 
512 924 371 1553114551933 
512 923 371 1553114552101 
512 908 370 1553114552116 
512 866 364 1553114552136 
512 821 352 1553114552152 
512 721 338 1553114552166 
512 674 329 1553114552185 
512 620 323 1553114552202 
512 571 319 1553114552218 
512 528 313 1553114552234 
512 501 313 1553114552252 
512 481 313 1553114552267 
512 471 318 1553114552285 
512 463 319 1553114552300 
512 455 323 1553114552317 
512 441 325 1553114552337 
512 435 327 1553114552350 
512 431 331 1553114552366 
512 429 335 1553114552385 
512 429 336 1553114552402 
512 429 339 1553114552419 
512 429 341 1553114552434 
512 430 342 1553114552451 
512 431 344 1553114552467 
512 435 346 1553114552485 
512 442 349 1553114552500 
512 453 355 1553114552519 
512 460 358 1553114552533 
512 463 360 1553114552550 
512 464 360 1553114552570 
512 464 361 1553114552585 
512 464 365 1553114552619 
512 466 370 1553114552635 
512 467 373 1553114552652 
512 467 374 1553114552669 
512 467 376 1553114552685 
512 466 377 1553114552700 
512 466 379 1553114552719 
512 467 381 1553114552734 
512 468 381 1553114552802 
513 468 381 1553114552878 
512 469 381 1553114552984 
514 469 381 1553114553073 
512 469 381 1553114553086 
512 469 380 1553114553184 
512 474 379 1553114553201 
512 475 377 1553114553217 
512 476 377 1553114553234 
512 476 376 1553114553252 
512 476 375 1553114553268 
512 479 383 1553114553419 
512 484 406 1553114553439 
512 490 439 1553114553451 
512 492 471 1553114553469 
512 493 507 1553114553487 
512 494 535 1553114553503 
512 495 553 1553114553518 
512 499 568 1553114553536 
512 499 575 1553114553553 
512 499 577 1553114553570 
512 499 578 1553114553585 
512 500 581 1553114553601 
512 501 581 1553114553619 
512 502 581 1553114553638 
512 504 586 1553114553656 
512 519 611 1553114553676 
512 537 638 1553114553702 
512 544 651 1553114553719 
512 551 666 1553114553742 
512 553 671 1553114553755 
512 557 676 1553114553771 
512 557 677 1553114553789 
512 558 678 1553114553827 
512 559 678 1553114553903 
512 560 676 1553114553927 
512 561 673 1553114553939 
512 561 668 1553114553953 
512 561 664 1553114553970 
512 562 662 1553114553986 
512 563 657 1553114554005 
512 564 652 1553114554020 
512 565 648 1553114554041 
512 565 646 1553114554053 
512 565 645 1553114554070 
513 565 645 1553114554233 
514 565 645 1553114554361 
512 565 644 1553114554618 
512 568 642 1553114554636 
512 580 637 1553114554654 
512 604 625 1553114554671 
512 655 596 1553114554687 
512 674 573 1553114554704 
512 697 529 1553114554720 
512 708 478 1553114554743 
512 715 390 1553114554761 
512 715 381 1553114554769 
512 715 361 1553114554786 
512 715 337 1553114554815 
512 717 330 1553114554820 
512 720 316 1553114554836 
512 722 304 1553114554856 
512 726 285 1553114554874 
512 727 274 1553114554887 
512 723 266 1553114554904 
512 716 249 1553114554924 
512 714 246 1553114554937 
512 713 240 1553114554954 
512 711 237 1553114554983 
512 705 235 1553114555003 
512 697 227 1553114555020 
512 684 215 1553114555042 
512 670 199 1553114555054 
512 670 195 1553114555070 
512 669 190 1553114555086 
512 669 187 1553114555104 
512 669 185 1553114555119 
512 669 184 1553114555137 
512 669 183 1553114555154 
512 671 188 1553114555271 
512 674 190 1553114555285 
512 677 196 1553114555302 
512 678 198 1553114555320 
512 678 201 1553114555342 
512 680 203 1553114555355 
512 681 203 1553114555370 
512 681 204 1553114555388 
512 682 204 1553114555407 
512 684 205 1553114555419 
512 685 207 1553114555437 
512 686 207 1553114555455 
512 689 207 1553114555538 
512 694 210 1553114555554 
512 702 214 1553114555572 
512 705 215 1553114555588 
512 706 216 1553114555603 
513 706 216 1553114555663 
514 706 216 1553114555791 
