512 698 217 1553114593020 
512 698 218 1553114593035 
512 698 219 1553114593052 
512 696 231 1553114593154 
512 695 249 1553114593169 
512 693 270 1553114593187 
512 696 297 1553114593204 
512 712 348 1553114593219 
512 731 416 1553114593236 
512 742 452 1553114593261 
512 769 496 1553114593280 
512 773 502 1553114593286 
512 781 517 1553114593305 
512 781 525 1553114593323 
512 781 531 1553114593337 
512 781 549 1553114593357 
512 782 569 1553114593372 
512 788 582 1553114593386 
512 789 586 1553114593404 
512 789 588 1553114593421 
512 789 591 1553114593437 
512 789 594 1553114593454 
512 789 597 1553114593471 
512 791 602 1553114593489 
512 794 604 1553114593504 
512 801 610 1553114593521 
512 808 617 1553114593537 
512 817 628 1553114593552 
512 823 641 1553114593570 
512 829 648 1553114593589 
512 834 655 1553114593606 
512 838 659 1553114593619 
512 838 658 1553114593787 
512 838 657 1553114593809 
512 838 654 1553114593823 
512 838 652 1553114593838 
512 838 651 1553114593854 
512 838 650 1553114593874 
512 839 647 1553114593899 
512 840 646 1553114593906 
512 840 645 1553114593924 
513 840 645 1553114594019 
514 840 645 1553114594129 
512 840 644 1553114594221 
512 833 629 1553114594258 
512 829 610 1553114594271 
512 821 594 1553114594288 
512 805 573 1553114594307 
512 791 552 1553114594321 
512 779 533 1553114594337 
512 768 516 1553114594355 
512 748 499 1553114594372 
512 734 482 1553114594388 
512 707 461 1553114594405 
512 696 454 1553114594424 
512 681 450 1553114594439 
512 674 446 1553114594457 
512 655 436 1553114594475 
512 641 431 1553114594488 
512 625 424 1553114594505 
512 616 420 1553114594524 
512 608 417 1553114594538 
512 597 415 1553114594555 
512 566 407 1553114594574 
512 559 406 1553114594590 
512 541 403 1553114594606 
512 526 401 1553114594621 
512 514 400 1553114594639 
512 511 398 1553114594756 
512 495 389 1553114594771 
512 489 384 1553114594788 
512 482 380 1553114594805 
512 482 379 1553114594822 
513 482 379 1553114595027 
512 482 378 1553114595106 
512 481 378 1553114595122 
512 479 378 1553114595138 
512 475 378 1553114595158 
512 470 378 1553114595167 
514 470 378 1553114595167 
512 466 377 1553114595187 
512 464 377 1553114595205 
513 464 377 1553114595270 
514 464 377 1553114595401 
512 465 377 1553114595506 
512 466 377 1553114595523 
512 470 377 1553114595542 
512 473 377 1553114595555 
512 475 377 1553114595575 
512 476 377 1553114595590 
512 478 377 1553114595708 
512 501 380 1553114595721 
512 520 377 1553114595739 
512 556 369 1553114595764 
512 565 368 1553114595775 
512 594 361 1553114595789 
512 630 351 1553114595806 
512 655 334 1553114595824 
512 679 313 1553114595837 
512 693 299 1553114595858 
512 704 287 1553114595872 
512 708 272 1553114595898 
512 710 267 1553114595906 
512 710 260 1553114595921 
512 712 253 1553114595939 
512 712 249 1553114595958 
512 712 245 1553114595976 
512 712 243 1553114595990 
512 712 239 1553114596007 
512 709 232 1553114596025 
512 700 216 1553114596038 
512 690 210 1553114596056 
512 686 207 1553114596074 
512 684 206 1553114596090 
512 684 204 1553114596173 
512 683 201 1553114596195 
512 683 198 1553114596209 
512 685 199 1553114596323 
512 699 204 1553114596340 
512 699 205 1553114596356 
512 700 206 1553114596473 
512 701 208 1553114596488 
512 702 209 1553114596506 
513 702 209 1553114596613 
514 702 209 1553114596740 
512 702 210 1553114596772 
512 702 212 1553114596827 
512 701 213 1553114596841 
512 697 218 1553114596857 
512 692 226 1553114596877 
512 688 234 1553114596890 
512 679 243 1553114596907 
512 665 265 1553114596929 
512 662 274 1553114596941 
512 653 298 1553114596956 
512 646 337 1553114596974 
512 653 395 1553114597001 
512 664 414 1553114597007 
512 724 479 1553114597022 
512 790 511 1553114597039 
512 879 538 1553114597058 
512 940 549 1553114597074 
512 1016 556 1553114597090 
512 1034 547 1553114597108 
512 1039 533 1553114597122 
512 1039 513 1553114597140 
512 1038 491 1553114597157 
512 1032 469 1553114597173 
512 1027 459 1553114597192 
512 1018 438 1553114597214 
512 1003 424 1553114597224 
512 987 415 1553114597242 
512 972 407 1553114597257 
512 964 402 1553114597274 
512 957 399 1553114597294 
512 954 397 1553114597308 
512 952 395 1553114597322 
512 949 392 1553114597342 
512 948 391 1553114597357 
512 947 391 1553114597374 
512 946 391 1553114597389 
512 946 390 1553114597409 
512 945 388 1553114597425 
512 945 387 1553114597440 
512 945 385 1553114597458 
512 945 381 1553114597474 
512 943 378 1553114597491 
512 941 375 1553114597507 
512 937 373 1553114597524 
512 936 373 1553114597541 
512 934 373 1553114597557 
512 933 372 1553114597574 
512 930 372 1553114597640 
513 930 372 1553114597776 
514 930 372 1553114597900 
512 930 375 1553114598023 
512 930 377 1553114598041 
512 930 379 1553114598057 
512 929 381 1553114598077 
512 927 381 1553114598124 
512 914 384 1553114598148 
512 906 386 1553114598157 
512 887 390 1553114598175 
512 860 399 1553114598191 
512 836 416 1553114598209 
512 758 464 1553114598231 
512 735 480 1553114598241 
512 712 496 1553114598257 
512 688 534 1553114598274 
512 678 566 1553114598290 
512 673 600 1553114598308 
512 665 638 1553114598326 
512 658 656 1553114598343 
512 656 668 1553114598357 
512 655 673 1553114598374 
512 648 671 1553114598475 
512 637 663 1553114598491 
512 623 654 1553114598508 
512 604 646 1553114598528 
512 587 635 1553114598541 
512 572 628 1553114598559 
512 571 628 1553114598578 
512 570 628 1553114598641 
512 570 629 1553114598658 
512 570 631 1553114598676 
512 570 633 1553114598690 
512 570 634 1553114598858 
512 564 642 1553114599209 
512 562 651 1553114599226 
512 561 653 1553114599242 
513 561 653 1553114599323 
512 562 652 1553114599376 
512 563 651 1553114599392 
512 563 649 1553114599394 
514 563 649 1553114599394 
512 563 647 1553114599408 
512 565 644 1553114599425 
512 565 642 1553114599443 
512 565 641 1553114599476 
512 567 638 1553114599641 
512 567 637 1553114599659 
512 567 636 1553114599711 
512 567 638 1553114599743 
512 567 642 1553114599759 
512 567 643 1553114599776 
512 567 644 1553114599793 
513 567 644 1553114599832 
512 567 645 1553114599943 
514 567 645 1553114599949 
512 567 645 1553114599961 
512 568 645 1553114599974 
512 568 644 1553114599992 
512 568 643 1553114600211 
512 570 644 1553114600277 
512 594 649 1553114600292 
512 685 662 1553114600310 
512 755 667 1553114600326 
512 828 667 1553114600341 
512 857 665 1553114600359 
512 868 662 1553114600378 
512 879 657 1553114600391 
512 888 652 1553114600408 
512 899 649 1553114600426 
512 902 648 1553114600444 
512 903 647 1553114600460 
512 904 647 1553114600477 
512 902 647 1553114600558 
512 892 647 1553114600576 
512 880 647 1553114600595 
512 863 647 1553114600611 
512 849 646 1553114600626 
512 839 644 1553114600642 
513 839 644 1553114600871 
512 839 643 1553114600944 
514 839 643 1553114600963 
512 839 643 1553114600993 
512 839 642 1553114601161 
512 837 641 1553114601177 
512 836 640 1553114601192 
512 837 636 1553114601227 
512 844 628 1553114601245 
512 855 617 1553114601260 
512 877 586 1553114601279 
512 889 564 1553114601294 
512 904 544 1553114601310 
512 929 513 1553114601327 
512 941 484 1553114601343 
512 947 461 1553114601360 
512 947 439 1553114601379 
512 947 431 1553114601392 
512 947 416 1553114601410 
512 946 407 1553114601427 
512 944 405 1553114601443 
512 944 404 1553114601459 
512 940 402 1553114601611 
512 937 398 1553114601627 
512 937 395 1553114601645 
512 936 391 1553114601659 
512 936 390 1553114601694 
512 936 385 1553114601710 
512 936 378 1553114601727 
512 938 374 1553114601745 
512 939 371 1553114601762 
512 939 368 1553114601778 
512 937 368 1553114601961 
512 932 368 1553114601979 
512 928 369 1553114601994 
512 925 370 1553114602011 
512 924 372 1553114602027 
512 923 372 1553114602044 
513 923 372 1553114602097 
512 923 373 1553114602180 
514 923 373 1553114602299 
512 923 373 1553114602313 
512 914 372 1553114602578 
512 886 367 1553114602595 
512 853 363 1553114602611 
512 767 360 1553114602628 
512 702 365 1553114602645 
512 644 370 1553114602661 
512 588 373 1553114602678 
512 529 379 1553114602695 
512 496 379 1553114602710 
512 472 380 1553114602728 
512 457 382 1553114602744 
512 451 384 1553114602762 
512 450 384 1553114602780 
512 449 384 1553114602795 
512 453 384 1553114602929 
512 459 384 1553114602946 
512 465 384 1553114602964 
512 471 384 1553114602980 
512 474 384 1553114603011 
512 479 384 1553114603028 
512 481 383 1553114603045 
512 483 380 1553114603062 
512 483 379 1553114603079 
512 484 379 1553114603093 
513 484 379 1553114603231 
512 483 379 1553114603369 
514 483 379 1553114603369 
512 483 379 1553114603379 
512 481 379 1553114603397 
512 477 378 1553114603413 
512 473 378 1553114603429 
512 471 378 1553114603446 
512 470 378 1553114603612 
512 471 377 1553114603628 
512 473 377 1553114603645 
512 474 376 1553114603659 
513 474 376 1553114603660 
512 475 376 1553114603680 
514 475 376 1553114603777 
512 475 376 1553114603798 
512 475 377 1553114604064 
512 481 397 1553114604080 
512 487 419 1553114604097 
512 507 454 1553114604115 
512 533 533 1553114604128 
512 543 571 1553114604146 
512 550 598 1553114604161 
512 554 620 1553114604180 
512 558 639 1553114604195 
512 559 651 1553114604214 
512 559 652 1553114604229 
512 559 648 1553114604430 
512 559 646 1553114604446 
512 559 643 1553114604461 
512 557 638 1553114604480 
512 557 635 1553114604497 
512 555 633 1553114604511 
512 555 632 1553114604528 
513 555 632 1553114604620 
514 555 632 1553114604752 
512 555 636 1553114604831 
512 559 640 1553114604845 
512 564 644 1553114604863 
512 567 645 1553114604880 
512 568 646 1553114604897 
512 569 647 1553114604930 
512 570 647 1553114604945 
512 571 647 1553114604963 
512 572 647 1553114604980 
512 571 645 1553114605128 
512 570 644 1553114605145 
512 569 644 1553114605207 
513 569 644 1553114605208 
512 568 647 1553114605230 
512 568 649 1553114605245 
514 568 649 1553114605393 
512 568 649 1553114605398 
512 566 649 1553114605496 
512 563 649 1553114605514 
512 561 648 1553114605531 
512 561 647 1553114605646 
512 561 646 1553114605664 
513 561 646 1553114605705 
512 562 646 1553114605764 
514 562 646 1553114605807 
512 562 646 1553114605814 
512 562 645 1553114605829 
512 562 644 1553114605846 
512 562 643 1553114605864 
512 562 642 1553114605880 
512 561 640 1553114605914 
512 560 639 1553114605930 
512 559 638 1553114605948 
512 558 638 1553114606081 
512 558 637 1553114606114 
512 572 626 1553114606129 
512 585 608 1553114606147 
512 603 583 1553114606165 
512 616 560 1553114606181 
512 640 507 1553114606198 
512 645 490 1553114606213 
512 651 475 1553114606233 
512 678 422 1553114606264 
512 728 316 1553114606313 
512 730 301 1553114606339 
512 731 286 1553114606350 
512 730 275 1553114606363 
512 729 264 1553114606381 
512 727 256 1553114606398 
512 727 249 1553114606415 
512 727 243 1553114606431 
512 728 233 1553114606448 
512 734 216 1553114606465 
512 736 208 1553114606482 
512 736 196 1553114606498 
512 731 184 1553114606515 
512 718 168 1553114606532 
512 710 157 1553114606550 
512 709 156 1553114606581 
512 708 156 1553114606654 
512 705 156 1553114606664 
512 697 163 1553114606682 
512 696 177 1553114606698 
512 697 185 1553114606717 
512 701 193 1553114606742 
512 702 196 1553114606748 
512 704 200 1553114606765 
512 705 203 1553114606784 
512 706 203 1553114606797 
512 706 204 1553114606814 
512 706 205 1553114606831 
512 706 206 1553114606848 
512 706 209 1553114606864 
512 706 211 1553114606881 
512 706 212 1553114606899 
512 705 211 1553114606983 
513 705 211 1553114607191 
512 704 211 1553114607251 
514 704 211 1553114607300 
