512 704 211 1553114607334 
512 703 212 1553114607449 
512 703 213 1553114607464 
512 703 215 1553114607481 
512 703 216 1553114607532 
512 703 217 1553114607551 
512 702 232 1553114607569 
512 705 250 1553114607582 
512 719 289 1553114607599 
512 745 350 1553114607619 
512 771 405 1553114607633 
512 797 470 1553114607649 
512 837 541 1553114607667 
512 862 589 1553114607683 
512 877 614 1553114607701 
512 879 622 1553114607722 
512 879 623 1553114607748 
512 876 623 1553114607899 
512 867 623 1553114607917 
512 853 621 1553114607932 
512 840 620 1553114607949 
512 822 622 1553114607966 
512 816 626 1553114607983 
512 811 628 1553114608000 
512 810 629 1553114608019 
512 810 630 1553114608052 
512 810 632 1553114608069 
512 810 636 1553114608083 
512 810 638 1553114608101 
512 811 640 1553114608120 
512 812 640 1553114608133 
512 814 642 1553114608151 
512 817 645 1553114608169 
512 821 648 1553114608184 
512 830 648 1553114608200 
512 832 649 1553114608216 
512 834 650 1553114608233 
512 835 650 1553114608250 
512 836 650 1553114608316 
512 836 647 1553114608332 
512 836 644 1553114608367 
513 836 644 1553114608530 
514 836 644 1553114608659 
512 830 627 1553114608803 
512 824 609 1553114608821 
512 815 594 1553114608833 
512 806 581 1553114608852 
512 789 561 1553114608867 
512 739 505 1553114608893 
512 701 474 1553114608918 
512 624 429 1553114608938 
512 593 418 1553114608950 
512 582 415 1553114608969 
512 578 415 1553114608983 
512 575 415 1553114609001 
512 562 416 1553114609029 
512 556 417 1553114609036 
512 549 419 1553114609051 
512 538 420 1553114609067 
512 530 421 1553114609083 
512 522 422 1553114609100 
512 518 422 1553114609117 
512 517 422 1553114609134 
512 515 419 1553114609286 
512 514 419 1553114609299 
512 513 417 1553114609317 
512 511 416 1553114609337 
512 509 414 1553114609350 
512 504 412 1553114609366 
512 500 409 1553114609385 
512 496 406 1553114609400 
512 489 401 1553114609416 
512 484 395 1553114609437 
512 484 393 1553114609449 
512 480 390 1553114609466 
512 477 387 1553114609484 
512 474 382 1553114609501 
512 473 381 1553114609516 
512 473 380 1553114609536 
513 473 380 1553114609745 
514 473 380 1553114609918 
512 474 380 1553114610050 
512 493 383 1553114610067 
512 509 389 1553114610084 
512 530 391 1553114610101 
512 544 392 1553114610118 
512 556 390 1553114610136 
512 558 389 1553114610152 
512 571 385 1553114610171 
512 584 379 1553114610185 
512 603 373 1553114610202 
512 621 363 1553114610218 
512 640 351 1553114610240 
512 650 347 1553114610251 
512 661 333 1553114610270 
512 666 310 1553114610284 
512 667 301 1553114610305 
512 667 291 1553114610322 
512 667 286 1553114610333 
512 664 280 1553114610351 
512 664 276 1553114610370 
512 661 272 1553114610388 
512 661 270 1553114610402 
512 661 267 1553114610418 
512 662 265 1553114610436 
512 663 264 1553114610451 
512 664 263 1553114610468 
512 665 263 1553114610484 
512 667 263 1553114610518 
512 679 263 1553114610536 
512 704 259 1553114610552 
512 712 258 1553114610569 
512 717 256 1553114610585 
512 718 254 1553114610600 
512 719 252 1553114610618 
512 719 245 1553114610643 
512 719 236 1553114610671 
512 719 232 1553114610685 
512 719 228 1553114610700 
512 717 223 1553114610718 
512 710 214 1553114610733 
512 700 204 1553114610750 
512 694 201 1553114610769 
512 694 199 1553114610783 
512 694 200 1553114610903 
512 694 201 1553114610941 
512 694 202 1553114610958 
512 694 203 1553114610967 
512 694 204 1553114610987 
512 694 205 1553114611001 
512 696 207 1553114611020 
512 696 209 1553114611033 
513 696 209 1553114611256 
514 696 209 1553114611357 
512 697 210 1553114611492 
512 697 212 1553114611504 
512 698 218 1553114611517 
512 698 223 1553114611536 
512 698 230 1553114611552 
512 700 236 1553114611567 
512 704 241 1553114611584 
512 713 252 1553114611603 
512 722 260 1553114611617 
512 738 275 1553114611636 
512 780 309 1553114611652 
512 816 325 1553114611667 
512 881 355 1553114611686 
512 916 366 1553114611705 
512 924 368 1553114611721 
512 925 369 1553114611737 
512 926 369 1553114611752 
513 926 369 1553114612052 
514 926 369 1553114612191 
512 922 369 1553114612252 
512 912 369 1553114612272 
512 883 368 1553114612296 
512 872 368 1553114612303 
512 848 368 1553114612319 
512 833 368 1553114612337 
512 821 369 1553114612354 
512 812 373 1553114612369 
512 801 376 1553114612385 
512 792 379 1553114612403 
512 782 381 1553114612423 
512 770 384 1553114612439 
512 754 392 1553114612452 
512 742 401 1553114612468 
512 729 413 1553114612487 
512 716 423 1553114612504 
512 696 440 1553114612524 
512 676 456 1553114612536 
512 666 480 1553114612553 
512 659 502 1553114612570 
512 638 524 1553114612594 
512 628 526 1553114612603 
512 594 541 1553114612623 
512 575 559 1553114612636 
512 560 587 1553114612653 
512 554 597 1553114612669 
512 550 601 1553114612687 
512 548 605 1553114612701 
512 544 606 1553114612719 
512 541 607 1553114612735 
512 539 607 1553114612761 
512 539 610 1553114612887 
512 541 612 1553114612905 
512 545 618 1553114612918 
512 547 621 1553114612936 
512 547 622 1553114612953 
512 551 631 1553114612968 
512 554 634 1553114612985 
512 557 640 1553114613004 
512 559 642 1553114613021 
512 559 644 1553114613037 
512 558 643 1553114613203 
513 558 643 1553114613297 
514 558 643 1553114613393 
512 558 638 1553114613526 
512 557 623 1553114613544 
512 557 617 1553114613553 
512 557 603 1553114613571 
512 556 592 1553114613586 
512 555 581 1553114613602 
512 557 563 1553114613624 
512 562 556 1553114613647 
512 566 556 1553114613656 
512 576 556 1553114613670 
512 591 557 1553114613687 
512 610 557 1553114613704 
512 631 557 1553114613723 
512 663 563 1553114613738 
512 684 568 1553114613756 
512 711 581 1553114613771 
512 735 593 1553114613787 
512 752 600 1553114613805 
512 761 604 1553114613821 
512 765 607 1553114613837 
512 767 611 1553114613854 
512 769 614 1553114613871 
512 773 617 1553114613888 
512 779 624 1553114613907 
512 792 636 1553114613922 
512 809 648 1553114613936 
512 822 652 1553114613953 
512 828 654 1553114613971 
512 829 654 1553114613987 
512 830 654 1553114614037 
512 831 653 1553114614054 
512 831 651 1553114614073 
512 832 650 1553114614087 
512 833 649 1553114614104 
512 836 648 1553114614121 
512 836 646 1553114614154 
513 836 646 1553114614382 
514 836 646 1553114614479 
512 836 645 1553114614588 
512 822 640 1553114614603 
512 791 622 1553114614620 
512 759 602 1553114614638 
512 742 587 1553114614657 
512 708 556 1553114614670 
512 675 530 1553114614688 
512 648 515 1553114614708 
512 642 512 1553114614722 
512 638 509 1553114614737 
512 640 507 1553114614781 
512 676 498 1553114614807 
512 687 494 1553114614821 
512 710 491 1553114614837 
512 735 486 1553114614855 
512 765 475 1553114614874 
512 777 466 1553114614887 
512 785 459 1553114614904 
512 795 450 1553114614921 
512 807 442 1553114614938 
512 816 428 1553114614962 
512 821 421 1553114614977 
512 824 417 1553114614990 
512 826 416 1553114615005 
512 830 414 1553114615021 
512 837 412 1553114615039 
512 845 408 1553114615055 
512 851 404 1553114615072 
512 853 402 1553114615087 
512 857 400 1553114615104 
512 862 400 1553114615122 
512 870 399 1553114615142 
512 876 399 1553114615158 
512 880 399 1553114615172 
512 881 397 1553114615190 
512 886 395 1553114615210 
512 890 394 1553114615225 
512 894 393 1553114615238 
512 896 392 1553114615255 
512 898 391 1553114615272 
512 900 390 1553114615292 
512 903 389 1553114615305 
512 905 389 1553114615324 
512 905 388 1553114615338 
512 905 386 1553114615355 
512 907 385 1553114615373 
512 908 383 1553114615388 
512 909 382 1553114615405 
512 910 380 1553114615425 
512 911 379 1553114615475 
512 913 377 1553114615504 
512 915 377 1553114615523 
512 919 377 1553114615541 
512 919 376 1553114615556 
512 920 376 1553114615625 
513 920 376 1553114615745 
514 920 376 1553114615869 
512 920 377 1553114615972 
512 919 380 1553114615988 
512 915 383 1553114616013 
512 903 387 1553114616027 
512 897 388 1553114616039 
512 885 392 1553114616055 
512 883 393 1553114616073 
512 868 393 1553114616091 
512 848 394 1553114616108 
512 809 393 1553114616123 
512 739 389 1553114616146 
512 711 390 1553114616156 
512 678 390 1553114616173 
512 643 394 1553114616190 
512 611 395 1553114616206 
512 592 395 1553114616223 
512 581 396 1553114616238 
512 573 396 1553114616256 
512 571 395 1553114616275 
512 569 395 1553114616291 
512 563 392 1553114616306 
512 554 390 1553114616324 
512 536 388 1553114616344 
512 533 388 1553114616356 
512 531 385 1553114616440 
512 527 383 1553114616456 
512 519 379 1553114616475 
512 517 379 1553114616488 
512 511 379 1553114616506 
512 503 379 1553114616526 
512 495 378 1553114616543 
512 488 378 1553114616558 
512 480 378 1553114616575 
512 479 378 1553114616706 
513 479 378 1553114616842 
514 479 378 1553114616933 
512 481 379 1553114617022 
512 487 384 1553114617041 
512 503 393 1553114617058 
512 535 402 1553114617074 
512 548 406 1553114617091 
512 563 410 1553114617107 
512 572 412 1553114617124 
512 578 414 1553114617141 
512 586 414 1553114617159 
512 589 416 1553114617175 
512 593 420 1553114617191 
512 607 434 1553114617207 
512 612 448 1553114617223 
512 618 469 1553114617243 
512 621 484 1553114617255 
512 623 502 1553114617274 
512 623 518 1553114617291 
512 613 556 1553114617309 
512 609 578 1553114617324 
512 598 589 1553114617339 
512 589 599 1553114617358 
512 580 606 1553114617374 
512 575 612 1553114617391 
512 570 615 1553114617407 
512 563 619 1553114617424 
512 559 620 1553114617439 
512 557 621 1553114617457 
512 557 624 1553114617542 
512 557 628 1553114617558 
512 555 632 1553114617573 
512 555 636 1553114617593 
512 555 641 1553114617606 
512 555 644 1553114617624 
512 555 645 1553114617725 
512 556 645 1553114617775 
513 556 645 1553114617826 
514 556 645 1553114617885 
512 557 644 1553114617957 
512 561 639 1553114617975 
512 565 631 1553114617992 
512 570 626 1553114618006 
512 576 617 1553114618025 
512 582 598 1553114618042 
512 590 583 1553114618056 
512 600 564 1553114618073 
512 606 548 1553114618091 
512 613 537 1553114618108 
512 624 520 1553114618125 
512 634 501 1553114618142 
512 648 479 1553114618156 
512 658 448 1553114618175 
512 669 373 1553114618191 
512 673 351 1553114618208 
512 674 333 1553114618224 
512 676 309 1553114618240 
512 677 286 1553114618257 
512 677 261 1553114618276 
512 677 256 1553114618291 
512 678 246 1553114618309 
512 678 239 1553114618325 
512 674 233 1553114618343 
512 673 231 1553114618356 
512 673 230 1553114618374 
512 673 229 1553114618389 
512 675 229 1553114618491 
512 678 229 1553114618509 
512 681 229 1553114618526 
512 690 229 1553114618543 
512 691 228 1553114618558 
512 695 228 1553114618575 
512 697 226 1553114618591 
512 698 226 1553114618609 
512 700 224 1553114618625 
512 700 223 1553114618640 
512 700 222 1553114618659 
512 700 220 1553114618692 
512 700 219 1553114618709 
512 700 218 1553114618725 
512 699 216 1553114618741 
512 699 214 1553114618758 
512 698 213 1553114618774 
512 698 212 1553114618823 
512 698 211 1553114618841 
512 698 210 1553114618860 
513 698 210 1553114618947 
514 698 210 1553114619073 
