512 699 214 1553173749130 
512 689 216 1553173749148 
512 675 223 1553173749166 
512 659 234 1553173749181 
512 650 243 1553173749196 
512 639 274 1553173749215 
512 636 303 1553173749231 
512 636 348 1553173749247 
512 646 390 1553173749263 
512 655 425 1553173749281 
512 688 471 1553173749302 
512 698 486 1553173749313 
512 740 519 1553173749329 
512 774 543 1553173749348 
512 785 550 1553173749366 
512 799 561 1553173749381 
512 802 567 1553173749398 
512 806 572 1553173749414 
512 808 576 1553173749433 
512 811 589 1553173749455 
512 813 593 1553173749465 
512 813 597 1553173749481 
512 813 598 1553173749515 
512 808 600 1553173749548 
512 805 602 1553173749565 
512 803 608 1553173749582 
512 803 616 1553173749599 
512 804 624 1553173749615 
512 807 630 1553173749632 
512 809 632 1553173749648 
512 810 634 1553173749668 
512 811 634 1553173749680 
512 818 638 1553173749735 
512 822 638 1553173749748 
512 823 639 1553173749764 
512 824 638 1553173749872 
512 824 637 1553173749932 
512 825 637 1553173749998 
512 827 637 1553173750032 
512 829 637 1553173750048 
512 831 637 1553173750065 
512 832 637 1553173750082 
512 833 637 1553173750097 
512 834 637 1553173750114 
512 836 638 1553173750181 
512 837 639 1553173750199 
512 839 640 1553173750215 
512 841 640 1553173750232 
513 841 640 1553173750338 
514 841 640 1553173750448 
512 840 640 1553173750480 
512 836 637 1553173750498 
512 832 632 1553173750514 
512 825 628 1553173750532 
512 820 618 1553173750547 
512 813 608 1553173750565 
512 806 591 1553173750583 
512 795 574 1553173750599 
512 783 557 1553173750614 
512 771 539 1553173750632 
512 759 513 1553173750648 
512 752 494 1553173750664 
512 733 473 1553173750682 
512 717 448 1553173750697 
512 688 415 1553173750715 
512 668 402 1553173750731 
512 643 393 1553173750749 
512 615 385 1553173750765 
512 591 381 1553173750781 
512 569 378 1553173750797 
512 557 375 1553173750814 
512 541 372 1553173750832 
512 524 369 1553173750850 
512 512 368 1553173750864 
512 501 368 1553173750881 
512 496 368 1553173750899 
512 491 368 1553173750914 
512 490 369 1553173750931 
512 489 369 1553173751064 
512 487 371 1553173751083 
512 486 372 1553173751099 
512 483 372 1553173751117 
512 480 372 1553173751133 
512 477 372 1553173751148 
512 472 374 1553173751164 
512 467 378 1553173751200 
512 467 379 1553173751281 
512 468 379 1553173751300 
512 473 379 1553173751314 
512 480 379 1553173751333 
512 481 379 1553173751348 
512 483 379 1553173751354 
513 483 379 1553173751354 
512 484 379 1553173751383 
514 484 379 1553173751440 
512 484 379 1553173751466 
512 486 379 1553173751531 
512 498 380 1553173751567 
512 510 379 1553173751583 
512 525 377 1553173751601 
512 543 375 1553173751617 
512 562 374 1553173751633 
512 570 374 1553173751648 
512 581 374 1553173751665 
512 595 373 1553173751681 
512 605 369 1553173751698 
512 607 368 1553173751717 
512 603 368 1553173751781 
512 583 368 1553173751800 
512 539 371 1553173751816 
512 517 378 1553173751832 
512 505 380 1553173751850 
512 500 381 1553173751865 
512 495 381 1553173751883 
512 492 382 1553173751900 
512 490 382 1553173751916 
512 489 382 1553173752015 
512 488 382 1553173752050 
512 477 377 1553173752067 
512 466 372 1553173752083 
512 465 370 1553173752099 
512 464 370 1553173752199 
513 464 370 1553173752260 
514 464 370 1553173752385 
512 465 370 1553173752416 
512 468 371 1553173752434 
512 474 372 1553173752449 
512 483 372 1553173752466 
512 491 372 1553173752482 
512 503 371 1553173752500 
512 519 367 1553173752516 
512 530 367 1553173752532 
512 536 365 1553173752550 
512 549 357 1553173752682 
512 569 349 1553173752699 
512 594 341 1553173752717 
512 608 328 1553173752734 
512 625 312 1553173752749 
512 638 296 1553173752766 
512 643 286 1553173752783 
512 653 277 1553173752801 
512 657 274 1553173752816 
512 657 271 1553173752833 
512 658 270 1553173752849 
512 658 269 1553173752901 
512 660 266 1553173752917 
512 661 264 1553173752934 
512 662 264 1553173752950 
512 664 263 1553173752967 
512 674 260 1553173752984 
512 685 258 1553173753001 
512 704 258 1553173753016 
512 721 254 1553173753034 
512 732 247 1553173753050 
512 735 244 1553173753067 
512 738 239 1553173753084 
512 738 235 1553173753100 
512 735 227 1553173753116 
512 729 218 1553173753134 
512 723 212 1553173753149 
512 715 204 1553173753168 
512 702 193 1553173753184 
512 700 193 1553173753200 
512 700 192 1553173753218 
512 699 192 1553173753249 
512 699 197 1553173753333 
512 700 201 1553173753350 
512 700 202 1553173753451 
513 700 202 1553173753674 
514 700 202 1553173753800 
512 700 203 1553173753834 
512 700 204 1553173753852 
512 700 207 1553173753868 
512 700 209 1553173753884 
512 699 214 1553173753902 
512 699 218 1553173753917 
512 699 223 1553173753935 
512 699 229 1553173753952 
512 699 231 1553173753969 
512 700 232 1553173753983 
512 699 237 1553173754051 
512 697 244 1553173754068 
512 697 260 1553173754085 
512 702 282 1553173754101 
512 716 303 1553173754117 
512 744 325 1553173754134 
512 773 341 1553173754152 
512 825 360 1553173754168 
512 850 368 1553173754185 
512 871 370 1553173754202 
512 878 370 1553173754219 
512 879 369 1553173754235 
512 880 365 1553173754251 
512 882 363 1553173754269 
512 882 362 1553173754285 
512 882 361 1553173754301 
512 883 360 1553173754334 
512 885 360 1553173754417 
512 888 361 1553173754434 
512 889 362 1553173754450 
512 896 367 1553173754468 
512 903 369 1553173754485 
512 908 371 1553173754502 
512 910 371 1553173754517 
512 913 372 1553173754585 
512 915 372 1553173754601 
512 916 372 1553173754617 
512 916 373 1553173754669 
512 919 374 1553173754752 
512 920 374 1553173754784 
513 920 374 1553173754785 
514 920 374 1553173754955 
512 913 374 1553173755285 
512 886 372 1553173755303 
512 840 372 1553173755318 
512 795 379 1553173755335 
512 724 393 1553173755351 
512 655 416 1553173755368 
512 553 451 1553173755386 
512 502 473 1553173755403 
512 476 501 1553173755419 
512 453 532 1553173755436 
512 436 570 1553173755453 
512 428 605 1553173755470 
512 426 627 1553173755485 
512 422 634 1553173755503 
512 421 641 1553173755520 
512 421 651 1553173755536 
512 423 658 1553173755552 
512 423 663 1553173755570 
512 425 665 1553173755586 
512 428 667 1553173755603 
512 437 673 1553173755618 
512 443 678 1553173755635 
512 452 679 1553173755653 
512 464 679 1553173755668 
512 475 679 1553173755686 
512 491 679 1553173755704 
512 511 679 1553173755720 
512 526 679 1553173755735 
512 547 679 1553173755753 
512 560 678 1553173755770 
512 565 674 1553173755786 
512 567 672 1553173755801 
512 568 671 1553173755819 
512 569 671 1553173755837 
512 570 671 1553173755853 
512 571 669 1553173755886 
512 571 666 1553173755903 
512 571 662 1553173755918 
512 569 658 1553173755937 
512 568 657 1553173755953 
512 568 656 1553173755968 
512 567 655 1553173755987 
512 565 654 1553173756003 
512 561 652 1553173756019 
512 557 651 1553173756036 
512 553 650 1553173756052 
512 553 649 1553173756203 
512 555 647 1553173756220 
512 555 646 1553173756235 
512 555 645 1553173756253 
513 555 645 1553173756330 
514 555 645 1553173756480 
512 556 641 1553173756570 
512 558 635 1553173756587 
512 560 625 1553173756604 
512 560 612 1553173756619 
512 559 583 1553173756638 
512 553 568 1553173756654 
512 540 545 1553173756670 
512 531 534 1553173756686 
512 526 531 1553173756703 
512 525 530 1553173756719 
512 536 533 1553173756752 
512 564 539 1553173756770 
512 626 552 1553173756788 
512 697 573 1553173756804 
512 770 596 1553173756820 
512 843 614 1553173756837 
512 869 622 1553173756854 
512 886 625 1553173756871 
512 887 625 1553173756887 
512 886 625 1553173756971 
512 884 627 1553173756986 
512 880 630 1553173757005 
512 878 630 1553173757021 
512 878 631 1553173757037 
512 876 631 1553173757052 
512 870 630 1553173757069 
512 859 630 1553173757086 
512 850 630 1553173757103 
512 841 632 1553173757121 
512 837 634 1553173757136 
512 835 635 1553173757152 
512 834 636 1553173757172 
512 833 639 1553173757188 
512 833 641 1553173757202 
512 834 642 1553173757305 
512 835 642 1553173757421 
513 835 642 1553173757566 
514 835 642 1553173757700 
512 834 642 1553173757739 
512 828 641 1553173757754 
512 818 636 1553173757771 
512 802 624 1553173757786 
512 786 613 1553173757803 
512 773 608 1553173757821 
512 756 594 1553173757838 
512 748 586 1553173757853 
512 731 567 1553173757871 
512 721 556 1553173757887 
512 710 548 1553173757905 
512 708 545 1553173757920 
512 707 545 1553173757938 
512 709 545 1553173757972 
512 719 545 1553173757987 
512 751 542 1553173758005 
512 777 536 1553173758022 
512 804 533 1553173758037 
512 823 525 1553173758054 
512 836 515 1553173758070 
512 853 501 1553173758087 
512 864 481 1553173758104 
512 870 474 1553173758121 
512 872 466 1553173758138 
512 873 451 1553173758154 
512 874 436 1553173758170 
512 871 426 1553173758187 
512 869 418 1553173758205 
512 869 416 1553173758221 
512 869 414 1553173758238 
512 869 412 1553173758255 
512 872 409 1553173758271 
512 875 408 1553173758287 
512 884 404 1553173758303 
512 892 402 1553173758321 
512 899 400 1553173758338 
512 908 399 1553173758354 
512 911 397 1553173758370 
512 918 394 1553173758387 
512 923 390 1553173758405 
512 925 389 1553173758422 
512 927 388 1553173758437 
512 928 386 1553173758453 
512 929 386 1553173758704 
512 929 382 1553173758722 
512 929 380 1553173758739 
512 929 378 1553173758755 
512 929 377 1553173758770 
513 929 377 1553173758878 
514 929 377 1553173758988 
512 920 377 1553173759038 
512 904 377 1553173759055 
512 882 377 1553173759071 
512 856 377 1553173759087 
512 819 382 1553173759104 
512 799 382 1553173759122 
512 766 382 1553173759138 
512 738 382 1553173759155 
512 712 382 1553173759171 
512 693 381 1553173759188 
512 682 382 1553173759206 
512 668 384 1553173759221 
512 655 385 1553173759239 
512 642 386 1553173759255 
512 620 386 1553173759272 
512 603 386 1553173759288 
512 584 386 1553173759305 
512 568 385 1553173759322 
512 552 382 1553173759338 
512 538 380 1553173759355 
512 526 380 1553173759373 
512 511 378 1553173759388 
512 501 376 1553173759404 
512 492 373 1553173759421 
512 488 373 1553173759438 
512 485 372 1553173759456 
512 484 372 1553173759472 
512 483 372 1553173759489 
512 480 372 1553173759506 
512 479 372 1553173759521 
512 478 372 1553173759538 
512 477 372 1553173759556 
513 477 372 1553173759744 
512 476 372 1553173759846 
514 476 372 1553173759847 
512 476 372 1553173759856 
512 476 374 1553173759873 
512 479 375 1553173759889 
512 482 376 1553173759907 
512 491 378 1553173759923 
512 506 378 1553173759941 
512 515 378 1553173759955 
512 550 376 1553173759974 
512 567 375 1553173759990 
512 584 372 1553173760007 
512 593 368 1553173760023 
512 603 366 1553173760038 
512 608 364 1553173760055 
512 609 364 1553173760073 
512 609 370 1553173760122 
512 608 385 1553173760139 
512 606 401 1553173760155 
512 604 422 1553173760172 
512 600 450 1553173760190 
512 592 512 1553173760206 
512 586 539 1553173760223 
512 583 556 1553173760239 
512 581 577 1553173760256 
512 581 595 1553173760273 
512 581 609 1553173760288 
512 581 616 1553173760305 
512 578 620 1553173760323 
512 575 626 1553173760339 
512 574 626 1553173760355 
512 574 627 1553173760390 
512 573 628 1553173760406 
512 570 629 1553173760441 
512 569 629 1553173760456 
512 566 629 1553173760472 
512 565 629 1553173760572 
512 565 632 1553173760589 
512 565 635 1553173760607 
512 565 636 1553173760622 
512 566 639 1553173760639 
512 566 644 1553173760657 
512 566 649 1553173760672 
512 568 653 1553173760690 
512 567 653 1553173760856 
512 566 653 1553173760889 
513 566 653 1553173760957 
514 566 653 1553173761072 
512 566 652 1553173761141 
512 566 651 1553173761175 
512 568 651 1553173761191 
512 573 650 1553173761208 
512 580 648 1553173761224 
512 581 647 1553173761241 
512 581 645 1553173761257 
512 581 644 1553173761273 
512 579 645 1553173761424 
512 578 645 1553173761440 
512 577 646 1553173761457 
512 576 647 1553173761475 
512 570 646 1553173761756 
512 563 643 1553173761775 
512 559 642 1553173761791 
512 556 641 1553173761808 
513 556 641 1553173761909 
512 557 641 1553173762023 
512 559 641 1553173762041 
514 559 641 1553173762103 
512 559 641 1553173762108 
512 560 641 1553173762123 
512 562 640 1553173762158 
512 571 637 1553173762191 
512 584 631 1553173762208 
512 594 626 1553173762224 
512 611 620 1553173762240 
512 631 609 1553173762257 
512 645 596 1553173762275 
512 662 582 1553173762291 
512 688 554 1553173762308 
512 712 533 1553173762325 
512 741 504 1553173762341 
512 763 479 1553173762358 
512 777 465 1553173762374 
512 790 449 1553173762391 
512 799 432 1553173762409 
512 804 424 1553173762425 
512 812 379 1553173762442 
512 816 350 1553173762457 
512 816 307 1553173762475 
512 809 270 1553173762490 
512 797 236 1553173762507 
512 781 211 1553173762525 
512 770 190 1553173762542 
512 763 176 1553173762558 
512 762 167 1553173762575 
512 757 162 1553173762591 
512 755 160 1553173762607 
512 752 165 1553173762757 
512 749 176 1553173762776 
512 744 183 1553173762791 
512 742 194 1553173762808 
512 742 199 1553173762826 
512 741 203 1553173762842 
512 740 208 1553173762858 
512 737 211 1553173762875 
512 730 214 1553173762892 
512 720 219 1553173762909 
512 719 220 1553173762925 
512 718 221 1553173762942 
512 716 222 1553173762959 
512 714 222 1553173762992 
512 711 219 1553173763026 
512 703 213 1553173763043 
512 699 209 1553173763058 
512 697 207 1553173763075 
513 697 207 1553173763301 
514 697 207 1553173763393 
