512 702 215 1553265652014 
512 707 220 1553265652030 
512 713 224 1553265652047 
512 725 239 1553265652064 
512 727 249 1553265652080 
512 730 256 1553265652096 
512 738 275 1553265652114 
512 748 293 1553265652131 
512 758 307 1553265652147 
512 764 314 1553265652163 
512 766 317 1553265652181 
512 768 325 1553265652196 
512 770 338 1553265652213 
512 774 362 1553265652230 
512 782 399 1553265652246 
512 787 435 1553265652264 
512 792 455 1553265652280 
512 805 495 1553265652297 
512 821 557 1553265652313 
512 823 569 1553265652330 
512 824 584 1553265652346 
512 823 600 1553265652363 
512 821 609 1553265652382 
512 820 614 1553265652396 
512 820 616 1553265652413 
512 820 619 1553265652432 
512 820 621 1553265652450 
512 820 622 1553265652481 
512 820 623 1553265652497 
512 821 624 1553265652513 
512 822 625 1553265652530 
512 824 628 1553265652550 
512 826 628 1553265652564 
512 828 629 1553265652664 
512 832 632 1553265652680 
512 833 634 1553265652697 
512 833 635 1553265652797 
512 833 636 1553265652815 
512 833 637 1553265652830 
512 833 638 1553265652847 
512 834 639 1553265652932 
512 835 640 1553265652947 
512 835 641 1553265652966 
512 836 643 1553265652983 
512 837 646 1553265652997 
512 837 647 1553265653015 
513 837 647 1553265653048 
512 838 647 1553265653082 
514 838 647 1553265653166 
512 838 647 1553265653184 
512 838 646 1553265653199 
512 837 645 1553265653214 
512 834 642 1553265653231 
512 830 638 1553265653249 
512 821 627 1553265653265 
512 801 603 1553265653285 
512 785 583 1553265653298 
512 766 556 1553265653314 
512 751 533 1553265653333 
512 738 510 1553265653348 
512 723 489 1553265653364 
512 710 473 1553265653383 
512 699 463 1553265653400 
512 687 455 1553265653416 
512 670 441 1553265653432 
512 661 434 1553265653448 
512 648 428 1553265653464 
512 630 420 1553265653480 
512 612 414 1553265653498 
512 601 413 1553265653515 
512 582 409 1553265653533 
512 572 407 1553265653549 
512 556 404 1553265653565 
512 544 402 1553265653582 
512 537 401 1553265653599 
512 533 401 1553265653616 
512 529 401 1553265653631 
512 515 395 1553265653649 
512 510 393 1553265653665 
512 487 387 1553265653681 
512 475 384 1553265653698 
512 469 383 1553265653714 
512 467 383 1553265653731 
512 467 382 1553265653816 
512 467 379 1553265653832 
512 467 378 1553265653849 
512 468 378 1553265654015 
513 468 378 1553265654040 
514 468 378 1553265654140 
512 479 382 1553265654200 
512 495 386 1553265654216 
512 521 392 1553265654231 
512 557 401 1553265654248 
512 594 409 1553265654265 
512 628 415 1553265654283 
512 639 418 1553265654299 
512 646 419 1553265654314 
512 649 419 1553265654332 
512 651 419 1553265654351 
512 654 416 1553265654365 
512 660 410 1553265654386 
512 668 407 1553265654400 
512 677 396 1553265654416 
512 694 382 1553265654433 
512 708 364 1553265654449 
512 712 341 1553265654465 
512 712 324 1553265654484 
512 716 309 1553265654498 
512 718 292 1553265654517 
512 718 274 1553265654533 
512 715 256 1553265654549 
512 713 244 1553265654567 
512 713 239 1553265654583 
512 713 228 1553265654599 
512 713 221 1553265654617 
512 713 215 1553265654632 
512 711 210 1553265654649 
512 704 202 1553265654665 
512 702 201 1553265654682 
512 701 201 1553265654700 
512 699 201 1553265654715 
512 697 201 1553265654734 
512 695 206 1553265654748 
512 695 212 1553265654767 
512 695 214 1553265654783 
512 695 215 1553265654869 
512 696 215 1553265655034 
512 696 214 1553265655049 
512 697 213 1553265655067 
512 697 212 1553265655085 
512 697 211 1553265655116 
513 697 211 1553265655173 
514 697 211 1553265655268 
512 697 210 1553265655301 
512 697 215 1553265655349 
512 699 225 1553265655367 
512 699 230 1553265655382 
512 699 251 1553265655399 
512 699 262 1553265655417 
512 699 272 1553265655432 
512 698 285 1553265655449 
512 698 297 1553265655468 
512 706 310 1553265655484 
512 719 322 1553265655499 
512 731 329 1553265655517 
512 755 339 1553265655534 
512 790 351 1553265655549 
512 829 360 1553265655568 
512 855 367 1553265655584 
512 862 369 1553265655599 
512 867 370 1553265655616 
512 874 370 1553265655633 
512 876 370 1553265655650 
512 876 368 1553265655666 
512 877 366 1553265655683 
512 878 365 1553265655699 
512 880 364 1553265655716 
512 881 363 1553265655735 
512 884 362 1553265655751 
512 886 361 1553265655768 
512 889 361 1553265655784 
512 892 361 1553265655799 
512 894 361 1553265655816 
512 898 361 1553265655833 
512 900 361 1553265655849 
512 909 363 1553265655868 
512 920 365 1553265655884 
512 933 369 1553265655899 
512 943 373 1553265655917 
512 947 374 1553265655933 
512 948 374 1553265655950 
512 947 374 1553265656102 
512 943 374 1553265656118 
512 937 375 1553265656135 
512 935 375 1553265656150 
512 931 376 1553265656167 
512 930 376 1553265656185 
512 929 376 1553265656201 
512 928 376 1553265656234 
513 928 376 1553265656370 
514 928 376 1553265656470 
512 914 377 1553265656562 
512 896 377 1553265656575 
512 890 377 1553265656583 
512 875 377 1553265656600 
512 835 376 1553265656618 
512 816 379 1553265656633 
512 799 382 1553265656650 
512 790 385 1553265656669 
512 785 388 1553265656685 
512 782 390 1553265656769 
512 773 402 1553265656784 
512 768 407 1553265656801 
512 756 420 1553265656817 
512 744 435 1553265656834 
512 731 462 1553265656851 
512 701 490 1553265656867 
512 673 512 1553265656884 
512 653 527 1553265656901 
512 630 552 1553265656917 
512 613 574 1553265656936 
512 607 593 1553265656950 
512 596 608 1553265656967 
512 588 614 1553265656984 
512 584 617 1553265657000 
512 580 622 1553265657018 
512 577 624 1553265657033 
512 573 629 1553265657052 
512 573 631 1553265657067 
512 573 632 1553265657085 
512 573 633 1553265657101 
512 573 634 1553265657118 
512 571 635 1553265657140 
512 571 636 1553265657151 
512 571 637 1553265657204 
512 571 638 1553265657219 
512 570 642 1553265657234 
512 568 648 1553265657252 
512 564 650 1553265657267 
512 562 652 1553265657284 
512 561 652 1553265657303 
512 560 652 1553265657384 
513 560 652 1553265657540 
514 560 652 1553265657633 
512 564 648 1553265657753 
512 575 639 1553265657770 
512 585 624 1553265657786 
512 594 611 1553265657801 
512 600 598 1553265657820 
512 606 589 1553265657835 
512 613 587 1553265657853 
512 626 587 1553265657868 
512 639 590 1553265657886 
512 659 592 1553265657901 
512 694 598 1553265657918 
512 720 602 1553265657936 
512 768 606 1553265657951 
512 797 607 1553265657969 
512 833 619 1553265657986 
512 841 622 1553265658003 
512 843 623 1553265658018 
512 843 624 1553265658034 
512 843 625 1553265658051 
512 844 629 1553265658070 
512 846 638 1553265658084 
512 848 659 1553265658101 
512 854 672 1553265658119 
512 862 677 1553265658135 
512 865 680 1553265658153 
512 865 679 1553265658235 
512 863 677 1553265658253 
512 862 676 1553265658269 
512 860 675 1553265658286 
512 858 672 1553265658301 
512 856 671 1553265658321 
512 856 670 1553265658337 
512 854 668 1553265658351 
512 853 667 1553265658370 
512 852 665 1553265658385 
512 852 663 1553265658403 
512 852 662 1553265658418 
512 851 659 1553265658437 
512 851 658 1553265658453 
512 850 656 1553265658468 
512 849 652 1553265658485 
512 847 650 1553265658502 
512 847 646 1553265658519 
512 847 645 1553265658536 
512 847 643 1553265658552 
512 847 642 1553265658568 
512 847 641 1553265658585 
512 845 638 1553265658604 
512 842 636 1553265658621 
513 842 636 1553265658706 
512 841 636 1553265658752 
514 841 636 1553265658813 
512 841 636 1553265658820 
512 840 636 1553265658870 
512 839 638 1553265658887 
512 833 638 1553265658904 
512 821 638 1553265658921 
512 799 638 1553265658935 
512 756 631 1553265658953 
512 738 627 1553265658968 
512 706 617 1553265658987 
512 697 613 1553265659002 
512 687 606 1553265659019 
512 681 602 1553265659035 
512 678 599 1553265659054 
512 680 596 1553265659069 
512 694 588 1553265659085 
512 734 571 1553265659102 
512 767 555 1553265659119 
512 805 539 1553265659137 
512 833 532 1553265659152 
512 862 515 1553265659169 
512 881 498 1553265659187 
512 907 473 1553265659204 
512 920 458 1553265659219 
512 930 444 1553265659236 
512 935 425 1553265659252 
512 938 407 1553265659271 
512 938 397 1553265659285 
512 938 392 1553265659304 
512 939 388 1553265659320 
512 939 385 1553265659335 
512 939 382 1553265659352 
512 939 381 1553265659371 
512 939 380 1553265659471 
512 939 378 1553265659504 
512 938 377 1553265659519 
512 936 376 1553265659538 
512 935 376 1553265659553 
512 933 376 1553265659569 
512 931 376 1553265659586 
512 928 375 1553265659606 
512 927 375 1553265659620 
512 926 374 1553265659636 
512 923 374 1553265659652 
512 920 374 1553265659669 
513 920 374 1553265659823 
514 920 374 1553265659899 
512 917 374 1553265659986 
512 912 375 1553265660005 
512 889 376 1553265660022 
512 876 376 1553265660036 
512 852 376 1553265660053 
512 821 373 1553265660071 
512 786 367 1553265660086 
512 767 364 1553265660105 
512 742 357 1553265660120 
512 725 352 1553265660136 
512 707 350 1553265660154 
512 694 349 1553265660169 
512 670 348 1553265660187 
512 650 348 1553265660204 
512 641 350 1553265660221 
512 630 354 1553265660238 
512 624 354 1553265660253 
512 619 355 1553265660271 
512 614 357 1553265660286 
512 606 362 1553265660305 
512 602 365 1553265660320 
512 588 375 1553265660338 
512 575 378 1553265660355 
512 561 380 1553265660370 
512 545 380 1553265660388 
512 535 381 1553265660405 
512 526 382 1553265660422 
512 512 382 1553265660436 
512 493 382 1553265660453 
512 487 382 1553265660470 
512 481 382 1553265660488 
512 476 382 1553265660503 
512 472 382 1553265660520 
512 470 381 1553265660536 
512 469 381 1553265660555 
512 468 381 1553265660637 
513 468 381 1553265660758 
514 468 381 1553265660859 
512 471 381 1553265660920 
512 496 392 1553265660939 
512 515 403 1553265660955 
512 542 410 1553265660970 
512 574 421 1553265660987 
512 596 426 1553265661005 
512 613 429 1553265661020 
512 623 429 1553265661039 
512 637 432 1553265661054 
512 643 434 1553265661070 
512 644 435 1553265661087 
512 646 441 1553265661105 
512 649 453 1553265661121 
512 649 461 1553265661139 
512 646 475 1553265661156 
512 643 491 1553265661170 
512 633 513 1553265661187 
512 626 521 1553265661205 
512 621 528 1553265661223 
512 614 535 1553265661239 
512 607 547 1553265661254 
512 601 555 1553265661272 
512 595 559 1553265661289 
512 592 563 1553265661304 
512 588 567 1553265661320 
512 579 576 1553265661338 
512 574 584 1553265661355 
512 569 594 1553265661370 
512 569 603 1553265661387 
512 566 612 1553265661404 
512 564 617 1553265661421 
512 563 621 1553265661438 
512 563 625 1553265661454 
512 563 629 1553265661473 
512 563 631 1553265661489 
512 563 638 1553265661571 
512 563 643 1553265661588 
512 563 645 1553265661604 
512 563 647 1553265661623 
513 563 647 1553265661797 
514 563 647 1553265661899 
512 564 647 1553265661923 
512 566 645 1553265661938 
512 569 642 1553265661956 
512 575 639 1553265661973 
512 584 634 1553265661989 
512 596 621 1553265662005 
512 607 603 1553265662023 
512 622 589 1553265662038 
512 636 564 1553265662056 
512 643 545 1553265662071 
512 648 528 1553265662088 
512 654 512 1553265662105 
512 658 505 1553265662121 
512 664 497 1553265662138 
512 676 482 1553265662154 
512 682 456 1553265662173 
512 692 402 1553265662190 
512 695 362 1553265662204 
512 701 328 1553265662223 
512 703 294 1553265662238 
512 705 252 1553265662255 
512 710 229 1553265662273 
512 711 214 1553265662288 
512 716 187 1553265662305 
512 718 170 1553265662323 
512 718 157 1553265662341 
512 715 148 1553265662355 
512 714 142 1553265662371 
512 713 140 1553265662390 
512 712 144 1553265662540 
512 712 151 1553265662555 
512 712 154 1553265662571 
512 712 157 1553265662589 
512 711 162 1553265662605 
512 710 165 1553265662623 
512 709 170 1553265662638 
512 708 175 1553265662657 
512 705 190 1553265662672 
512 704 194 1553265662688 
512 704 197 1553265662707 
512 703 198 1553265662721 
512 703 199 1553265662738 
512 703 200 1553265662772 
512 702 201 1553265662841 
512 702 202 1553265662857 
513 702 202 1553265663003 
514 702 202 1553265663117 
