512 699 209 1553281506963 
512 699 213 1553281507016 
512 698 219 1553281507038 
512 698 222 1553281507049 
512 698 225 1553281507062 
512 702 237 1553281507082 
512 705 245 1553281507101 
512 705 246 1553281507115 
512 709 250 1553281507204 
512 713 261 1553281507214 
512 729 285 1553281507231 
512 752 330 1553281507247 
512 774 393 1553281507264 
512 796 472 1553281507280 
512 812 544 1553281507298 
512 819 585 1553281507315 
512 821 608 1553281507331 
512 820 624 1553281507350 
512 820 661 1553281507386 
512 821 664 1553281507397 
512 821 669 1553281507413 
512 821 673 1553281507429 
512 822 674 1553281507446 
512 823 675 1553281507529 
512 824 675 1553281507546 
512 825 675 1553281507563 
512 829 674 1553281507581 
512 829 673 1553281507596 
512 832 666 1553281507613 
512 832 663 1553281507632 
512 832 656 1553281507652 
512 834 649 1553281507669 
512 834 646 1553281507680 
512 835 641 1553281507703 
512 835 637 1553281507714 
512 835 635 1553281507730 
512 836 633 1553281507750 
512 836 632 1553281507764 
512 836 633 1553281507879 
512 836 634 1553281507981 
513 836 634 1553281507998 
514 836 634 1553281508126 
512 837 635 1553281508183 
512 837 637 1553281508201 
512 838 638 1553281508225 
512 840 640 1553281508248 
512 840 641 1553281508263 
512 841 641 1553281508313 
513 841 641 1553281508455 
514 841 641 1553281508540 
512 840 641 1553281508616 
512 840 639 1553281508727 
512 840 638 1553281508736 
512 840 632 1553281508754 
512 840 627 1553281508763 
512 837 615 1553281508783 
512 835 600 1553281508799 
512 815 559 1553281508818 
512 774 490 1553281508833 
512 730 441 1553281508848 
512 649 371 1553281508891 
512 623 356 1553281508916 
512 612 349 1553281508933 
512 600 344 1553281508948 
512 581 342 1553281508966 
512 562 335 1553281508980 
512 533 325 1553281508999 
512 488 314 1553281509015 
512 454 308 1553281509030 
512 445 306 1553281509049 
513 445 306 1553281509056 
512 444 307 1553281509065 
512 444 312 1553281509082 
512 444 319 1553281509097 
512 444 332 1553281509115 
512 446 340 1553281509126 
514 446 340 1553281509126 
512 446 340 1553281509132 
512 446 344 1553281509147 
512 452 353 1553281509166 
512 471 374 1553281509265 
512 471 373 1553281509439 
512 470 371 1553281509451 
512 470 370 1553281509467 
512 469 370 1553281509484 
513 469 370 1553281509519 
514 469 370 1553281509596 
512 476 370 1553281509717 
512 496 372 1553281509735 
512 516 374 1553281509749 
512 537 376 1553281509766 
512 557 376 1553281509781 
512 577 376 1553281509799 
512 609 368 1553281509818 
512 627 360 1553281509833 
512 646 353 1553281509849 
512 673 341 1553281509870 
512 681 337 1553281509882 
512 695 322 1553281509898 
512 710 281 1553281509918 
512 710 269 1553281509932 
512 710 247 1553281509951 
512 705 226 1553281509968 
512 703 219 1553281509982 
512 703 217 1553281510004 
512 703 216 1553281510019 
512 703 214 1553281510033 
512 702 212 1553281510050 
512 700 210 1553281510068 
512 697 208 1553281510083 
512 697 204 1553281510099 
512 696 204 1553281510116 
512 696 203 1553281510133 
513 696 203 1553281510247 
514 696 203 1553281510346 
512 696 206 1553281510418 
512 696 215 1553281510434 
512 699 229 1553281510450 
512 706 248 1553281510467 
512 715 265 1553281510481 
512 723 283 1553281510498 
512 731 302 1553281510517 
512 736 333 1553281510533 
512 740 365 1553281510548 
512 743 372 1553281510567 
512 750 379 1553281510583 
512 754 386 1553281510598 
512 760 395 1553281510616 
512 770 400 1553281510631 
512 785 409 1553281510648 
512 806 417 1553281510666 
512 834 425 1553281510683 
512 861 430 1553281510699 
512 870 429 1553281510717 
512 872 424 1553281510739 
512 873 421 1553281510750 
512 873 417 1553281510767 
512 876 412 1553281510784 
512 882 403 1553281510804 
512 889 397 1553281510815 
512 896 392 1553281510834 
512 901 390 1553281510853 
512 905 389 1553281510866 
512 905 387 1553281510883 
512 906 383 1553281510900 
512 906 380 1553281510918 
512 907 379 1553281510950 
512 909 377 1553281510983 
512 910 376 1553281511001 
512 911 374 1553281511020 
512 911 373 1553281511041 
512 912 373 1553281511067 
512 914 373 1553281511085 
512 916 373 1553281511220 
512 922 378 1553281511250 
512 928 378 1553281511267 
512 929 378 1553281511304 
512 928 378 1553281511374 
512 926 376 1553281511390 
512 924 376 1553281511402 
512 923 374 1553281511418 
513 923 374 1553281511454 
512 923 375 1553281511500 
512 923 376 1553281511521 
512 923 377 1553281511538 
512 923 378 1553281511550 
512 923 379 1553281511556 
514 923 379 1553281511556 
512 922 381 1553281511565 
512 921 381 1553281511583 
512 921 385 1553281511604 
512 919 387 1553281511618 
512 917 392 1553281511635 
512 913 402 1553281511656 
512 902 408 1553281511670 
512 883 412 1553281511685 
512 862 416 1553281511700 
512 838 421 1553281511717 
512 812 431 1553281511735 
512 792 438 1553281511750 
512 776 441 1553281511768 
512 744 445 1553281511785 
512 709 450 1553281511799 
512 687 460 1553281511818 
512 671 477 1553281511835 
512 663 487 1553281511852 
512 655 500 1553281511866 
512 651 506 1553281511886 
512 643 525 1553281511902 
512 638 539 1553281511919 
512 635 553 1553281511937 
512 633 559 1553281511955 
512 627 561 1553281511967 
512 618 566 1553281511986 
512 611 574 1553281512000 
512 608 580 1553281512018 
512 604 585 1553281512035 
512 599 588 1553281512051 
512 596 590 1553281512068 
512 593 592 1553281512084 
512 588 594 1553281512100 
512 583 598 1553281512117 
512 573 604 1553281512135 
512 564 618 1553281512152 
512 558 639 1553281512169 
512 556 649 1553281512186 
512 554 653 1553281512201 
512 553 655 1553281512216 
512 553 656 1553281512237 
512 553 658 1553281512300 
512 552 661 1553281512318 
512 552 663 1553281512334 
512 554 661 1553281512468 
512 556 659 1553281512484 
512 559 656 1553281512505 
512 559 655 1553281512519 
512 560 653 1553281512534 
512 561 652 1553281512552 
512 562 650 1553281512570 
512 563 649 1553281512600 
512 563 648 1553281512618 
512 564 646 1553281512636 
512 564 645 1553281512665 
513 564 645 1553281512685 
514 564 645 1553281512846 
512 564 643 1553281512935 
512 564 622 1553281512963 
512 569 595 1553281512984 
512 576 566 1553281513002 
512 577 539 1553281513017 
512 574 527 1553281513035 
512 574 526 1553281513051 
512 575 529 1553281513100 
512 587 534 1553281513119 
512 610 545 1553281513134 
512 674 553 1553281513153 
512 707 555 1553281513168 
512 742 555 1553281513186 
512 815 558 1553281513214 
512 829 559 1553281513221 
512 845 559 1553281513240 
512 852 561 1553281513250 
512 860 563 1553281513271 
512 860 576 1553281513302 
512 859 592 1553281513318 
512 854 603 1553281513336 
512 851 618 1553281513354 
512 848 625 1553281513369 
512 847 630 1553281513387 
512 845 630 1553281513405 
512 840 630 1553281513420 
512 839 630 1553281513435 
512 836 632 1553281513452 
512 835 632 1553281513469 
512 831 634 1553281513488 
512 830 634 1553281513504 
512 828 635 1553281513519 
512 826 641 1553281513542 
512 826 642 1553281513567 
512 828 642 1553281513705 
512 832 642 1553281513717 
512 837 642 1553281513736 
512 841 642 1553281513757 
513 841 642 1553281513826 
514 841 642 1553281514003 
512 836 636 1553281514034 
512 826 626 1553281514053 
512 816 616 1553281514070 
512 810 600 1553281514085 
512 792 578 1553281514103 
512 773 550 1553281514118 
512 754 514 1553281514135 
512 733 478 1553281514151 
512 722 459 1553281514170 
512 702 438 1553281514185 
512 689 423 1553281514202 
512 683 416 1553281514218 
512 706 416 1553281514286 
512 765 421 1553281514303 
512 841 422 1553281514318 
512 904 422 1553281514335 
512 935 420 1553281514352 
512 951 415 1553281514368 
512 965 408 1553281514385 
512 971 407 1553281514401 
512 973 406 1553281514420 
512 976 405 1553281514436 
512 977 405 1553281514452 
512 976 402 1553281514568 
512 968 393 1553281514588 
512 963 389 1553281514603 
512 952 379 1553281514618 
512 949 377 1553281514635 
512 948 376 1553281514651 
512 947 376 1553281514787 
512 947 375 1553281514802 
512 944 375 1553281514820 
512 935 373 1553281514837 
512 931 373 1553281514851 
512 930 373 1553281514868 
512 927 373 1553281514901 
512 925 374 1553281514920 
512 921 374 1553281514936 
512 916 374 1553281514954 
512 912 374 1553281514970 
512 911 375 1553281514979 
513 911 375 1553281514979 
512 911 376 1553281515004 
512 911 377 1553281515035 
512 913 378 1553281515053 
512 914 378 1553281515068 
512 916 378 1553281515087 
512 916 377 1553281515104 
514 916 377 1553281515159 
512 916 377 1553281515170 
512 918 377 1553281515204 
512 920 376 1553281515222 
512 921 376 1553281515252 
512 921 375 1553281515269 
513 921 375 1553281515322 
514 921 375 1553281515441 
512 922 375 1553281515636 
512 921 375 1553281515721 
512 900 375 1553281515736 
512 839 377 1553281515753 
512 793 381 1553281515770 
512 710 384 1553281515787 
512 602 381 1553281515811 
512 574 383 1553281515820 
512 528 388 1553281515840 
512 494 394 1553281515855 
512 480 396 1553281515869 
512 471 396 1553281515887 
512 458 396 1553281515908 
512 452 394 1553281515921 
512 447 393 1553281515937 
512 444 393 1553281515954 
512 440 392 1553281515972 
512 440 391 1553281516060 
512 441 389 1553281516089 
512 452 387 1553281516113 
512 455 387 1553281516120 
512 458 386 1553281516139 
512 463 384 1553281516154 
512 467 384 1553281516170 
512 475 383 1553281516186 
512 476 383 1553281516203 
513 476 383 1553281516462 
512 476 382 1553281516470 
514 476 382 1553281516580 
512 476 382 1553281516588 
512 474 385 1553281516621 
512 474 386 1553281516641 
512 479 393 1553281516733 
512 484 395 1553281516754 
512 485 395 1553281516774 
512 486 395 1553281516787 
512 486 393 1553281516806 
512 487 392 1553281516822 
512 490 395 1553281516872 
512 505 425 1553281516888 
512 517 456 1553281516905 
512 519 486 1553281516922 
512 520 517 1553281516939 
512 517 560 1553281516955 
512 511 585 1553281516970 
512 512 608 1553281516989 
512 515 620 1553281517006 
512 519 628 1553281517022 
512 519 631 1553281517039 
512 519 632 1553281517053 
512 524 632 1553281517222 
512 530 633 1553281517242 
512 532 634 1553281517257 
512 534 635 1553281517275 
512 535 636 1553281517289 
512 535 637 1553281517304 
512 538 638 1553281517321 
512 540 639 1553281517338 
512 544 641 1553281517373 
512 547 643 1553281517390 
512 550 643 1553281517538 
512 551 643 1553281517554 
513 551 643 1553281517580 
514 551 643 1553281517728 
512 552 644 1553281517806 
512 553 644 1553281517872 
512 554 644 1553281517906 
512 549 565 1553281518099 
512 546 495 1553281518123 
512 553 462 1553281518140 
512 581 437 1553281518156 
512 599 419 1553281518171 
512 627 394 1553281518189 
512 641 386 1553281518207 
512 652 376 1553281518223 
512 661 366 1553281518250 
512 665 356 1553281518265 
512 665 350 1553281518272 
512 666 343 1553281518288 
512 667 341 1553281518304 
512 668 338 1553281518324 
512 673 335 1553281518339 
512 677 328 1553281518361 
512 678 315 1553281518381 
512 678 312 1553281518389 
512 679 304 1553281518406 
512 681 301 1553281518424 
512 686 297 1553281518440 
512 694 284 1553281518481 
512 696 282 1553281518486 
512 699 277 1553281518507 
512 701 273 1553281518522 
512 701 258 1553281518549 
512 701 251 1553281518573 
512 699 242 1553281518602 
512 699 239 1553281518608 
512 700 237 1553281518622 
512 703 230 1553281518641 
512 703 225 1553281518657 
512 702 221 1553281518671 
512 701 221 1553281518688 
512 702 217 1553281518931 
512 702 216 1553281518945 
513 702 216 1553281518954 
514 702 216 1553281519104 
