512 703 215 1553522462352 
512 702 219 1553522462385 
512 703 227 1553522462405 
512 704 233 1553522462421 
512 705 237 1553522462435 
512 713 253 1553522462453 
512 722 264 1553522462468 
512 736 278 1553522462485 
512 747 289 1553522462505 
512 761 300 1553522462519 
512 773 311 1553522462535 
512 794 326 1553522462552 
512 813 343 1553522462568 
512 831 359 1553522462585 
512 838 373 1553522462602 
512 846 395 1553522462619 
512 857 415 1553522462636 
512 862 437 1553522462653 
512 862 456 1553522462670 
512 859 475 1553522462685 
512 857 511 1553522462702 
512 854 537 1553522462719 
512 853 555 1553522462734 
512 852 571 1553522462755 
512 851 587 1553522462770 
512 851 597 1553522462786 
512 847 603 1553522462802 
512 847 604 1553522462819 
512 846 606 1553522462835 
512 846 607 1553522462852 
512 844 609 1553522462869 
512 844 617 1553522462886 
512 846 633 1553522462902 
512 846 643 1553522462921 
512 846 644 1553522462936 
512 846 645 1553522463119 
513 846 645 1553522463177 
514 846 645 1553522463300 
512 842 641 1553522463387 
512 835 635 1553522463402 
512 828 635 1553522463420 
512 817 631 1553522463436 
512 809 629 1553522463452 
512 799 625 1553522463468 
512 786 623 1553522463487 
512 767 619 1553522463501 
512 753 616 1553522463520 
512 727 607 1553522463536 
512 703 599 1553522463553 
512 678 584 1553522463570 
512 650 559 1553522463586 
512 620 526 1553522463601 
512 573 474 1553522463621 
512 548 431 1553522463639 
512 547 421 1553522463652 
512 545 408 1553522463670 
512 545 389 1553522463686 
512 545 381 1553522463701 
512 545 377 1553522463720 
512 545 375 1553522463737 
512 545 374 1553522463754 
512 544 372 1553522463772 
512 543 371 1553522463785 
512 538 367 1553522463804 
512 530 365 1553522463819 
512 525 365 1553522463837 
512 520 365 1553522463854 
512 512 365 1553522463869 
512 502 364 1553522463887 
512 491 365 1553522463904 
512 484 366 1553522463920 
512 482 366 1553522463937 
512 481 366 1553522463953 
512 480 367 1553522463973 
512 479 369 1553522463987 
512 479 370 1553522464002 
512 478 372 1553522464018 
512 479 375 1553522464035 
512 481 376 1553522464054 
512 481 377 1553522464129 
513 481 377 1553522464129 
512 481 378 1553522464154 
512 481 379 1553522464170 
514 481 379 1553522464394 
512 481 379 1553522464419 
512 482 379 1553522464487 
512 490 377 1553522464552 
512 495 372 1553522464571 
512 502 365 1553522464586 
512 505 360 1553522464605 
512 507 357 1553522464619 
512 508 356 1553522464636 
512 508 355 1553522464687 
512 501 355 1553522464704 
512 491 362 1553522464716 
513 491 362 1553522464716 
512 486 369 1553522464736 
512 477 379 1553522464755 
512 473 387 1553522464771 
512 471 392 1553522464786 
512 471 393 1553522464804 
512 471 394 1553522464821 
512 473 394 1553522464888 
512 477 391 1553522464905 
512 480 388 1553522464919 
514 480 388 1553522464919 
512 482 387 1553522464938 
512 482 386 1553522465054 
512 481 385 1553522465071 
512 479 384 1553522465088 
513 479 384 1553522465113 
512 478 383 1553522465223 
514 478 383 1553522465223 
512 477 382 1553522465255 
512 477 381 1553522465321 
513 477 381 1553522465357 
514 477 381 1553522465465 
512 476 381 1553522465654 
512 476 382 1553522465672 
512 475 382 1553522465838 
512 479 384 1553522467038 
512 491 388 1553522467055 
512 515 394 1553522467071 
512 580 407 1553522467091 
512 651 420 1553522467105 
512 794 445 1553522467121 
512 909 467 1553522467138 
512 975 476 1553522467156 
512 1029 482 1553522467172 
512 1064 489 1553522467188 
512 1085 490 1553522467208 
512 1088 489 1553522467222 
512 1092 477 1553522467238 
512 1086 446 1553522467257 
512 1073 419 1553522467273 
512 1055 389 1553522467290 
512 1035 365 1553522467306 
512 987 328 1553522467322 
512 915 287 1553522467339 
512 846 237 1553522467356 
512 795 197 1553522467371 
512 777 179 1553522467391 
512 760 163 1553522467407 
512 752 157 1553522467424 
512 745 155 1553522467443 
512 743 155 1553522467457 
512 736 159 1553522467474 
512 724 166 1553522467490 
512 704 171 1553522467505 
512 672 175 1553522467523 
512 644 175 1553522467538 
512 631 180 1553522467556 
512 628 188 1553522467571 
512 628 194 1553522467591 
512 629 200 1553522467608 
512 643 207 1553522467622 
512 652 208 1553522467640 
512 654 208 1553522467655 
512 655 207 1553522467672 
512 655 206 1553522467690 
512 657 205 1553522467705 
512 660 205 1553522467724 
512 664 205 1553522467741 
512 667 205 1553522467756 
512 673 206 1553522467772 
512 678 206 1553522467789 
512 682 207 1553522467806 
512 685 207 1553522467822 
512 685 208 1553522467889 
512 686 208 1553522467906 
512 688 209 1553522467924 
512 689 209 1553522467938 
513 689 209 1553522468028 
514 689 209 1553522468153 
512 690 209 1553522468172 
512 690 210 1553522468191 
512 693 212 1553522468205 
512 708 226 1553522468225 
512 722 243 1553522468239 
512 737 266 1553522468257 
512 742 278 1553522468272 
512 744 291 1553522468291 
512 748 306 1553522468307 
512 750 313 1553522468323 
512 757 323 1553522468339 
512 779 338 1553522468358 
512 794 341 1553522468374 
512 811 341 1553522468389 
512 840 341 1553522468408 
512 866 341 1553522468424 
512 921 340 1553522468440 
512 949 340 1553522468455 
512 963 340 1553522468472 
512 958 340 1553522468506 
512 937 338 1553522468523 
512 915 337 1553522468539 
512 892 341 1553522468555 
512 880 344 1553522468574 
512 878 344 1553522468590 
512 880 346 1553522468624 
512 887 348 1553522468639 
512 892 353 1553522468656 
512 893 355 1553522468673 
512 893 358 1553522468706 
512 893 361 1553522468723 
512 894 369 1553522468741 
512 894 372 1553522468756 
512 895 373 1553522468773 
512 897 375 1553522468789 
512 901 377 1553522468808 
512 906 378 1553522468825 
512 916 379 1553522468840 
512 925 379 1553522468856 
512 936 379 1553522468874 
512 942 380 1553522468890 
512 944 380 1553522468909 
512 945 380 1553522468924 
512 946 380 1553522468939 
512 947 380 1553522468975 
512 947 379 1553522469029 
513 947 379 1553522469030 
512 944 378 1553522469040 
512 939 377 1553522469058 
512 930 375 1553522469074 
512 927 375 1553522469091 
512 923 375 1553522469107 
514 923 375 1553522469193 
512 923 375 1553522469223 
513 923 375 1553522469379 
514 923 375 1553522469481 
512 923 376 1553522469524 
512 924 376 1553522469542 
512 924 377 1553522469575 
512 924 378 1553522469593 
512 920 381 1553522469607 
512 908 386 1553522469628 
512 891 395 1553522469642 
512 878 396 1553522469657 
512 864 403 1553522469674 
512 854 408 1553522469690 
512 847 412 1553522469707 
512 841 417 1553522469791 
512 827 438 1553522469806 
512 814 464 1553522469825 
512 800 494 1553522469841 
512 777 525 1553522469857 
512 745 559 1553522469879 
512 739 563 1553522469891 
512 721 571 1553522469907 
512 702 579 1553522469924 
512 684 590 1553522469940 
512 660 601 1553522469961 
512 648 605 1553522469975 
512 643 606 1553522469992 
512 638 606 1553522470007 
512 633 606 1553522470025 
512 630 605 1553522470043 
512 626 605 1553522470059 
512 603 604 1553522470076 
512 595 605 1553522470094 
512 589 607 1553522470108 
512 588 608 1553522470124 
512 586 609 1553522470141 
512 584 612 1553522470159 
512 580 614 1553522470177 
512 575 622 1553522470192 
512 562 643 1553522470208 
512 547 658 1553522470223 
512 537 666 1553522470242 
512 527 669 1553522470257 
512 526 671 1553522470275 
512 527 669 1553522470341 
512 530 661 1553522470358 
512 531 659 1553522470377 
512 532 659 1553522470391 
512 532 658 1553522470408 
512 541 658 1553522470475 
512 557 658 1553522470492 
512 566 658 1553522470511 
512 569 655 1553522470524 
512 569 653 1553522470541 
512 569 652 1553522470560 
512 569 651 1553522470591 
512 569 650 1553522470627 
512 569 649 1553522470642 
512 569 648 1553522470661 
512 568 647 1553522470674 
512 567 645 1553522470693 
512 565 645 1553522470710 
512 564 645 1553522470724 
512 562 644 1553522470741 
512 560 644 1553522470760 
512 559 644 1553522470776 
512 558 644 1553522470792 
513 558 644 1553522470845 
514 558 644 1553522470980 
512 560 643 1553522471008 
512 563 642 1553522471025 
512 571 639 1553522471044 
512 573 639 1553522471058 
512 582 630 1553522471075 
512 594 614 1553522471092 
512 603 597 1553522471110 
512 613 583 1553522471125 
512 618 572 1553522471142 
512 624 560 1553522471159 
512 626 550 1553522471174 
512 631 525 1553522471192 
512 633 519 1553522471211 
512 637 517 1553522471225 
512 644 517 1553522471243 
512 654 517 1553522471259 
512 667 519 1553522471274 
512 697 530 1553522471291 
512 790 570 1553522471310 
512 833 589 1553522471326 
512 859 597 1553522471342 
512 877 615 1553522471358 
512 885 626 1553522471376 
512 890 634 1553522471392 
512 890 636 1553522471408 
512 891 637 1553522471425 
512 891 639 1553522471441 
512 891 646 1553522471461 
512 892 653 1553522471475 
512 893 659 1553522471491 
512 896 664 1553522471509 
512 889 664 1553522471593 
512 875 664 1553522471608 
512 866 662 1553522471625 
512 860 660 1553522471643 
512 855 658 1553522471663 
512 855 657 1553522471677 
512 852 654 1553522471693 
512 848 653 1553522471710 
512 843 651 1553522471728 
512 840 650 1553522471743 
512 839 649 1553522471759 
512 839 648 1553522471827 
512 839 647 1553522471844 
512 839 646 1553522471861 
513 839 646 1553522471974 
514 839 646 1553522472077 
512 839 644 1553522472159 
512 841 641 1553522472177 
512 845 631 1553522472192 
512 847 621 1553522472210 
512 854 608 1553522472227 
512 858 594 1553522472244 
512 862 582 1553522472260 
512 864 577 1553522472278 
512 865 562 1553522472293 
512 867 551 1553522472311 
512 868 544 1553522472326 
512 877 534 1553522472342 
512 890 518 1553522472361 
512 904 504 1553522472378 
512 917 485 1553522472393 
512 920 470 1553522472409 
512 926 456 1553522472427 
512 933 443 1553522472444 
512 936 432 1553522472462 
512 937 418 1553522472476 
512 938 410 1553522472492 
512 940 402 1553522472512 
512 940 394 1553522472527 
512 940 388 1553522472543 
512 940 382 1553522472561 
512 939 382 1553522472576 
512 939 381 1553522472676 
512 938 380 1553522472795 
512 936 378 1553522472815 
512 934 378 1553522472827 
513 934 378 1553522472828 
512 933 378 1553522472843 
514 933 378 1553522472965 
512 933 378 1553522472977 
512 930 378 1553522473045 
512 927 378 1553522473060 
512 922 378 1553522473076 
512 918 380 1553522473094 
512 914 380 1553522473111 
512 905 380 1553522473129 
512 895 380 1553522473143 
512 881 381 1553522473162 
512 854 388 1553522473176 
512 816 393 1553522473195 
512 783 395 1553522473211 
512 758 396 1553522473228 
512 719 399 1553522473245 
512 689 399 1553522473262 
512 643 396 1553522473277 
512 610 391 1553522473293 
512 568 385 1553522473310 
512 554 385 1553522473328 
512 547 384 1553522473344 
512 544 383 1553522473362 
512 540 382 1553522473376 
512 538 380 1553522473394 
512 537 379 1553522473412 
512 535 375 1553522473427 
512 532 369 1553522473444 
512 524 362 1553522473462 
512 520 356 1553522473476 
512 519 354 1553522473495 
512 513 354 1553522473561 
512 501 357 1553522473579 
512 491 357 1553522473593 
512 486 357 1553522473610 
512 484 359 1553522473629 
512 483 360 1553522473663 
512 483 361 1553522473694 
512 482 361 1553522473712 
512 481 362 1553522473727 
512 481 364 1553522473746 
512 480 365 1553522473777 
512 479 367 1553522473796 
512 478 368 1553522473811 
512 476 369 1553522473827 
512 473 370 1553522473844 
512 472 372 1553522473861 
512 472 373 1553522473910 
513 472 373 1553522474015 
514 472 373 1553522474137 
512 484 375 1553522474162 
512 504 381 1553522474181 
512 532 384 1553522474196 
512 549 386 1553522474212 
512 578 388 1553522474227 
512 608 388 1553522474248 
512 611 386 1553522474261 
512 627 382 1553522474279 
512 634 377 1553522474295 
512 642 377 1553522474312 
512 652 376 1553522474327 
512 658 373 1553522474347 
512 659 372 1553522474361 
512 655 379 1553522474413 
512 649 388 1553522474427 
512 640 404 1553522474446 
512 623 427 1553522474461 
512 610 456 1553522474478 
512 592 495 1553522474495 
512 576 549 1553522474511 
512 567 595 1553522474530 
512 562 620 1553522474544 
512 560 643 1553522474561 
512 560 658 1553522474578 
512 562 668 1553522474594 
512 562 669 1553522474612 
512 562 665 1553522474811 
512 562 660 1553522474828 
512 561 651 1553522474848 
512 561 649 1553522474861 
512 561 646 1553522474879 
512 561 643 1553522474894 
512 561 640 1553522474912 
512 561 639 1553522474930 
512 561 638 1553522474946 
512 561 636 1553522474962 
512 561 635 1553522474979 
512 561 634 1553522474997 
513 561 634 1553522475068 
514 561 634 1553522475193 
512 566 623 1553522475278 
512 581 602 1553522475295 
512 596 589 1553522475313 
512 608 570 1553522475328 
512 619 548 1553522475347 
512 627 531 1553522475363 
512 631 515 1553522475378 
512 639 502 1553522475397 
512 641 500 1553522475411 
512 644 496 1553522475430 
512 645 493 1553522475447 
512 646 493 1553522475461 
512 646 492 1553522475528 
512 645 492 1553522475595 
512 641 497 1553522475614 
512 637 510 1553522475628 
512 631 522 1553522475646 
512 623 541 1553522475662 
512 610 560 1553522475678 
512 601 575 1553522475695 
512 591 589 1553522475714 
512 584 604 1553522475730 
512 575 617 1553522475745 
512 564 625 1553522475764 
512 564 628 1553522475778 
512 561 634 1553522475797 
512 561 639 1553522475812 
512 560 639 1553522475862 
512 560 640 1553522475997 
513 560 640 1553522476023 
512 563 640 1553522476121 
514 563 640 1553522476121 
512 565 640 1553522476129 
512 569 639 1553522476146 
512 573 638 1553522476162 
512 580 635 1553522476179 
512 581 632 1553522476195 
512 593 626 1553522476212 
512 607 613 1553522476229 
512 627 597 1553522476247 
512 643 570 1553522476262 
512 665 536 1553522476279 
512 685 515 1553522476298 
512 692 503 1553522476312 
512 701 491 1553522476329 
512 708 484 1553522476347 
512 718 462 1553522476364 
512 727 444 1553522476380 
512 731 426 1553522476395 
512 736 412 1553522476414 
512 741 394 1553522476430 
512 743 383 1553522476447 
512 743 375 1553522476462 
512 743 365 1553522476481 
512 740 350 1553522476496 
512 735 326 1553522476514 
512 731 313 1553522476531 
512 728 301 1553522476547 
512 724 291 1553522476564 
512 721 283 1553522476579 
512 719 278 1553522476597 
512 719 273 1553522476613 
512 719 267 1553522476629 
512 719 266 1553522476648 
512 719 265 1553522476664 
512 718 263 1553522476679 
512 717 261 1553522476698 
512 716 259 1553522476715 
512 716 255 1553522476729 
512 715 253 1553522476746 
512 711 249 1553522476764 
512 705 241 1553522476779 
512 695 229 1553522476798 
512 684 218 1553522476814 
512 676 209 1553522476830 
512 674 206 1553522476846 
512 674 203 1553522476863 
512 675 203 1553522476879 
512 676 203 1553522476896 
512 677 203 1553522476964 
512 682 204 1553522477046 
512 685 206 1553522477063 
512 686 207 1553522477079 
512 687 207 1553522477098 
512 690 208 1553522477114 
512 691 208 1553522477130 
512 693 209 1553522477146 
512 695 210 1553522477165 
512 697 210 1553522477180 
512 698 210 1553522477198 
512 699 210 1553522477213 
512 701 211 1553522477282 
512 702 211 1553522477315 
513 702 211 1553522477351 
514 702 211 1553522477450 
