512 702 213 1553522477482 
512 702 215 1553522477497 
512 702 222 1553522477513 
512 702 229 1553522477532 
512 702 237 1553522477548 
512 704 251 1553522477563 
512 708 261 1553522477582 
512 715 273 1553522477597 
512 719 280 1553522477613 
512 721 282 1553522477630 
512 722 283 1553522477649 
512 723 286 1553522477663 
512 726 298 1553522477680 
512 745 320 1553522477699 
512 755 334 1553522477713 
512 782 383 1553522477732 
512 803 425 1553522477749 
512 816 462 1553522477766 
512 818 482 1553522477781 
512 825 505 1553522477797 
512 831 535 1553522477815 
512 838 558 1553522477833 
512 840 569 1553522477849 
512 841 580 1553522477864 
512 841 591 1553522477883 
512 842 598 1553522477897 
512 842 603 1553522477913 
512 842 608 1553522477933 
512 842 612 1553522477947 
512 843 619 1553522477963 
512 844 629 1553522477984 
512 844 632 1553522477997 
512 844 633 1553522478014 
512 844 634 1553522478047 
512 843 636 1553522478065 
512 843 640 1553522478080 
512 843 643 1553522478099 
512 843 644 1553522478114 
512 843 645 1553522478132 
512 843 646 1553522478147 
512 842 647 1553522478164 
512 842 648 1553522478182 
512 842 649 1553522478197 
512 842 650 1553522478281 
513 842 650 1553522478325 
512 842 649 1553522478382 
512 842 645 1553522478465 
514 842 645 1553522478466 
512 840 635 1553522478483 
512 837 622 1553522478499 
512 829 599 1553522478514 
512 824 590 1553522478531 
512 811 568 1553522478549 
512 804 553 1553522478564 
512 775 524 1553522478583 
512 754 507 1553522478598 
512 743 492 1553522478614 
512 739 487 1553522478633 
512 729 472 1553522478647 
512 717 460 1553522478664 
512 705 448 1553522478682 
512 690 438 1553522478697 
512 662 425 1553522478714 
512 630 408 1553522478732 
512 613 401 1553522478747 
512 602 400 1553522478766 
512 595 400 1553522478781 
512 589 400 1553522478800 
512 585 401 1553522478815 
512 578 401 1553522478831 
512 561 402 1553522478848 
512 551 402 1553522478867 
512 543 402 1553522478882 
512 537 401 1553522478898 
512 532 400 1553522478914 
512 529 400 1553522478931 
512 527 400 1553522478949 
512 525 400 1553522478964 
512 520 400 1553522478981 
512 516 400 1553522479000 
512 513 397 1553522479017 
512 512 397 1553522479031 
512 512 394 1553522479064 
512 510 393 1553522479083 
512 505 388 1553522479100 
512 503 385 1553522479116 
512 498 383 1553522479181 
512 484 381 1553522479200 
512 478 378 1553522479217 
512 471 376 1553522479233 
512 470 376 1553522479250 
512 470 375 1553522479334 
512 469 375 1553522479349 
512 468 375 1553522479366 
513 468 375 1553522479420 
514 468 375 1553522479519 
512 473 378 1553522479566 
512 487 382 1553522479584 
512 501 384 1553522479598 
512 514 387 1553522479615 
512 530 388 1553522479634 
512 545 389 1553522479652 
512 560 389 1553522479667 
512 574 389 1553522479683 
512 581 389 1553522479698 
512 593 389 1553522479717 
512 608 388 1553522479734 
512 631 388 1553522479748 
512 645 385 1553522479767 
512 653 381 1553522479782 
512 660 373 1553522479801 
512 670 357 1553522479815 
512 675 346 1553522479832 
512 676 339 1553522479850 
512 677 337 1553522479865 
512 677 334 1553522479882 
512 681 333 1553522479898 
512 684 330 1553522479917 
512 697 325 1553522479934 
512 703 322 1553522479951 
512 708 317 1553522479967 
512 711 309 1553522479982 
512 713 298 1553522479999 
512 716 286 1553522480015 
512 719 272 1553522480034 
512 721 253 1553522480050 
512 719 238 1553522480067 
512 712 223 1553522480084 
512 711 221 1553522480099 
512 707 214 1553522480117 
512 706 212 1553522480134 
512 705 210 1553522480150 
512 705 209 1553522480165 
512 701 209 1553522480249 
512 698 209 1553522480266 
512 692 211 1553522480284 
512 691 211 1553522480300 
512 690 212 1553522480316 
512 690 214 1553522480334 
512 692 214 1553522480517 
512 693 214 1553522480532 
512 695 213 1553522480552 
512 697 213 1553522480566 
512 698 212 1553522480603 
512 698 211 1553522480633 
512 699 210 1553522480649 
513 699 210 1553522480707 
514 699 210 1553522480801 
512 698 210 1553522480818 
512 697 210 1553522480833 
512 697 209 1553522480851 
512 696 209 1553522480885 
512 695 210 1553522480899 
512 693 214 1553522480917 
512 691 226 1553522480933 
512 689 233 1553522480953 
512 688 245 1553522480968 
512 688 271 1553522480991 
512 688 276 1553522481001 
512 693 291 1553522481017 
512 708 323 1553522481037 
512 730 349 1553522481052 
512 760 370 1553522481069 
512 810 396 1553522481085 
512 837 404 1553522481103 
512 873 414 1553522481127 
512 884 414 1553522481134 
512 894 415 1553522481151 
512 897 413 1553522481169 
512 904 401 1553522481201 
512 907 394 1553522481218 
512 909 391 1553522481233 
512 911 386 1553522481251 
512 912 381 1553522481267 
512 913 376 1553522481283 
512 914 371 1553522481302 
512 913 368 1553522481318 
512 911 367 1553522481335 
512 914 367 1553522481435 
512 917 368 1553522481450 
512 918 368 1553522481535 
513 918 368 1553522481661 
512 919 368 1553522481716 
512 919 369 1553522481767 
512 919 372 1553522481784 
512 918 376 1553522481793 
514 918 376 1553522481793 
512 917 378 1553522481802 
512 917 379 1553522481817 
512 914 389 1553522481833 
512 909 398 1553522481850 
512 895 409 1553522481867 
512 887 420 1553522481886 
512 875 432 1553522481902 
512 867 438 1553522481917 
512 854 441 1553522481933 
512 835 443 1553522481952 
512 820 445 1553522481969 
512 803 448 1553522481985 
512 798 450 1553522482002 
512 797 451 1553522482019 
512 797 452 1553522482036 
512 806 452 1553522482117 
512 830 448 1553522482136 
512 854 445 1553522482150 
512 882 439 1553522482167 
512 903 433 1553522482186 
512 908 422 1553522482203 
512 908 413 1553522482217 
512 908 404 1553522482236 
512 908 397 1553522482250 
512 910 393 1553522482268 
512 910 390 1553522482286 
512 910 387 1553522482303 
512 910 386 1553522482319 
512 910 384 1553522482351 
512 912 382 1553522482369 
512 914 381 1553522482387 
512 915 380 1553522482401 
512 918 380 1553522482420 
512 922 378 1553522482437 
512 926 376 1553522482453 
512 930 376 1553522482467 
512 932 374 1553522482484 
512 933 373 1553522482517 
513 933 373 1553522482560 
512 931 373 1553522482661 
514 931 373 1553522482661 
512 931 373 1553522482669 
512 921 375 1553522482684 
512 911 377 1553522482701 
512 894 380 1553522482719 
512 882 384 1553522482736 
512 863 391 1553522482751 
512 826 399 1553522482771 
512 808 401 1553522482784 
512 758 409 1553522482802 
512 730 415 1553522482819 
512 693 417 1553522482834 
512 662 419 1553522482851 
512 639 423 1553522482869 
512 622 423 1553522482884 
512 592 430 1553522482904 
512 587 435 1553522482918 
512 577 445 1553522482935 
512 566 460 1553522482953 
512 561 471 1553522482968 
512 555 488 1553522482985 
512 553 512 1553522483004 
512 554 540 1553522483020 
512 558 565 1553522483034 
512 561 574 1553522483054 
512 563 578 1553522483068 
512 566 580 1553522483087 
512 567 582 1553522483103 
512 568 583 1553522483120 
512 568 587 1553522483170 
512 568 590 1553522483185 
512 568 604 1553522483201 
512 567 613 1553522483220 
512 567 618 1553522483235 
512 566 621 1553522483252 
512 564 624 1553522483271 
512 561 629 1553522483286 
512 557 639 1553522483303 
512 557 643 1553522483320 
512 555 645 1553522483335 
512 554 648 1553522483352 
512 554 649 1553522483370 
513 554 649 1553522483583 
514 554 649 1553522483691 
512 555 649 1553522483735 
512 557 649 1553522483754 
512 559 648 1553522483768 
512 561 636 1553522483785 
512 563 624 1553522483802 
512 564 603 1553522483818 
512 562 579 1553522483837 
512 557 551 1553522483852 
512 548 531 1553522483870 
512 545 516 1553522483887 
512 545 507 1553522483905 
512 545 506 1553522483920 
512 547 506 1553522483937 
512 557 507 1553522483954 
512 574 516 1553522483971 
512 599 530 1553522483988 
512 630 541 1553522484004 
512 682 565 1553522484018 
512 743 599 1553522484035 
512 762 611 1553522484054 
512 782 623 1553522484072 
512 791 634 1553522484086 
512 799 643 1553522484103 
512 801 650 1553522484119 
512 803 656 1553522484137 
512 805 662 1553522484152 
512 811 669 1553522484172 
512 816 673 1553522484187 
512 825 677 1553522484204 
512 832 678 1553522484219 
512 835 678 1553522484237 
512 835 677 1553522484254 
512 837 669 1553522484269 
512 839 665 1553522484286 
512 841 663 1553522484302 
512 845 660 1553522484321 
512 845 655 1553522484337 
512 846 648 1553522484353 
512 846 641 1553522484372 
512 845 638 1553522484385 
512 842 634 1553522484402 
512 841 632 1553522484438 
512 840 631 1553522484454 
512 836 631 1553522484471 
512 834 629 1553522484486 
512 832 629 1553522484502 
512 831 631 1553522484521 
512 830 632 1553522484553 
512 830 636 1553522484569 
512 831 640 1553522484587 
512 832 643 1553522484605 
512 832 644 1553522484619 
512 832 645 1553522484719 
512 834 646 1553522484738 
513 834 646 1553522484826 
512 835 646 1553522484854 
514 835 646 1553522484949 
512 835 646 1553522484971 
512 833 641 1553522485021 
512 830 634 1553522485036 
512 824 621 1553522485053 
512 814 608 1553522485071 
512 798 588 1553522485088 
512 791 577 1553522485105 
512 783 566 1553522485121 
512 778 553 1553522485136 
512 761 531 1553522485153 
512 751 520 1553522485170 
512 750 517 1553522485188 
512 764 511 1553522485222 
512 783 503 1553522485236 
512 802 493 1553522485253 
512 842 476 1553522485271 
512 885 459 1553522485288 
512 909 449 1553522485303 
512 925 438 1553522485323 
512 931 431 1553522485338 
512 933 427 1553522485355 
512 935 423 1553522485370 
512 937 417 1553522485388 
512 938 414 1553522485404 
512 938 412 1553522485422 
512 938 409 1553522485437 
512 939 408 1553522485456 
512 941 407 1553522485470 
512 941 403 1553522485488 
512 941 398 1553522485505 
512 941 392 1553522485520 
512 939 388 1553522485536 
512 932 379 1553522485554 
512 929 376 1553522485570 
512 929 375 1553522485588 
512 928 374 1553522485605 
512 928 373 1553522485638 
512 928 372 1553522485655 
512 928 371 1553522485672 
512 927 371 1553522485686 
513 927 371 1553522485810 
512 926 371 1553522485887 
514 926 371 1553522485895 
512 926 371 1553522485922 
512 922 371 1553522485970 
512 918 372 1553522485989 
512 902 375 1553522486004 
512 882 378 1553522486020 
512 863 381 1553522486039 
512 840 385 1553522486055 
512 819 393 1553522486073 
512 803 400 1553522486088 
512 795 404 1553522486104 
512 779 404 1553522486120 
512 753 405 1553522486139 
512 737 405 1553522486154 
512 722 404 1553522486172 
512 696 398 1553522486189 
512 673 396 1553522486204 
512 658 395 1553522486222 
512 643 396 1553522486237 
512 635 397 1553522486256 
512 623 398 1553522486270 
512 613 399 1553522486287 
512 600 399 1553522486304 
512 593 399 1553522486322 
512 590 399 1553522486337 
512 588 399 1553522486356 
512 585 399 1553522486372 
512 581 398 1553522486387 
512 570 396 1553522486404 
512 560 395 1553522486423 
512 547 391 1553522486439 
512 536 389 1553522486456 
512 529 388 1553522486471 
512 523 385 1553522486487 
512 516 384 1553522486506 
512 507 382 1553522486523 
512 501 380 1553522486537 
512 496 379 1553522486554 
512 493 379 1553522486572 
512 491 379 1553522486589 
512 490 379 1553522486605 
512 488 379 1553522486621 
512 486 379 1553522486687 
512 484 378 1553522486704 
512 480 378 1553522486723 
512 478 378 1553522486738 
512 476 378 1553522486823 
512 472 378 1553522486839 
512 471 378 1553522486856 
513 471 378 1553522486919 
514 471 378 1553522487027 
512 474 378 1553522487054 
512 484 379 1553522487071 
512 500 382 1553522487089 
512 532 386 1553522487106 
512 548 387 1553522487123 
512 560 390 1553522487138 
512 579 390 1553522487155 
512 598 391 1553522487173 
512 611 391 1553522487188 
512 621 394 1553522487205 
512 632 398 1553522487221 
512 635 399 1553522487241 
512 637 404 1553522487256 
512 642 419 1553522487271 
512 644 434 1553522487288 
512 647 455 1553522487305 
512 648 472 1553522487321 
512 649 497 1553522487338 
512 649 522 1553522487355 
512 643 535 1553522487371 
512 637 553 1553522487388 
512 634 572 1553522487406 
512 632 588 1553522487421 
512 632 607 1553522487440 
512 630 624 1553522487457 
512 628 627 1553522487471 
512 622 631 1553522487490 
512 619 631 1553522487507 
512 609 634 1553522487524 
512 600 634 1553522487540 
512 595 636 1553522487556 
512 591 636 1553522487572 
512 589 637 1553522487588 
512 583 636 1553522487607 
512 575 636 1553522487622 
512 568 636 1553522487639 
512 559 636 1553522487657 
512 554 635 1553522487672 
512 550 634 1553522487689 
512 549 634 1553522487707 
512 548 634 1553522487740 
512 552 634 1553522487940 
512 556 634 1553522487955 
512 557 634 1553522487972 
513 557 634 1553522488036 
512 558 634 1553522488225 
514 558 634 1553522488231 
512 558 634 1553522488241 
512 559 634 1553522488274 
512 563 626 1553522488291 
512 567 618 1553522488306 
512 569 610 1553522488324 
512 574 597 1553522488341 
512 582 567 1553522488355 
512 587 543 1553522488372 
512 594 524 1553522488390 
512 598 499 1553522488407 
512 597 469 1553522488424 
512 593 444 1553522488440 
512 583 423 1553522488457 
512 583 422 1553522488544 
512 579 422 1553522488576 
512 568 446 1553522488593 
512 563 475 1553522488607 
512 555 524 1553522488629 
512 554 537 1553522488642 
512 552 577 1553522488662 
512 552 589 1553522488674 
512 552 610 1553522488691 
512 552 622 1553522488706 
512 552 630 1553522488722 
512 551 631 1553522488740 
512 554 632 1553522488805 
512 558 632 1553522488823 
512 560 632 1553522488841 
512 560 633 1553522488942 
512 561 635 1553522488958 
513 561 635 1553522489012 
514 561 635 1553522489161 
513 561 635 1553522489261 
512 561 634 1553522489391 
512 568 632 1553522489410 
512 569 631 1553522489411 
514 569 631 1553522489411 
512 571 631 1553522489423 
512 580 625 1553522489443 
512 583 619 1553522489459 
512 583 612 1553522489475 
512 583 603 1553522489491 
512 586 594 1553522489508 
512 596 575 1553522489532 
512 603 565 1553522489542 
512 610 550 1553522489560 
512 623 522 1553522489579 
512 631 510 1553522489594 
512 643 495 1553522489608 
512 658 486 1553522489629 
512 700 460 1553522489654 
512 708 456 1553522489662 
512 718 452 1553522489673 
512 737 445 1553522489691 
512 758 441 1553522489708 
512 800 432 1553522489737 
512 810 428 1553522489759 
512 816 426 1553522489775 
512 837 424 1553522489795 
512 852 425 1553522489810 
512 914 430 1553522489832 
512 944 431 1553522489843 
512 962 430 1553522489859 
512 998 423 1553522489879 
512 1023 415 1553522489892 
512 1066 393 1553522489912 
512 1079 386 1553522489924 
512 1103 363 1553522489944 
512 1108 353 1553522489960 
512 1111 340 1553522489975 
512 1113 333 1553522489994 
512 1113 327 1553522490008 
512 1115 318 1553522490039 
512 1115 315 1553522490059 
512 1114 314 1553522490074 
512 1114 309 1553522490125 
512 1119 304 1553522490143 
512 1120 302 1553522490159 
512 1123 298 1553522490178 
512 1124 298 1553522490190 
512 1124 297 1553522490208 
512 1119 295 1553522490261 
512 1102 290 1553522490275 
512 1041 268 1553522490293 
512 976 251 1553522490308 
512 888 232 1553522490329 
512 855 223 1553522490343 
512 785 205 1553522490359 
512 727 198 1553522490393 
512 707 199 1553522490409 
512 692 201 1553522490426 
512 671 200 1553522490448 
512 663 196 1553522490459 
512 654 195 1553522490475 
512 652 195 1553522490492 
512 654 198 1553522490594 
512 663 206 1553522490609 
512 670 210 1553522490626 
512 680 212 1553522490654 
512 682 212 1553522490663 
512 683 213 1553522490698 
512 686 213 1553522490761 
512 687 213 1553522490779 
512 688 213 1553522490925 
512 689 213 1553522491012 
513 689 213 1553522491020 
514 689 213 1553522491137 
512 695 217 1553522491192 
512 700 218 1553522491211 
512 702 219 1553522491226 
513 702 219 1553522491489 
514 702 219 1553522491597 
512 704 220 1553522491775 
512 724 240 1553522491793 
512 777 274 1553522491812 
512 811 291 1553522491826 
512 829 299 1553522491842 
512 832 300 1553522491860 
512 806 281 1553522491926 
512 779 268 1553522491944 
512 757 259 1553522491961 
512 740 250 1553522491976 
512 721 240 1553522491993 
512 717 236 1553522492010 
512 715 235 1553522492025 
512 715 231 1553522492043 
512 714 227 1553522492064 
512 713 227 1553522492075 
512 713 226 1553522492094 
512 713 225 1553522492111 
512 714 225 1553522492127 
512 717 225 1553522492146 
512 721 221 1553522492175 
512 721 219 1553522492192 
512 721 214 1553522492209 
512 717 208 1553522492226 
512 712 202 1553522492245 
512 707 197 1553522492262 
512 702 194 1553522492270 
513 702 194 1553522492270 
512 698 194 1553522492296 
512 693 194 1553522492310 
512 689 195 1553522492326 
512 686 199 1553522492345 
512 686 203 1553522492359 
512 687 206 1553522492377 
512 690 211 1553522492392 
512 692 213 1553522492410 
512 692 214 1553522492457 
514 692 214 1553522492457 
512 694 215 1553522492478 
512 697 215 1553522492494 
512 698 215 1553522492509 
513 698 215 1553522492562 
512 699 215 1553522492594 
514 699 215 1553522492667 
