512 703 214 1553522519717 
512 703 221 1553522519734 
512 704 234 1553522519749 
512 711 260 1553522519767 
512 716 282 1553522519781 
512 722 296 1553522519799 
512 724 304 1553522519815 
512 724 307 1553522519832 
512 724 311 1553522519848 
512 724 317 1553522519867 
512 725 321 1553522519884 
512 725 331 1553522519898 
512 730 344 1553522519915 
512 741 369 1553522519932 
512 755 406 1553522519951 
512 770 441 1553522519967 
512 783 470 1553522519982 
512 791 496 1553522519999 
512 804 520 1553522520019 
512 807 539 1553522520035 
512 817 560 1553522520051 
512 819 580 1553522520067 
512 819 584 1553522520082 
512 819 586 1553522520101 
512 819 587 1553522520119 
512 819 588 1553522520136 
512 819 592 1553522520153 
512 821 593 1553522520166 
512 823 596 1553522520184 
512 827 602 1553522520203 
512 828 604 1553522520218 
512 829 605 1553522520266 
512 831 606 1553522520283 
512 833 608 1553522520302 
512 834 609 1553522520317 
512 835 610 1553522520333 
512 835 613 1553522520358 
512 835 616 1553522520367 
512 835 620 1553522520384 
512 835 626 1553522520400 
512 837 634 1553522520420 
512 837 637 1553522520434 
512 837 639 1553522520452 
512 837 640 1553522520466 
512 838 641 1553522520483 
513 838 641 1553522520722 
512 838 640 1553522520735 
512 838 639 1553522520771 
514 838 639 1553522520815 
512 838 639 1553522520819 
512 834 636 1553522520868 
512 827 630 1553522520884 
512 808 616 1553522520904 
512 798 606 1553522520918 
512 782 590 1553522520934 
512 758 571 1553522520950 
512 725 550 1553522520968 
512 678 531 1553522520983 
512 610 506 1553522521008 
512 598 503 1553522521018 
512 580 497 1553522521033 
512 551 485 1553522521054 
512 533 465 1553522521075 
512 525 461 1553522521084 
512 508 442 1553522521101 
512 489 422 1553522521119 
512 440 385 1553522521141 
512 434 381 1553522521150 
512 424 368 1553522521168 
512 417 361 1553522521185 
512 416 357 1553522521200 
512 416 356 1553522521217 
512 428 357 1553522521319 
512 436 358 1553522521335 
512 448 360 1553522521352 
512 460 361 1553522521367 
512 464 362 1553522521384 
512 469 362 1553522521401 
512 473 364 1553522521418 
512 476 366 1553522521435 
512 478 367 1553522521460 
512 479 368 1553522521472 
512 481 370 1553522521501 
512 481 371 1553522521535 
512 479 371 1553522521652 
512 475 372 1553522521669 
512 471 372 1553522521684 
512 467 372 1553522521701 
512 465 372 1553522521718 
512 464 372 1553522521734 
512 463 372 1553522521756 
513 463 372 1553522521855 
512 463 373 1553522521885 
512 466 373 1553522521901 
514 466 373 1553522522004 
512 466 373 1553522522017 
512 467 373 1553522522051 
512 468 373 1553522522067 
513 468 373 1553522522175 
514 468 373 1553522522322 
512 468 374 1553522522402 
512 468 373 1553522522538 
512 469 372 1553522522553 
512 472 371 1553522522567 
512 479 368 1553522522586 
512 492 365 1553522522602 
512 507 358 1553522522617 
512 522 341 1553522522635 
512 548 314 1553522522652 
512 562 294 1553522522667 
512 589 273 1553522522684 
512 606 261 1553522522701 
512 624 255 1553522522718 
512 637 252 1553522522734 
512 651 248 1553522522751 
512 660 245 1553522522770 
512 664 241 1553522522786 
512 669 239 1553522522801 
512 672 236 1553522522818 
512 676 233 1553522522834 
512 682 229 1553522522851 
512 689 227 1553522522869 
512 700 223 1553522522886 
512 703 222 1553522522901 
512 704 218 1553522522918 
512 706 215 1553522522938 
512 706 213 1553522522953 
512 707 212 1553522522968 
512 708 212 1553522522984 
512 709 212 1553522523002 
512 709 211 1553522523019 
512 709 210 1553522523087 
513 709 210 1553522523113 
512 707 210 1553522523153 
512 706 210 1553522523171 
512 706 209 1553522523184 
514 706 209 1553522523277 
512 706 209 1553522523286 
512 705 209 1553522523505 
513 705 209 1553522523505 
514 705 209 1553522523638 
512 703 209 1553522523803 
512 702 209 1553522523937 
512 710 215 1553522523969 
512 725 230 1553522523985 
512 766 260 1553522524004 
512 784 270 1553522524020 
512 837 301 1553522524037 
512 894 327 1553522524052 
512 932 350 1553522524071 
512 952 361 1553522524087 
512 957 366 1553522524104 
512 959 369 1553522524125 
512 959 376 1553522524138 
512 959 377 1553522524153 
512 958 379 1553522524229 
512 958 381 1553522524241 
512 957 381 1553522524323 
512 952 379 1553522524338 
512 947 378 1553522524353 
512 939 377 1553522524372 
512 933 376 1553522524387 
512 930 376 1553522524410 
512 929 376 1553522524504 
513 929 376 1553522524643 
514 929 376 1553522524745 
512 927 382 1553522524826 
512 927 384 1553522524838 
512 926 388 1553522524852 
512 924 397 1553522524871 
512 919 416 1553522524887 
512 910 426 1553522524904 
512 901 434 1553522524920 
512 886 448 1553522524950 
512 881 455 1553522524957 
512 879 462 1553522524971 
512 874 470 1553522524987 
512 857 474 1553522525006 
512 843 476 1553522525022 
512 817 477 1553522525037 
512 783 479 1553522525061 
512 760 488 1553522525074 
512 753 494 1553522525089 
512 729 511 1553522525107 
512 717 517 1553522525122 
512 699 524 1553522525138 
512 684 528 1553522525154 
512 667 535 1553522525170 
512 653 542 1553522525187 
512 644 553 1553522525204 
512 638 563 1553522525227 
512 634 571 1553522525238 
512 624 577 1553522525255 
512 605 585 1553522525273 
512 591 590 1553522525289 
512 580 598 1553522525303 
512 573 600 1553522525322 
512 571 602 1553522525340 
512 570 605 1553522525504 
512 569 608 1553522525521 
512 569 609 1553522525538 
512 568 610 1553522525555 
512 568 611 1553522525574 
512 568 612 1553522525588 
512 568 614 1553522525605 
512 568 615 1553522525621 
512 567 617 1553522525639 
512 566 618 1553522525659 
512 563 623 1553522525671 
512 561 631 1553522525687 
512 561 639 1553522525704 
512 560 641 1553522525721 
512 560 642 1553522525898 
513 560 642 1553522526001 
514 560 642 1553522526081 
512 563 642 1553522526122 
512 567 639 1553522526138 
512 570 639 1553522526155 
512 571 636 1553522526172 
512 572 631 1553522526187 
512 573 621 1553522526204 
512 574 610 1553522526221 
512 579 601 1553522526238 
512 583 593 1553522526254 
512 587 586 1553522526271 
512 594 579 1553522526287 
512 598 570 1553522526304 
512 604 565 1553522526321 
512 611 559 1553522526339 
512 632 556 1553522526356 
512 639 556 1553522526371 
512 668 553 1553522526387 
512 696 560 1553522526407 
512 720 567 1553522526421 
512 746 577 1553522526437 
512 773 586 1553522526456 
512 794 593 1553522526471 
512 827 610 1553522526488 
512 838 617 1553522526504 
512 844 623 1553522526521 
512 849 632 1553522526539 
512 859 642 1553522526555 
512 862 646 1553522526572 
512 864 648 1553522526587 
512 864 650 1553522526605 
512 866 654 1553522526621 
512 868 658 1553522526638 
512 860 657 1553522526721 
512 848 656 1553522526739 
512 841 656 1553522526755 
512 832 654 1553522526771 
512 828 652 1553522526788 
512 827 652 1553522526804 
512 830 652 1553522526922 
512 833 652 1553522526939 
512 835 652 1553522526957 
512 836 652 1553522526973 
512 837 651 1553522527072 
512 838 650 1553522527088 
512 838 649 1553522527105 
512 837 648 1553522527125 
512 836 648 1553522527139 
513 836 648 1553522527257 
514 836 648 1553522527355 
512 831 646 1553522527422 
512 817 640 1553522527441 
512 796 629 1553522527457 
512 768 616 1553522527471 
512 755 610 1553522527488 
512 750 607 1553522527507 
512 748 607 1553522527525 
512 745 605 1553522527538 
512 742 603 1553522527557 
512 740 600 1553522527576 
512 739 599 1553522527589 
512 738 595 1553522527605 
512 737 583 1553522527622 
512 742 573 1553522527638 
512 754 562 1553522527656 
512 771 549 1553522527672 
512 794 539 1553522527688 
512 831 511 1553522527706 
512 854 490 1553522527722 
512 871 469 1553522527738 
512 882 446 1553522527757 
512 895 422 1553522527774 
512 903 401 1553522527788 
512 907 380 1553522527805 
512 907 360 1553522527823 
512 906 353 1553522527839 
512 910 353 1553522528055 
512 917 357 1553522528072 
512 922 358 1553522528090 
512 923 361 1553522528200 
512 923 362 1553522528209 
512 923 363 1553522528222 
512 923 365 1553522528240 
512 922 366 1553522528262 
512 922 369 1553522528291 
512 922 370 1553522528306 
512 921 376 1553522528355 
512 922 382 1553522528374 
512 923 383 1553522528391 
512 924 384 1553522528406 
512 925 384 1553522528524 
512 925 383 1553522528608 
512 925 381 1553522528632 
513 925 381 1553522528644 
512 925 380 1553522528675 
512 924 380 1553522528796 
512 921 380 1553522528824 
512 919 380 1553522528830 
514 919 380 1553522528831 
512 915 380 1553522528841 
512 908 380 1553522528855 
512 900 380 1553522528873 
512 889 381 1553522528894 
512 880 382 1553522528911 
512 874 384 1553522528927 
512 873 384 1553522528940 
512 868 384 1553522529029 
512 859 384 1553522529041 
512 818 385 1553522529058 
512 786 385 1553522529074 
512 751 385 1553522529095 
512 712 381 1553522529108 
512 677 377 1553522529126 
512 623 375 1553522529145 
512 611 375 1553522529156 
512 588 375 1553522529173 
512 567 376 1553522529189 
512 541 380 1553522529213 
512 533 381 1553522529229 
512 530 381 1553522529243 
512 527 381 1553522529257 
512 523 381 1553522529284 
512 522 381 1553522529291 
512 517 379 1553522529401 
512 508 377 1553522529425 
512 491 371 1553522529445 
512 489 371 1553522529458 
512 485 370 1553522529476 
512 484 370 1553522529492 
512 483 370 1553522529508 
512 479 370 1553522529533 
512 477 370 1553522529541 
512 476 370 1553522529681 
512 475 370 1553522529725 
513 475 370 1553522529799 
514 475 370 1553522529933 
512 480 372 1553522529974 
512 505 381 1553522529995 
512 556 383 1553522530025 
512 577 386 1553522530043 
512 617 385 1553522530058 
512 632 383 1553522530075 
512 641 378 1553522530091 
512 645 371 1553522530111 
512 647 362 1553522530124 
512 647 357 1553522530141 
512 647 356 1553522530162 
512 647 363 1553522530208 
512 641 375 1553522530225 
512 630 391 1553522530242 
512 619 438 1553522530264 
512 613 457 1553522530275 
512 603 500 1553522530293 
512 592 538 1553522530312 
512 587 552 1553522530326 
512 578 566 1553522530342 
512 575 580 1553522530359 
512 575 594 1553522530377 
512 578 612 1553522530392 
512 579 622 1553522530407 
512 580 625 1553522530425 
512 580 626 1553522530463 
512 580 627 1553522530492 
512 580 628 1553522530608 
512 579 628 1553522530626 
512 578 629 1553522530643 
512 576 633 1553522530662 
512 573 635 1553522530682 
512 571 638 1553522530691 
512 569 639 1553522530707 
512 568 640 1553522530742 
512 567 642 1553522530757 
512 567 643 1553522530806 
513 567 643 1553522530912 
514 567 643 1553522531029 
512 568 643 1553522531058 
512 573 643 1553522531074 
512 575 643 1553522531091 
512 581 643 1553522531110 
512 586 642 1553522531125 
512 594 638 1553522531144 
512 601 632 1553522531158 
512 608 616 1553522531176 
512 611 595 1553522531193 
512 607 579 1553522531208 
512 605 577 1553522531227 
512 603 577 1553522531243 
512 597 582 1553522531258 
512 592 586 1553522531275 
512 590 590 1553522531291 
512 590 592 1553522531308 
512 597 585 1553522531342 
512 607 573 1553522531358 
512 620 555 1553522531375 
512 646 521 1553522531392 
512 662 481 1553522531410 
512 673 458 1553522531425 
512 685 407 1553522531442 
512 690 371 1553522531458 
512 695 352 1553522531476 
512 700 338 1553522531493 
512 705 323 1553522531512 
512 710 312 1553522531527 
512 713 303 1553522531543 
512 715 297 1553522531558 
512 718 294 1553522531577 
512 719 291 1553522531594 
512 721 289 1553522531608 
512 721 286 1553522531625 
512 721 281 1553522531643 
512 721 276 1553522531660 
512 719 269 1553522531678 
512 718 263 1553522531692 
512 715 258 1553522531709 
512 711 252 1553522531726 
512 706 246 1553522531745 
512 702 241 1553522531759 
512 702 239 1553522531778 
512 702 236 1553522531795 
512 702 235 1553522531829 
512 703 234 1553522531845 
512 703 233 1553522531859 
512 704 231 1553522531877 
512 704 228 1553522531894 
512 705 221 1553522531914 
512 706 214 1553522531928 
512 706 207 1553522531943 
512 706 201 1553522531959 
512 706 193 1553522531977 
512 703 186 1553522531996 
512 700 180 1553522532014 
512 700 179 1553522532029 
512 699 179 1553522532095 
512 697 179 1553522532127 
512 695 182 1553522532143 
512 695 188 1553522532160 
512 697 194 1553522532179 
512 697 195 1553522532193 
512 697 196 1553522532210 
512 697 198 1553522532227 
512 696 203 1553522532264 
512 696 205 1553522532279 
512 697 211 1553522532293 
512 697 212 1553522532310 
512 697 213 1553522532326 
512 698 213 1553522532360 
512 699 213 1553522532411 
513 699 213 1553522532472 
514 699 213 1553522532565 
