512 700 216 1553538354469 
512 700 232 1553538354486 
512 700 247 1553538354503 
512 700 264 1553538354519 
512 706 288 1553538354538 
512 714 305 1553538354555 
512 719 320 1553538354571 
512 728 333 1553538354586 
512 733 344 1553538354602 
512 736 347 1553538354621 
512 739 350 1553538354637 
512 742 362 1553538354653 
512 747 381 1553538354671 
512 753 410 1553538354688 
512 764 438 1553538354704 
512 771 462 1553538354719 
512 776 480 1553538354736 
512 779 504 1553538354753 
512 784 519 1553538354769 
512 785 532 1553538354787 
512 788 550 1553538354805 
512 789 556 1553538354820 
512 793 562 1553538354836 
512 793 567 1553538354854 
512 793 571 1553538354869 
512 794 578 1553538354886 
512 797 584 1553538354905 
512 799 589 1553538354919 
512 800 590 1553538354953 
512 801 593 1553538354971 
512 803 598 1553538354986 
512 806 608 1553538355006 
512 806 609 1553538355020 
512 806 610 1553538355037 
512 807 611 1553538355053 
512 807 612 1553538355071 
512 808 612 1553538355088 
512 809 614 1553538355103 
512 811 615 1553538355121 
512 813 616 1553538355136 
512 814 617 1553538355153 
512 816 619 1553538355172 
512 819 623 1553538355186 
512 823 627 1553538355204 
512 826 633 1553538355220 
512 827 634 1553538355236 
512 828 635 1553538355253 
512 829 635 1553538355270 
512 830 635 1553538355420 
512 831 636 1553538355439 
512 832 636 1553538355455 
512 833 636 1553538355506 
512 834 637 1553538355553 
512 835 637 1553538355570 
513 835 637 1553538355592 
514 835 637 1553538355726 
512 835 636 1553538355770 
512 834 629 1553538355788 
512 830 619 1553538355803 
512 818 606 1553538355820 
512 802 592 1553538355837 
512 785 575 1553538355854 
512 762 557 1553538355872 
512 749 541 1553538355889 
512 738 529 1553538355904 
512 714 499 1553538355920 
512 692 478 1553538355937 
512 666 456 1553538355956 
512 627 428 1553538355973 
512 590 404 1553538355987 
512 565 396 1553538356005 
512 538 387 1553538356021 
512 514 379 1553538356038 
512 505 375 1553538356055 
512 497 372 1553538356071 
512 492 369 1553538356089 
512 489 368 1553538356104 
512 489 369 1553538356373 
512 486 369 1553538356388 
512 480 370 1553538356407 
512 476 371 1553538356423 
512 476 372 1553538356438 
513 476 372 1553538356626 
514 476 372 1553538356717 
512 484 375 1553538356738 
512 515 379 1553538356756 
512 535 382 1553538356772 
512 562 385 1553538356788 
512 583 386 1553538356806 
512 614 394 1553538356823 
512 666 408 1553538356840 
512 724 421 1553538356859 
512 736 426 1553538356871 
512 764 428 1553538356889 
512 783 430 1553538356906 
512 804 431 1553538356921 
512 809 430 1553538356939 
512 810 427 1553538356956 
512 811 425 1553538356972 
512 813 424 1553538356989 
512 818 418 1553538357005 
512 822 401 1553538357021 
512 823 381 1553538357038 
512 825 358 1553538357057 
512 824 317 1553538357071 
512 814 292 1553538357088 
512 804 273 1553538357105 
512 790 255 1553538357123 
512 767 239 1553538357140 
512 758 231 1553538357155 
512 742 222 1553538357173 
512 739 220 1553538357189 
512 735 219 1553538357207 
512 734 218 1553538357221 
512 731 216 1553538357239 
512 729 215 1553538357256 
512 727 215 1553538357322 
512 725 215 1553538357341 
512 722 214 1553538357357 
512 714 213 1553538357373 
512 709 213 1553538357389 
512 705 212 1553538357407 
512 704 212 1553538357474 
512 701 211 1553538357488 
512 699 211 1553538357506 
513 699 211 1553538357609 
514 699 211 1553538357717 
512 701 216 1553538357756 
512 705 224 1553538357773 
512 711 238 1553538357791 
512 718 248 1553538357806 
512 727 263 1553538357825 
512 735 279 1553538357838 
512 743 295 1553538357856 
512 754 312 1553538357874 
512 754 320 1553538357890 
512 754 330 1553538357905 
512 754 345 1553538357923 
512 756 358 1553538357939 
512 770 375 1553538357957 
512 784 387 1553538357972 
512 796 395 1553538357990 
512 827 409 1553538358007 
512 833 413 1553538358023 
512 852 421 1553538358039 
512 865 424 1553538358056 
512 875 424 1553538358074 
512 880 423 1553538358091 
512 886 421 1553538358107 
512 894 416 1553538358123 
512 901 408 1553538358139 
512 904 403 1553538358158 
512 905 394 1553538358174 
512 907 389 1553538358191 
512 908 384 1553538358207 
512 909 381 1553538358222 
512 910 379 1553538358241 
512 910 375 1553538358257 
512 910 373 1553538358274 
512 910 372 1553538358289 
512 912 372 1553538358374 
512 916 372 1553538358390 
512 921 373 1553538358407 
512 924 373 1553538358425 
512 925 373 1553538358441 
513 925 373 1553538358641 
512 925 374 1553538358740 
512 921 377 1553538358755 
514 921 377 1553538358755 
512 911 378 1553538358775 
512 895 383 1553538358791 
512 872 389 1553538358808 
512 829 399 1553538358825 
512 776 410 1553538358842 
512 719 418 1553538358860 
512 669 423 1553538358875 
512 611 428 1553538358891 
512 576 436 1553538358908 
512 555 438 1553538358925 
512 532 443 1553538358957 
512 526 446 1553538358975 
512 522 449 1553538358989 
512 519 459 1553538359008 
512 516 469 1553538359025 
512 514 480 1553538359040 
512 514 494 1553538359064 
512 516 500 1553538359075 
512 520 512 1553538359093 
512 524 529 1553538359112 
512 527 540 1553538359124 
512 532 549 1553538359142 
512 538 557 1553538359156 
512 545 564 1553538359174 
512 545 566 1553538359193 
512 547 568 1553538359208 
512 549 570 1553538359224 
512 551 572 1553538359241 
512 553 578 1553538359260 
512 554 582 1553538359276 
512 554 587 1553538359291 
512 552 596 1553538359308 
512 552 608 1553538359325 
512 552 615 1553538359340 
512 552 621 1553538359358 
512 549 637 1553538359375 
512 548 641 1553538359391 
512 548 644 1553538359407 
512 548 645 1553538359425 
512 549 645 1553538359475 
512 552 646 1553538359493 
512 555 646 1553538359508 
512 557 647 1553538359523 
512 560 647 1553538359542 
512 562 647 1553538359560 
512 564 647 1553538359579 
512 565 647 1553538359591 
512 566 646 1553538359626 
512 567 645 1553538359642 
512 567 644 1553538359659 
513 567 644 1553538359746 
512 567 643 1553538359792 
514 567 643 1553538359873 
512 567 643 1553538359875 
512 565 638 1553538359907 
512 563 628 1553538359925 
512 562 618 1553538359943 
512 562 605 1553538359958 
512 562 586 1553538359978 
512 559 570 1553538359992 
512 557 547 1553538360012 
512 557 532 1553538360024 
512 558 517 1553538360042 
512 558 505 1553538360059 
512 556 492 1553538360073 
512 554 480 1553538360091 
512 555 477 1553538360108 
512 560 476 1553538360128 
512 572 476 1553538360143 
512 594 479 1553538360161 
512 622 485 1553538360176 
512 665 505 1553538360190 
512 714 527 1553538360209 
512 784 561 1553538360226 
512 818 578 1553538360242 
512 837 589 1553538360258 
512 855 600 1553538360275 
512 863 606 1553538360292 
512 865 611 1553538360307 
512 864 615 1553538360326 
512 863 619 1553538360341 
512 861 630 1553538360358 
512 861 637 1553538360376 
512 863 641 1553538360392 
512 863 644 1553538360407 
512 864 645 1553538360426 
512 864 646 1553538360493 
512 861 646 1553538360574 
512 850 645 1553538360592 
512 838 645 1553538360608 
512 830 645 1553538360626 
512 828 645 1553538360641 
512 827 645 1553538360660 
512 829 645 1553538360825 
512 832 645 1553538360841 
512 836 645 1553538360858 
512 837 645 1553538360960 
513 837 645 1553538360993 
514 837 645 1553538361123 
512 832 642 1553538361159 
512 826 637 1553538361175 
512 813 628 1553538361193 
512 799 613 1553538361209 
512 769 585 1553538361227 
512 750 573 1553538361243 
512 724 562 1553538361258 
512 704 552 1553538361276 
512 684 543 1553538361292 
512 655 531 1553538361308 
512 644 527 1553538361327 
512 644 526 1553538361341 
512 659 522 1553538361392 
512 678 513 1553538361410 
512 704 506 1553538361426 
512 736 499 1553538361442 
512 787 490 1553538361460 
512 812 483 1553538361477 
512 830 467 1553538361493 
512 840 452 1553538361510 
512 851 437 1553538361527 
512 861 424 1553538361542 
512 866 415 1553538361561 
512 868 408 1553538361577 
512 869 403 1553538361594 
512 869 401 1553538361612 
512 873 401 1553538361710 
512 888 398 1553538361725 
512 907 394 1553538361744 
512 910 393 1553538361760 
512 913 391 1553538361775 
512 918 389 1553538361794 
512 922 387 1553538361810 
512 923 386 1553538361825 
512 924 385 1553538361844 
512 924 384 1553538361976 
512 924 383 1553538362009 
512 924 382 1553538362026 
512 924 381 1553538362042 
512 924 380 1553538362060 
512 926 378 1553538362076 
512 928 377 1553538362094 
512 928 375 1553538362109 
512 928 374 1553538362127 
512 929 372 1553538362143 
512 929 371 1553538362161 
512 929 370 1553538362179 
512 929 369 1553538362195 
513 929 369 1553538362211 
514 929 369 1553538362312 
512 926 370 1553538362327 
512 922 371 1553538362343 
512 910 371 1553538362360 
512 895 377 1553538362375 
512 873 382 1553538362392 
512 839 391 1553538362409 
512 787 400 1553538362426 
512 704 417 1553538362444 
512 623 440 1553538362461 
512 566 456 1553538362478 
512 526 464 1553538362494 
512 493 469 1553538362510 
512 470 472 1553538362529 
512 454 474 1553538362543 
512 446 472 1553538362561 
512 442 470 1553538362577 
512 434 459 1553538362592 
512 425 451 1553538362611 
512 420 443 1553538362627 
512 417 434 1553538362642 
512 415 425 1553538362661 
512 415 418 1553538362676 
512 415 413 1553538362693 
512 423 410 1553538362710 
512 438 409 1553538362728 
512 450 408 1553538362742 
512 471 403 1553538362761 
512 485 399 1553538362776 
512 498 394 1553538362795 
512 503 391 1553538362809 
512 505 391 1553538362826 
512 505 389 1553538362845 
512 508 387 1553538362859 
512 508 386 1553538362878 
512 509 384 1553538362893 
512 509 381 1553538362912 
512 507 378 1553538362928 
512 504 377 1553538362943 
512 501 376 1553538362961 
512 495 376 1553538362978 
512 489 376 1553538362997 
512 482 376 1553538363010 
512 477 375 1553538363028 
512 475 375 1553538363043 
513 475 375 1553538363249 
514 475 375 1553538363341 
512 476 375 1553538363443 
512 484 379 1553538363460 
512 491 387 1553538363478 
512 503 397 1553538363495 
512 522 409 1553538363510 
512 542 420 1553538363529 
512 564 429 1553538363543 
512 581 435 1553538363562 
512 583 438 1553538363579 
512 586 444 1553538363593 
512 590 449 1553538363611 
512 591 457 1553538363628 
512 592 473 1553538363644 
512 598 511 1553538363662 
512 598 521 1553538363677 
512 598 549 1553538363695 
512 597 559 1553538363710 
512 595 565 1553538363730 
512 595 571 1553538363743 
512 592 576 1553538363762 
512 590 580 1553538363779 
512 587 585 1553538363794 
512 585 588 1553538363810 
512 583 599 1553538363829 
512 583 608 1553538363844 
512 583 614 1553538363862 
512 583 617 1553538363877 
512 582 618 1553538363910 
512 581 619 1553538363927 
512 581 621 1553538363945 
512 581 622 1553538363960 
512 580 623 1553538363977 
512 579 623 1553538363993 
512 579 624 1553538364012 
512 579 627 1553538364029 
512 578 630 1553538364044 
512 577 631 1553538364079 
512 576 632 1553538364094 
512 576 634 1553538364113 
512 575 635 1553538364127 
512 573 636 1553538364161 
512 572 637 1553538364178 
512 572 640 1553538364195 
512 571 640 1553538364210 
512 570 641 1553538364229 
512 567 641 1553538364328 
512 564 641 1553538364344 
513 564 641 1553538364476 
514 564 641 1553538364583 
512 576 641 1553538364661 
512 588 641 1553538364679 
512 598 641 1553538364697 
512 609 638 1553538364711 
512 623 629 1553538364730 
512 635 621 1553538364745 
512 646 612 1553538364762 
512 652 599 1553538364778 
512 654 589 1553538364795 
512 658 571 1553538364813 
512 661 552 1553538364829 
512 662 526 1553538364845 
512 662 502 1553538364861 
512 662 476 1553538364878 
512 661 452 1553538364897 
512 656 396 1553538364913 
512 653 374 1553538364930 
512 650 357 1553538364947 
512 650 343 1553538364961 
512 651 331 1553538364980 
512 656 325 1553538364996 
512 658 319 1553538365011 
512 658 315 1553538365030 
512 659 313 1553538365045 
512 660 307 1553538365061 
512 661 303 1553538365078 
512 661 299 1553538365095 
512 664 297 1553538365112 
512 668 295 1553538365129 
512 670 292 1553538365145 
512 671 291 1553538365162 
512 672 288 1553538365179 
512 674 286 1553538365195 
512 676 283 1553538365213 
512 680 279 1553538365230 
512 684 276 1553538365247 
512 685 273 1553538365263 
512 688 264 1553538365280 
512 690 260 1553538365299 
512 692 255 1553538365311 
512 694 251 1553538365328 
512 694 249 1553538365346 
512 695 247 1553538365362 
512 696 245 1553538365378 
512 697 243 1553538365395 
512 698 241 1553538365412 
512 699 238 1553538365428 
512 699 234 1553538365447 
512 698 234 1553538365462 
512 698 233 1553538365495 
512 698 232 1553538365513 
512 696 231 1553538365530 
512 696 230 1553538365547 
512 696 229 1553538365562 
512 696 227 1553538365578 
512 696 225 1553538365595 
512 696 224 1553538365613 
512 696 222 1553538365630 
512 696 220 1553538365662 
512 695 218 1553538365680 
512 694 217 1553538365697 
513 694 217 1553538365969 
514 694 217 1553538366069 
