512 696 215 1553538393869 
512 698 222 1553538393885 
512 700 234 1553538393903 
512 704 255 1553538393919 
512 709 288 1553538393937 
512 715 311 1553538393952 
512 719 336 1553538393968 
512 717 360 1553538393985 
512 695 380 1553538394002 
512 688 402 1553538394019 
512 688 418 1553538394035 
512 687 437 1553538394053 
512 687 456 1553538394069 
512 693 476 1553538394086 
512 699 497 1553538394105 
512 707 516 1553538394121 
512 710 525 1553538394136 
512 713 530 1553538394153 
512 718 535 1553538394172 
512 732 543 1553538394188 
512 757 560 1553538394203 
512 778 571 1553538394221 
512 794 577 1553538394236 
512 812 581 1553538394254 
512 822 585 1553538394270 
512 829 587 1553538394287 
512 834 590 1553538394305 
512 835 590 1553538394320 
512 836 591 1553538394338 
512 837 593 1553538394353 
512 839 600 1553538394370 
512 843 612 1553538394389 
512 845 617 1553538394405 
512 846 619 1553538394419 
512 846 623 1553538394437 
512 846 625 1553538394453 
512 846 629 1553538394472 
512 845 630 1553538394486 
512 845 631 1553538394503 
512 845 632 1553538394555 
512 845 633 1553538394670 
512 845 634 1553538394704 
512 845 636 1553538394737 
512 845 638 1553538394754 
512 844 641 1553538394770 
512 843 642 1553538394789 
512 842 644 1553538394804 
512 842 645 1553538394820 
513 842 645 1553538394907 
512 841 645 1553538395039 
514 841 645 1553538395039 
512 841 644 1553538395070 
512 837 643 1553538395087 
512 829 640 1553538395103 
512 811 636 1553538395120 
512 801 632 1553538395137 
512 753 625 1553538395154 
512 711 615 1553538395170 
512 663 605 1553538395187 
512 602 593 1553538395204 
512 537 585 1553538395220 
512 474 573 1553538395239 
512 429 559 1553538395256 
512 398 540 1553538395271 
512 378 522 1553538395287 
512 364 494 1553538395306 
512 358 474 1553538395322 
512 350 456 1553538395339 
512 343 434 1553538395356 
512 342 420 1553538395372 
512 342 407 1553538395388 
512 342 397 1553538395403 
512 342 392 1553538395420 
512 342 388 1553538395438 
512 344 383 1553538395454 
512 352 378 1553538395473 
512 354 376 1553538395489 
512 359 373 1553538395506 
512 367 369 1553538395521 
512 384 364 1553538395538 
512 397 361 1553538395556 
512 407 358 1553538395571 
512 411 356 1553538395589 
512 415 355 1553538395604 
512 418 355 1553538395622 
512 428 354 1553538395638 
512 430 354 1553538395654 
512 431 355 1553538395773 
512 434 359 1553538395788 
512 439 364 1553538395804 
512 451 373 1553538395822 
512 457 379 1553538395839 
512 459 379 1553538395854 
512 459 380 1553538395873 
512 461 381 1553538395888 
512 462 381 1553538395906 
512 464 381 1553538395921 
512 467 381 1553538395939 
512 471 381 1553538395954 
512 473 381 1553538395971 
512 473 380 1553538396055 
512 473 379 1553538396088 
512 473 378 1553538396122 
513 473 378 1553538396217 
514 473 378 1553538396325 
512 472 384 1553538396389 
512 472 390 1553538396405 
512 472 395 1553538396423 
512 474 399 1553538396438 
512 476 401 1553538396456 
512 478 402 1553538396471 
512 480 404 1553538396488 
512 482 408 1553538396506 
512 484 411 1553538396521 
512 491 416 1553538396538 
512 501 423 1553538396555 
512 513 423 1553538396572 
512 532 420 1553538396588 
512 544 411 1553538396607 
512 560 395 1553538396623 
512 608 356 1553538396640 
512 635 334 1553538396655 
512 658 310 1553538396677 
512 674 285 1553538396690 
512 683 270 1553538396705 
512 688 263 1553538396723 
512 692 252 1553538396742 
512 693 247 1553538396756 
512 695 242 1553538396773 
512 697 239 1553538396789 
512 701 237 1553538396805 
512 708 234 1553538396823 
512 714 229 1553538396841 
512 722 220 1553538396857 
512 724 216 1553538396873 
512 725 210 1553538396889 
512 725 209 1553538396906 
512 722 209 1553538396974 
512 716 208 1553538396990 
512 709 208 1553538397007 
512 704 208 1553538397022 
512 700 208 1553538397040 
512 697 208 1553538397058 
512 696 208 1553538397074 
512 696 209 1553538397091 
512 695 209 1553538397106 
512 691 210 1553538397124 
512 689 211 1553538397140 
512 690 212 1553538397222 
512 694 214 1553538397241 
512 696 214 1553538397256 
513 696 214 1553538397444 
514 696 214 1553538397543 
512 692 224 1553538397623 
512 689 241 1553538397639 
512 687 259 1553538397656 
512 687 282 1553538397674 
512 687 309 1553538397689 
512 697 339 1553538397711 
512 701 347 1553538397725 
512 714 367 1553538397740 
512 727 395 1553538397757 
512 769 438 1553538397799 
512 821 452 1553538397824 
512 858 453 1553538397841 
512 884 453 1553538397856 
512 909 450 1553538397872 
512 926 443 1553538397892 
512 939 435 1553538397907 
512 951 426 1553538397932 
512 954 424 1553538397941 
512 958 421 1553538397958 
512 962 417 1553538397974 
512 971 407 1553538397990 
512 971 396 1553538398007 
512 968 384 1553538398023 
512 966 376 1553538398039 
512 963 371 1553538398057 
512 957 361 1553538398077 
512 952 358 1553538398093 
512 949 358 1553538398108 
512 935 355 1553538398123 
512 922 355 1553538398140 
512 913 355 1553538398160 
512 910 355 1553538398177 
512 910 356 1553538398242 
512 910 357 1553538398259 
512 911 360 1553538398274 
512 912 362 1553538398293 
512 913 363 1553538398308 
512 914 364 1553538398325 
512 915 364 1553538398341 
512 915 365 1553538398358 
512 916 365 1553538398374 
512 916 366 1553538398394 
512 917 366 1553538398459 
512 918 366 1553538398474 
512 918 367 1553538398592 
512 919 367 1553538398626 
512 919 368 1553538398644 
513 919 368 1553538398669 
512 919 370 1553538398741 
512 919 372 1553538398758 
512 919 374 1553538398774 
514 919 374 1553538398865 
512 919 374 1553538398876 
512 919 375 1553538398891 
512 920 379 1553538398926 
512 920 380 1553538398942 
512 921 382 1553538398958 
512 922 383 1553538398975 
512 924 385 1553538398991 
512 928 386 1553538399007 
512 931 386 1553538399025 
513 931 386 1553538399272 
512 931 383 1553538399342 
512 930 383 1553538399359 
512 929 383 1553538399411 
514 929 383 1553538399412 
512 927 383 1553538399426 
512 923 384 1553538399442 
512 917 386 1553538399459 
512 906 390 1553538399475 
512 901 390 1553538399492 
512 895 393 1553538399509 
512 884 395 1553538399525 
512 871 397 1553538399542 
512 845 402 1553538399559 
512 817 405 1553538399576 
512 782 406 1553538399592 
512 726 408 1553538399608 
512 605 413 1553538399625 
512 529 415 1553538399642 
512 473 420 1553538399658 
512 430 422 1553538399674 
512 412 431 1553538399692 
512 400 436 1553538399709 
512 389 442 1553538399725 
512 383 446 1553538399741 
512 379 447 1553538399759 
512 377 452 1553538399776 
512 374 455 1553538399792 
512 374 457 1553538399810 
512 373 459 1553538399827 
512 373 460 1553538399842 
512 379 463 1553538399859 
512 407 469 1553538399877 
512 483 479 1553538399893 
512 557 481 1553538399908 
512 623 477 1553538399926 
512 706 472 1553538399944 
512 743 468 1553538399958 
512 770 460 1553538399975 
512 776 456 1553538399992 
512 785 449 1553538400008 
512 795 439 1553538400025 
512 800 434 1553538400043 
512 805 426 1553538400059 
512 816 419 1553538400079 
512 821 418 1553538400092 
512 831 417 1553538400109 
512 840 416 1553538400126 
512 845 414 1553538400142 
512 848 411 1553538400159 
512 848 407 1553538400176 
512 846 404 1553538400193 
512 846 403 1553538400310 
512 840 403 1553538400393 
512 817 407 1553538400410 
512 791 414 1553538400427 
512 774 416 1553538400445 
512 772 418 1553538400459 
512 772 419 1553538400477 
512 772 420 1553538400559 
512 767 420 1553538400593 
512 737 423 1553538400608 
512 709 424 1553538400627 
512 662 426 1553538400642 
512 607 429 1553538400658 
512 576 434 1553538400676 
512 554 436 1553538400693 
512 549 437 1553538400710 
512 548 438 1553538400725 
512 547 438 1553538400742 
512 544 440 1553538400760 
512 541 442 1553538400776 
512 538 445 1553538400794 
512 536 448 1553538400809 
512 531 470 1553538400827 
512 537 489 1553538400843 
512 544 506 1553538400859 
512 550 526 1553538400876 
512 553 545 1553538400894 
512 559 565 1553538400910 
512 577 606 1553538400926 
512 581 630 1553538400943 
512 587 666 1553538400958 
512 591 675 1553538400977 
512 592 677 1553538400993 
512 590 675 1553538401093 
512 579 673 1553538401110 
512 572 671 1553538401127 
512 566 669 1553538401143 
512 559 666 1553538401161 
512 555 664 1553538401177 
512 554 664 1553538401192 
512 552 661 1553538401210 
512 552 659 1553538401227 
512 552 657 1553538401243 
512 553 653 1553538401259 
512 553 652 1553538401278 
512 553 651 1553538401311 
512 554 650 1553538401326 
512 557 650 1553538401344 
512 560 650 1553538401361 
512 561 650 1553538401377 
512 563 649 1553538401395 
512 563 648 1553538401443 
513 563 648 1553538401562 
514 563 648 1553538401679 
512 564 646 1553538401802 
512 565 638 1553538401817 
512 566 625 1553538401827 
512 565 608 1553538401843 
512 559 595 1553538401862 
512 551 579 1553538401880 
512 548 577 1553538401894 
512 546 572 1553538401913 
512 546 571 1553538401930 
512 572 579 1553538401960 
512 628 598 1553538401977 
512 699 612 1553538401995 
512 757 622 1553538402012 
512 794 625 1553538402028 
512 812 625 1553538402051 
512 813 625 1553538402060 
512 814 623 1553538402078 
512 815 623 1553538402211 
512 818 623 1553538402227 
512 821 623 1553538402246 
512 822 625 1553538402261 
512 822 626 1553538402295 
512 823 634 1553538402312 
512 823 638 1553538402328 
512 824 642 1553538402351 
512 824 643 1553538402360 
512 825 644 1553538402379 
512 825 645 1553538402396 
512 826 645 1553538402411 
512 827 646 1553538402427 
512 829 647 1553538402451 
512 830 647 1553538402477 
512 832 648 1553538402495 
512 835 649 1553538402510 
512 838 650 1553538402527 
512 843 651 1553538402551 
512 844 651 1553538402561 
512 844 650 1553538402660 
513 844 650 1553538402706 
514 844 650 1553538402841 
512 842 648 1553538402946 
512 836 642 1553538402962 
512 831 639 1553538402978 
512 821 629 1553538402995 
512 811 619 1553538403011 
512 808 610 1553538403028 
512 807 603 1553538403045 
512 808 595 1553538403060 
512 811 584 1553538403078 
512 814 573 1553538403093 
512 816 565 1553538403112 
512 821 556 1553538403129 
512 829 543 1553538403146 
512 869 508 1553538403171 
512 879 504 1553538403180 
512 912 496 1553538403195 
512 928 488 1553538403211 
512 935 477 1553538403229 
512 940 462 1553538403246 
512 944 443 1553538403262 
512 945 422 1553538403283 
512 944 412 1553538403295 
512 944 405 1553538403310 
512 945 401 1553538403327 
512 945 396 1553538403345 
512 945 392 1553538403362 
512 945 387 1553538403377 
512 940 380 1553538403395 
512 934 374 1553538403411 
512 929 370 1553538403427 
512 918 364 1553538403445 
512 914 363 1553538403462 
512 912 363 1553538403478 
512 911 362 1553538403495 
512 910 362 1553538403512 
512 909 361 1553538403546 
512 911 362 1553538403681 
512 916 365 1553538403695 
512 923 367 1553538403713 
512 929 371 1553538403729 
512 936 374 1553538403745 
512 937 376 1553538403762 
512 938 376 1553538403779 
512 938 377 1553538403811 
512 939 377 1553538403862 
513 939 377 1553538403937 
514 939 377 1553538404115 
512 934 376 1553538404228 
512 928 376 1553538404246 
512 922 376 1553538404263 
512 921 376 1553538404280 
513 921 376 1553538404415 
514 921 376 1553538404567 
512 910 374 1553538404713 
512 889 372 1553538404730 
512 870 371 1553538404745 
512 847 369 1553538404762 
512 813 369 1553538404782 
512 803 369 1553538404795 
512 784 368 1553538404812 
512 752 358 1553538404828 
512 722 346 1553538404846 
512 635 330 1553538404866 
512 573 321 1553538404881 
512 520 318 1553538404897 
512 498 318 1553538404914 
512 484 321 1553538404930 
512 478 324 1553538404945 
512 475 327 1553538404964 
512 473 332 1553538404982 
512 466 338 1553538404997 
512 462 344 1553538405013 
512 459 352 1553538405029 
512 458 362 1553538405045 
512 456 372 1553538405062 
512 456 376 1553538405081 
512 456 380 1553538405097 
512 457 380 1553538405147 
512 457 381 1553538405182 
512 459 381 1553538405329 
512 460 381 1553538405363 
512 461 381 1553538405380 
512 462 380 1553538405397 
512 464 379 1553538405416 
512 465 379 1553538405429 
512 465 378 1553538405447 
512 466 377 1553538405462 
512 467 376 1553538405480 
512 471 375 1553538405501 
512 472 374 1553538405530 
513 472 374 1553538405576 
514 472 374 1553538405718 
512 474 374 1553538405796 
512 490 380 1553538405813 
512 517 385 1553538405830 
512 544 393 1553538405846 
512 563 399 1553538405865 
512 581 409 1553538405879 
512 600 421 1553538405897 
512 604 425 1553538405912 
512 607 428 1553538405931 
512 608 432 1553538405947 
512 608 446 1553538405962 
512 608 456 1553538405980 
512 609 471 1553538405996 
512 608 483 1553538406014 
512 604 505 1553538406029 
512 599 532 1553538406046 
512 589 553 1553538406063 
512 579 578 1553538406080 
512 572 597 1553538406097 
512 564 627 1553538406117 
512 562 639 1553538406131 
512 561 648 1553538406147 
512 561 649 1553538406163 
512 561 648 1553538406264 
512 561 647 1553538406281 
512 560 646 1553538406298 
512 560 645 1553538406332 
512 560 644 1553538406346 
512 560 643 1553538406381 
512 560 642 1553538406397 
512 560 641 1553538406431 
513 560 641 1553538406451 
514 560 641 1553538406560 
512 560 640 1553538406631 
512 560 638 1553538406650 
512 562 636 1553538406665 
512 565 631 1553538406679 
512 567 621 1553538406698 
512 572 595 1553538406719 
512 573 569 1553538406734 
512 576 544 1553538406750 
512 580 525 1553538406767 
512 587 502 1553538406782 
512 598 481 1553538406797 
512 604 454 1553538406815 
512 611 436 1553538406831 
512 619 410 1553538406850 
512 623 387 1553538406865 
512 639 356 1553538406881 
512 644 334 1553538406898 
512 649 310 1553538406915 
512 651 280 1553538406939 
512 651 273 1553538406948 
512 651 265 1553538406966 
512 651 261 1553538406982 
512 651 258 1553538406998 
512 651 256 1553538407015 
512 653 254 1553538407031 
512 656 252 1553538407048 
512 659 250 1553538407064 
512 661 247 1553538407082 
512 665 239 1553538407098 
512 669 227 1553538407116 
512 673 219 1553538407132 
512 675 213 1553538407149 
512 680 205 1553538407174 
512 680 204 1553538407185 
512 680 201 1553538407198 
512 680 200 1553538407213 
512 680 199 1553538407232 
512 680 197 1553538407249 
512 680 196 1553538407268 
512 682 196 1553538407365 
512 688 198 1553538407380 
512 699 204 1553538407400 
512 706 206 1553538407416 
512 710 207 1553538407430 
512 710 208 1553538407662 
513 710 208 1553538407662 
514 710 208 1553538407771 
512 708 210 1553538407831 
512 704 211 1553538407849 
512 698 217 1553538407865 
512 692 222 1553538407881 
512 688 228 1553538407899 
512 686 235 1553538407914 
512 678 247 1553538407931 
512 670 260 1553538407947 
512 663 273 1553538407965 
512 656 285 1553538407981 
512 649 308 1553538407998 
512 647 320 1553538408015 
512 646 326 1553538408031 
512 646 327 1553538408049 
512 649 323 1553538408190 
512 652 316 1553538408200 
512 656 301 1553538408215 
512 657 290 1553538408233 
512 656 285 1553538408248 
512 656 283 1553538408264 
512 656 281 1553538408281 
512 656 280 1553538408300 
512 657 277 1553538408317 
512 658 276 1553538408332 
512 659 273 1553538408348 
512 661 271 1553538408367 
512 662 268 1553538408383 
512 663 264 1553538408398 
512 665 260 1553538408415 
512 666 257 1553538408432 
512 667 256 1553538408450 
512 668 255 1553538408465 
512 669 253 1553538408481 
512 670 252 1553538408498 
512 670 250 1553538408581 
512 671 249 1553538408602 
512 672 248 1553538408615 
512 673 247 1553538408632 
512 674 243 1553538408649 
512 675 242 1553538408665 
512 677 238 1553538408683 
512 681 232 1553538408702 
512 682 228 1553538408715 
512 685 219 1553538408732 
512 686 214 1553538408750 
512 688 213 1553538408765 
512 692 211 1553538408781 
512 694 210 1553538408800 
512 694 209 1553538408817 
512 695 208 1553538408848 
512 695 207 1553538408883 
513 695 207 1553538408925 
514 695 207 1553538409005 
