512 694 217 1553538409101 
512 686 252 1553538409118 
512 680 285 1553538409135 
512 678 319 1553538409149 
512 675 348 1553538409168 
512 670 410 1553538409192 
512 667 430 1553538409202 
512 665 455 1553538409215 
512 668 481 1553538409233 
512 673 505 1553538409250 
512 684 529 1553538409266 
512 690 550 1553538409284 
512 703 583 1553538409299 
512 719 609 1553538409318 
512 727 619 1553538409334 
512 734 627 1553538409351 
512 738 632 1553538409366 
512 739 638 1553538409383 
512 742 644 1553538409405 
512 742 645 1553538409417 
512 743 648 1553538409434 
512 746 653 1553538409450 
512 749 654 1553538409470 
512 753 654 1553538409484 
512 757 654 1553538409501 
512 765 654 1553538409517 
512 773 654 1553538409535 
512 777 654 1553538409550 
512 783 654 1553538409567 
512 787 652 1553538409587 
512 789 651 1553538409601 
512 798 649 1553538409618 
512 802 646 1553538409635 
512 803 645 1553538409649 
512 804 641 1553538409672 
512 805 640 1553538409795 
512 806 640 1553538409804 
512 807 640 1553538409816 
512 809 639 1553538409833 
512 813 639 1553538409853 
512 815 639 1553538409883 
512 816 639 1553538409900 
512 819 639 1553538409917 
512 820 639 1553538409935 
512 821 641 1553538410037 
512 821 644 1553538410068 
512 822 646 1553538410086 
512 824 646 1553538410101 
512 825 646 1553538410118 
512 826 646 1553538410134 
512 827 646 1553538410150 
512 828 646 1553538410166 
512 831 647 1553538410185 
512 833 647 1553538410201 
512 833 646 1553538410249 
512 833 645 1553538410267 
512 833 644 1553538410283 
512 833 643 1553538410301 
512 833 642 1553538410316 
512 833 640 1553538410333 
512 833 639 1553538410350 
512 833 638 1553538410434 
513 833 638 1553538410451 
512 834 638 1553538410467 
512 835 638 1553538410517 
514 835 638 1553538410613 
512 835 638 1553538410617 
512 831 638 1553538410701 
512 821 639 1553538410716 
512 811 641 1553538410735 
512 809 641 1553538410751 
512 810 642 1553538410766 
512 814 642 1553538410785 
512 826 642 1553538410800 
512 843 641 1553538410818 
512 848 641 1553538410833 
512 856 640 1553538410849 
512 857 638 1553538410867 
512 857 635 1553538410885 
512 857 634 1553538410919 
512 856 629 1553538410933 
512 851 623 1553538410951 
512 846 621 1553538410966 
512 844 618 1553538410983 
512 840 616 1553538411001 
512 832 613 1553538411017 
512 825 611 1553538411033 
512 810 609 1553538411050 
512 777 601 1553538411067 
512 713 586 1553538411085 
512 656 563 1553538411100 
512 610 542 1553538411117 
512 559 521 1553538411136 
512 524 508 1553538411151 
512 468 483 1553538411167 
512 395 454 1553538411183 
512 308 407 1553538411202 
512 258 372 1553538411217 
512 215 336 1553538411233 
512 177 300 1553538411251 
512 158 281 1553538411267 
512 151 271 1553538411284 
512 151 269 1553538411301 
512 154 265 1553538411319 
512 159 265 1553538411335 
512 175 264 1553538411352 
512 193 263 1553538411367 
512 210 263 1553538411385 
512 227 264 1553538411400 
512 239 264 1553538411419 
512 254 266 1553538411435 
512 274 270 1553538411450 
512 294 278 1553538411467 
512 335 292 1553538411484 
512 374 306 1553538411500 
512 409 329 1553538411517 
512 453 357 1553538411540 
512 463 360 1553538411550 
512 476 367 1553538411569 
512 487 373 1553538411584 
512 495 376 1553538411600 
512 506 377 1553538411619 
512 519 378 1553538411635 
512 527 378 1553538411651 
512 531 379 1553538411668 
512 532 379 1553538411686 
512 532 380 1553538411751 
512 531 380 1553538411767 
512 524 380 1553538411788 
512 513 380 1553538411807 
512 508 380 1553538411819 
512 504 380 1553538411835 
512 502 380 1553538411851 
512 500 380 1553538411868 
512 496 380 1553538411884 
512 488 378 1553538411904 
512 486 378 1553538411919 
512 484 376 1553538412037 
512 482 376 1553538412053 
512 481 376 1553538412068 
512 481 375 1553538412085 
512 478 375 1553538412175 
512 475 376 1553538412188 
513 475 376 1553538412443 
514 475 376 1553538412543 
512 468 376 1553538412648 
512 465 375 1553538412655 
512 460 373 1553538412670 
512 445 365 1553538412694 
512 439 361 1553538412703 
512 432 348 1553538412720 
512 427 339 1553538412738 
512 427 331 1553538412752 
512 433 323 1553538412769 
512 444 315 1553538412787 
512 467 305 1553538412803 
512 487 294 1553538412823 
512 506 282 1553538412841 
512 530 272 1553538412852 
512 554 264 1553538412870 
512 584 249 1553538412889 
512 592 235 1553538412902 
512 597 223 1553538412924 
512 598 219 1553538412937 
512 599 217 1553538412952 
512 600 216 1553538412969 
512 602 215 1553538412986 
512 604 215 1553538413002 
512 607 215 1553538413019 
512 609 216 1553538413055 
512 610 217 1553538413068 
512 608 220 1553538413086 
512 602 221 1553538413103 
512 587 221 1553538413119 
512 584 221 1553538413135 
512 606 222 1553538413383 
512 635 227 1553538413402 
512 661 228 1553538413420 
512 690 227 1553538413435 
512 706 216 1553538413452 
512 711 208 1553538413469 
512 712 206 1553538413486 
512 713 205 1553538413503 
512 714 204 1553538413519 
512 708 204 1553538413605 
512 697 206 1553538413619 
512 687 208 1553538413636 
512 677 210 1553538413655 
512 673 210 1553538413670 
512 673 211 1553538413686 
512 673 212 1553538413753 
512 673 213 1553538413770 
512 674 213 1553538413804 
512 680 214 1553538413838 
512 687 216 1553538413854 
512 695 216 1553538413869 
512 698 216 1553538413887 
512 701 216 1553538413905 
512 703 215 1553538413923 
512 705 215 1553538413937 
512 706 214 1553538413954 
512 707 214 1553538413970 
512 709 214 1553538413987 
512 710 214 1553538414053 
512 710 213 1553538414086 
512 706 212 1553538414119 
512 704 211 1553538414137 
512 703 211 1553538414152 
513 703 211 1553538414311 
514 703 211 1553538414490 
512 703 216 1553538414537 
512 703 226 1553538414555 
512 708 241 1553538414569 
512 713 261 1553538414587 
512 719 269 1553538414603 
512 724 273 1553538414620 
512 724 274 1553538414638 
512 725 278 1553538414653 
512 732 283 1553538414672 
512 735 285 1553538414687 
512 737 287 1553538414704 
512 744 298 1553538414720 
512 749 312 1553538414736 
512 757 323 1553538414753 
512 762 335 1553538414771 
512 779 359 1553538414788 
512 793 372 1553538414803 
512 815 383 1553538414820 
512 837 385 1553538414837 
512 860 388 1553538414854 
512 883 387 1553538414874 
512 889 385 1553538414886 
512 899 382 1553538414903 
512 911 377 1553538414920 
512 918 373 1553538414939 
512 923 372 1553538414953 
512 927 372 1553538414972 
512 931 371 1553538414988 
512 937 371 1553538415003 
512 948 371 1553538415022 
512 952 371 1553538415036 
512 947 371 1553538415171 
512 944 372 1553538415187 
512 940 373 1553538415206 
512 939 373 1553538415220 
512 937 373 1553538415242 
512 936 373 1553538415271 
512 935 373 1553538415287 
512 935 374 1553538415320 
512 935 375 1553538415389 
512 934 375 1553538415404 
512 932 376 1553538415421 
512 928 376 1553538415437 
512 928 378 1553538415455 
512 927 378 1553538415473 
513 927 378 1553538415561 
512 923 381 1553538415773 
512 915 383 1553538415789 
512 900 389 1553538415802 
514 900 389 1553538415803 
512 883 401 1553538415820 
512 866 416 1553538415838 
512 839 430 1553538415857 
512 824 439 1553538415872 
512 820 444 1553538415887 
512 815 461 1553538415904 
512 812 474 1553538415920 
512 809 481 1553538415939 
512 805 487 1553538415954 
512 803 494 1553538415971 
512 802 499 1553538415989 
512 799 503 1553538416005 
512 783 508 1553538416023 
512 774 514 1553538416040 
512 754 527 1553538416057 
512 734 538 1553538416071 
512 716 544 1553538416089 
512 694 547 1553538416106 
512 674 556 1553538416122 
512 645 577 1553538416138 
512 619 606 1553538416154 
512 581 642 1553538416171 
512 559 668 1553538416187 
512 530 690 1553538416211 
512 522 693 1553538416223 
512 515 700 1553538416239 
512 512 704 1553538416257 
512 514 698 1553538416388 
512 525 693 1553538416405 
512 530 689 1553538416421 
512 536 682 1553538416438 
512 539 673 1553538416455 
512 544 664 1553538416471 
512 550 655 1553538416488 
512 552 648 1553538416505 
512 552 643 1553538416521 
512 552 638 1553538416540 
512 553 638 1553538416556 
513 553 638 1553538416778 
514 553 638 1553538416872 
512 553 634 1553538416905 
512 553 627 1553538416925 
512 553 619 1553538416941 
512 553 613 1553538416957 
512 554 606 1553538416971 
512 554 588 1553538416989 
512 544 558 1553538417006 
512 537 536 1553538417022 
512 536 513 1553538417039 
512 537 489 1553538417057 
512 536 467 1553538417072 
512 536 449 1553538417089 
512 535 432 1553538417105 
512 535 428 1553538417122 
512 535 429 1553538417172 
512 571 472 1553538417188 
512 608 520 1553538417208 
512 645 550 1553538417222 
512 696 577 1553538417240 
512 761 611 1553538417257 
512 796 620 1553538417272 
512 817 621 1553538417291 
512 825 621 1553538417306 
512 827 621 1553538417323 
512 828 621 1553538417406 
512 829 624 1553538417422 
512 835 637 1553538417442 
512 842 648 1553538417457 
512 846 655 1553538417473 
512 846 656 1553538417490 
512 846 655 1553538417722 
512 844 648 1553538417741 
512 844 646 1553538417757 
512 842 643 1553538417774 
512 842 641 1553538417789 
512 842 640 1553538417807 
512 842 639 1553538417824 
513 842 639 1553538417943 
512 841 639 1553538418006 
512 841 638 1553538418091 
512 858 628 1553538418106 
512 869 623 1553538418124 
512 878 614 1553538418129 
514 878 614 1553538418130 
512 883 607 1553538418141 
512 893 590 1553538418156 
512 902 575 1553538418174 
512 917 557 1553538418190 
512 928 544 1553538418206 
512 937 527 1553538418223 
512 944 500 1553538418242 
512 948 485 1553538418257 
512 954 469 1553538418274 
512 962 454 1553538418291 
512 972 447 1553538418306 
512 977 440 1553538418323 
512 978 438 1553538418343 
512 982 429 1553538418357 
512 985 424 1553538418373 
512 988 420 1553538418391 
512 991 413 1553538418407 
512 993 399 1553538418424 
512 993 380 1553538418442 
512 991 358 1553538418456 
512 983 348 1553538418474 
512 973 346 1553538418492 
512 964 345 1553538418507 
512 956 344 1553538418524 
512 952 343 1553538418540 
512 944 342 1553538418556 
512 938 341 1553538418574 
512 936 341 1553538418590 
512 934 341 1553538418607 
512 932 342 1553538418624 
512 932 347 1553538418640 
512 932 350 1553538418658 
512 932 353 1553538418675 
512 932 356 1553538418690 
512 933 360 1553538418708 
512 933 361 1553538418723 
512 933 362 1553538418741 
512 933 364 1553538418759 
512 933 365 1553538418773 
512 933 367 1553538418790 
512 933 369 1553538418808 
512 932 371 1553538418823 
512 931 372 1553538418840 
512 931 373 1553538418857 
512 931 375 1553538418873 
512 931 376 1553538418890 
512 930 377 1553538418923 
512 930 378 1553538418958 
512 929 378 1553538418975 
513 929 378 1553538419022 
514 929 378 1553538419161 
512 928 378 1553538419190 
512 911 375 1553538419208 
512 886 374 1553538419225 
512 853 373 1553538419241 
512 795 373 1553538419258 
512 748 371 1553538419274 
512 696 369 1553538419292 
512 673 370 1553538419307 
512 664 370 1553538419325 
512 661 369 1553538419340 
512 658 368 1553538419357 
512 653 368 1553538419374 
512 647 368 1553538419390 
512 642 368 1553538419409 
512 639 370 1553538419426 
512 636 370 1553538419444 
512 634 371 1553538419457 
512 623 373 1553538419476 
512 618 373 1553538419492 
512 604 373 1553538419508 
512 584 373 1553538419524 
512 572 374 1553538419540 
512 561 376 1553538419559 
512 557 376 1553538419574 
512 548 376 1553538419593 
512 538 374 1553538419607 
512 523 374 1553538419624 
512 508 372 1553538419643 
512 495 370 1553538419657 
512 485 370 1553538419674 
512 482 370 1553538419692 
512 477 370 1553538419708 
512 476 371 1553538419724 
512 475 371 1553538419792 
512 474 372 1553538419808 
513 474 372 1553538419944 
514 474 372 1553538420045 
512 516 373 1553538420093 
512 563 373 1553538420107 
512 624 377 1553538420124 
512 684 376 1553538420143 
512 761 372 1553538420159 
512 814 369 1553538420174 
512 852 365 1553538420191 
512 879 360 1553538420209 
512 897 359 1553538420226 
512 912 355 1553538420241 
512 919 352 1553538420258 
512 921 351 1553538420274 
512 915 354 1553538420342 
512 878 387 1553538420360 
512 828 430 1553538420374 
512 766 480 1553538420391 
512 712 527 1553538420410 
512 666 576 1553538420425 
512 648 599 1553538420441 
512 631 644 1553538420460 
512 625 659 1553538420476 
512 622 666 1553538420491 
512 621 670 1553538420510 
512 620 670 1553538420526 
512 611 667 1553538420658 
512 602 661 1553538420675 
512 584 651 1553538420691 
512 575 646 1553538420708 
512 572 645 1553538420725 
512 569 645 1553538420741 
512 567 645 1553538420758 
512 566 646 1553538420775 
512 564 646 1553538420794 
512 563 646 1553538420810 
512 559 646 1553538420827 
512 558 646 1553538420841 
512 558 643 1553538420925 
512 558 639 1553538420942 
512 558 637 1553538420959 
512 558 636 1553538420975 
513 558 636 1553538421016 
514 558 636 1553538421138 
512 558 635 1553538421209 
512 575 629 1553538421225 
512 607 625 1553538421244 
512 641 614 1553538421260 
512 680 600 1553538421276 
512 715 585 1553538421294 
512 739 567 1553538421311 
512 765 541 1553538421325 
512 777 526 1553538421342 
512 785 505 1553538421358 
512 789 481 1553538421377 
512 791 453 1553538421394 
512 791 424 1553538421409 
512 789 396 1553538421427 
512 782 357 1553538421443 
512 773 338 1553538421458 
512 761 319 1553538421475 
512 753 308 1553538421492 
512 748 300 1553538421509 
512 742 292 1553538421527 
512 735 284 1553538421543 
512 727 275 1553538421559 
512 726 275 1553538421575 
512 725 274 1553538421592 
512 724 274 1553538421611 
512 722 271 1553538421627 
512 716 266 1553538421642 
512 713 262 1553538421659 
512 709 257 1553538421677 
512 707 254 1553538421692 
512 706 247 1553538421711 
512 706 240 1553538421727 
512 704 230 1553538421742 
512 700 216 1553538421760 
512 696 203 1553538421776 
512 694 195 1553538421793 
512 689 186 1553538421810 
512 689 189 1553538421995 
512 689 195 1553538422010 
512 689 198 1553538422026 
512 690 201 1553538422044 
512 691 201 1553538422061 
512 691 203 1553538422076 
512 691 204 1553538422094 
512 692 206 1553538422176 
512 693 207 1553538422343 
512 697 209 1553538422360 
512 700 210 1553538422376 
512 702 211 1553538422395 
512 703 211 1553538422410 
513 703 211 1553538422430 
512 703 212 1553538422543 
512 703 213 1553538422561 
512 703 216 1553538422575 
514 703 216 1553538422576 
