512 698 215 1553538437222 
512 699 221 1553538437242 
512 700 224 1553538437257 
512 701 232 1553538437271 
512 701 245 1553538437289 
512 702 265 1553538437307 
512 703 288 1553538437324 
512 704 321 1553538437341 
512 707 347 1553538437356 
512 710 379 1553538437372 
512 717 404 1553538437388 
512 727 439 1553538437405 
512 741 470 1553538437422 
512 752 493 1553538437438 
512 765 514 1553538437459 
512 775 532 1553538437474 
512 782 548 1553538437489 
512 793 571 1553538437506 
512 798 581 1553538437522 
512 799 590 1553538437539 
512 800 595 1553538437556 
512 804 601 1553538437573 
512 804 606 1553538437589 
512 807 610 1553538437606 
512 807 611 1553538437672 
512 810 613 1553538437692 
512 813 620 1553538437707 
512 819 624 1553538437723 
512 823 628 1553538437740 
512 833 636 1553538437756 
512 838 640 1553538437773 
512 842 642 1553538437790 
512 843 644 1553538437823 
512 845 647 1553538437840 
512 848 650 1553538437856 
512 849 650 1553538437873 
512 849 651 1553538437940 
512 849 648 1553538437992 
512 849 647 1553538438006 
512 848 647 1553538438025 
512 848 646 1553538438039 
512 847 646 1553538438074 
512 845 644 1553538438094 
512 841 644 1553538438107 
512 839 644 1553538438124 
512 837 644 1553538438139 
512 833 644 1553538438157 
512 831 643 1553538438173 
512 830 643 1553538438189 
513 830 643 1553538438255 
514 830 643 1553538438403 
512 830 641 1553538438456 
512 840 618 1553538438475 
512 846 597 1553538438490 
512 852 574 1553538438506 
512 859 557 1553538438524 
512 861 539 1553538438539 
512 866 517 1553538438556 
512 867 500 1553538438573 
512 867 474 1553538438590 
512 868 463 1553538438607 
512 868 460 1553538438623 
512 868 459 1553538438673 
512 870 459 1553538438723 
512 871 458 1553538438741 
512 869 463 1553538438823 
512 855 492 1553538438840 
512 842 531 1553538438856 
512 834 573 1553538438873 
512 823 612 1553538438892 
512 817 631 1553538438906 
512 812 651 1553538438926 
512 812 664 1553538438940 
512 813 672 1553538438957 
512 813 678 1553538438973 
512 815 682 1553538438991 
512 816 684 1553538439008 
512 817 685 1553538439024 
512 818 685 1553538439107 
512 820 683 1553538439123 
512 821 681 1553538439141 
512 823 677 1553538439156 
512 824 671 1553538439174 
512 824 667 1553538439190 
512 824 663 1553538439208 
512 824 661 1553538439307 
512 826 657 1553538439325 
512 826 655 1553538439341 
512 826 654 1553538439373 
512 827 652 1553538439409 
512 828 652 1553538439426 
512 829 650 1553538439442 
512 830 648 1553538439457 
512 836 644 1553538439474 
512 837 641 1553538439491 
512 837 640 1553538439507 
513 837 640 1553538439513 
514 837 640 1553538439715 
513 837 640 1553538439860 
514 837 640 1553538439949 
512 824 633 1553538440024 
512 790 613 1553538440041 
512 727 582 1553538440058 
512 610 518 1553538440077 
512 511 478 1553538440091 
512 441 447 1553538440107 
512 403 423 1553538440126 
512 387 402 1553538440141 
512 381 392 1553538440158 
512 379 386 1553538440177 
512 379 381 1553538440191 
512 379 373 1553538440210 
512 379 368 1553538440224 
512 381 366 1553538440241 
512 381 362 1553538440257 
512 382 359 1553538440276 
512 384 357 1553538440292 
512 389 356 1553538440310 
512 393 354 1553538440325 
512 399 354 1553538440343 
512 408 354 1553538440359 
512 417 354 1553538440376 
512 432 357 1553538440391 
512 450 360 1553538440410 
512 462 361 1553538440428 
512 464 361 1553538440443 
512 465 361 1553538440459 
512 465 362 1553538440625 
512 465 363 1553538440641 
512 465 364 1553538440658 
512 465 365 1553538440675 
512 465 366 1553538440693 
512 465 368 1553538440709 
512 466 369 1553538440725 
512 466 370 1553538440760 
512 467 372 1553538440775 
512 469 375 1553538440791 
512 472 379 1553538440810 
512 476 382 1553538440826 
512 479 386 1553538440842 
512 479 385 1553538441027 
512 474 377 1553538441046 
512 473 376 1553538441060 
512 472 373 1553538441077 
513 472 373 1553538441217 
514 472 373 1553538441323 
512 475 373 1553538441460 
512 480 373 1553538441475 
512 486 373 1553538441495 
512 492 373 1553538441511 
512 494 371 1553538441529 
512 495 370 1553538441543 
512 497 369 1553538441560 
512 510 369 1553538441577 
512 534 370 1553538441592 
512 572 367 1553538441614 
512 582 363 1553538441627 
512 593 349 1553538441642 
512 609 323 1553538441661 
512 618 308 1553538441677 
512 625 301 1553538441693 
512 637 296 1553538441711 
512 644 292 1553538441727 
512 648 287 1553538441742 
512 651 283 1553538441760 
512 654 277 1553538441777 
512 657 271 1553538441795 
512 662 265 1553538441810 
512 665 262 1553538441827 
512 671 260 1553538441842 
512 675 260 1553538441859 
512 679 259 1553538441876 
512 682 257 1553538441893 
512 682 252 1553538441914 
512 682 248 1553538441927 
512 682 244 1553538441942 
512 682 242 1553538441961 
512 683 240 1553538441976 
512 683 239 1553538441993 
512 683 237 1553538442009 
512 683 236 1553538442027 
512 683 234 1553538442045 
512 683 232 1553538442059 
512 684 231 1553538442076 
512 684 229 1553538442092 
512 685 227 1553538442111 
512 689 224 1553538442126 
512 695 222 1553538442144 
512 698 221 1553538442159 
512 699 218 1553538442176 
512 702 217 1553538442193 
512 703 216 1553538442209 
512 704 215 1553538442226 
512 705 214 1553538442243 
512 705 213 1553538442276 
512 706 211 1553538442296 
512 706 209 1553538442310 
512 706 206 1553538442328 
512 705 204 1553538442344 
512 704 204 1553538442359 
512 704 203 1553538442376 
513 704 203 1553538442442 
514 704 203 1553538442573 
512 703 203 1553538442593 
512 703 204 1553538442611 
512 703 205 1553538442629 
512 703 206 1553538442643 
512 700 210 1553538442660 
512 699 214 1553538442676 
512 699 215 1553538442694 
512 699 221 1553538442712 
512 698 229 1553538442728 
512 693 239 1553538442746 
512 692 253 1553538442761 
512 692 261 1553538442776 
512 692 263 1553538442793 
512 692 267 1553538442810 
512 694 270 1553538442827 
512 696 277 1553538442843 
512 699 281 1553538442860 
512 705 290 1553538442877 
512 714 300 1553538442896 
512 738 320 1553538442911 
512 753 333 1553538442927 
512 768 351 1553538442943 
512 778 362 1553538442961 
512 786 368 1553538442978 
512 788 370 1553538442994 
512 793 370 1553538443012 
512 799 368 1553538443028 
512 817 365 1553538443045 
512 822 365 1553538443061 
512 825 364 1553538443079 
512 828 364 1553538443094 
512 831 364 1553538443110 
512 832 363 1553538443128 
512 834 361 1553538443143 
512 837 359 1553538443161 
512 837 358 1553538443177 
512 838 356 1553538443195 
512 842 354 1553538443211 
512 851 348 1553538443229 
512 871 339 1553538443243 
512 884 333 1553538443262 
512 889 331 1553538443279 
512 890 331 1553538443295 
512 890 336 1553538443311 
512 890 340 1553538443327 
512 891 343 1553538443344 
512 892 346 1553538443361 
512 892 347 1553538443494 
512 893 347 1553538443510 
512 894 347 1553538443527 
512 897 343 1553538443630 
512 898 334 1553538443644 
512 899 322 1553538443662 
512 908 311 1553538443678 
512 917 299 1553538443695 
512 927 284 1553538443711 
512 935 267 1553538443728 
512 943 246 1553538443744 
512 949 239 1553538443762 
512 949 238 1553538443778 
512 949 236 1553538443795 
512 948 222 1553538443810 
512 951 202 1553538443827 
512 954 190 1553538443844 
512 963 180 1553538443861 
512 965 178 1553538443879 
512 962 178 1553538443897 
512 950 178 1553538443913 
512 925 178 1553538443929 
512 892 183 1553538443944 
512 859 205 1553538443961 
512 837 245 1553538443980 
512 826 283 1553538443996 
512 823 307 1553538444011 
512 825 327 1553538444028 
512 830 332 1553538444046 
512 836 333 1553538444060 
512 854 336 1553538444078 
512 878 340 1553538444094 
512 902 339 1553538444111 
512 919 339 1553538444128 
512 934 334 1553538444146 
512 941 329 1553538444163 
512 941 323 1553538444177 
512 941 322 1553538444195 
512 941 321 1553538444279 
512 940 321 1553538444329 
512 939 325 1553538444361 
512 937 335 1553538444382 
512 934 340 1553538444411 
512 933 342 1553538444428 
512 931 353 1553538444453 
512 931 357 1553538444463 
512 930 369 1553538444480 
512 930 391 1553538444496 
512 930 395 1553538444511 
512 930 401 1553538444528 
512 931 400 1553538444629 
512 931 399 1553538444678 
512 931 397 1553538444711 
512 931 396 1553538444729 
512 931 392 1553538444749 
512 931 390 1553538444763 
512 931 387 1553538444778 
512 931 386 1553538444795 
512 931 385 1553538444812 
512 931 383 1553538444846 
512 931 382 1553538444861 
512 931 381 1553538444879 
512 931 380 1553538444895 
513 931 380 1553538445020 
514 931 380 1553538445137 
512 927 380 1553538445295 
512 926 382 1553538445312 
512 924 382 1553538445331 
512 919 385 1553538445347 
512 912 388 1553538445362 
512 903 390 1553538445379 
512 882 395 1553538445397 
512 865 401 1553538445412 
512 837 409 1553538445429 
512 788 422 1553538445445 
512 752 429 1553538445464 
512 693 444 1553538445479 
512 643 463 1553538445497 
512 611 480 1553538445512 
512 590 498 1553538445529 
512 573 517 1553538445546 
512 566 526 1553538445562 
512 562 539 1553538445578 
512 562 546 1553538445597 
512 562 549 1553538445614 
512 562 552 1553538445630 
512 561 554 1553538445647 
512 559 566 1553538445664 
512 558 586 1553538445681 
512 558 598 1553538445697 
512 558 602 1553538445713 
512 558 603 1553538445729 
512 558 604 1553538445795 
512 558 613 1553538445812 
512 558 625 1553538445831 
512 558 632 1553538445845 
512 558 636 1553538445863 
512 558 639 1553538445879 
512 558 640 1553538445897 
512 558 643 1553538445931 
512 558 647 1553538445946 
512 555 655 1553538445963 
512 555 659 1553538445979 
512 555 661 1553538445996 
512 556 661 1553538446046 
512 558 657 1553538446063 
512 558 652 1553538446079 
512 559 647 1553538446098 
512 559 645 1553538446112 
512 560 643 1553538446130 
513 560 643 1553538446286 
514 560 643 1553538446403 
512 560 642 1553538446531 
512 562 639 1553538446563 
512 562 634 1553538446581 
512 562 630 1553538446598 
512 562 629 1553538446613 
512 567 628 1553538446649 
512 589 626 1553538446663 
512 625 624 1553538446681 
512 672 624 1553538446697 
512 715 630 1553538446713 
512 740 630 1553538446731 
512 763 630 1553538446751 
512 767 630 1553538446765 
512 769 631 1553538446780 
512 771 632 1553538446797 
512 777 634 1553538446813 
512 781 636 1553538446830 
512 788 639 1553538446847 
512 797 644 1553538446863 
512 811 646 1553538446880 
512 824 650 1553538446897 
512 831 651 1553538446915 
512 833 651 1553538446931 
512 834 651 1553538447047 
512 835 651 1553538447097 
512 835 650 1553538447114 
512 835 649 1553538447147 
512 835 648 1553538447181 
512 835 647 1553538447215 
512 835 646 1553538447249 
512 835 645 1553538447263 
512 836 645 1553538447299 
512 836 644 1553538447313 
512 837 643 1553538447331 
513 837 643 1553538447458 
514 837 643 1553538447552 
512 836 643 1553538447630 
512 835 643 1553538447649 
512 833 643 1553538447666 
512 822 641 1553538447680 
512 797 637 1553538447698 
512 759 633 1553538447718 
512 745 632 1553538447732 
512 713 626 1553538447747 
512 705 626 1553538447766 
512 715 620 1553538447832 
512 739 614 1553538447852 
512 761 610 1553538447866 
512 799 602 1553538447882 
512 826 592 1553538447899 
512 857 578 1553538447916 
512 877 564 1553538447932 
512 892 546 1553538447948 
512 904 529 1553538447968 
512 912 501 1553538447983 
512 912 480 1553538447999 
512 911 464 1553538448016 
512 912 451 1553538448032 
512 914 441 1553538448048 
512 915 434 1553538448064 
512 914 428 1553538448086 
512 914 423 1553538448099 
512 914 419 1553538448115 
512 915 415 1553538448132 
512 917 413 1553538448149 
512 918 409 1553538448166 
512 919 406 1553538448183 
512 919 403 1553538448198 
512 921 400 1553538448217 
512 922 400 1553538448232 
512 926 397 1553538448249 
512 927 396 1553538448264 
512 927 395 1553538448282 
512 927 393 1553538448298 
512 928 391 1553538448316 
512 929 388 1553538448332 
512 930 385 1553538448352 
512 930 383 1553538448366 
512 930 380 1553538448382 
512 930 378 1553538448399 
512 930 377 1553538448433 
513 930 377 1553538448618 
514 930 377 1553538448701 
512 929 377 1553538448732 
512 927 377 1553538448802 
512 925 378 1553538448816 
512 917 378 1553538448833 
512 913 380 1553538448850 
512 911 380 1553538448866 
512 909 381 1553538448883 
512 906 382 1553538448900 
512 901 382 1553538448917 
512 890 374 1553538448934 
512 865 366 1553538448961 
512 853 364 1553538448969 
512 814 354 1553538448981 
512 770 349 1553538449001 
512 708 344 1553538449017 
512 631 340 1553538449033 
512 604 338 1553538449050 
512 566 338 1553538449069 
512 538 338 1553538449082 
512 523 341 1553538449099 
512 514 343 1553538449117 
512 504 345 1553538449137 
512 494 345 1553538449150 
512 488 345 1553538449165 
512 479 348 1553538449182 
512 471 349 1553538449200 
512 468 350 1553538449216 
512 468 351 1553538449318 
512 468 355 1553538449333 
512 468 357 1553538449350 
512 468 361 1553538449367 
512 468 365 1553538449382 
512 469 368 1553538449400 
512 470 369 1553538449434 
512 471 369 1553538449517 
512 471 370 1553538449536 
512 471 371 1553538449619 
513 471 371 1553538449732 
514 471 371 1553538449817 
512 472 371 1553538449850 
512 473 371 1553538449867 
512 477 371 1553538449883 
512 483 369 1553538449901 
512 491 363 1553538449916 
512 497 353 1553538449936 
512 506 345 1553538449951 
512 523 331 1553538449974 
512 525 326 1553538449984 
512 525 318 1553538450001 
512 526 314 1553538450016 
512 526 312 1553538450034 
512 526 310 1553538450049 
512 527 308 1553538450067 
512 527 309 1553538450134 
512 527 312 1553538450157 
512 526 317 1553538450172 
512 526 319 1553538450183 
512 526 339 1553538450204 
512 543 450 1553538450234 
512 546 498 1553538450250 
512 548 529 1553538450267 
512 550 564 1553538450284 
512 549 592 1553538450299 
512 548 635 1553538450318 
512 548 656 1553538450335 
512 551 671 1553538450351 
512 554 683 1553538450366 
512 556 687 1553538450383 
512 556 688 1553538450401 
512 556 689 1553538450417 
512 556 686 1553538450500 
512 559 681 1553538450521 
512 560 669 1553538450537 
512 560 665 1553538450550 
512 560 655 1553538450567 
512 559 651 1553538450584 
512 558 645 1553538450607 
512 558 644 1553538450618 
512 558 643 1553538450634 
512 558 642 1553538450649 
512 558 640 1553538450668 
512 558 639 1553538450685 
512 558 637 1553538450705 
512 558 638 1553538450858 
513 558 638 1553538450897 
514 558 638 1553538451021 
512 559 638 1553538451068 
512 562 635 1553538451085 
512 566 633 1553538451102 
512 570 630 1553538451117 
512 576 624 1553538451134 
512 588 617 1553538451152 
512 598 608 1553538451169 
512 612 599 1553538451185 
512 623 585 1553538451203 
512 632 577 1553538451219 
512 643 568 1553538451234 
512 656 555 1553538451251 
512 667 540 1553538451268 
512 672 525 1553538451285 
512 679 506 1553538451301 
512 687 490 1553538451320 
512 694 470 1553538451335 
512 694 449 1553538451350 
512 692 428 1553538451368 
512 691 412 1553538451386 
512 691 400 1553538451403 
512 690 392 1553538451418 
512 688 379 1553538451439 
512 686 372 1553538451453 
512 686 365 1553538451473 
512 684 357 1553538451485 
512 682 344 1553538451501 
512 680 337 1553538451517 
512 680 332 1553538451534 
512 680 326 1553538451551 
512 682 318 1553538451568 
512 683 313 1553538451587 
512 684 307 1553538451600 
512 685 305 1553538451618 
512 686 302 1553538451635 
512 688 300 1553538451653 
512 689 293 1553538451672 
512 690 288 1553538451685 
512 691 285 1553538451700 
512 691 284 1553538451718 
512 692 281 1553538451736 
512 692 275 1553538451751 
512 691 265 1553538451780 
512 690 262 1553538451788 
512 689 258 1553538451801 
512 687 250 1553538451819 
512 685 244 1553538451835 
512 683 240 1553538451851 
512 683 231 1553538451869 
512 681 224 1553538451886 
512 681 221 1553538451902 
512 684 218 1553538451919 
512 692 209 1553538451935 
512 695 201 1553538451951 
512 698 195 1553538451968 
512 701 192 1553538451985 
512 702 190 1553538452006 
512 704 188 1553538452017 
512 705 187 1553538452036 
512 705 186 1553538452052 
512 705 184 1553538452068 
512 705 187 1553538452169 
512 704 190 1553538452186 
512 704 195 1553538452202 
512 704 196 1553538452218 
512 704 198 1553538452235 
512 704 200 1553538452252 
512 704 203 1553538452274 
512 705 204 1553538452302 
512 704 204 1553538452535 
512 704 205 1553538452551 
512 703 205 1553538452558 
513 703 205 1553538452558 
514 703 205 1553538452683 
