512 702 212 1553284896188 
512 702 215 1553284896223 
512 710 231 1553284896238 
512 722 252 1553284896256 
512 728 282 1553284896272 
512 732 320 1553284896290 
512 741 372 1553284896305 
512 744 420 1553284896322 
512 750 463 1553284896339 
512 755 499 1553284896355 
512 760 526 1553284896372 
512 765 565 1553284896390 
512 772 588 1553284896405 
512 782 612 1553284896423 
512 792 636 1553284896438 
512 799 654 1553284896457 
512 804 663 1553284896474 
512 805 667 1553284896489 
512 806 668 1553284896507 
512 807 668 1553284896523 
512 809 670 1553284896541 
512 810 671 1553284896557 
512 813 671 1553284896590 
512 822 668 1553284896605 
512 828 660 1553284896622 
512 832 656 1553284896638 
512 835 653 1553284896657 
512 835 649 1553284896673 
512 837 646 1553284896689 
512 837 645 1553284896705 
512 839 645 1553284896774 
513 839 645 1553284896796 
514 839 645 1553284896892 
512 838 642 1553284896959 
512 819 625 1553284896974 
512 789 605 1553284896989 
512 767 591 1553284897007 
512 741 579 1553284897025 
512 711 571 1553284897040 
512 680 565 1553284897058 
512 648 559 1553284897072 
512 619 552 1553284897091 
512 593 539 1553284897109 
512 571 518 1553284897124 
512 547 494 1553284897141 
512 526 472 1553284897158 
512 524 462 1553284897173 
512 523 449 1553284897191 
512 523 437 1553284897206 
512 526 426 1553284897222 
512 529 422 1553284897241 
512 530 420 1553284897257 
512 530 418 1553284897274 
512 530 413 1553284897291 
512 527 408 1553284897307 
512 521 405 1553284897322 
512 506 397 1553284897341 
512 490 392 1553284897358 
512 487 392 1553284897373 
512 487 391 1553284897423 
512 487 389 1553284897440 
512 487 387 1553284897456 
512 486 386 1553284897474 
512 485 383 1553284897492 
512 485 381 1553284897506 
512 485 380 1553284897540 
512 485 379 1553284897574 
512 484 376 1553284897607 
512 483 376 1553284897723 
512 482 376 1553284897741 
512 480 376 1553284897757 
512 478 376 1553284897775 
512 477 376 1553284897790 
512 474 376 1553284897824 
512 473 376 1553284897856 
513 473 376 1553284897893 
512 472 376 1553284897923 
514 472 376 1553284897988 
512 472 376 1553284897991 
512 482 376 1553284898257 
512 500 380 1553284898275 
512 513 380 1553284898290 
512 541 356 1553284898307 
512 591 313 1553284898328 
512 603 295 1553284898347 
512 608 273 1553284898357 
512 608 235 1553284898385 
512 615 206 1553284898407 
512 619 197 1553284898423 
512 620 195 1553284898441 
512 621 194 1553284898491 
512 659 196 1553284898525 
512 671 199 1553284898540 
512 672 200 1553284898557 
512 674 201 1553284898576 
512 676 201 1553284898607 
512 689 206 1553284898640 
512 694 208 1553284898659 
512 698 209 1553284898677 
512 699 209 1553284898694 
513 699 209 1553284898836 
514 699 209 1553284898916 
512 699 220 1553284898977 
512 702 243 1553284898991 
512 713 285 1553284899008 
512 726 334 1553284899025 
512 740 385 1553284899042 
512 752 438 1553284899060 
512 772 489 1553284899075 
512 796 529 1553284899091 
512 829 565 1553284899109 
512 880 606 1553284899126 
512 911 627 1553284899143 
512 933 643 1553284899158 
512 949 644 1553284899176 
512 957 639 1553284899191 
512 962 613 1553284899208 
512 963 550 1553284899226 
512 958 498 1553284899243 
512 958 468 1553284899260 
512 955 446 1553284899274 
512 951 431 1553284899292 
512 948 421 1553284899309 
512 946 416 1553284899326 
512 943 411 1553284899408 
512 942 406 1553284899425 
512 942 400 1553284899442 
512 941 397 1553284899461 
512 939 393 1553284899475 
512 933 388 1553284899494 
512 928 384 1553284899510 
512 921 375 1553284899526 
512 920 369 1553284899542 
512 919 369 1553284899559 
513 919 369 1553284899669 
514 919 369 1553284899740 
512 919 372 1553284899809 
512 920 375 1553284899825 
512 920 376 1553284899844 
512 922 378 1553284899861 
512 925 381 1553284899875 
512 926 382 1553284899894 
512 927 380 1553284900009 
512 927 375 1553284900027 
512 928 371 1553284900043 
513 928 371 1553284900111 
514 928 371 1553284900196 
512 928 370 1553284900226 
512 926 370 1553284900242 
512 916 379 1553284900261 
512 894 394 1553284900278 
512 861 418 1553284900294 
512 796 470 1553284900310 
512 754 503 1553284900325 
512 717 531 1553284900343 
512 698 551 1553284900359 
512 688 564 1553284900375 
512 685 573 1553284900392 
512 684 580 1553284900411 
512 679 590 1553284900428 
512 671 606 1553284900442 
512 658 627 1553284900459 
512 642 649 1553284900478 
512 614 668 1553284900494 
512 605 671 1553284900510 
512 602 671 1553284900528 
512 601 664 1553284900560 
512 598 654 1553284900575 
512 592 645 1553284900593 
512 583 638 1553284900611 
512 569 631 1553284900626 
512 552 630 1553284900645 
512 543 630 1553284900658 
512 542 630 1553284900676 
512 542 632 1553284900758 
512 542 634 1553284900778 
512 545 637 1553284900794 
512 548 638 1553284900828 
512 548 639 1553284900845 
512 550 640 1553284900861 
512 555 643 1553284900877 
512 557 643 1553284900892 
512 560 645 1553284900910 
512 562 645 1553284900925 
512 563 645 1553284900944 
513 563 645 1553284901063 
514 563 645 1553284901148 
512 569 645 1553284901260 
512 584 648 1553284901278 
512 607 650 1553284901294 
512 617 654 1553284901310 
512 623 656 1553284901328 
512 628 656 1553284901343 
512 638 653 1553284901360 
512 656 645 1553284901378 
512 694 640 1553284901395 
512 724 640 1553284901411 
512 751 640 1553284901428 
512 772 645 1553284901445 
512 781 652 1553284901461 
512 785 654 1553284901478 
512 786 654 1553284901578 
512 787 654 1553284901594 
512 790 654 1553284901610 
512 793 654 1553284901626 
512 797 654 1553284901645 
512 804 654 1553284901661 
512 812 653 1553284901677 
512 820 652 1553284901695 
512 825 649 1553284901710 
512 832 648 1553284901726 
512 837 645 1553284901743 
512 846 640 1553284901761 
512 849 638 1553284901777 
512 850 637 1553284901926 
513 850 637 1553284901933 
514 850 637 1553284902014 
512 850 636 1553284902112 
512 849 635 1553284902129 
512 847 635 1553284902146 
512 846 635 1553284902162 
512 841 638 1553284902177 
512 838 640 1553284902194 
512 837 642 1553284902212 
512 836 644 1553284902227 
513 836 644 1553284902357 
514 836 644 1553284902436 
512 820 638 1553284902512 
512 789 625 1553284902529 
512 765 612 1553284902545 
512 744 599 1553284902561 
512 733 587 1553284902577 
512 717 575 1553284902594 
512 694 567 1553284902610 
512 655 547 1553284902629 
512 559 527 1553284902645 
512 516 517 1553284902661 
512 498 514 1553284902678 
512 497 512 1553284902695 
512 497 511 1553284902795 
512 521 505 1553284902813 
512 609 488 1553284902828 
512 741 469 1553284902845 
512 934 447 1553284902862 
512 973 439 1553284902877 
512 976 437 1553284902894 
512 975 431 1553284902927 
512 969 424 1553284902945 
512 962 414 1553284902961 
512 955 404 1553284902979 
512 945 392 1553284902994 
512 935 382 1553284903012 
512 926 374 1553284903029 
512 917 368 1553284903045 
512 916 366 1553284903062 
513 916 366 1553284903232 
512 917 366 1553284903263 
512 921 370 1553284903279 
512 925 375 1553284903295 
512 926 376 1553284903300 
514 926 376 1553284903300 
512 926 376 1553284903327 
513 926 376 1553284903500 
514 926 376 1553284903573 
512 918 376 1553284903629 
512 806 376 1553284903646 
512 693 376 1553284903662 
512 587 376 1553284903679 
512 516 376 1553284903697 
512 495 376 1553284903714 
512 489 376 1553284903730 
512 488 376 1553284903747 
512 487 376 1553284904063 
512 482 376 1553284904081 
512 480 376 1553284904095 
512 478 376 1553284904114 
512 476 376 1553284904181 
512 475 376 1553284904197 
512 473 376 1553284904212 
513 473 376 1553284904253 
514 473 376 1553284904349 
512 475 376 1553284904398 
512 487 375 1553284904413 
512 518 363 1553284904430 
512 545 356 1553284904445 
512 569 343 1553284904463 
512 581 332 1553284904479 
512 584 328 1553284904497 
512 584 325 1553284904514 
512 584 322 1553284904530 
512 584 320 1553284904548 
512 584 316 1553284904563 
512 584 315 1553284904580 
512 592 343 1553284904631 
512 608 398 1553284904646 
512 612 459 1553284904663 
512 596 518 1553284904681 
512 579 568 1553284904697 
512 571 603 1553284904712 
512 573 624 1553284904731 
512 583 639 1553284904746 
512 588 644 1553284904764 
512 589 645 1553284904782 
512 587 639 1553284904813 
512 580 632 1553284904831 
512 577 628 1553284904846 
512 575 628 1553284904880 
512 574 628 1553284904896 
512 572 628 1553284904914 
512 571 628 1553284904997 
512 568 633 1553284905013 
512 567 637 1553284905031 
512 565 639 1553284905048 
512 564 641 1553284905181 
512 563 642 1553284905198 
512 562 642 1553284905214 
513 562 642 1553284905261 
514 562 642 1553284905357 
512 563 640 1553284905414 
512 570 635 1553284905431 
512 577 628 1553284905448 
512 586 615 1553284905466 
512 593 594 1553284905481 
512 597 561 1553284905497 
512 604 537 1553284905516 
512 608 515 1553284905532 
512 612 489 1553284905546 
512 613 462 1553284905564 
512 613 433 1553284905582 
512 613 397 1553284905597 
512 618 379 1553284905613 
512 629 357 1553284905630 
512 641 341 1553284905648 
512 651 326 1553284905665 
512 662 315 1553284905680 
512 674 302 1553284905699 
512 685 294 1553284905713 
512 688 291 1553284905731 
512 690 291 1553284905930 
512 695 291 1553284905946 
512 696 291 1553284905964 
512 710 267 1553284905982 
512 715 233 1553284905998 
512 713 218 1553284906013 
512 711 215 1553284906031 
512 710 213 1553284906231 
512 708 211 1553284906247 
512 707 209 1553284906297 
512 706 209 1553284906348 
512 705 209 1553284906382 
512 704 209 1553284906397 
513 704 209 1553284906437 
514 704 209 1553284906518 
