512 704 219 1553284964430 
512 718 231 1553284964446 
512 738 242 1553284964463 
512 762 251 1553284964478 
512 782 255 1553284964495 
512 793 257 1553284964513 
512 797 260 1553284964530 
512 807 272 1553284964547 
512 819 294 1553284964561 
512 837 325 1553284964581 
512 853 354 1553284964595 
512 863 371 1553284964611 
512 867 381 1553284964628 
512 867 404 1553284964647 
512 865 426 1553284964663 
512 850 461 1553284964680 
512 827 515 1553284964695 
512 819 555 1553284964713 
512 818 584 1553284964728 
512 827 612 1553284964745 
512 842 631 1553284964763 
512 854 639 1553284964781 
512 855 637 1553284964948 
512 850 641 1553284965046 
512 846 642 1553284965064 
512 845 642 1553284965114 
512 844 642 1553284965145 
512 842 643 1553284965180 
513 842 643 1553284965215 
514 842 643 1553284965318 
512 842 638 1553284965379 
512 843 633 1553284965396 
512 847 625 1553284965414 
512 851 619 1553284965431 
512 857 606 1553284965447 
512 864 589 1553284965462 
512 869 572 1553284965481 
512 873 564 1553284965496 
512 876 559 1553284965512 
512 877 557 1553284965531 
512 871 544 1553284965564 
512 835 516 1553284965579 
512 743 475 1553284965595 
512 526 404 1553284965614 
512 400 377 1553284965631 
512 340 367 1553284965646 
512 334 366 1553284965664 
512 334 365 1553284965681 
512 340 358 1553284965696 
512 355 350 1553284965712 
512 362 346 1553284965731 
512 363 346 1553284965745 
512 365 346 1553284965781 
512 410 368 1553284965798 
512 437 385 1553284965813 
512 496 420 1553284965830 
512 516 429 1553284965847 
512 518 430 1553284965864 
512 518 427 1553284965979 
512 517 420 1553284965998 
512 513 413 1553284966014 
512 510 409 1553284966030 
512 509 409 1553284966048 
512 508 409 1553284966063 
512 505 406 1553284966098 
512 502 403 1553284966113 
512 496 398 1553284966130 
512 493 396 1553284966146 
512 488 393 1553284966163 
512 487 391 1553284966182 
512 485 391 1553284966230 
512 484 391 1553284966246 
512 484 390 1553284966263 
513 484 390 1553284966295 
512 481 388 1553284966382 
514 481 388 1553284966383 
512 481 387 1553284966397 
512 478 385 1553284966615 
512 477 384 1553284966630 
512 476 384 1553284966648 
512 475 383 1553284966665 
512 475 382 1553284966680 
512 473 382 1553284966732 
513 473 382 1553284966734 
514 473 382 1553284966845 
512 473 381 1553284966882 
512 471 381 1553284966913 
512 460 384 1553284966933 
512 455 384 1553284966947 
512 454 386 1553284967015 
512 455 386 1553284967030 
512 473 379 1553284967047 
512 501 367 1553284967065 
512 523 358 1553284967080 
512 544 348 1553284967097 
512 561 337 1553284967115 
512 576 328 1553284967130 
512 585 321 1553284967147 
512 599 311 1553284967165 
512 615 297 1553284967181 
512 634 274 1553284967200 
512 637 271 1553284967214 
512 638 271 1553284967265 
512 641 270 1553284967315 
512 654 265 1553284967331 
512 669 260 1553284967349 
512 686 248 1553284967366 
512 688 246 1553284967381 
512 688 240 1553284967399 
512 688 234 1553284967414 
512 688 233 1553284967432 
512 688 232 1553284967449 
512 688 231 1553284967465 
512 688 227 1553284967547 
512 688 223 1553284967566 
512 692 215 1553284967582 
512 693 214 1553284967597 
513 693 214 1553284967703 
514 693 214 1553284967789 
512 695 213 1553284967847 
512 713 219 1553284967866 
512 762 232 1553284967882 
512 830 250 1553284967898 
512 885 269 1553284967914 
512 919 290 1553284967931 
512 925 313 1553284967951 
512 917 338 1553284967966 
512 895 375 1553284967983 
512 880 404 1553284967998 
512 876 419 1553284968015 
512 876 423 1553284968031 
512 877 423 1553284968098 
512 878 422 1553284968116 
512 878 411 1553284968133 
512 878 400 1553284968150 
512 878 391 1553284968164 
512 878 385 1553284968181 
512 880 383 1553284968199 
512 881 380 1553284968214 
512 882 378 1553284968232 
512 884 377 1553284968248 
512 885 377 1553284968265 
512 886 377 1553284968283 
512 890 377 1553284968298 
512 892 377 1553284968315 
512 898 378 1553284968331 
512 901 380 1553284968350 
512 903 380 1553284968366 
512 904 380 1553284968383 
512 905 380 1553284968398 
512 906 380 1553284968431 
512 907 380 1553284968467 
512 909 380 1553284968482 
512 911 380 1553284968499 
512 912 378 1553284968515 
512 914 378 1553284968534 
512 916 377 1553284968549 
512 919 375 1553284968565 
512 921 375 1553284968583 
512 924 375 1553284968598 
512 925 375 1553284968616 
512 926 375 1553284968629 
513 926 375 1553284968630 
514 926 375 1553284968751 
512 915 378 1553284968798 
512 885 393 1553284968817 
512 838 415 1553284968832 
512 787 446 1553284968850 
512 744 472 1553284968867 
512 724 489 1553284968883 
512 713 505 1553284968898 
512 710 520 1553284968915 
512 709 534 1553284968934 
512 709 546 1553284968948 
512 705 559 1553284968965 
512 702 565 1553284968982 
512 693 576 1553284968999 
512 679 587 1553284969017 
512 653 602 1553284969034 
512 616 624 1553284969050 
512 587 641 1553284969065 
512 577 651 1553284969082 
512 575 653 1553284969101 
512 574 654 1553284969184 
512 570 654 1553284969201 
512 563 654 1553284969216 
512 559 654 1553284969234 
512 557 654 1553284969249 
512 556 654 1553284969299 
512 553 651 1553284969318 
512 553 648 1553284969334 
512 553 647 1553284969382 
513 553 647 1553284969389 
514 553 647 1553284969509 
512 553 645 1553284969549 
512 553 644 1553284969567 
512 553 641 1553284969582 
512 554 638 1553284969599 
512 554 637 1553284969616 
512 555 632 1553284969634 
512 556 623 1553284969649 
512 556 607 1553284969666 
512 556 580 1553284969684 
512 556 551 1553284969699 
512 556 518 1553284969716 
512 565 494 1553284969734 
512 573 490 1553284969751 
512 582 490 1553284969766 
512 613 513 1553284969784 
512 667 558 1553284969801 
512 721 605 1553284969816 
512 759 632 1553284969835 
512 776 641 1553284969849 
512 788 647 1553284969866 
512 800 655 1553284969884 
512 813 663 1553284969902 
512 828 670 1553284969918 
512 831 670 1553284969933 
512 832 670 1553284969950 
512 834 670 1553284969969 
512 836 666 1553284969983 
512 842 662 1553284970002 
512 852 657 1553284970018 
512 857 655 1553284970033 
512 859 653 1553284970052 
513 859 653 1553284970166 
514 859 653 1553284970253 
512 856 653 1553284970268 
512 851 652 1553284970285 
512 845 650 1553284970302 
512 838 649 1553284970317 
512 836 649 1553284970335 
512 834 649 1553284970352 
512 831 648 1553284970366 
512 826 647 1553284970385 
512 824 646 1553284970402 
512 824 645 1553284970418 
512 823 645 1553284970468 
512 823 644 1553284970494 
513 823 644 1553284970494 
512 824 644 1553284970606 
514 824 644 1553284970607 
512 826 643 1553284970618 
512 829 643 1553284970633 
512 830 643 1553284970650 
512 832 643 1553284970666 
512 834 643 1553284970685 
512 835 642 1553284970702 
512 836 642 1553284970718 
512 838 642 1553284970733 
512 839 642 1553284970767 
513 839 642 1553284970822 
512 839 641 1553284970900 
514 839 641 1553284970925 
512 839 641 1553284970950 
512 836 639 1553284970985 
512 823 631 1553284971000 
512 803 618 1553284971019 
512 773 592 1553284971035 
512 738 558 1553284971050 
512 709 525 1553284971069 
512 695 508 1553284971083 
512 686 496 1553284971101 
512 674 482 1553284971119 
512 664 471 1553284971134 
512 661 468 1553284971150 
512 659 463 1553284971167 
512 657 455 1553284971184 
512 657 445 1553284971201 
512 664 432 1553284971217 
512 684 421 1553284971235 
512 730 411 1553284971251 
512 790 403 1553284971270 
512 853 393 1553284971286 
512 916 381 1553284971303 
512 934 376 1553284971317 
512 935 376 1553284971335 
512 935 375 1553284971367 
513 935 375 1553284971760 
514 935 375 1553284971845 
512 931 375 1553284971886 
512 908 390 1553284971903 
512 869 402 1553284971918 
512 848 409 1553284971934 
512 835 412 1553284971953 
512 806 412 1553284971967 
512 798 412 1553284971986 
512 796 411 1553284972020 
512 795 409 1553284972035 
512 794 409 1553284972053 
512 778 409 1553284972085 
512 720 415 1553284972101 
512 658 424 1553284972119 
512 589 429 1553284972136 
512 531 429 1553284972151 
512 499 428 1553284972169 
512 491 427 1553284972186 
512 490 427 1553284972253 
512 489 424 1553284972318 
512 488 415 1553284972334 
512 488 400 1553284972351 
512 484 386 1553284972370 
512 481 378 1553284972387 
512 480 377 1553284972535 
513 480 377 1553284972542 
514 480 377 1553284972629 
512 504 415 1553284972885 
512 532 461 1553284972902 
512 554 507 1553284972920 
512 560 536 1553284972935 
512 560 557 1553284972954 
512 560 572 1553284972970 
512 562 581 1553284972987 
512 564 588 1553284973004 
512 564 590 1553284973120 
512 564 598 1553284973136 
512 564 617 1553284973152 
512 564 637 1553284973170 
512 565 649 1553284973185 
512 566 651 1553284973205 
513 566 651 1553284973359 
514 566 651 1553284973461 
512 566 649 1553284973519 
512 567 649 1553284973536 
512 567 648 1553284973554 
512 567 646 1553284973569 
512 567 644 1553284973588 
512 567 640 1553284973603 
512 568 635 1553284973621 
512 570 624 1553284973638 
512 578 596 1553284973654 
512 584 555 1553284973671 
512 598 489 1553284973687 
512 613 399 1553284973702 
512 628 306 1553284973719 
512 648 228 1553284973736 
512 670 179 1553284973752 
512 684 162 1553284973769 
512 690 155 1553284973788 
512 693 152 1553284973805 
512 694 151 1553284973819 
512 696 149 1553284973855 
512 701 144 1553284973871 
512 711 139 1553284973887 
512 717 135 1553284973903 
512 719 135 1553284973938 
512 722 141 1553284973955 
512 724 164 1553284973969 
512 723 192 1553284973988 
512 714 217 1553284974005 
512 706 233 1553284974021 
512 705 236 1553284974036 
512 703 233 1553284974105 
512 703 228 1553284974121 
512 702 222 1553284974138 
512 701 216 1553284974155 
512 700 212 1553284974169 
512 700 211 1553284974186 
512 699 211 1553284974204 
513 699 211 1553284974294 
514 699 211 1553284974406 
