512 703 206 1552939243023 
512 716 220 1552939243040 
512 731 240 1552939243057 
512 741 262 1552939243075 
512 753 288 1552939243092 
512 754 308 1552939243108 
512 758 335 1552939243125 
512 763 364 1552939243142 
512 767 400 1552939243158 
512 767 409 1552939243174 
512 766 412 1552939243191 
512 764 417 1552939243208 
512 764 425 1552939243224 
512 767 453 1552939243240 
512 812 545 1552939243259 
512 894 674 1552939243274 
512 978 798 1552939243291 
512 998 840 1552939243308 
512 998 845 1552939243326 
512 997 845 1552939243342 
512 995 845 1552939243358 
512 993 845 1552939243409 
512 979 839 1552939243425 
512 959 822 1552939243439 
512 940 806 1552939243458 
512 927 795 1552939243473 
512 917 783 1552939243491 
512 916 775 1552939243508 
512 911 759 1552939243527 
512 911 754 1552939243540 
512 904 732 1552939243559 
512 897 718 1552939243574 
512 888 708 1552939243591 
512 886 706 1552939243608 
512 886 705 1552939243625 
512 886 704 1552939243641 
512 885 701 1552939243659 
512 883 695 1552939243675 
512 870 682 1552939243691 
512 861 673 1552939243707 
512 859 670 1552939243723 
512 859 666 1552939243776 
512 857 660 1552939243792 
512 855 652 1552939243808 
512 849 642 1552939243824 
512 848 637 1552939243841 
512 846 634 1552939243859 
512 843 629 1552939243875 
512 838 631 1552939244009 
512 832 639 1552939244024 
512 827 646 1552939244041 
512 826 646 1552939244091 
512 826 645 1552939244192 
512 827 644 1552939244226 
512 828 644 1552939244259 
512 830 644 1552939244275 
512 833 644 1552939244292 
512 837 644 1552939244309 
512 840 644 1552939244325 
512 841 644 1552939244391 
512 842 644 1552939244408 
512 843 644 1552939244426 
513 843 644 1552939244501 
514 843 644 1552939244572 
512 844 644 1552939244591 
512 845 644 1552939244826 
512 844 634 1552939244877 
512 790 570 1552939244891 
512 674 490 1552939244909 
512 599 443 1552939244925 
512 563 418 1552939244943 
512 546 405 1552939244958 
512 541 403 1552939244976 
512 534 400 1552939245192 
512 504 391 1552939245208 
512 489 383 1552939245226 
512 485 382 1552939245244 
512 486 382 1552939245376 
512 487 382 1552939245392 
512 486 382 1552939245459 
512 478 382 1552939245476 
512 473 382 1552939245494 
512 467 382 1552939245509 
513 467 382 1552939245679 
514 467 382 1552939245765 
512 471 382 1552939245860 
512 481 378 1552939245877 
512 529 372 1552939245894 
512 571 365 1552939245909 
512 607 360 1552939245927 
512 622 360 1552939245943 
512 636 360 1552939246009 
512 655 357 1552939246026 
512 667 350 1552939246042 
512 672 345 1552939246061 
512 673 338 1552939246076 
512 673 325 1552939246094 
512 673 322 1552939246109 
512 673 310 1552939246127 
512 675 295 1552939246144 
512 682 277 1552939246159 
512 689 257 1552939246177 
512 700 235 1552939246195 
512 711 217 1552939246209 
512 719 201 1552939246226 
512 720 194 1552939246242 
512 718 198 1552939246376 
512 715 206 1552939246394 
512 708 216 1552939246409 
512 700 221 1552939246426 
512 697 222 1552939246443 
512 696 222 1552939246460 
512 697 219 1552939246593 
512 697 216 1552939246611 
512 697 213 1552939246626 
512 697 212 1552939246662 
512 697 211 1552939246676 
513 697 211 1552939246725 
512 697 210 1552939246743 
514 697 210 1552939246830 
512 697 210 1552939246845 
512 702 215 1552939246894 
512 717 225 1552939246909 
512 722 231 1552939246927 
512 722 235 1552939246944 
512 730 251 1552939246960 
512 737 267 1552939246978 
512 746 283 1552939246995 
512 760 294 1552939247009 
512 763 297 1552939247030 
512 765 297 1552939247044 
512 782 296 1552939247078 
512 845 296 1552939247094 
512 934 304 1552939247110 
512 1003 328 1552939247127 
512 1020 340 1552939247145 
512 1021 349 1552939247162 
512 1021 357 1552939247178 
512 1011 367 1552939247195 
512 1006 371 1552939247211 
512 1003 372 1552939247227 
512 1003 373 1552939247246 
512 1002 374 1552939247260 
512 999 376 1552939247277 
512 990 381 1552939247295 
512 985 384 1552939247310 
512 979 384 1552939247326 
512 975 384 1552939247344 
512 973 384 1552939247362 
512 968 381 1552939247383 
512 968 380 1552939247393 
512 966 377 1552939247410 
512 964 376 1552939247428 
512 959 376 1552939247445 
512 954 376 1552939247461 
512 943 376 1552939247478 
512 941 375 1552939247494 
512 939 374 1552939247561 
512 935 374 1552939247576 
512 927 374 1552939247594 
512 922 374 1552939247611 
512 921 374 1552939247628 
513 921 374 1552939247701 
514 921 374 1552939247788 
512 919 374 1552939247943 
512 914 379 1552939247961 
512 891 385 1552939247978 
512 855 394 1552939247995 
512 820 403 1552939248010 
512 794 414 1552939248029 
512 770 425 1552939248045 
512 736 450 1552939248061 
512 718 471 1552939248077 
512 704 491 1552939248095 
512 699 505 1552939248112 
512 699 516 1552939248129 
512 699 521 1552939248145 
512 700 524 1552939248160 
512 700 530 1552939248178 
512 699 540 1552939248195 
512 691 552 1552939248212 
512 668 566 1552939248226 
512 627 579 1552939248245 
512 611 584 1552939248260 
512 592 596 1552939248279 
512 585 604 1552939248294 
512 578 617 1552939248312 
512 571 630 1552939248327 
512 564 645 1552939248344 
512 558 655 1552939248362 
512 556 658 1552939248377 
512 557 658 1552939248496 
512 557 656 1552939248511 
512 557 653 1552939248529 
512 557 651 1552939248544 
512 556 648 1552939248562 
512 556 642 1552939248577 
512 556 639 1552939248595 
512 556 638 1552939248612 
513 556 638 1552939248710 
514 556 638 1552939248780 
512 556 637 1552939248861 
512 561 637 1552939248879 
512 571 637 1552939248894 
512 584 637 1552939248912 
512 599 636 1552939248929 
512 609 633 1552939248945 
512 614 629 1552939248962 
512 618 621 1552939248977 
512 628 608 1552939248996 
512 638 595 1552939249011 
512 654 586 1552939249029 
512 687 579 1552939249046 
512 714 579 1552939249062 
512 738 592 1552939249079 
512 763 606 1552939249096 
512 777 618 1552939249114 
512 784 625 1552939249129 
512 792 630 1552939249146 
512 796 632 1552939249162 
512 797 632 1552939249178 
512 800 632 1552939249194 
512 803 632 1552939249213 
512 805 632 1552939249294 
512 816 632 1552939249311 
512 832 632 1552939249329 
512 844 632 1552939249346 
512 848 632 1552939249361 
512 849 632 1552939249461 
512 848 633 1552939249546 
512 847 635 1552939249563 
512 843 635 1552939249580 
512 842 637 1552939249596 
512 839 639 1552939249613 
512 838 642 1552939249629 
512 838 644 1552939249645 
513 838 644 1552939249758 
514 838 644 1552939249831 
512 833 644 1552939249897 
512 819 630 1552939249913 
512 763 585 1552939249928 
512 692 530 1552939249945 
512 676 514 1552939249963 
512 672 505 1552939249980 
512 660 487 1552939249995 
512 620 450 1552939250015 
512 585 418 1552939250030 
512 555 400 1552939250046 
512 551 397 1552939250061 
512 553 397 1552939250112 
512 598 397 1552939250130 
512 723 395 1552939250147 
512 854 383 1552939250163 
512 934 368 1552939250180 
512 954 366 1552939250197 
512 954 365 1552939250280 
512 953 364 1552939250295 
512 952 364 1552939250328 
512 949 362 1552939250346 
512 944 360 1552939250362 
512 938 359 1552939250380 
512 937 359 1552939250395 
512 936 359 1552939250413 
512 934 361 1552939250429 
512 934 367 1552939250447 
512 934 373 1552939250464 
512 934 375 1552939250479 
512 934 376 1552939250597 
512 934 377 1552939250629 
512 933 378 1552939250647 
512 931 379 1552939250662 
512 929 380 1552939250681 
513 929 380 1552939250702 
514 929 380 1552939250773 
512 921 380 1552939250862 
512 885 374 1552939250879 
512 804 365 1552939250896 
512 742 359 1552939250912 
512 692 350 1552939250929 
512 670 349 1552939250946 
512 666 346 1552939250964 
512 662 346 1552939250998 
512 654 346 1552939251013 
512 631 348 1552939251029 
512 603 352 1552939251047 
512 556 361 1552939251062 
512 510 375 1552939251081 
512 490 381 1552939251097 
512 488 382 1552939251112 
512 483 382 1552939251314 
512 479 382 1552939251329 
512 478 381 1552939251363 
513 478 381 1552939251438 
514 478 381 1552939251533 
512 480 381 1552939251614 
512 495 381 1552939251630 
512 510 377 1552939251646 
512 519 374 1552939251663 
512 527 370 1552939251681 
512 542 364 1552939251696 
512 566 352 1552939251713 
512 601 337 1552939251731 
512 641 322 1552939251746 
512 664 313 1552939251765 
512 678 306 1552939251781 
512 680 305 1552939251796 
512 682 311 1552939251831 
512 683 343 1552939251847 
512 673 393 1552939251865 
512 633 460 1552939251881 
512 591 530 1552939251898 
512 552 585 1552939251913 
512 538 619 1552939251930 
512 538 640 1552939251948 
512 542 644 1552939251963 
512 543 644 1552939251980 
512 543 637 1552939252048 
512 548 631 1552939252063 
512 558 624 1552939252080 
512 561 623 1552939252098 
512 563 623 1552939252113 
512 564 623 1552939252130 
512 565 623 1552939252181 
512 566 625 1552939252199 
512 569 627 1552939252216 
512 571 628 1552939252248 
512 571 629 1552939252264 
512 571 633 1552939252280 
512 570 634 1552939252297 
512 568 637 1552939252314 
512 566 640 1552939252332 
513 566 640 1552939252653 
514 566 640 1552939252733 
512 565 640 1552939252749 
512 566 637 1552939252916 
512 574 622 1552939252931 
512 592 592 1552939252949 
512 641 490 1552939252966 
512 678 399 1552939252982 
512 723 306 1552939252999 
512 741 234 1552939253015 
512 744 186 1552939253033 
512 739 161 1552939253047 
512 731 152 1552939253065 
512 730 152 1552939253183 
512 717 168 1552939253216 
512 694 210 1552939253233 
512 678 237 1552939253248 
512 674 245 1552939253266 
512 672 247 1552939253281 
512 672 248 1552939253300 
512 672 249 1552939253316 
512 675 248 1552939253366 
512 679 240 1552939253383 
512 680 236 1552939253398 
512 680 233 1552939253415 
512 680 231 1552939253433 
512 681 229 1552939253448 
512 681 227 1552939253466 
512 683 224 1552939253533 
512 686 221 1552939253549 
512 687 220 1552939253566 
512 687 219 1552939253582 
512 690 219 1552939253616 
512 697 215 1552939253633 
512 701 212 1552939253648 
513 701 212 1552939253751 
514 701 212 1552939253821 
