512 703 215 1553003971006 
512 703 223 1553003971023 
512 711 244 1553003971038 
512 732 276 1553003971055 
512 764 320 1553003971073 
512 781 351 1553003971088 
512 783 356 1553003971106 
512 783 367 1553003971140 
512 810 425 1553003971157 
512 846 508 1553003971172 
512 882 617 1553003971189 
512 899 710 1553003971205 
512 899 745 1553003971222 
512 896 754 1553003971240 
512 896 755 1553003971255 
512 891 755 1553003971324 
512 873 744 1553003971341 
512 869 741 1553003971356 
512 856 728 1553003971372 
512 853 723 1553003971388 
512 851 712 1553003971405 
512 848 701 1553003971421 
512 848 687 1553003971438 
512 845 675 1553003971456 
512 843 666 1553003971473 
512 841 664 1553003971488 
512 841 658 1553003971673 
512 841 655 1553003971689 
512 841 651 1553003971706 
512 841 650 1553003971823 
512 841 648 1553003971838 
513 841 648 1553003971892 
514 841 648 1553003971955 
512 841 650 1553003972039 
512 839 655 1553003972057 
512 837 655 1553003972105 
512 818 649 1553003972122 
512 799 644 1553003972141 
512 786 642 1553003972156 
512 785 640 1553003972174 
512 782 636 1553003972189 
512 767 613 1553003972206 
512 749 591 1553003972223 
512 676 540 1553003972241 
512 581 499 1553003972258 
512 530 476 1553003972273 
512 515 465 1553003972289 
512 513 463 1553003972306 
512 513 462 1553003972372 
512 506 446 1553003972390 
512 490 427 1553003972406 
512 471 409 1553003972423 
512 457 396 1553003972440 
512 453 391 1553003972456 
512 453 390 1553003972540 
512 454 387 1553003972557 
512 456 387 1553003972588 
512 461 387 1553003972607 
512 471 387 1553003972623 
512 478 387 1553003972641 
512 485 387 1553003972657 
512 488 386 1553003972673 
512 490 385 1553003972690 
512 491 384 1553003972707 
512 489 382 1553003972791 
512 485 380 1553003972805 
512 480 377 1553003972823 
512 477 376 1553003972839 
512 475 375 1553003972857 
513 475 375 1553003972959 
514 475 375 1553003973035 
512 476 374 1553003973074 
512 482 374 1553003973089 
512 490 374 1553003973108 
512 505 374 1553003973124 
512 554 383 1553003973141 
512 584 386 1553003973157 
512 605 389 1553003973174 
512 616 391 1553003973190 
512 622 393 1553003973207 
512 626 397 1553003973224 
512 630 401 1553003973240 
512 645 411 1553003973259 
512 678 428 1553003973276 
512 720 442 1553003973292 
512 741 443 1553003973309 
512 755 432 1553003973325 
512 767 378 1553003973342 
512 770 345 1553003973358 
512 770 327 1553003973374 
512 759 309 1553003973390 
512 743 286 1553003973407 
512 731 270 1553003973423 
512 727 264 1553003973440 
512 726 262 1553003973457 
512 721 256 1553003973473 
512 721 255 1553003973491 
512 720 255 1553003973507 
512 717 255 1553003973524 
512 714 252 1553003973541 
512 710 250 1553003973558 
512 705 245 1553003973574 
512 705 244 1553003973591 
512 705 242 1553003973624 
512 705 239 1553003973658 
512 705 232 1553003973674 
512 701 218 1553003973693 
512 700 214 1553003973707 
512 700 213 1553003973724 
513 700 213 1553003973869 
514 700 213 1553003973939 
512 702 214 1553003974025 
512 709 220 1553003974042 
512 724 235 1553003974058 
512 750 258 1553003974077 
512 775 276 1553003974093 
512 784 287 1553003974108 
512 788 300 1553003974125 
512 788 309 1553003974141 
512 788 316 1553003974157 
512 788 320 1553003974175 
512 791 328 1553003974191 
512 795 340 1553003974208 
512 802 361 1553003974223 
512 820 387 1553003974242 
512 837 405 1553003974257 
512 846 408 1553003974277 
512 847 408 1553003974292 
512 848 408 1553003974310 
512 855 395 1553003974325 
512 857 390 1553003974344 
512 864 386 1553003974358 
512 879 382 1553003974374 
512 897 382 1553003974391 
512 904 382 1553003974409 
512 906 382 1553003974425 
512 908 381 1553003974476 
512 914 380 1553003974493 
512 926 378 1553003974508 
512 931 378 1553003974524 
512 933 378 1553003974543 
512 936 378 1553003974642 
512 939 377 1553003974659 
513 939 377 1553003974684 
514 939 377 1553003974763 
512 935 377 1553003974876 
512 889 367 1553003974892 
512 880 367 1553003974907 
512 879 367 1553003974924 
512 891 368 1553003975043 
512 906 371 1553003975059 
512 909 371 1553003975076 
512 910 372 1553003975108 
512 911 372 1553003975125 
512 912 372 1553003975141 
512 917 374 1553003975158 
512 920 375 1553003975176 
512 923 376 1553003975191 
512 925 376 1553003975210 
512 927 378 1553003975261 
512 928 380 1553003975294 
513 928 380 1553003975366 
514 928 380 1553003975435 
512 915 380 1553003975543 
512 889 383 1553003975558 
512 853 390 1553003975575 
512 805 400 1553003975593 
512 772 412 1553003975608 
512 754 422 1553003975626 
512 744 431 1553003975644 
512 729 440 1553003975660 
512 707 450 1553003975677 
512 659 483 1553003975693 
512 616 532 1553003975708 
512 585 580 1553003975725 
512 574 606 1553003975744 
512 574 613 1553003975758 
512 574 614 1553003975775 
512 574 615 1553003975791 
512 576 615 1553003975825 
512 577 615 1553003975842 
512 579 617 1553003975860 
512 581 619 1553003975875 
512 581 635 1553003975892 
512 576 646 1553003975909 
512 567 650 1553003975927 
512 566 650 1553003975944 
512 565 650 1553003976026 
512 565 648 1553003976125 
512 565 646 1553003976144 
512 565 642 1553003976161 
512 565 641 1553003976210 
512 565 640 1553003976244 
513 565 640 1553003976285 
514 565 640 1553003976363 
512 565 638 1553003976459 
512 583 628 1553003976477 
512 591 623 1553003976492 
512 611 603 1553003976509 
512 616 578 1553003976526 
512 616 552 1553003976544 
512 615 537 1553003976559 
512 613 526 1553003976577 
512 610 512 1553003976594 
512 610 494 1553003976609 
512 610 483 1553003976626 
512 616 483 1553003976676 
512 733 563 1553003976694 
512 823 628 1553003976709 
512 856 657 1553003976726 
512 861 665 1553003976743 
512 860 669 1553003976759 
512 859 672 1553003976778 
512 855 663 1553003976927 
512 853 657 1553003976943 
512 852 655 1553003976959 
512 850 653 1553003977027 
512 850 652 1553003977042 
512 850 650 1553003977060 
512 849 650 1553003977076 
512 849 649 1553003977143 
512 847 649 1553003977160 
512 843 646 1553003977179 
512 840 646 1553003977195 
512 839 645 1553003977210 
513 839 645 1553003977278 
514 839 645 1553003977347 
512 839 643 1553003977411 
512 839 640 1553003977444 
512 835 630 1553003977460 
512 816 606 1553003977479 
512 767 556 1553003977493 
512 743 531 1553003977510 
512 736 522 1553003977526 
512 734 518 1553003977545 
512 734 512 1553003977562 
512 744 501 1553003977578 
512 764 486 1553003977593 
512 823 463 1553003977609 
512 914 442 1553003977627 
512 1013 411 1553003977645 
512 1021 408 1553003977662 
512 1021 406 1553003977677 
512 1016 401 1553003977693 
512 1011 393 1553003977712 
512 1008 393 1553003977728 
512 1008 392 1553003977761 
512 1007 392 1553003977795 
512 992 392 1553003977910 
512 974 392 1553003977926 
512 958 392 1553003977944 
512 950 392 1553003977960 
512 946 390 1553003977978 
512 944 390 1553003977993 
512 941 389 1553003978010 
512 939 387 1553003978027 
512 937 386 1553003978060 
512 936 384 1553003978077 
512 936 381 1553003978160 
512 934 379 1553003978194 
512 930 376 1553003978210 
513 930 376 1553003978293 
514 930 376 1553003978380 
512 945 389 1553003978512 
512 962 401 1553003978529 
512 988 421 1553003978544 
512 1055 479 1553003978561 
512 1116 563 1553003978577 
512 1158 614 1553003978594 
512 1207 626 1553003978745 
512 1365 631 1553003978761 
512 1477 591 1553003978778 
512 1496 568 1553003978796 
512 1356 512 1553003978813 
512 1214 480 1553003978828 
512 1077 446 1553003978844 
512 951 417 1553003978860 
512 843 403 1553003978879 
512 762 391 1553003978896 
512 707 383 1553003978912 
512 670 376 1553003978930 
512 650 369 1553003978946 
512 631 357 1553003978961 
512 611 346 1553003978978 
512 598 332 1553003978995 
512 580 325 1553003979011 
512 539 308 1553003979029 
512 510 301 1553003979045 
512 499 301 1553003979061 
512 499 303 1553003979096 
512 501 309 1553003979111 
512 503 314 1553003979130 
512 503 322 1553003979144 
512 501 336 1553003979164 
512 495 350 1553003979179 
512 491 362 1553003979197 
512 491 369 1553003979212 
512 492 374 1553003979228 
512 492 376 1553003979245 
512 492 377 1553003979263 
512 491 377 1553003979311 
512 487 377 1553003979328 
512 484 379 1553003979345 
512 483 379 1553003979363 
512 482 379 1553003979413 
512 481 379 1553003979463 
512 478 379 1553003979480 
512 477 379 1553003979496 
513 477 379 1553003979549 
514 477 379 1553003979597 
512 476 379 1553003979628 
512 478 379 1553003979764 
512 503 390 1553003979780 
512 508 392 1553003979795 
512 523 407 1553003979814 
512 555 451 1553003979828 
512 575 490 1553003979847 
512 583 519 1553003979861 
512 583 540 1553003979880 
512 578 577 1553003979903 
512 577 588 1553003979913 
512 575 595 1553003979928 
512 574 596 1553003979978 
512 562 594 1553003979997 
512 559 591 1553003980013 
512 556 588 1553003980028 
512 556 593 1553003980095 
512 553 612 1553003980112 
512 550 634 1553003980130 
512 546 649 1553003980145 
512 545 653 1553003980164 
512 545 654 1553003980212 
512 545 656 1553003980230 
512 546 657 1553003980245 
512 548 656 1553003980362 
512 549 650 1553003980379 
512 550 647 1553003980397 
512 552 646 1553003980529 
513 552 646 1553003980596 
514 552 646 1553003980652 
512 551 643 1553003980762 
512 551 628 1553003980848 
512 551 584 1553003980863 
512 551 518 1553003980880 
512 551 482 1553003980896 
512 560 447 1553003980913 
512 584 400 1553003980931 
512 618 351 1553003980946 
512 654 310 1553003980965 
512 674 288 1553003980979 
512 682 273 1553003980997 
512 681 267 1553003981012 
512 678 256 1553003981031 
512 675 251 1553003981048 
512 668 241 1553003981064 
512 664 230 1553003981080 
512 664 224 1553003981096 
512 664 218 1553003981113 
512 664 213 1553003981132 
512 664 210 1553003981146 
512 664 209 1553003981163 
512 672 209 1553003981232 
512 678 209 1553003981247 
512 684 209 1553003981263 
512 688 210 1553003981280 
512 690 211 1553003981346 
512 694 212 1553003981365 
512 698 213 1553003981382 
512 700 213 1553003981430 
513 700 213 1553003981453 
512 700 214 1553003981515 
514 700 214 1553003981532 
