512 699 206 1553004034690 
512 699 213 1553004034742 
512 701 230 1553004034757 
512 715 262 1553004034774 
512 737 302 1553004034790 
512 754 328 1553004034807 
512 765 344 1553004034823 
512 772 352 1553004034841 
512 775 357 1553004034857 
512 781 372 1553004034875 
512 797 409 1553004034890 
512 858 515 1553004034909 
512 884 582 1553004034925 
512 894 635 1553004034942 
512 898 666 1553004034957 
512 898 677 1553004034976 
512 899 679 1553004034991 
512 896 674 1553004035110 
512 888 668 1553004035126 
512 879 659 1553004035141 
512 870 653 1553004035157 
512 866 651 1553004035174 
512 864 648 1553004035193 
512 860 642 1553004035208 
512 852 635 1553004035226 
512 844 628 1553004035242 
512 841 627 1553004035258 
512 838 627 1553004035276 
512 837 627 1553004035291 
512 837 632 1553004035407 
512 837 637 1553004035426 
512 837 643 1553004035441 
512 837 648 1553004035458 
512 837 650 1553004035476 
513 837 650 1553004035631 
514 837 650 1553004035693 
512 837 649 1553004035724 
512 837 648 1553004035757 
512 837 647 1553004035776 
512 837 646 1553004035791 
512 837 645 1553004035809 
512 832 639 1553004035824 
512 828 632 1553004035841 
512 824 626 1553004035859 
512 824 621 1553004035874 
512 823 603 1553004035893 
512 814 580 1553004035910 
512 771 546 1553004035926 
512 673 515 1553004035942 
512 546 494 1553004035958 
512 413 478 1553004035975 
512 326 461 1553004035992 
512 301 454 1553004036009 
512 301 453 1553004036025 
512 310 443 1553004036042 
512 329 437 1553004036060 
512 336 434 1553004036075 
512 339 432 1553004036092 
512 342 430 1553004036109 
512 350 423 1553004036125 
512 367 415 1553004036141 
512 388 406 1553004036158 
512 397 401 1553004036175 
512 404 400 1553004036276 
512 414 400 1553004036292 
512 425 400 1553004036310 
512 430 400 1553004036325 
512 432 400 1553004036342 
512 433 399 1553004036358 
512 435 397 1553004036394 
512 440 396 1553004036408 
512 445 395 1553004036425 
512 452 393 1553004036445 
512 456 391 1553004036461 
512 457 389 1553004036543 
512 460 387 1553004036558 
512 462 385 1553004036575 
512 462 384 1553004036593 
512 463 384 1553004036610 
512 463 383 1553004036626 
512 465 382 1553004036676 
513 465 382 1553004036712 
512 466 382 1553004036728 
514 466 382 1553004036765 
512 466 382 1553004036777 
512 469 382 1553004036943 
512 477 392 1553004036959 
512 503 409 1553004036976 
512 530 417 1553004036994 
512 546 417 1553004037011 
512 560 410 1553004037028 
512 572 389 1553004037043 
512 578 367 1553004037060 
512 580 345 1553004037079 
512 575 317 1553004037095 
512 568 298 1553004037109 
512 565 279 1553004037126 
512 575 260 1553004037143 
512 592 240 1553004037160 
512 606 225 1553004037177 
512 610 221 1553004037193 
512 610 220 1553004037226 
512 615 224 1553004037278 
512 650 231 1553004037295 
512 653 232 1553004037311 
512 654 232 1553004037379 
512 656 232 1553004037393 
512 658 232 1553004037409 
512 661 232 1553004037429 
512 663 232 1553004037446 
512 668 230 1553004037462 
512 670 229 1553004037479 
512 672 227 1553004037494 
512 672 225 1553004037510 
512 675 221 1553004037529 
512 678 215 1553004037543 
512 683 211 1553004037560 
512 684 211 1553004037576 
512 687 209 1553004037596 
512 690 209 1553004037612 
512 693 209 1553004037627 
512 694 209 1553004037643 
512 695 209 1553004037661 
512 696 209 1553004037676 
512 699 209 1553004037694 
512 699 210 1553004037773 
513 699 210 1553004037774 
512 699 211 1553004037810 
514 699 211 1553004037852 
512 699 211 1553004037878 
512 699 213 1553004037909 
512 699 219 1553004037928 
512 699 233 1553004037943 
512 700 255 1553004037961 
512 705 283 1553004037978 
512 706 308 1553004037995 
512 711 326 1553004038010 
512 717 340 1553004038029 
512 726 356 1553004038045 
512 753 387 1553004038060 
512 849 460 1553004038077 
512 928 499 1553004038093 
512 961 509 1553004038110 
512 965 509 1553004038128 
512 967 494 1553004038143 
512 967 472 1553004038161 
512 970 449 1553004038178 
512 971 425 1553004038193 
512 973 402 1553004038210 
512 976 378 1553004038227 
512 978 362 1553004038246 
512 978 360 1553004038260 
512 975 361 1553004038328 
512 960 366 1553004038345 
512 945 369 1553004038362 
512 939 369 1553004038377 
512 936 369 1553004038396 
512 934 369 1553004038427 
512 932 372 1553004038477 
512 930 373 1553004038493 
513 930 373 1553004038590 
514 930 373 1553004038660 
512 912 372 1553004038744 
512 832 370 1553004038760 
512 726 370 1553004038779 
512 626 385 1553004038796 
512 561 412 1553004038811 
512 540 431 1553004038827 
512 534 447 1553004038846 
512 526 469 1553004038861 
512 514 489 1553004038877 
512 496 525 1553004038896 
512 476 571 1553004038910 
512 473 610 1553004038930 
512 471 638 1553004038944 
512 472 665 1553004038961 
512 476 678 1553004038978 
512 477 678 1553004039011 
512 487 672 1553004039045 
512 504 668 1553004039061 
512 516 668 1553004039077 
512 521 668 1553004039096 
512 522 667 1553004039163 
512 528 666 1553004039178 
512 535 663 1553004039197 
512 540 660 1553004039211 
512 549 657 1553004039229 
512 551 656 1553004039244 
512 552 652 1553004039394 
512 555 647 1553004039413 
512 556 644 1553004039430 
512 557 642 1553004039445 
512 558 641 1553004039463 
513 558 641 1553004039566 
512 559 640 1553004039597 
514 559 640 1553004039644 
512 559 640 1553004039645 
512 559 631 1553004039730 
512 554 615 1553004039745 
512 547 586 1553004039763 
512 527 540 1553004039778 
512 511 507 1553004039797 
512 508 491 1553004039814 
512 508 482 1553004039828 
512 509 477 1553004039845 
512 513 474 1553004039862 
512 524 473 1553004039880 
512 556 473 1553004039895 
512 660 506 1553004039913 
512 800 566 1553004039930 
512 889 611 1553004039945 
512 904 623 1553004039963 
512 904 625 1553004039997 
512 904 627 1553004040063 
512 905 630 1553004040079 
512 905 632 1553004040096 
512 904 637 1553004040130 
512 893 643 1553004040148 
512 867 650 1553004040162 
512 844 651 1553004040179 
512 835 651 1553004040195 
512 832 650 1553004040279 
512 830 649 1553004040297 
512 829 648 1553004040312 
512 828 647 1553004040397 
513 828 647 1553004040400 
514 828 647 1553004040500 
512 833 647 1553004040612 
512 838 647 1553004040630 
512 844 647 1553004040645 
512 847 647 1553004040663 
512 848 647 1553004040680 
513 848 647 1553004040789 
514 848 647 1553004040876 
512 846 626 1553004041146 
512 846 585 1553004041165 
512 870 559 1553004041181 
512 891 531 1553004041197 
512 905 509 1553004041213 
512 910 497 1553004041229 
512 911 483 1553004041247 
512 911 468 1553004041265 
512 911 460 1553004041282 
512 911 455 1553004041297 
512 910 444 1553004041313 
512 910 435 1553004041331 
512 910 432 1553004041345 
512 910 431 1553004041363 
512 910 421 1553004041398 
512 910 399 1553004041414 
512 915 375 1553004041429 
512 923 360 1553004041448 
512 927 353 1553004041466 
512 928 352 1553004041479 
512 928 355 1553004041581 
512 926 367 1553004041597 
512 924 376 1553004041614 
512 924 381 1553004041629 
512 928 381 1553004041733 
512 929 381 1553004041746 
512 930 381 1553004041763 
512 931 381 1553004041800 
512 931 380 1553004041914 
513 931 380 1553004041917 
514 931 380 1553004041996 
512 900 376 1553004042083 
512 839 373 1553004042098 
512 814 373 1553004042115 
512 791 376 1553004042133 
512 776 382 1553004042146 
512 769 385 1553004042165 
512 767 386 1553004042182 
512 758 390 1553004042199 
512 730 400 1553004042218 
512 691 407 1553004042234 
512 631 415 1553004042248 
512 593 421 1553004042264 
512 570 425 1553004042282 
512 565 426 1553004042297 
512 561 424 1553004042381 
512 550 411 1553004042398 
512 539 399 1553004042415 
512 528 389 1553004042432 
512 525 386 1553004042448 
512 520 386 1553004042464 
512 508 385 1553004042483 
512 489 385 1553004042498 
512 457 382 1553004042514 
512 440 382 1553004042533 
512 435 382 1553004042550 
512 433 382 1553004042564 
512 440 381 1553004042700 
512 454 375 1553004042715 
512 464 370 1553004042731 
512 468 370 1553004042748 
512 470 370 1553004042765 
512 471 370 1553004042815 
513 471 370 1553004042940 
514 471 370 1553004043012 
512 474 369 1553004043149 
512 494 345 1553004043165 
512 506 339 1553004043183 
512 517 339 1553004043199 
512 537 346 1553004043216 
512 567 368 1553004043233 
512 586 402 1553004043248 
512 599 453 1553004043267 
512 608 506 1553004043282 
512 614 557 1553004043299 
512 621 603 1553004043314 
512 621 626 1553004043333 
512 617 636 1553004043349 
512 613 639 1553004043365 
512 610 639 1553004043382 
512 603 639 1553004043400 
512 594 639 1553004043415 
512 587 639 1553004043433 
512 581 639 1553004043450 
512 576 639 1553004043465 
512 575 640 1553004043482 
512 573 640 1553004043499 
512 571 642 1553004043517 
512 569 642 1553004043531 
512 568 642 1553004043582 
512 566 642 1553004043600 
512 564 643 1553004043615 
512 563 643 1553004043633 
513 563 643 1553004043686 
514 563 643 1553004043764 
512 567 642 1553004043850 
512 574 637 1553004043867 
512 580 631 1553004043883 
512 588 624 1553004043900 
512 596 618 1553004043917 
512 609 612 1553004043934 
512 624 607 1553004043949 
512 669 604 1553004043966 
512 694 604 1553004043983 
512 705 600 1553004044000 
512 706 586 1553004044016 
512 706 548 1553004044033 
512 693 485 1553004044049 
512 679 430 1553004044067 
512 674 389 1553004044082 
512 672 350 1553004044100 
512 689 308 1553004044118 
512 713 268 1553004044132 
512 752 210 1553004044150 
512 764 189 1553004044167 
512 768 181 1553004044182 
512 769 179 1553004044199 
512 750 185 1553004044334 
512 732 197 1553004044349 
512 711 208 1553004044366 
512 701 212 1553004044382 
512 700 212 1553004044483 
512 698 212 1553004044499 
512 696 212 1553004044566 
512 694 212 1553004044583 
512 692 212 1553004044601 
513 692 212 1553004044613 
514 692 212 1553004044702 
