512 705 210 1553004055976 
512 705 211 1553004056060 
512 709 218 1553004056077 
512 718 240 1553004056094 
512 728 299 1553004056109 
512 735 348 1553004056125 
512 741 392 1553004056143 
512 745 417 1553004056159 
512 753 445 1553004056176 
512 772 486 1553004056194 
512 805 547 1553004056211 
512 834 595 1553004056227 
512 853 627 1553004056243 
512 858 639 1553004056261 
512 858 633 1553004056326 
512 858 628 1553004056344 
512 858 627 1553004056360 
512 850 631 1553004056478 
512 840 638 1553004056495 
512 829 648 1553004056510 
512 826 650 1553004056527 
512 826 652 1553004056578 
512 830 653 1553004056661 
512 834 654 1553004056676 
512 836 654 1553004056694 
512 837 654 1553004056711 
512 838 654 1553004056811 
512 838 653 1553004056826 
513 838 653 1553004056846 
514 838 653 1553004056924 
512 838 652 1553004057045 
512 828 652 1553004057094 
512 808 653 1553004057109 
512 781 660 1553004057127 
512 763 667 1553004057144 
512 758 669 1553004057161 
512 778 668 1553004057193 
512 829 655 1553004057210 
512 851 649 1553004057226 
512 858 647 1553004057244 
512 858 645 1553004057343 
512 860 644 1553004057362 
512 861 642 1553004057378 
512 863 642 1553004057393 
512 855 642 1553004057462 
512 852 642 1553004057478 
512 845 642 1553004057493 
512 842 642 1553004057510 
512 841 641 1553004057528 
513 841 641 1553004057670 
514 841 641 1553004057756 
512 839 640 1553004057895 
512 823 642 1553004057910 
512 801 653 1553004057928 
512 779 667 1553004057945 
512 768 674 1553004057962 
512 753 677 1553004057977 
512 727 675 1553004057995 
512 633 635 1553004058010 
512 489 561 1553004058029 
512 353 487 1553004058045 
512 262 427 1553004058062 
512 252 410 1553004058078 
512 251 388 1553004058093 
512 255 364 1553004058110 
512 270 347 1553004058128 
512 283 335 1553004058144 
512 285 335 1553004058162 
512 287 332 1553004058229 
512 293 330 1553004058244 
512 348 325 1553004058261 
512 375 325 1553004058277 
512 387 325 1553004058295 
512 389 327 1553004058311 
512 394 329 1553004058329 
512 401 332 1553004058345 
512 414 334 1553004058360 
512 438 341 1553004058379 
512 451 345 1553004058395 
512 452 346 1553004058462 
512 454 348 1553004058494 
512 456 349 1553004058512 
512 461 357 1553004058527 
512 465 364 1553004058545 
512 469 368 1553004058562 
512 470 368 1553004058579 
512 471 369 1553004058594 
512 473 370 1553004058613 
512 474 373 1553004058629 
512 474 380 1553004058645 
512 475 383 1553004058661 
512 475 384 1553004058712 
513 475 384 1553004058773 
514 475 384 1553004058853 
512 474 384 1553004058912 
512 473 384 1553004058996 
512 474 391 1553004059061 
512 510 409 1553004059079 
512 608 408 1553004059094 
512 691 374 1553004059113 
512 718 319 1553004059129 
512 721 256 1553004059146 
512 715 232 1553004059162 
512 705 215 1553004059178 
512 690 198 1553004059197 
512 685 192 1553004059213 
512 683 188 1553004059228 
512 681 180 1553004059245 
512 681 174 1553004059263 
512 681 172 1553004059277 
512 681 171 1553004059296 
512 680 170 1553004059361 
512 678 175 1553004059397 
512 677 181 1553004059411 
512 677 189 1553004059430 
512 677 190 1553004059445 
512 677 191 1553004059463 
512 678 192 1553004059497 
512 681 192 1553004059528 
512 685 192 1553004059546 
512 689 192 1553004059561 
512 692 193 1553004059578 
512 695 195 1553004059595 
512 698 195 1553004059614 
512 702 195 1553004059630 
512 704 196 1553004059645 
512 708 199 1553004059663 
512 711 202 1553004059680 
512 712 203 1553004059832 
513 712 203 1553004059833 
512 711 205 1553004059862 
512 706 207 1553004059880 
512 703 209 1553004059885 
514 703 209 1553004059886 
512 701 209 1553004059894 
512 698 212 1553004059913 
512 700 212 1553004060061 
512 702 212 1553004060080 
512 703 212 1553004060096 
513 703 212 1553004060126 
514 703 212 1553004060198 
512 704 212 1553004060297 
512 710 217 1553004060312 
512 728 228 1553004060330 
512 746 235 1553004060347 
512 751 236 1553004060364 
512 753 239 1553004060379 
512 767 247 1553004060398 
512 784 254 1553004060412 
512 812 277 1553004060431 
512 826 294 1553004060447 
512 837 312 1553004060462 
512 844 325 1553004060479 
512 847 330 1553004060497 
512 847 331 1553004060547 
512 850 332 1553004060613 
512 855 333 1553004060630 
512 861 337 1553004060647 
512 867 339 1553004060662 
512 878 344 1553004060681 
512 887 348 1553004060698 
512 897 355 1553004060712 
512 907 362 1553004060729 
512 914 367 1553004060746 
512 922 377 1553004060762 
512 925 385 1553004060781 
512 926 387 1553004060798 
512 927 388 1553004060946 
512 927 385 1553004060982 
512 927 384 1553004060996 
513 927 384 1553004061142 
514 927 384 1553004061204 
512 924 383 1553004061313 
512 919 381 1553004061331 
512 915 381 1553004061348 
512 907 381 1553004061362 
512 893 381 1553004061381 
512 862 390 1553004061398 
512 810 410 1553004061414 
512 722 446 1553004061429 
512 625 490 1553004061447 
512 532 539 1553004061464 
512 479 581 1553004061479 
512 469 603 1553004061497 
512 469 615 1553004061514 
512 471 619 1553004061531 
512 473 620 1553004061547 
512 475 620 1553004061581 
512 489 620 1553004061598 
512 506 620 1553004061612 
512 520 620 1553004061631 
512 523 620 1553004061648 
512 524 620 1553004061665 
512 525 620 1553004061680 
512 527 620 1553004061696 
512 530 620 1553004061713 
512 535 625 1553004061732 
512 543 632 1553004061748 
512 550 640 1553004061765 
512 555 647 1553004061782 
512 557 649 1553004061880 
512 558 649 1553004061898 
512 559 649 1553004061947 
513 559 649 1553004062006 
514 559 649 1553004062061 
512 558 645 1553004062198 
512 558 642 1553004062213 
512 565 632 1553004062232 
512 569 628 1553004062248 
512 571 625 1553004062265 
512 571 617 1553004062298 
512 575 613 1553004062313 
512 594 607 1553004062331 
512 624 606 1553004062348 
512 711 606 1553004062363 
512 755 606 1553004062382 
512 756 608 1553004062449 
512 754 612 1553004062465 
512 754 621 1553004062482 
512 758 629 1553004062498 
512 762 632 1553004062515 
512 763 632 1553004062530 
512 767 632 1553004062549 
512 770 632 1553004062564 
512 776 632 1553004062581 
512 780 633 1553004062597 
512 783 633 1553004062614 
512 792 633 1553004062632 
512 796 635 1553004062647 
512 797 635 1553004062730 
512 798 635 1553004062749 
512 805 636 1553004062766 
512 810 639 1553004062782 
512 814 639 1553004062799 
512 816 639 1553004062816 
512 818 640 1553004062832 
512 819 640 1553004062881 
512 820 642 1553004062899 
512 821 642 1553004062914 
512 822 642 1553004062932 
512 823 642 1553004062947 
512 825 642 1553004062966 
512 826 643 1553004062982 
512 827 643 1553004062999 
512 828 643 1553004063014 
512 829 643 1553004063032 
512 831 643 1553004063049 
512 833 643 1553004063064 
512 834 643 1553004063082 
512 835 643 1553004063099 
512 837 643 1553004063116 
512 838 643 1553004063133 
512 839 643 1553004063147 
512 840 643 1553004063165 
513 840 643 1553004063168 
514 840 643 1553004063238 
512 836 643 1553004063366 
512 819 630 1553004063383 
512 793 616 1553004063398 
512 777 610 1553004063417 
512 770 610 1553004063431 
512 765 603 1553004063466 
512 765 579 1553004063483 
512 785 527 1553004063500 
512 832 464 1553004063516 
512 882 416 1553004063534 
512 941 374 1553004063550 
512 947 368 1553004063566 
512 947 367 1553004063583 
512 946 367 1553004063648 
512 938 368 1553004063665 
512 929 370 1553004063683 
512 914 371 1553004063700 
512 897 372 1553004063715 
512 886 373 1553004063733 
512 883 374 1553004063748 
512 882 374 1553004063766 
512 885 374 1553004063817 
512 890 374 1553004063832 
512 899 374 1553004063850 
512 913 374 1553004063865 
512 925 374 1553004063883 
512 931 373 1553004063900 
512 933 373 1553004063982 
512 934 373 1553004064000 
512 935 373 1553004064015 
513 935 373 1553004064095 
514 935 373 1553004064157 
512 934 373 1553004064217 
512 929 373 1553004064415 
512 903 373 1553004064432 
512 841 373 1553004064449 
512 720 373 1553004064466 
512 590 373 1553004064483 
512 536 373 1553004064501 
512 529 373 1553004064515 
512 525 373 1553004064601 
512 517 373 1553004064616 
512 510 371 1553004064634 
512 501 369 1553004064649 
512 495 368 1553004064667 
512 488 368 1553004064683 
512 479 368 1553004064699 
512 472 368 1553004064717 
512 462 372 1553004064735 
512 459 372 1553004064750 
512 459 373 1553004064851 
512 462 374 1553004064866 
512 463 376 1553004064885 
512 467 377 1553004064899 
512 472 378 1553004064917 
513 472 378 1553004065047 
514 472 378 1553004065119 
512 481 377 1553004065234 
512 497 374 1553004065249 
512 567 366 1553004065266 
512 660 363 1553004065285 
512 717 363 1553004065301 
512 732 364 1553004065318 
512 734 373 1553004065334 
512 735 400 1553004065351 
512 735 443 1553004065366 
512 722 504 1553004065385 
512 693 564 1553004065402 
512 652 627 1553004065418 
512 608 669 1553004065434 
512 587 692 1553004065450 
512 582 700 1553004065468 
512 581 700 1553004065483 
512 580 700 1553004065518 
512 568 692 1553004065535 
512 555 674 1553004065551 
512 534 655 1553004065568 
512 533 654 1553004065600 
512 533 651 1553004065633 
512 535 646 1553004065650 
512 536 644 1553004065666 
512 540 640 1553004065685 
512 544 636 1553004065700 
512 546 635 1553004065716 
512 547 634 1553004065735 
512 548 634 1553004065784 
512 551 634 1553004065800 
512 555 634 1553004065819 
512 557 635 1553004065833 
512 558 636 1553004065852 
512 558 637 1553004065918 
512 558 639 1553004065933 
512 558 640 1553004065950 
513 558 640 1553004065966 
514 558 640 1553004066021 
512 562 641 1553004066201 
512 576 630 1553004066218 
512 587 616 1553004066235 
512 599 600 1553004066252 
512 608 581 1553004066269 
512 618 545 1553004066285 
512 620 458 1553004066302 
512 617 399 1553004066319 
512 606 359 1553004066335 
512 602 337 1553004066352 
512 602 316 1553004066368 
512 602 298 1553004066385 
512 602 289 1553004066402 
512 602 285 1553004066418 
512 602 283 1553004066433 
512 616 278 1553004066500 
512 649 260 1553004066519 
512 667 248 1553004066535 
512 676 239 1553004066553 
512 678 237 1553004066567 
512 679 236 1553004066584 
512 679 234 1553004066650 
512 679 231 1553004066669 
512 681 227 1553004066684 
512 681 226 1553004066701 
512 681 221 1553004066719 
512 681 219 1553004066736 
512 683 214 1553004066752 
512 685 207 1553004066768 
512 688 202 1553004066786 
512 691 198 1553004066801 
512 692 198 1553004066836 
512 694 198 1553004066851 
512 695 198 1553004066870 
512 697 198 1553004066885 
512 697 199 1553004066901 
512 697 201 1553004066918 
512 697 202 1553004066934 
512 697 203 1553004066953 
512 697 204 1553004066969 
512 697 205 1553004066986 
512 697 210 1553004067001 
512 696 214 1553004067019 
512 694 215 1553004067034 
513 694 215 1553004067159 
514 694 215 1553004067221 
