512 702 205 1553025716651 
512 706 208 1553025716667 
512 713 213 1553025716684 
512 717 215 1553025716700 
512 720 220 1553025716717 
512 728 229 1553025716733 
512 740 243 1553025716748 
512 754 256 1553025716767 
512 759 261 1553025716784 
512 764 265 1553025716798 
512 769 283 1553025716815 
512 780 318 1553025716834 
512 798 391 1553025716852 
512 819 474 1553025716867 
512 841 578 1553025716885 
512 845 613 1553025716900 
512 850 627 1553025716915 
512 853 632 1553025716934 
512 855 633 1553025717052 
512 857 635 1553025717065 
512 858 636 1553025717117 
512 856 638 1553025717134 
512 850 644 1553025717152 
512 837 650 1553025717165 
512 835 653 1553025717182 
512 832 654 1553025717201 
512 831 654 1553025717285 
512 831 651 1553025717401 
512 834 650 1553025717415 
512 834 649 1553025717434 
512 835 649 1553025717531 
513 835 649 1553025717531 
512 836 649 1553025717551 
514 836 649 1553025717610 
512 836 649 1553025717618 
512 836 648 1553025717682 
512 833 640 1553025717701 
512 820 626 1553025717716 
512 796 603 1553025717734 
512 763 575 1553025717752 
512 750 562 1553025717766 
512 738 552 1553025717782 
512 728 546 1553025717801 
512 710 534 1553025717819 
512 653 499 1553025717835 
512 620 487 1553025717852 
512 549 466 1553025717866 
512 467 450 1553025717885 
512 441 440 1553025717900 
512 435 439 1553025717919 
512 437 438 1553025718001 
512 445 435 1553025718019 
512 463 428 1553025718032 
512 488 419 1553025718052 
512 504 413 1553025718066 
512 512 408 1553025718085 
512 515 406 1553025718099 
512 515 402 1553025718116 
512 515 399 1553025718135 
512 511 395 1553025718151 
512 507 391 1553025718166 
512 502 386 1553025718183 
512 497 382 1553025718201 
512 494 380 1553025718219 
512 493 379 1553025718235 
512 492 379 1553025718284 
512 490 379 1553025718302 
512 489 379 1553025718318 
512 487 379 1553025718337 
512 486 379 1553025718350 
512 484 379 1553025718368 
512 483 379 1553025718386 
512 482 379 1553025718402 
512 480 378 1553025718419 
512 478 378 1553025718452 
512 475 378 1553025718468 
512 474 378 1553025718501 
513 474 378 1553025718514 
514 474 378 1553025718594 
512 479 378 1553025718685 
512 486 376 1553025718700 
512 487 375 1553025718718 
512 490 374 1553025718752 
512 496 374 1553025718766 
512 512 374 1553025718785 
512 529 384 1553025718803 
512 546 400 1553025718816 
512 561 407 1553025718836 
512 579 410 1553025718852 
512 592 398 1553025718866 
512 602 371 1553025718885 
512 607 340 1553025718903 
512 612 320 1553025718917 
512 612 302 1553025718933 
512 612 287 1553025718952 
512 613 272 1553025718966 
512 620 249 1553025718986 
512 635 226 1553025719003 
512 653 205 1553025719019 
512 668 185 1553025719036 
512 678 173 1553025719052 
512 689 159 1553025719070 
512 703 147 1553025719083 
512 706 143 1553025719101 
512 707 148 1553025719167 
512 707 159 1553025719184 
512 702 174 1553025719202 
512 695 189 1553025719220 
512 681 217 1553025719236 
512 679 234 1553025719253 
512 679 240 1553025719268 
512 679 241 1553025719286 
512 680 241 1553025719302 
512 682 241 1553025719350 
512 684 241 1553025719368 
512 688 235 1553025719387 
512 692 230 1553025719400 
512 695 223 1553025719420 
512 698 217 1553025719436 
512 699 216 1553025719453 
512 699 215 1553025719502 
512 699 214 1553025719520 
512 699 213 1553025719536 
513 699 213 1553025719578 
514 699 213 1553025719650 
512 710 220 1553025719719 
512 722 228 1553025719737 
512 729 234 1553025719752 
512 733 241 1553025719771 
512 741 250 1553025719786 
512 746 266 1553025719804 
512 753 283 1553025719819 
512 760 306 1553025719836 
512 786 346 1553025719854 
512 821 373 1553025719870 
512 847 387 1553025719885 
512 868 399 1553025719903 
512 885 410 1553025719917 
512 894 416 1553025719936 
512 896 409 1553025720021 
512 900 395 1553025720036 
512 904 383 1553025720054 
512 904 377 1553025720068 
512 905 376 1553025720135 
512 907 375 1553025720153 
512 911 373 1553025720168 
512 913 373 1553025720186 
512 914 373 1553025720204 
512 916 373 1553025720218 
512 917 373 1553025720238 
512 920 373 1553025720253 
512 922 373 1553025720268 
512 927 374 1553025720286 
512 930 377 1553025720305 
512 934 378 1553025720318 
512 937 378 1553025720335 
512 938 379 1553025720351 
513 938 379 1553025720404 
514 938 379 1553025720459 
512 937 379 1553025720487 
512 931 382 1553025720503 
512 923 388 1553025720521 
512 914 392 1553025720536 
512 905 397 1553025720554 
512 896 403 1553025720570 
512 885 408 1553025720585 
512 858 421 1553025720605 
512 835 431 1553025720620 
512 817 439 1553025720635 
512 803 444 1553025720653 
512 792 448 1553025720671 
512 781 454 1553025720685 
512 771 460 1553025720704 
512 769 461 1553025720720 
512 771 459 1553025720771 
512 791 448 1553025720787 
512 816 432 1553025720805 
512 838 423 1553025720820 
512 848 414 1553025720835 
512 856 406 1553025720852 
512 860 395 1553025720870 
512 867 384 1553025720885 
512 878 375 1553025720904 
512 886 371 1553025720922 
512 888 370 1553025720935 
512 889 370 1553025720987 
512 890 370 1553025721004 
512 892 370 1553025721021 
512 895 372 1553025721037 
512 899 374 1553025721055 
512 902 376 1553025721069 
512 904 378 1553025721086 
512 906 378 1553025721119 
512 907 378 1553025721137 
512 910 378 1553025721154 
512 913 378 1553025721172 
512 916 378 1553025721187 
512 917 378 1553025721204 
512 919 378 1553025721220 
512 923 378 1553025721254 
512 925 378 1553025721272 
512 926 378 1553025721287 
512 930 378 1553025721305 
512 932 378 1553025721321 
512 933 378 1553025721336 
513 933 378 1553025721395 
514 933 378 1553025721459 
512 921 391 1553025721587 
512 900 408 1553025721605 
512 878 434 1553025721621 
512 853 459 1553025721639 
512 834 480 1553025721654 
512 818 497 1553025721672 
512 801 510 1553025721688 
512 778 522 1553025721702 
512 735 540 1553025721721 
512 652 589 1553025721739 
512 632 606 1553025721752 
512 609 626 1553025721772 
512 595 638 1553025721788 
512 594 641 1553025721805 
512 593 642 1553025721821 
512 591 642 1553025721922 
512 586 643 1553025721936 
512 577 648 1553025721952 
512 572 649 1553025721971 
512 570 649 1553025721989 
512 569 649 1553025722019 
512 566 649 1553025722036 
512 558 649 1553025722053 
512 552 649 1553025722071 
512 549 649 1553025722086 
513 549 649 1553025722190 
514 549 649 1553025722274 
512 551 649 1553025722336 
512 552 649 1553025722353 
512 554 648 1553025722371 
512 556 647 1553025722387 
512 559 643 1553025722405 
512 561 634 1553025722420 
512 564 620 1553025722436 
512 568 612 1553025722456 
512 568 615 1553025722603 
512 568 620 1553025722621 
512 566 625 1553025722639 
512 565 635 1553025722653 
512 561 644 1553025722670 
512 560 647 1553025722689 
513 560 647 1553025722828 
514 560 647 1553025722907 
512 560 640 1553025722937 
512 560 631 1553025722955 
512 558 601 1553025722973 
512 552 571 1553025722989 
512 545 521 1553025723003 
512 543 469 1553025723020 
512 543 409 1553025723040 
512 544 332 1553025723055 
512 558 261 1553025723071 
512 570 220 1553025723087 
512 575 198 1553025723105 
512 576 183 1553025723120 
512 579 170 1553025723137 
512 580 164 1553025723154 
512 580 163 1553025723173 
512 581 163 1553025723203 
512 601 188 1553025723222 
512 657 252 1553025723241 
512 734 334 1553025723255 
512 804 407 1553025723270 
512 847 467 1553025723289 
512 858 520 1553025723306 
512 855 563 1553025723323 
512 839 612 1553025723337 
512 837 649 1553025723357 
512 837 654 1553025723370 
512 836 654 1553025723521 
512 833 660 1553025723540 
512 833 661 1553025723554 
512 836 655 1553025723607 
512 841 648 1553025723622 
512 843 644 1553025723640 
512 844 643 1553025723654 
513 844 643 1553025723763 
514 844 643 1553025723866 
512 843 637 1553025723906 
512 839 633 1553025723924 
512 828 619 1553025723939 
512 767 565 1553025723957 
512 687 498 1553025723973 
512 621 453 1553025723988 
512 607 438 1553025724004 
512 598 422 1553025724024 
512 587 401 1553025724039 
512 575 383 1553025724057 
512 562 361 1553025724072 
512 555 349 1553025724087 
512 554 347 1553025724107 
512 554 346 1553025724156 
512 585 346 1553025724174 
512 694 363 1553025724190 
512 832 382 1553025724207 
512 921 395 1553025724223 
512 933 399 1553025724240 
512 935 399 1553025724256 
512 935 400 1553025724274 
512 935 399 1553025724324 
512 935 391 1553025724338 
512 935 387 1553025724355 
512 935 385 1553025724371 
512 935 381 1553025724390 
512 935 377 1553025724405 
512 935 374 1553025724421 
512 935 373 1553025724440 
513 935 373 1553025724541 
514 935 373 1553025724644 
512 934 373 1553025724658 
512 928 373 1553025724755 
512 912 373 1553025724772 
512 876 373 1553025724789 
512 838 373 1553025724807 
512 808 373 1553025724823 
512 790 373 1553025724839 
512 785 373 1553025724857 
512 775 371 1553025724874 
512 747 363 1553025724888 
512 669 353 1553025724907 
512 563 353 1553025724924 
512 534 357 1553025724940 
512 527 364 1553025724959 
512 526 369 1553025724974 
512 526 375 1553025724991 
512 526 377 1553025725005 
512 506 370 1553025725094 
512 497 369 1553025725112 
512 495 369 1553025725151 
512 495 368 1553025725155 
512 491 367 1553025725172 
512 487 367 1553025725191 
512 481 367 1553025725205 
512 476 367 1553025725227 
512 474 367 1553025725242 
512 473 370 1553025725355 
512 473 373 1553025725371 
513 473 373 1553025725371 
512 473 374 1553025725391 
514 473 374 1553025725475 
512 473 374 1553025725507 
512 476 374 1553025725574 
512 486 366 1553025725589 
512 503 355 1553025725607 
512 528 344 1553025725625 
512 576 331 1553025725639 
512 606 319 1553025725659 
512 619 311 1553025725672 
512 622 308 1553025725691 
512 623 307 1553025725708 
512 629 323 1553025725758 
512 637 361 1553025725772 
512 640 422 1553025725791 
512 640 496 1553025725808 
512 640 561 1553025725823 
512 632 613 1553025725842 
512 629 642 1553025725856 
512 627 653 1553025725874 
512 627 654 1553025725892 
512 626 655 1553025725908 
512 622 655 1553025725925 
512 614 655 1553025725941 
512 602 649 1553025725956 
512 586 644 1553025725974 
512 574 643 1553025725989 
512 570 643 1553025726008 
512 566 643 1553025726025 
512 564 645 1553025726109 
512 562 645 1553025726124 
512 561 645 1553025726142 
512 559 646 1553025726157 
513 559 646 1553025726203 
514 559 646 1553025726282 
512 559 645 1553025726306 
512 559 644 1553025726325 
512 564 637 1553025726342 
512 570 630 1553025726359 
512 576 619 1553025726373 
512 582 606 1553025726393 
512 587 586 1553025726407 
512 591 563 1553025726426 
512 593 535 1553025726442 
512 599 501 1553025726460 
512 609 461 1553025726473 
512 623 410 1553025726490 
512 661 317 1553025726508 
512 685 266 1553025726526 
512 694 237 1553025726542 
512 696 228 1553025726558 
512 696 227 1553025726575 
512 696 225 1553025726591 
512 696 224 1553025726610 
512 696 221 1553025726623 
512 697 215 1553025726643 
512 701 205 1553025726659 
512 701 196 1553025726673 
512 705 183 1553025726692 
512 705 186 1553025726810 
512 706 187 1553025726825 
512 706 192 1553025726840 
512 707 196 1553025726857 
512 709 201 1553025726875 
512 710 212 1553025726892 
512 710 214 1553025726907 
512 710 215 1553025726925 
513 710 215 1553025727077 
514 710 215 1553025727163 
512 709 215 1553025727392 
512 707 215 1553025727407 
512 705 213 1553025727425 
512 703 213 1553025727442 
512 702 213 1553025727459 
513 702 213 1553025727493 
512 701 213 1553025727525 
512 700 213 1553025727541 
512 699 213 1553025727558 
514 699 213 1553025727597 
