512 699 213 1553025727611 
512 699 216 1553025727627 
512 700 220 1553025727642 
512 703 225 1553025727661 
512 710 231 1553025727675 
512 730 246 1553025727692 
512 744 264 1553025727708 
512 766 291 1553025727725 
512 788 324 1553025727741 
512 816 370 1553025727758 
512 841 408 1553025727775 
512 852 426 1553025727792 
512 863 434 1553025727811 
512 864 435 1553025727825 
512 867 437 1553025727842 
512 868 437 1553025727861 
512 872 440 1553025727877 
512 876 444 1553025727892 
512 879 449 1553025727910 
512 880 464 1553025727927 
512 883 486 1553025727942 
512 883 514 1553025727959 
512 877 550 1553025727977 
512 874 579 1553025727994 
512 871 599 1553025728008 
512 871 616 1553025728030 
512 871 617 1553025728067 
512 870 618 1553025728159 
512 869 619 1553025728176 
512 866 621 1553025728194 
512 864 622 1553025728211 
512 855 623 1553025728244 
512 846 627 1553025728260 
512 840 631 1553025728274 
512 836 637 1553025728291 
512 833 645 1553025728313 
512 833 649 1553025728330 
512 833 651 1553025728341 
512 833 652 1553025728462 
512 836 652 1553025728479 
512 840 648 1553025728495 
512 842 646 1553025728508 
512 843 644 1553025728528 
513 843 644 1553025728603 
512 844 644 1553025728662 
514 844 644 1553025728706 
512 844 644 1553025728712 
512 844 643 1553025728728 
512 842 642 1553025728745 
512 839 638 1553025728762 
512 835 634 1553025728779 
512 820 623 1553025728792 
512 793 600 1553025728812 
512 737 551 1553025728825 
512 613 456 1553025728843 
512 556 418 1553025728861 
512 520 401 1553025728875 
512 504 395 1553025728892 
512 501 395 1553025728911 
512 487 395 1553025728977 
512 455 395 1553025728992 
512 418 393 1553025729009 
512 377 386 1553025729029 
512 332 373 1553025729045 
512 330 372 1553025729060 
512 330 368 1553025729094 
512 330 361 1553025729109 
512 330 352 1553025729125 
512 334 345 1553025729142 
512 350 337 1553025729160 
512 372 331 1553025729176 
512 396 331 1553025729192 
512 408 334 1553025729212 
512 410 335 1553025729228 
512 419 347 1553025729244 
512 427 360 1553025729259 
512 437 375 1553025729276 
512 442 384 1553025729294 
512 445 387 1553025729312 
512 446 388 1553025729327 
512 448 388 1553025729409 
512 450 388 1553025729427 
512 458 386 1553025729445 
512 463 385 1553025729461 
512 466 384 1553025729475 
512 467 382 1553025729494 
512 468 380 1553025729509 
512 468 377 1553025729529 
512 468 375 1553025729544 
512 470 373 1553025729559 
512 472 372 1553025729578 
512 472 371 1553025729635 
513 472 371 1553025729635 
514 472 371 1553025729747 
512 474 370 1553025729828 
512 481 368 1553025729844 
512 485 368 1553025729859 
512 489 369 1553025729894 
512 493 389 1553025729912 
512 501 425 1553025729928 
512 507 459 1553025729942 
512 517 476 1553025729961 
512 517 477 1553025729976 
512 528 458 1553025729995 
512 543 411 1553025730012 
512 558 349 1553025730029 
512 574 292 1553025730046 
512 583 254 1553025730061 
512 591 229 1553025730076 
512 600 212 1553025730095 
512 613 203 1553025730110 
512 617 200 1553025730128 
512 618 199 1553025730146 
512 620 199 1553025730195 
512 631 197 1553025730210 
512 645 197 1553025730226 
512 655 197 1553025730246 
512 660 202 1553025730262 
512 666 210 1553025730276 
512 672 219 1553025730295 
512 675 224 1553025730309 
512 677 224 1553025730328 
512 678 225 1553025730343 
512 680 225 1553025730379 
512 684 223 1553025730395 
512 687 220 1553025730410 
512 688 219 1553025730428 
512 688 217 1553025730493 
512 688 214 1553025730511 
512 688 210 1553025730526 
512 688 209 1553025730546 
512 690 209 1553025730676 
512 691 209 1553025730709 
513 691 209 1553025730739 
514 691 209 1553025730842 
512 691 214 1553025730928 
512 691 221 1553025730943 
512 691 223 1553025730960 
512 695 225 1553025730979 
512 698 225 1553025730995 
512 699 225 1553025731079 
512 700 223 1553025731143 
512 700 222 1553025731163 
512 700 218 1553025731177 
512 701 213 1553025731196 
512 701 212 1553025731210 
512 701 209 1553025731227 
513 701 209 1553025731284 
514 701 209 1553025731387 
512 704 208 1553025731427 
512 706 208 1553025731444 
512 708 208 1553025731463 
512 713 216 1553025731477 
512 720 227 1553025731495 
512 721 236 1553025731510 
512 724 253 1553025731529 
512 728 273 1553025731544 
512 731 303 1553025731563 
512 733 336 1553025731577 
512 743 378 1553025731596 
512 749 394 1553025731612 
512 757 404 1553025731629 
512 764 406 1553025731646 
512 784 406 1553025731662 
512 819 404 1553025731679 
512 858 394 1553025731696 
512 872 384 1553025731710 
512 876 376 1553025731727 
512 878 367 1553025731745 
512 878 365 1553025731763 
512 878 364 1553025731777 
512 880 362 1553025731795 
512 882 362 1553025731844 
512 889 368 1553025731863 
512 899 372 1553025731879 
512 906 374 1553025731897 
512 907 374 1553025731912 
512 908 374 1553025731977 
512 911 374 1553025732013 
512 913 374 1553025732030 
512 916 374 1553025732044 
512 919 373 1553025732060 
512 921 372 1553025732079 
512 923 372 1553025732111 
512 924 372 1553025732131 
512 927 372 1553025732146 
512 928 372 1553025732179 
513 928 372 1553025732219 
514 928 372 1553025732298 
512 928 373 1553025732363 
512 895 395 1553025732380 
512 848 422 1553025732394 
512 775 455 1553025732413 
512 700 482 1553025732428 
512 643 500 1553025732444 
512 611 510 1553025732463 
512 603 515 1553025732478 
512 602 516 1553025732495 
512 598 518 1553025732531 
512 584 525 1553025732546 
512 562 538 1553025732564 
512 529 569 1553025732578 
512 504 634 1553025732596 
512 497 666 1553025732611 
512 501 686 1553025732631 
512 516 704 1553025732646 
512 535 710 1553025732661 
512 545 711 1553025732678 
512 547 711 1553025732695 
512 549 705 1553025732712 
512 549 696 1553025732729 
512 550 685 1553025732746 
512 555 669 1553025732764 
512 558 663 1553025732778 
512 563 655 1553025732797 
512 564 654 1553025732811 
512 564 652 1553025732845 
512 564 651 1553025732878 
513 564 651 1553025732955 
514 564 651 1553025733035 
512 564 650 1553025733061 
512 563 655 1553025733163 
512 571 667 1553025733178 
512 588 678 1553025733195 
512 605 684 1553025733212 
512 623 688 1553025733231 
512 636 689 1553025733247 
512 651 689 1553025733262 
512 684 687 1553025733278 
512 752 675 1553025733295 
512 819 660 1553025733312 
512 858 649 1553025733329 
512 867 645 1553025733346 
512 854 645 1553025733563 
512 833 645 1553025733579 
512 825 645 1553025733595 
512 829 645 1553025733762 
512 838 645 1553025733781 
512 844 645 1553025733798 
512 847 645 1553025733812 
513 847 645 1553025733939 
514 847 645 1553025734003 
512 840 642 1553025734179 
512 826 631 1553025734198 
512 797 607 1553025734215 
512 732 554 1553025734230 
512 682 505 1553025734248 
512 664 472 1553025734262 
512 664 446 1553025734280 
512 693 403 1553025734298 
512 731 369 1553025734314 
512 754 352 1553025734329 
512 778 341 1553025734346 
512 798 337 1553025734365 
512 803 337 1553025734379 
512 806 337 1553025734398 
512 808 337 1553025734416 
512 815 340 1553025734429 
512 829 352 1553025734446 
512 848 367 1553025734465 
512 863 377 1553025734483 
512 872 382 1553025734498 
512 873 382 1553025734531 
512 874 382 1553025734549 
512 878 384 1553025734565 
512 883 386 1553025734582 
512 887 387 1553025734598 
512 890 387 1553025734615 
512 891 387 1553025734631 
512 894 385 1553025734665 
512 896 381 1553025734680 
512 900 375 1553025734698 
512 903 372 1553025734713 
512 904 371 1553025734730 
512 907 371 1553025734748 
512 909 371 1553025734765 
512 914 371 1553025734782 
512 916 371 1553025734798 
512 917 371 1553025734815 
512 918 371 1553025734830 
512 920 371 1553025734846 
512 923 371 1553025734865 
512 924 371 1553025734880 
513 924 371 1553025734947 
512 925 371 1553025734965 
514 925 371 1553025735042 
512 925 371 1553025735049 
512 924 371 1553025735115 
512 919 372 1553025735130 
512 904 372 1553025735150 
512 893 369 1553025735163 
512 885 362 1553025735180 
512 874 359 1553025735197 
512 868 359 1553025735213 
512 858 359 1553025735230 
512 831 370 1553025735249 
512 751 388 1553025735265 
512 646 395 1553025735280 
512 557 395 1553025735299 
512 505 391 1553025735316 
512 501 389 1553025735330 
512 500 389 1553025735347 
512 495 390 1553025735383 
512 478 396 1553025735397 
512 454 396 1553025735416 
512 438 396 1553025735430 
512 434 396 1553025735449 
512 433 396 1553025735464 
512 432 394 1553025735482 
512 432 391 1553025735499 
512 432 387 1553025735514 
512 431 383 1553025735532 
512 431 381 1553025735564 
512 431 380 1553025735582 
512 435 380 1553025735599 
512 439 380 1553025735615 
512 446 380 1553025735632 
512 454 380 1553025735647 
512 459 379 1553025735664 
512 463 379 1553025735684 
512 465 379 1553025735699 
512 466 379 1553025735714 
512 468 379 1553025735732 
512 469 379 1553025735781 
513 469 379 1553025735820 
514 469 379 1553025735906 
512 470 379 1553025735964 
512 472 377 1553025735981 
512 477 369 1553025736000 
512 482 352 1553025736014 
512 490 334 1553025736033 
512 499 316 1553025736047 
512 506 300 1553025736067 
512 512 290 1553025736082 
512 515 285 1553025736098 
512 515 284 1553025736114 
512 519 292 1553025736182 
512 538 348 1553025736199 
512 556 429 1553025736214 
512 565 496 1553025736233 
512 565 543 1553025736249 
512 565 566 1553025736266 
512 565 576 1553025736283 
512 569 589 1553025736301 
512 569 595 1553025736316 
512 570 600 1553025736332 
512 571 601 1553025736348 
512 571 602 1553025736367 
512 570 603 1553025736382 
512 569 603 1553025736415 
512 568 603 1553025736450 
512 567 604 1553025736467 
512 564 606 1553025736481 
512 561 614 1553025736501 
512 560 621 1553025736515 
512 560 628 1553025736533 
512 560 633 1553025736548 
512 560 637 1553025736567 
512 560 639 1553025736582 
512 560 640 1553025736601 
512 560 641 1553025736617 
512 560 642 1553025736681 
513 560 642 1553025736746 
514 560 642 1553025736811 
512 561 642 1553025736865 
512 562 636 1553025736882 
512 563 622 1553025736902 
512 565 607 1553025736917 
512 567 591 1553025736931 
512 569 574 1553025736948 
512 572 563 1553025736968 
512 575 557 1553025736981 
512 576 551 1553025737002 
512 577 542 1553025737018 
512 579 523 1553025737035 
512 581 490 1553025737048 
512 583 445 1553025737069 
512 594 387 1553025737084 
512 597 370 1553025737098 
512 615 316 1553025737115 
512 635 279 1553025737133 
512 653 250 1553025737149 
512 664 236 1553025737168 
512 668 231 1553025737183 
512 668 229 1553025737198 
512 669 227 1553025737217 
512 669 226 1553025737267 
512 670 224 1553025737283 
512 671 222 1553025737301 
512 671 221 1553025737315 
512 675 216 1553025737335 
512 679 209 1553025737349 
512 689 200 1553025737367 
512 689 199 1553025737382 
512 690 199 1553025737565 
512 691 200 1553025737582 
512 693 201 1553025737602 
512 693 202 1553025737615 
512 694 202 1553025737634 
512 696 205 1553025737669 
512 697 205 1553025737682 
512 698 207 1553025737701 
512 699 208 1553025737717 
512 699 209 1553025737732 
513 699 209 1553025737804 
514 699 209 1553025737874 
