512 706 214 1553025809860 
512 705 241 1553025809877 
512 717 263 1553025809893 
512 736 277 1553025809911 
512 757 283 1553025809925 
512 770 284 1553025809943 
512 772 284 1553025809961 
512 774 289 1553025809992 
512 784 309 1553025810009 
512 800 353 1553025810027 
512 819 420 1553025810044 
512 833 487 1553025810060 
512 849 597 1553025810077 
512 858 650 1553025810092 
512 865 676 1553025810111 
512 867 682 1553025810127 
512 867 687 1553025810144 
512 867 691 1553025810161 
512 867 695 1553025810175 
512 867 699 1553025810192 
512 867 701 1553025810209 
512 867 695 1553025810294 
512 863 683 1553025810309 
512 861 677 1553025810326 
512 860 672 1553025810344 
512 859 672 1553025810359 
512 859 670 1553025810392 
512 859 669 1553025810409 
512 859 668 1553025810426 
512 858 666 1553025810444 
512 857 664 1553025810461 
512 855 659 1553025810476 
512 854 658 1553025810542 
512 851 654 1553025810561 
512 848 649 1553025810576 
512 847 646 1553025810594 
512 846 645 1553025810611 
512 845 644 1553025810728 
513 845 644 1553025810766 
514 845 644 1553025810812 
512 844 637 1553025810962 
512 844 624 1553025810979 
512 844 609 1553025810993 
512 847 598 1553025811011 
512 849 587 1553025811029 
512 845 575 1553025811045 
512 768 550 1553025811061 
512 597 517 1553025811076 
512 373 485 1553025811093 
512 171 456 1553025811109 
512 100 438 1553025811128 
512 106 431 1553025811144 
512 188 409 1553025811161 
512 320 394 1553025811176 
512 403 389 1553025811195 
512 413 389 1553025811210 
512 414 389 1553025811295 
512 421 386 1553025811310 
512 427 384 1553025811328 
512 429 384 1553025811343 
512 430 384 1553025811361 
512 431 384 1553025811393 
512 434 383 1553025811410 
512 439 381 1553025811427 
512 447 380 1553025811446 
512 451 380 1553025811462 
512 454 379 1553025811477 
512 455 379 1553025811493 
512 456 378 1553025811528 
512 458 377 1553025811561 
512 460 377 1553025811577 
512 462 376 1553025811593 
512 463 375 1553025811611 
512 464 374 1553025811678 
513 464 374 1553025811682 
514 464 374 1553025811781 
512 467 373 1553025811877 
512 476 371 1553025811895 
512 490 365 1553025811912 
512 510 359 1553025811927 
512 534 352 1553025811944 
512 553 346 1553025811962 
512 558 343 1553025811979 
512 567 331 1553025812029 
512 583 318 1553025812046 
512 608 296 1553025812060 
512 634 268 1553025812077 
512 649 247 1553025812095 
512 656 230 1553025812112 
512 658 219 1553025812127 
512 658 217 1553025812145 
512 660 218 1553025812244 
512 660 221 1553025812296 
512 661 225 1553025812312 
512 664 227 1553025812329 
512 666 228 1553025812344 
512 667 228 1553025812379 
512 672 228 1553025812412 
512 678 223 1553025812429 
512 682 220 1553025812445 
512 683 219 1553025812461 
512 685 218 1553025812480 
512 686 217 1553025812494 
512 687 216 1553025812511 
512 688 216 1553025812561 
512 690 216 1553025812577 
512 691 215 1553025812597 
512 692 215 1553025812611 
513 692 215 1553025812692 
512 693 215 1553025812730 
514 693 215 1553025812765 
512 693 215 1553025812796 
512 694 215 1553025812979 
512 704 226 1553025813061 
512 728 250 1553025813079 
512 780 299 1553025813097 
512 857 354 1553025813113 
512 920 388 1553025813131 
512 932 391 1553025813145 
512 932 386 1553025813231 
512 932 383 1553025813246 
512 932 382 1553025813263 
512 933 379 1553025813279 
512 934 378 1553025813347 
512 935 377 1553025813381 
512 935 376 1553025813397 
512 933 376 1553025813479 
512 930 376 1553025813498 
513 930 376 1553025813508 
514 930 376 1553025813600 
512 929 380 1553025813680 
512 925 386 1553025813697 
512 917 400 1553025813715 
512 901 416 1553025813731 
512 878 433 1553025813745 
512 835 453 1553025813765 
512 780 477 1553025813780 
512 707 507 1553025813797 
512 675 514 1553025813813 
512 649 519 1553025813830 
512 639 521 1553025813845 
512 637 522 1553025813862 
512 636 526 1553025813880 
512 632 536 1553025813895 
512 624 553 1553025813912 
512 613 578 1553025813931 
512 607 603 1553025813948 
512 605 613 1553025813962 
512 604 616 1553025813980 
512 604 619 1553025813997 
512 604 625 1553025814013 
512 603 631 1553025814031 
512 600 637 1553025814046 
512 597 647 1553025814062 
512 590 655 1553025814079 
512 582 661 1553025814097 
512 575 663 1553025814114 
512 571 665 1553025814132 
512 570 666 1553025814146 
512 568 666 1553025814162 
512 566 668 1553025814180 
512 562 668 1553025814198 
512 558 668 1553025814214 
512 556 662 1553025814229 
512 556 658 1553025814248 
512 557 653 1553025814264 
512 559 650 1553025814282 
512 561 648 1553025814298 
512 564 647 1553025814313 
512 565 645 1553025814330 
512 565 644 1553025814347 
513 565 644 1553025814428 
514 565 644 1553025814507 
512 566 644 1553025814598 
512 575 644 1553025814613 
512 598 644 1553025814629 
512 632 641 1553025814646 
512 664 632 1553025814663 
512 684 620 1553025814680 
512 698 599 1553025814697 
512 704 577 1553025814714 
512 708 563 1553025814729 
512 709 559 1553025814746 
512 710 558 1553025814764 
512 711 558 1553025814780 
512 729 558 1553025814797 
512 752 567 1553025814812 
512 777 584 1553025814830 
512 793 600 1553025814848 
512 807 617 1553025814863 
512 816 629 1553025814880 
512 821 635 1553025814897 
512 825 639 1553025814916 
512 827 639 1553025814934 
512 830 640 1553025814948 
512 832 640 1553025814998 
512 833 639 1553025815013 
512 833 638 1553025815032 
512 834 637 1553025815047 
512 835 636 1553025815065 
513 835 636 1553025815151 
514 835 636 1553025815244 
512 826 631 1553025815348 
512 792 601 1553025815365 
512 762 577 1553025815380 
512 730 557 1553025815399 
512 707 543 1553025815413 
512 683 534 1553025815431 
512 669 533 1553025815449 
512 658 533 1553025815465 
512 650 533 1553025815482 
512 645 533 1553025815497 
512 645 529 1553025815533 
512 656 513 1553025815547 
512 681 485 1553025815564 
512 772 432 1553025815582 
512 847 399 1553025815597 
512 905 381 1553025815615 
512 922 376 1553025815632 
512 923 376 1553025815731 
512 925 376 1553025815747 
512 928 376 1553025815764 
512 933 376 1553025815782 
512 939 373 1553025815798 
512 944 371 1553025815813 
512 945 370 1553025815832 
512 946 369 1553025815847 
512 945 369 1553025815982 
512 944 369 1553025815997 
512 942 369 1553025816014 
512 941 370 1553025816032 
512 939 370 1553025816099 
512 938 371 1553025816117 
512 934 374 1553025816133 
512 933 374 1553025816148 
512 932 374 1553025816165 
513 932 374 1553025816244 
514 932 374 1553025816349 
512 931 374 1553025816432 
512 911 374 1553025816448 
512 862 374 1553025816464 
512 783 374 1553025816482 
512 702 374 1553025816500 
512 623 374 1553025816517 
512 565 377 1553025816534 
512 535 381 1553025816548 
512 516 386 1553025816565 
512 509 390 1553025816582 
512 502 392 1553025816600 
512 498 394 1553025816616 
512 493 395 1553025816631 
512 492 396 1553025816647 
512 491 395 1553025816749 
512 491 392 1553025816765 
512 491 387 1553025816782 
512 491 383 1553025816799 
512 491 380 1553025816815 
512 489 376 1553025816832 
512 486 371 1553025816848 
512 486 370 1553025816867 
512 485 369 1553025816898 
512 484 369 1553025816934 
512 482 369 1553025816949 
512 481 369 1553025816966 
513 481 369 1553025817028 
512 479 369 1553025817066 
512 478 369 1553025817083 
512 475 370 1553025817100 
512 474 371 1553025817115 
514 474 371 1553025817219 
512 474 371 1553025817234 
513 474 371 1553025817412 
514 474 371 1553025817518 
512 477 369 1553025817634 
512 488 356 1553025817648 
512 502 343 1553025817665 
512 518 329 1553025817685 
512 541 317 1553025817698 
512 571 307 1553025817718 
512 586 302 1553025817734 
512 594 300 1553025817751 
512 600 304 1553025817800 
512 621 350 1553025817818 
512 636 440 1553025817834 
512 637 547 1553025817848 
512 605 658 1553025817869 
512 574 753 1553025817882 
512 555 816 1553025817900 
512 550 847 1553025817918 
512 547 842 1553025817982 
512 535 814 1553025818001 
512 528 788 1553025818017 
512 524 765 1553025818033 
512 519 749 1553025818051 
512 518 740 1553025818066 
512 518 739 1553025818082 
512 516 735 1553025818101 
512 516 728 1553025818117 
512 520 719 1553025818133 
512 527 709 1553025818149 
512 529 702 1553025818168 
512 532 699 1553025818182 
512 533 698 1553025818199 
512 535 694 1553025818217 
512 539 688 1553025818232 
512 546 678 1553025818249 
512 552 666 1553025818267 
512 558 652 1553025818285 
512 561 643 1553025818301 
512 564 634 1553025818317 
512 561 636 1553025818517 
512 560 637 1553025818533 
513 560 637 1553025818740 
514 560 637 1553025818812 
512 560 639 1553025818868 
512 561 642 1553025818883 
512 577 657 1553025818902 
512 582 669 1553025818918 
512 582 690 1553025818934 
512 552 721 1553025818951 
512 516 735 1553025818968 
512 524 736 1553025819101 
512 528 727 1553025819117 
512 526 727 1553025819133 
512 520 724 1553025819151 
512 519 708 1553025819166 
512 519 699 1553025819184 
512 525 698 1553025819200 
512 530 696 1553025819217 
512 534 695 1553025819235 
512 535 694 1553025819286 
512 540 686 1553025819311 
512 546 682 1553025819318 
512 562 674 1553025819334 
512 587 655 1553025819368 
512 599 640 1553025819385 
512 607 610 1553025819402 
512 615 556 1553025819418 
512 617 479 1553025819433 
512 617 435 1553025819452 
512 622 402 1553025819468 
512 625 360 1553025819485 
512 631 330 1553025819501 
512 639 305 1553025819517 
512 644 287 1553025819534 
512 650 278 1553025819551 
512 655 270 1553025819567 
512 663 263 1553025819583 
512 671 258 1553025819601 
512 680 258 1553025819617 
512 686 258 1553025819634 
512 696 260 1553025819652 
512 701 263 1553025819668 
512 704 263 1553025819735 
512 706 257 1553025819752 
512 709 252 1553025819768 
512 709 250 1553025819787 
512 709 249 1553025819802 
512 709 244 1553025819817 
512 709 239 1553025819837 
512 709 235 1553025819852 
512 711 225 1553025819868 
512 713 214 1553025819886 
512 713 213 1553025819901 
512 713 214 1553025820101 
512 711 215 1553025820117 
512 708 215 1553025820134 
512 707 215 1553025820234 
512 706 214 1553025820302 
512 705 214 1553025820317 
513 705 214 1553025820341 
512 704 214 1553025820352 
512 702 214 1553025820420 
514 702 214 1553025820421 
