512 712 247 1553089845541 
512 717 261 1553089845553 
512 725 292 1553089845570 
512 735 317 1553089845587 
512 741 339 1553089845604 
512 753 376 1553089845620 
512 770 438 1553089845637 
512 787 500 1553089845654 
512 789 528 1553089845670 
512 792 546 1553089845687 
512 793 549 1553089845704 
512 793 550 1553089845721 
512 795 551 1553089845771 
512 799 554 1553089845789 
512 800 556 1553089845803 
512 803 558 1553089845820 
512 806 562 1553089845837 
512 812 568 1553089845853 
512 815 573 1553089845870 
512 818 578 1553089845887 
512 820 582 1553089845904 
512 821 590 1553089845920 
512 826 608 1553089845938 
512 828 613 1553089845954 
512 829 615 1553089845971 
512 829 619 1553089846037 
512 830 619 1553089846091 
512 832 621 1553089846104 
512 835 626 1553089846124 
512 837 633 1553089846137 
512 841 640 1553089846154 
512 843 642 1553089846171 
513 843 642 1553089846309 
514 843 642 1553089846385 
512 837 640 1553089846487 
512 831 626 1553089846507 
512 829 621 1553089846524 
512 816 605 1553089846538 
512 797 584 1553089846554 
512 749 557 1553089846571 
512 705 534 1553089846587 
512 655 510 1553089846604 
512 593 481 1553089846621 
512 551 460 1553089846638 
512 528 448 1553089846654 
512 522 443 1553089846671 
512 520 442 1553089846692 
512 520 437 1553089846709 
512 520 435 1553089846721 
512 520 430 1553089846738 
512 519 423 1553089846755 
512 517 414 1553089846771 
512 513 409 1553089846788 
512 505 400 1553089846805 
512 500 396 1553089846821 
512 495 391 1553089846838 
512 490 387 1553089846855 
512 485 385 1553089846872 
512 482 383 1553089846888 
512 480 382 1553089846905 
512 477 381 1553089846922 
512 472 381 1553089846938 
512 469 381 1553089846957 
512 466 380 1553089846973 
513 466 380 1553089847066 
514 466 380 1553089847153 
512 478 380 1553089847239 
512 500 380 1553089847255 
512 537 380 1553089847274 
512 575 380 1553089847288 
512 607 380 1553089847306 
512 619 380 1553089847325 
512 632 380 1553089847338 
512 652 382 1553089847356 
512 673 385 1553089847375 
512 694 387 1553089847392 
512 710 385 1553089847405 
512 717 377 1553089847427 
512 719 359 1553089847438 
512 719 336 1553089847455 
512 712 313 1553089847474 
512 706 294 1553089847489 
512 697 277 1553089847505 
512 684 261 1553089847522 
512 683 260 1553089847539 
512 683 259 1553089847573 
512 683 258 1553089847589 
512 683 255 1553089847606 
512 683 252 1553089847622 
512 684 248 1553089847639 
512 688 238 1553089847655 
512 695 226 1553089847672 
512 709 210 1553089847688 
512 714 203 1553089847705 
512 716 199 1553089847722 
512 715 199 1553089847893 
512 712 200 1553089847906 
512 710 203 1553089847922 
512 707 205 1553089847939 
512 707 206 1553089847992 
512 706 206 1553089848009 
512 704 206 1553089848039 
512 702 207 1553089848055 
512 700 208 1553089848075 
512 699 209 1553089848106 
513 699 209 1553089848147 
512 698 209 1553089848244 
514 698 209 1553089848245 
512 698 209 1553089848259 
512 698 210 1553089848273 
512 701 216 1553089848291 
512 707 223 1553089848306 
512 725 240 1553089848323 
512 745 263 1553089848340 
512 778 285 1553089848355 
512 819 310 1553089848372 
512 855 334 1553089848390 
512 883 361 1553089848406 
512 902 395 1553089848422 
512 917 439 1553089848439 
512 924 486 1553089848456 
512 924 515 1553089848476 
512 925 513 1553089848523 
512 928 494 1553089848539 
512 929 474 1553089848556 
512 929 452 1553089848573 
512 930 429 1553089848593 
512 930 416 1553089848606 
512 930 407 1553089848627 
512 930 403 1553089848644 
512 930 402 1553089848660 
512 930 401 1553089848674 
512 930 399 1553089848741 
512 930 398 1553089848760 
512 930 394 1553089848773 
512 930 391 1553089848789 
512 929 387 1553089848806 
512 929 384 1553089848824 
512 928 381 1553089848839 
512 927 380 1553089848856 
512 927 379 1553089848873 
512 927 377 1553089848891 
513 927 377 1553089848947 
514 927 377 1553089849044 
512 922 379 1553089849190 
512 915 384 1553089849206 
512 902 392 1553089849223 
512 882 403 1553089849244 
512 809 424 1553089849260 
512 764 433 1553089849273 
512 603 471 1553089849290 
512 562 504 1553089849307 
512 558 531 1553089849326 
512 558 551 1553089849340 
512 568 567 1553089849360 
512 572 574 1553089849374 
512 574 578 1553089849390 
512 574 579 1553089849407 
512 575 579 1553089849490 
512 577 579 1553089849507 
512 579 579 1553089849527 
512 582 582 1553089849544 
512 582 592 1553089849557 
512 580 610 1553089849573 
512 569 632 1553089849590 
512 558 649 1553089849607 
512 554 659 1553089849627 
512 554 663 1553089849640 
512 554 658 1553089849741 
512 554 654 1553089849757 
512 556 650 1553089849774 
512 556 647 1553089849791 
512 557 643 1553089849808 
512 557 639 1553089849824 
512 557 637 1553089849841 
513 557 637 1553089849932 
514 557 637 1553089850014 
512 557 633 1553089850091 
512 557 627 1553089850108 
512 561 612 1553089850124 
512 565 583 1553089850141 
512 569 545 1553089850158 
512 579 521 1553089850174 
512 588 499 1553089850191 
512 591 482 1553089850208 
512 595 464 1553089850225 
512 610 444 1553089850241 
512 647 421 1553089850257 
512 764 400 1553089850274 
512 832 400 1553089850291 
512 873 418 1553089850307 
512 897 447 1553089850327 
512 913 504 1553089850341 
512 916 576 1553089850357 
512 900 648 1553089850374 
512 883 711 1553089850391 
512 871 756 1553089850408 
512 868 779 1553089850424 
512 868 785 1553089850441 
512 864 786 1553089850491 
512 854 781 1553089850510 
512 838 770 1553089850526 
512 822 754 1553089850541 
512 816 746 1553089850558 
512 810 737 1553089850575 
512 808 731 1553089850592 
512 808 723 1553089850608 
512 811 710 1553089850624 
512 820 694 1553089850642 
512 826 682 1553089850659 
512 830 673 1553089850674 
512 833 667 1553089850694 
512 833 664 1553089850791 
512 833 658 1553089850808 
512 833 650 1553089850827 
512 833 637 1553089850842 
512 833 634 1553089850858 
512 832 633 1553089850875 
513 832 633 1553089850963 
514 832 633 1553089851050 
512 834 633 1553089851158 
512 837 635 1553089851176 
512 838 636 1553089851192 
512 838 637 1553089851210 
512 841 639 1553089851292 
512 842 640 1553089851309 
512 843 641 1553089851325 
513 843 641 1553089851380 
512 843 642 1553089851391 
514 843 642 1553089851457 
512 843 642 1553089851475 
512 843 635 1553089851609 
512 849 623 1553089851626 
512 858 610 1553089851642 
512 872 590 1553089851659 
512 893 568 1553089851676 
512 933 540 1553089851692 
512 983 512 1553089851709 
512 1035 486 1553089851725 
512 1072 449 1553089851742 
512 1085 422 1553089851759 
512 1089 411 1553089851775 
512 1090 402 1553089851793 
512 1085 389 1553089851811 
512 1065 378 1553089851825 
512 1027 361 1553089851842 
512 1006 358 1553089851859 
512 996 358 1553089851875 
512 995 358 1553089851892 
512 993 359 1553089851926 
512 981 368 1553089851942 
512 962 380 1553089851959 
512 943 391 1553089851979 
512 929 395 1553089851993 
512 924 395 1553089852009 
512 923 395 1553089852043 
512 922 395 1553089852076 
512 921 394 1553089852092 
512 916 390 1553089852113 
512 915 390 1553089852125 
512 914 389 1553089852143 
512 913 387 1553089852160 
512 913 385 1553089852192 
512 916 383 1553089852209 
512 919 380 1553089852226 
512 925 377 1553089852242 
512 926 377 1553089852292 
512 928 376 1553089852359 
512 929 376 1553089852395 
513 929 376 1553089852413 
514 929 376 1553089852490 
512 907 371 1553089852643 
512 858 365 1553089852660 
512 812 359 1553089852676 
512 785 357 1553089852693 
512 744 357 1553089852710 
512 676 364 1553089852726 
512 609 382 1553089852743 
512 569 386 1553089852760 
512 557 386 1553089852777 
512 555 386 1553089852893 
512 548 386 1553089852909 
512 539 385 1553089852926 
512 533 382 1553089852943 
512 527 382 1553089852964 
512 521 382 1553089852976 
512 506 383 1553089852994 
512 474 390 1553089853013 
512 455 395 1553089853026 
512 448 396 1553089853046 
512 449 393 1553089853180 
512 456 389 1553089853194 
512 461 382 1553089853210 
512 464 379 1553089853228 
512 464 378 1553089853243 
512 466 377 1553089853260 
512 466 376 1553089853293 
513 466 376 1553089853365 
512 467 375 1553089853380 
514 467 375 1553089853451 
512 467 375 1553089853461 
512 469 376 1553089853577 
512 478 386 1553089853594 
512 508 428 1553089853610 
512 535 469 1553089853627 
512 565 508 1553089853643 
512 598 536 1553089853660 
512 613 558 1553089853678 
512 635 577 1553089853694 
512 639 588 1553089853710 
512 640 599 1553089853727 
512 640 610 1553089853744 
512 638 616 1553089853760 
512 632 619 1553089853777 
512 626 620 1553089853794 
512 622 620 1553089853811 
512 618 620 1553089853827 
512 617 620 1553089853844 
512 614 620 1553089853861 
512 609 620 1553089853877 
512 608 620 1553089853894 
512 605 620 1553089853911 
512 601 620 1553089853928 
512 593 627 1553089853944 
512 588 639 1553089853961 
512 586 645 1553089853978 
512 585 646 1553089854027 
512 584 646 1553089854047 
512 579 646 1553089854061 
512 566 646 1553089854077 
512 548 645 1553089854094 
512 532 639 1553089854113 
512 531 639 1553089854195 
512 531 638 1553089854261 
512 533 638 1553089854295 
512 535 637 1553089854311 
512 538 637 1553089854328 
512 540 637 1553089854345 
512 541 637 1553089854360 
512 543 637 1553089854377 
512 547 637 1553089854394 
512 550 639 1553089854411 
512 555 641 1553089854428 
512 557 641 1553089854448 
512 558 642 1553089854464 
512 559 643 1553089854478 
513 559 643 1553089854563 
514 559 643 1553089854634 
512 561 644 1553089854728 
512 590 649 1553089854748 
512 625 655 1553089854762 
512 642 656 1553089854779 
512 646 656 1553089854795 
512 647 656 1553089854812 
512 650 658 1553089854828 
512 658 659 1553089854846 
512 673 662 1553089854861 
512 698 662 1553089854878 
512 717 649 1553089854899 
512 722 625 1553089854914 
512 713 582 1553089854928 
512 657 484 1553089854947 
512 622 423 1553089854962 
512 602 365 1553089854981 
512 602 344 1553089854995 
512 622 309 1553089855015 
512 644 284 1553089855028 
512 663 269 1553089855048 
512 677 259 1553089855062 
512 686 253 1553089855082 
512 691 248 1553089855097 
512 699 240 1553089855112 
512 709 226 1553089855128 
512 722 215 1553089855146 
512 730 206 1553089855161 
512 741 194 1553089855179 
512 746 183 1553089855195 
512 754 175 1553089855211 
512 755 170 1553089855228 
512 754 170 1553089855295 
512 744 172 1553089855315 
512 732 182 1553089855329 
512 712 190 1553089855345 
512 698 194 1553089855362 
512 698 195 1553089855412 
512 698 198 1553089855429 
512 697 203 1553089855446 
512 693 209 1553089855463 
512 693 212 1553089855478 
513 693 212 1553089855636 
514 693 212 1553089855717 
