512 709 232 1553089866821 
512 711 261 1553089866839 
512 712 301 1553089866857 
512 715 359 1553089866871 
512 731 424 1553089866888 
512 765 480 1553089866905 
512 795 513 1553089866921 
512 831 540 1553089866938 
512 837 545 1553089866955 
512 842 551 1553089866972 
512 843 560 1553089866988 
512 845 572 1553089867005 
512 849 590 1553089867022 
512 850 611 1553089867039 
512 850 632 1553089867055 
512 853 648 1553089867072 
512 853 649 1553089867088 
512 852 649 1553089867255 
512 851 649 1553089867272 
512 850 649 1553089867305 
512 848 649 1553089867322 
512 847 649 1553089867341 
513 847 649 1553089867418 
512 845 649 1553089867438 
514 845 649 1553089867530 
512 845 649 1553089867555 
512 843 644 1553089867640 
512 837 631 1553089867655 
512 826 607 1553089867672 
512 798 571 1553089867689 
512 737 514 1553089867707 
512 707 494 1553089867723 
512 685 485 1553089867739 
512 667 478 1553089867758 
512 651 468 1553089867775 
512 633 457 1553089867790 
512 601 435 1553089867805 
512 575 417 1553089867822 
512 555 406 1553089867840 
512 547 399 1553089867855 
512 545 397 1553089867872 
512 544 396 1553089867888 
512 542 396 1553089867939 
512 530 394 1553089867955 
512 507 393 1553089867975 
512 482 390 1553089867991 
512 458 384 1553089868007 
512 454 383 1553089868025 
512 452 383 1553089868042 
512 450 381 1553089868072 
512 449 380 1553089868089 
512 447 378 1553089868105 
512 446 375 1553089868123 
512 445 374 1553089868139 
512 445 373 1553089868223 
512 454 373 1553089868239 
512 471 373 1553089868256 
512 473 373 1553089868275 
512 476 373 1553089868290 
512 477 373 1553089868306 
513 477 373 1553089868411 
514 477 373 1553089868498 
512 478 374 1553089868556 
512 479 375 1553089868574 
512 488 381 1553089868591 
512 503 395 1553089868609 
512 516 404 1553089868625 
512 528 411 1553089868643 
512 533 414 1553089868656 
512 537 418 1553089868672 
512 553 434 1553089868689 
512 583 475 1553089868706 
512 617 511 1553089868723 
512 656 555 1553089868741 
512 678 577 1553089868758 
512 687 586 1553089868776 
512 686 576 1553089868823 
512 683 551 1553089868839 
512 679 516 1553089868860 
512 683 469 1553089868873 
512 695 418 1553089868890 
512 726 349 1553089868909 
512 735 320 1553089868924 
512 737 296 1553089868940 
512 736 280 1553089868956 
512 729 264 1553089868976 
512 721 250 1553089868990 
512 715 242 1553089869010 
512 715 239 1553089869026 
512 715 238 1553089869043 
512 713 235 1553089869157 
512 713 234 1553089869176 
512 711 229 1553089869190 
512 711 227 1553089869206 
512 710 222 1553089869226 
512 709 220 1553089869256 
512 709 219 1553089869273 
512 708 214 1553089869323 
512 708 212 1553089869343 
512 708 209 1553089869359 
512 708 208 1553089869376 
513 708 208 1553089869434 
514 708 208 1553089869538 
512 709 225 1553089869807 
512 728 267 1553089869824 
512 757 312 1553089869844 
512 788 339 1553089869857 
512 815 349 1553089869874 
512 877 346 1553089869891 
512 913 335 1553089869908 
512 924 331 1553089869924 
512 926 331 1553089869958 
512 927 331 1553089869974 
512 929 332 1553089869991 
512 933 336 1553089870008 
512 939 339 1553089870024 
512 943 343 1553089870041 
512 948 347 1553089870058 
512 951 350 1553089870074 
512 953 358 1553089870092 
512 953 367 1553089870108 
512 951 381 1553089870124 
512 943 394 1553089870141 
512 941 399 1553089870157 
512 941 394 1553089870241 
512 941 388 1553089870258 
512 944 376 1553089870277 
512 945 371 1553089870291 
512 945 368 1553089870308 
512 945 367 1553089870408 
512 942 372 1553089870424 
512 937 378 1553089870441 
512 933 381 1553089870458 
512 932 381 1553089870475 
512 931 381 1553089870524 
512 930 381 1553089870541 
512 929 381 1553089870578 
513 929 381 1553089870618 
514 929 381 1553089870738 
512 926 386 1553089870808 
512 924 398 1553089870824 
512 918 433 1553089870844 
512 912 468 1553089870858 
512 905 512 1553089870874 
512 898 556 1553089870892 
512 894 581 1553089870908 
512 891 595 1553089870928 
512 891 598 1553089870945 
512 890 599 1553089870960 
512 889 599 1553089870992 
512 869 599 1553089871008 
512 805 598 1553089871028 
512 653 598 1553089871042 
512 561 598 1553089871058 
512 496 598 1553089871075 
512 484 598 1553089871091 
512 486 599 1553089871192 
512 491 610 1553089871212 
512 492 623 1553089871226 
512 494 641 1553089871244 
512 498 647 1553089871258 
512 501 650 1553089871275 
512 508 651 1553089871292 
512 518 653 1553089871311 
512 530 654 1553089871325 
512 534 654 1553089871344 
512 538 654 1553089871358 
512 541 654 1553089871378 
512 543 654 1553089871408 
512 546 654 1553089871445 
512 547 654 1553089871460 
512 551 653 1553089871475 
512 553 653 1553089871492 
512 553 652 1553089871592 
513 553 652 1553089871599 
514 553 652 1553089871706 
512 553 650 1553089871896 
512 553 648 1553089871911 
512 554 647 1553089871925 
512 571 647 1553089871942 
512 612 647 1553089871959 
512 646 656 1553089871979 
512 683 665 1553089871992 
512 705 670 1553089872009 
512 717 670 1553089872029 
512 720 669 1553089872042 
512 734 663 1553089872059 
512 759 657 1553089872077 
512 780 656 1553089872093 
512 795 656 1553089872109 
512 798 656 1553089872126 
512 800 656 1553089872229 
512 802 656 1553089872245 
512 805 656 1553089872261 
512 806 656 1553089872276 
512 808 655 1553089872292 
512 811 654 1553089872326 
512 814 653 1553089872346 
512 818 651 1553089872361 
512 820 650 1553089872394 
512 824 649 1553089872409 
512 826 647 1553089872426 
512 827 647 1553089872445 
512 828 647 1553089872460 
513 828 647 1553089872500 
514 828 647 1553089872586 
512 831 647 1553089872746 
512 833 647 1553089872760 
512 834 646 1553089872776 
512 836 646 1553089872795 
513 836 646 1553089872875 
514 836 646 1553089872965 
512 837 644 1553089873013 
512 831 641 1553089873027 
512 816 638 1553089873043 
512 782 632 1553089873060 
512 717 615 1553089873076 
512 612 585 1553089873093 
512 507 555 1553089873109 
512 449 535 1553089873126 
512 436 531 1553089873146 
512 435 531 1553089873176 
512 435 526 1553089873193 
512 435 520 1553089873210 
512 465 492 1553089873227 
512 530 458 1553089873244 
512 636 422 1553089873263 
512 730 384 1553089873279 
512 827 355 1553089873296 
512 879 341 1553089873312 
512 895 339 1553089873328 
512 909 344 1553089873410 
512 944 359 1553089873427 
512 958 360 1553089873443 
512 964 360 1553089873460 
512 965 360 1553089873477 
512 967 361 1553089873560 
512 968 363 1553089873580 
512 962 366 1553089873643 
512 951 367 1553089873660 
512 943 368 1553089873679 
512 936 368 1553089873694 
512 933 368 1553089873710 
512 932 368 1553089873794 
513 932 368 1553089873827 
514 932 368 1553089873922 
512 928 370 1553089873979 
512 924 371 1553089873994 
512 883 376 1553089874013 
512 804 376 1553089874029 
512 714 376 1553089874047 
512 636 376 1553089874060 
512 573 376 1553089874080 
512 528 373 1553089874094 
512 499 364 1553089874113 
512 493 363 1553089874129 
512 491 362 1553089874160 
512 490 362 1553089874180 
512 489 362 1553089874194 
512 483 362 1553089874214 
512 475 364 1553089874228 
512 464 368 1553089874247 
512 449 369 1553089874262 
512 432 372 1553089874277 
512 423 372 1553089874294 
512 422 372 1553089874361 
512 422 374 1553089874378 
512 424 376 1553089874395 
512 425 376 1553089874411 
512 429 376 1553089874431 
512 436 376 1553089874446 
512 441 376 1553089874462 
512 445 376 1553089874478 
512 448 376 1553089874495 
512 450 376 1553089874511 
512 453 376 1553089874528 
512 456 376 1553089874544 
512 457 376 1553089874564 
512 458 376 1553089874577 
513 458 376 1553089874653 
514 458 376 1553089874738 
512 459 376 1553089874814 
512 460 376 1553089874878 
512 461 376 1553089874894 
512 464 376 1553089874911 
512 466 376 1553089874929 
512 469 376 1553089874946 
512 471 376 1553089874961 
513 471 376 1553089875003 
514 471 376 1553089875106 
512 476 376 1553089875195 
512 505 376 1553089875211 
512 553 376 1553089875228 
512 597 376 1553089875247 
512 624 376 1553089875264 
512 635 376 1553089875278 
512 636 376 1553089875295 
512 641 381 1553089875328 
512 654 407 1553089875345 
512 666 468 1553089875362 
512 666 523 1553089875380 
512 649 583 1553089875395 
512 629 641 1553089875413 
512 622 677 1553089875428 
512 621 694 1553089875447 
512 621 698 1553089875462 
512 616 687 1553089875530 
512 600 663 1553089875546 
512 588 641 1553089875562 
512 587 639 1553089875578 
512 585 637 1553089875595 
512 583 637 1553089875662 
512 580 637 1553089875680 
512 577 637 1553089875696 
512 573 638 1553089875713 
512 569 642 1553089875731 
512 563 648 1553089875746 
512 562 649 1553089875762 
512 561 650 1553089875779 
513 561 650 1553089875883 
514 561 650 1553089875987 
512 561 648 1553089876063 
512 563 637 1553089876079 
512 572 621 1553089876096 
512 578 599 1553089876112 
512 590 563 1553089876129 
512 601 500 1553089876146 
512 605 474 1553089876162 
512 605 456 1553089876182 
512 606 434 1553089876196 
512 607 409 1553089876212 
512 614 367 1553089876229 
512 629 320 1553089876245 
512 649 281 1553089876264 
512 676 247 1553089876279 
512 695 229 1553089876297 
512 700 224 1553089876314 
512 700 223 1553089876381 
512 700 222 1553089876412 
512 700 220 1553089876430 
512 700 217 1553089876447 
512 703 211 1553089876463 
512 706 207 1553089876481 
512 707 206 1553089876496 
513 707 206 1553089876620 
514 707 206 1553089876706 
