512 704 208 1553177685340 
512 709 217 1553177685358 
512 721 237 1553177685373 
512 739 262 1553177685393 
512 767 299 1553177685410 
512 791 339 1553177685424 
512 825 386 1553177685443 
512 833 397 1553177685457 
512 856 425 1553177685475 
512 872 440 1553177685490 
512 880 453 1553177685507 
512 885 469 1553177685524 
512 887 494 1553177685542 
512 887 532 1553177685559 
512 873 584 1553177685575 
512 846 623 1553177685590 
512 823 648 1553177685607 
512 810 667 1553177685625 
512 807 677 1553177685641 
512 808 683 1553177685658 
512 811 684 1553177685674 
512 811 685 1553177685743 
512 814 684 1553177685758 
512 816 675 1553177685774 
512 820 662 1553177685791 
512 822 654 1553177685808 
512 823 653 1553177685824 
512 823 652 1553177685843 
512 823 651 1553177685875 
512 825 650 1553177685891 
512 827 646 1553177685910 
512 830 644 1553177685924 
512 833 642 1553177685942 
513 833 642 1553177686075 
514 833 642 1553177686153 
512 834 641 1553177686325 
512 834 640 1553177686342 
512 834 636 1553177686358 
512 826 622 1553177686376 
512 793 592 1553177686395 
512 707 539 1553177686409 
512 599 505 1553177686425 
512 469 480 1553177686443 
512 437 467 1553177686461 
512 426 455 1553177686475 
512 426 436 1553177686494 
512 428 419 1553177686509 
512 435 410 1553177686525 
512 438 407 1553177686541 
512 438 404 1553177686625 
512 438 400 1553177686643 
512 440 397 1553177686677 
512 441 397 1553177686692 
512 441 391 1553177686728 
512 442 380 1553177686742 
512 450 365 1553177686762 
512 458 353 1553177686775 
512 463 349 1553177686792 
512 465 348 1553177686809 
512 467 348 1553177686827 
512 470 348 1553177686843 
512 471 355 1553177686945 
512 471 363 1553177686961 
512 471 370 1553177686979 
512 471 374 1553177686994 
513 471 374 1553177687186 
514 471 374 1553177687233 
512 479 370 1553177687295 
512 492 354 1553177687309 
512 523 329 1553177687328 
512 564 300 1553177687342 
512 589 278 1553177687358 
512 603 269 1553177687379 
512 610 264 1553177687395 
512 610 261 1553177687443 
512 610 260 1553177687525 
512 623 258 1553177687542 
512 634 254 1553177687559 
512 635 253 1553177687576 
512 636 251 1553177687610 
512 647 243 1553177687628 
512 661 236 1553177687642 
512 671 231 1553177687659 
512 672 230 1553177687676 
512 672 229 1553177687710 
512 673 228 1553177687727 
512 674 227 1553177687742 
512 675 222 1553177687792 
512 679 219 1553177687809 
512 680 215 1553177687828 
512 681 215 1553177687876 
512 682 214 1553177687892 
512 685 207 1553177687913 
512 688 203 1553177687927 
512 690 201 1553177687943 
512 690 199 1553177687959 
512 692 199 1553177688046 
512 693 199 1553177688062 
512 695 199 1553177688077 
512 696 199 1553177688129 
512 696 200 1553177688143 
512 696 202 1553177688159 
512 696 203 1553177688178 
513 696 203 1553177688234 
512 696 208 1553177688262 
512 697 216 1553177688276 
512 699 223 1553177688295 
512 700 227 1553177688310 
514 700 227 1553177688337 
512 700 227 1553177688359 
512 701 227 1553177688445 
512 707 229 1553177688462 
512 726 239 1553177688476 
512 742 244 1553177688495 
512 744 245 1553177688510 
512 741 241 1553177688543 
512 731 234 1553177688563 
512 730 234 1553177688576 
512 767 264 1553177688626 
512 865 318 1553177688647 
512 927 355 1553177688662 
512 937 360 1553177688676 
512 931 360 1553177688712 
512 892 360 1553177688728 
512 866 362 1553177688743 
512 856 364 1553177688760 
512 860 375 1553177688893 
512 881 392 1553177688910 
512 892 399 1553177688926 
512 893 399 1553177688944 
512 895 387 1553177688993 
512 898 381 1553177689010 
512 899 379 1553177689026 
512 902 375 1553177689143 
512 904 375 1553177689163 
512 905 375 1553177689178 
512 907 375 1553177689194 
512 912 375 1553177689213 
512 916 378 1553177689230 
512 920 380 1553177689245 
512 923 380 1553177689263 
512 927 383 1553177689277 
512 931 384 1553177689293 
512 936 386 1553177689310 
512 941 389 1553177689327 
512 943 390 1553177689343 
512 941 386 1553177689530 
512 940 386 1553177689594 
512 937 385 1553177689610 
512 934 383 1553177689627 
512 930 379 1553177689644 
512 925 375 1553177689661 
512 923 374 1553177689677 
513 923 374 1553177689782 
514 923 374 1553177689889 
512 909 374 1553177689946 
512 884 384 1553177689964 
512 838 404 1553177689978 
512 794 426 1553177689994 
512 765 442 1553177690011 
512 749 456 1553177690031 
512 743 462 1553177690044 
512 739 467 1553177690094 
512 726 476 1553177690111 
512 678 502 1553177690128 
512 569 561 1553177690145 
512 516 593 1553177690163 
512 501 610 1553177690178 
512 497 628 1553177690194 
512 497 645 1553177690211 
512 497 662 1553177690231 
512 496 671 1553177690245 
512 492 679 1553177690261 
512 490 683 1553177690278 
512 489 684 1553177690296 
512 497 676 1553177690411 
512 509 661 1553177690429 
512 526 651 1553177690448 
512 530 649 1553177690461 
512 531 649 1553177690528 
512 537 649 1553177690546 
512 541 649 1553177690563 
512 546 649 1553177690578 
512 548 649 1553177690594 
512 549 649 1553177690698 
512 551 648 1553177690714 
512 554 647 1553177690731 
512 556 646 1553177690745 
512 557 646 1553177690764 
513 557 646 1553177690886 
514 557 646 1553177690978 
512 562 644 1553177691095 
512 577 639 1553177691112 
512 582 638 1553177691130 
512 585 636 1553177691146 
512 589 635 1553177691179 
512 608 628 1553177691195 
512 663 622 1553177691214 
512 752 622 1553177691231 
512 844 622 1553177691246 
512 885 622 1553177691266 
512 889 622 1553177691280 
512 890 622 1553177691329 
512 889 626 1553177691362 
512 888 629 1553177691379 
512 887 632 1553177691396 
512 887 633 1553177691430 
512 885 634 1553177691463 
512 872 642 1553177691481 
512 843 647 1553177691495 
512 808 651 1553177691514 
512 793 654 1553177691530 
512 792 654 1553177691549 
512 792 653 1553177691596 
512 793 653 1553177691646 
512 805 649 1553177691662 
512 823 644 1553177691679 
512 835 640 1553177691695 
512 838 640 1553177691715 
512 839 640 1553177691829 
513 839 640 1553177691870 
514 839 640 1553177692019 
512 840 639 1553177692082 
512 830 626 1553177692097 
512 819 614 1553177692112 
512 803 605 1553177692129 
512 782 598 1553177692148 
512 754 586 1553177692166 
512 717 574 1553177692180 
512 689 567 1553177692197 
512 679 563 1553177692215 
512 678 557 1553177692246 
512 678 545 1553177692266 
512 694 529 1553177692280 
512 757 498 1553177692298 
512 791 483 1553177692313 
512 866 442 1553177692332 
512 875 427 1553177692347 
512 875 425 1553177692362 
512 875 424 1553177692482 
512 880 416 1553177692496 
512 902 388 1553177692515 
512 922 368 1553177692532 
512 949 352 1553177692546 
512 963 345 1553177692563 
512 964 345 1553177692583 
512 956 353 1553177692715 
512 942 364 1553177692729 
512 926 372 1553177692747 
512 922 375 1553177692766 
512 921 375 1553177692846 
512 920 375 1553177692866 
512 919 375 1553177692898 
513 919 375 1553177692978 
514 919 375 1553177693066 
512 918 375 1553177693130 
512 913 373 1553177693149 
512 896 371 1553177693163 
512 858 371 1553177693183 
512 795 374 1553177693197 
512 722 393 1553177693217 
512 662 410 1553177693233 
512 638 420 1553177693249 
512 634 421 1553177693263 
512 636 421 1553177693283 
512 646 420 1553177693297 
512 715 406 1553177693317 
512 801 394 1553177693330 
512 906 387 1553177693347 
512 990 387 1553177693364 
512 1010 387 1553177693380 
512 999 387 1553177693514 
512 990 388 1553177693530 
512 985 391 1553177693547 
512 982 391 1553177693566 
512 979 391 1553177693581 
512 975 391 1553177693597 
512 971 391 1553177693617 
512 966 389 1553177693631 
512 960 387 1553177693650 
512 959 387 1553177693664 
512 957 387 1553177693681 
512 956 387 1553177693698 
512 953 387 1553177693715 
512 947 387 1553177693731 
512 942 387 1553177693750 
512 941 387 1553177693765 
512 940 387 1553177693783 
512 939 387 1553177693801 
512 938 387 1553177693818 
512 936 387 1553177693831 
512 930 385 1553177693851 
512 926 383 1553177693865 
512 921 379 1553177693881 
512 917 379 1553177693899 
512 917 378 1553177693914 
513 917 378 1553177693994 
512 919 378 1553177694051 
512 920 378 1553177694065 
512 922 378 1553177694073 
514 922 378 1553177694073 
512 923 378 1553177694083 
512 925 378 1553177694098 
512 926 378 1553177694114 
512 927 378 1553177694131 
513 927 378 1553177694252 
514 927 378 1553177694345 
512 925 378 1553177694381 
512 892 378 1553177694398 
512 822 394 1553177694418 
512 746 431 1553177694431 
512 673 464 1553177694451 
512 596 500 1553177694467 
512 564 513 1553177694483 
512 549 516 1553177694498 
512 545 516 1553177694518 
512 544 516 1553177694550 
512 531 509 1553177694566 
512 494 493 1553177694581 
512 461 483 1553177694601 
512 444 479 1553177694618 
512 444 478 1553177694631 
512 442 475 1553177694651 
512 436 466 1553177694665 
512 433 450 1553177694681 
512 431 428 1553177694698 
512 437 410 1553177694717 
512 449 396 1553177694734 
512 453 392 1553177694751 
512 454 392 1553177694832 
512 455 388 1553177694848 
512 456 386 1553177694865 
512 457 385 1553177694917 
512 458 384 1553177694931 
512 461 380 1553177694948 
512 465 373 1553177694965 
512 469 366 1553177694981 
512 472 364 1553177694998 
513 472 364 1553177695114 
514 472 364 1553177695192 
512 473 364 1553177695265 
512 473 365 1553177695283 
512 473 367 1553177695316 
512 473 369 1553177695381 
512 473 370 1553177695399 
512 473 371 1553177695415 
512 475 373 1553177695432 
513 475 373 1553177695611 
514 475 373 1553177695712 
512 475 367 1553177695752 
512 467 344 1553177695766 
512 466 340 1553177695783 
512 467 337 1553177695798 
512 466 339 1553177695999 
512 464 386 1553177696016 
512 499 482 1553177696032 
512 597 651 1553177696049 
512 643 721 1553177696065 
512 683 772 1553177696082 
512 706 800 1553177696099 
512 710 805 1553177696117 
512 703 791 1553177696200 
512 688 775 1553177696216 
512 659 754 1553177696232 
512 627 740 1553177696249 
512 594 730 1553177696266 
512 591 728 1553177696282 
512 591 727 1553177696299 
512 591 719 1553177696317 
512 589 706 1553177696332 
512 587 699 1553177696349 
512 586 696 1553177696365 
512 583 691 1553177696382 
512 582 689 1553177696399 
512 579 684 1553177696418 
512 570 668 1553177696433 
512 563 656 1553177696451 
512 554 641 1553177696466 
512 553 641 1553177696482 
513 553 641 1553177696666 
514 553 641 1553177696754 
512 562 643 1553177696836 
512 574 648 1553177696849 
512 587 658 1553177696865 
512 601 669 1553177696884 
512 613 687 1553177696901 
512 625 699 1553177696917 
512 636 710 1553177696932 
512 645 712 1553177696949 
512 647 713 1553177696966 
512 648 713 1553177696986 
512 655 709 1553177697002 
512 675 644 1553177697019 
512 680 561 1553177697034 
512 675 452 1553177697049 
512 656 343 1553177697069 
512 647 251 1553177697085 
512 651 197 1553177697100 
512 665 164 1553177697116 
512 675 151 1553177697133 
512 677 149 1553177697149 
512 680 151 1553177697283 
512 687 167 1553177697300 
512 690 182 1553177697316 
512 691 196 1553177697333 
512 692 204 1553177697349 
512 692 206 1553177697367 
512 693 206 1553177697433 
512 694 206 1553177697466 
513 694 206 1553177697545 
514 694 206 1553177697616 
