512 698 217 1553520365558 
512 705 229 1553520365575 
512 716 248 1553520365592 
512 735 280 1553520365608 
512 757 343 1553520365625 
512 773 394 1553520365641 
512 792 448 1553520365658 
512 798 498 1553520365675 
512 800 533 1553520365691 
512 802 560 1553520365708 
512 807 591 1553520365725 
512 810 603 1553520365741 
512 811 607 1553520365758 
512 812 625 1553520365775 
512 813 634 1553520365791 
512 814 637 1553520365808 
512 815 637 1553520365825 
512 816 638 1553520365893 
512 817 639 1553520365910 
512 818 640 1553520365925 
512 820 641 1553520365942 
512 825 643 1553520365958 
512 827 643 1553520365975 
512 828 643 1553520365992 
512 829 643 1553520366008 
512 830 643 1553520366025 
512 831 643 1553520366042 
512 832 643 1553520366059 
512 833 643 1553520366075 
512 834 643 1553520366092 
512 835 643 1553520366176 
512 836 643 1553520366193 
513 836 643 1553520366207 
512 837 643 1553520366293 
514 837 643 1553520366377 
512 837 643 1553520366393 
512 836 634 1553520366593 
512 831 613 1553520366610 
512 815 548 1553520366627 
512 801 492 1553520366643 
512 777 447 1553520366660 
512 737 406 1553520366677 
512 678 376 1553520366693 
512 607 360 1553520366710 
512 535 359 1553520366727 
512 501 364 1553520366743 
512 481 367 1553520366760 
512 477 370 1553520366777 
512 476 370 1553520367044 
512 475 371 1553520367060 
512 474 373 1553520367077 
512 474 374 1553520367160 
512 474 375 1553520367177 
513 474 375 1553520367225 
514 474 375 1553520367395 
512 484 376 1553520367660 
512 514 370 1553520367677 
512 535 361 1553520367693 
512 558 345 1553520367710 
512 579 323 1553520367727 
512 590 308 1553520367743 
512 634 242 1553520367760 
512 641 230 1553520367778 
512 648 220 1553520367795 
512 656 213 1553520367810 
512 662 208 1553520367827 
512 667 203 1553520367844 
512 671 198 1553520367861 
512 680 191 1553520367877 
512 687 185 1553520367895 
512 694 181 1553520367912 
512 700 179 1553520367928 
512 705 178 1553520367945 
512 709 177 1553520367961 
512 710 177 1553520367978 
512 711 179 1553520368011 
512 713 185 1553520368028 
512 714 191 1553520368044 
512 716 196 1553520368061 
512 717 201 1553520368078 
512 717 208 1553520368094 
512 715 213 1553520368111 
512 713 215 1553520368128 
512 713 216 1553520368144 
512 712 216 1553520368194 
512 710 216 1553520368210 
512 709 216 1553520368228 
512 708 216 1553520368245 
512 707 215 1553520368260 
512 706 214 1553520368277 
512 705 214 1553520368311 
512 703 212 1553520368343 
512 702 211 1553520368360 
512 701 210 1553520368377 
512 700 208 1553520368393 
512 699 208 1553520368410 
513 699 208 1553520368508 
514 699 208 1553520368654 
512 699 211 1553520368796 
512 700 215 1553520368813 
512 701 221 1553520368829 
512 704 229 1553520368846 
512 709 238 1553520368863 
512 714 246 1553520368880 
512 723 259 1553520368895 
512 740 275 1553520368911 
512 754 285 1553520368928 
512 770 292 1553520368946 
512 790 299 1553520368963 
512 810 307 1553520368980 
512 827 313 1553520368996 
512 846 323 1553520369013 
512 853 328 1553520369030 
512 859 333 1553520369046 
512 865 338 1553520369062 
512 872 344 1553520369079 
512 879 348 1553520369095 
512 884 351 1553520369112 
512 887 353 1553520369129 
512 891 355 1553520369145 
512 892 355 1553520369162 
512 896 361 1553520369179 
512 899 364 1553520369196 
512 903 367 1553520369212 
512 906 368 1553520369229 
512 913 371 1553520369245 
512 920 376 1553520369262 
512 926 379 1553520369278 
512 929 381 1553520369295 
512 930 382 1553520369312 
512 931 382 1553520369328 
512 934 386 1553520369347 
512 936 387 1553520369363 
512 938 388 1553520369378 
512 934 384 1553520369495 
512 930 379 1553520369512 
512 927 376 1553520369528 
512 927 375 1553520369547 
513 927 375 1553520369675 
514 927 375 1553520369836 
512 926 375 1553520370013 
512 923 377 1553520370030 
512 902 388 1553520370047 
512 885 396 1553520370063 
512 864 406 1553520370080 
512 836 424 1553520370097 
512 811 441 1553520370113 
512 787 461 1553520370130 
512 752 489 1553520370147 
512 721 510 1553520370163 
512 692 525 1553520370180 
512 660 541 1553520370197 
512 636 549 1553520370215 
512 621 558 1553520370232 
512 612 565 1553520370247 
512 609 566 1553520370264 
512 608 567 1553520370280 
512 606 570 1553520370380 
512 599 582 1553520370397 
512 594 594 1553520370414 
512 591 605 1553520370430 
512 589 612 1553520370447 
512 587 617 1553520370464 
512 584 625 1553520370481 
512 582 628 1553520370497 
512 581 633 1553520370514 
512 580 635 1553520370531 
512 579 636 1553520370547 
512 579 637 1553520370565 
512 579 638 1553520370582 
512 579 639 1553520370598 
512 579 641 1553520370614 
512 578 642 1553520370631 
512 577 642 1553520370664 
512 572 644 1553520370681 
512 568 644 1553520370698 
512 566 646 1553520370714 
512 564 646 1553520370731 
512 564 647 1553520370748 
512 562 647 1553520370764 
512 561 648 1553520370781 
512 560 648 1553520370798 
512 559 648 1553520370831 
513 559 648 1553520370976 
512 558 648 1553520371098 
514 558 648 1553520371120 
512 558 648 1553520371131 
512 559 648 1553520371265 
512 560 647 1553520371281 
512 561 639 1553520371299 
512 563 633 1553520371316 
512 565 622 1553520371333 
512 566 616 1553520371349 
512 568 615 1553520371366 
512 568 614 1553520371383 
512 578 615 1553520371399 
512 595 619 1553520371415 
512 614 622 1553520371432 
512 639 624 1553520371448 
512 672 628 1553520371465 
512 723 636 1553520371482 
512 793 649 1553520371499 
512 821 658 1553520371515 
512 830 661 1553520371531 
512 831 661 1553520371547 
512 827 660 1553520371614 
512 821 657 1553520371631 
512 810 652 1553520371648 
512 792 645 1553520371664 
512 776 642 1553520371681 
512 774 642 1553520371698 
512 776 642 1553520371750 
512 779 642 1553520371767 
512 784 642 1553520371783 
512 791 641 1553520371800 
512 802 641 1553520371817 
512 813 642 1553520371833 
512 835 645 1553520371850 
512 839 646 1553520371866 
512 847 647 1553520371882 
512 848 647 1553520371900 
512 850 647 1553520371916 
512 852 645 1553520371933 
512 852 643 1553520371950 
512 851 642 1553520371966 
512 849 641 1553520371983 
512 848 641 1553520372000 
512 847 641 1553520372067 
512 844 643 1553520372083 
512 839 645 1553520372100 
512 838 646 1553520372117 
512 837 647 1553520372132 
513 837 647 1553520372271 
514 837 647 1553520372417 
512 837 646 1553520372599 
512 837 645 1553520372616 
512 836 643 1553520372633 
512 834 636 1553520372651 
512 834 630 1553520372667 
512 838 620 1553520372684 
512 848 603 1553520372701 
512 860 579 1553520372718 
512 872 546 1553520372733 
512 881 523 1553520372750 
512 894 499 1553520372766 
512 901 488 1553520372784 
512 903 483 1553520372801 
512 905 477 1553520372817 
512 906 473 1553520372834 
512 910 466 1553520372850 
512 912 461 1553520372867 
512 914 455 1553520372884 
512 915 453 1553520372900 
512 917 452 1553520372917 
512 918 450 1553520372934 
512 919 447 1553520372950 
512 920 444 1553520372967 
512 920 442 1553520372984 
512 920 441 1553520373001 
512 920 440 1553520373034 
512 922 438 1553520373051 
512 923 434 1553520373067 
512 925 429 1553520373084 
512 925 419 1553520373101 
512 926 412 1553520373117 
512 926 403 1553520373134 
512 926 396 1553520373151 
512 924 388 1553520373168 
512 924 385 1553520373183 
512 924 378 1553520373200 
512 924 376 1553520373216 
512 924 375 1553520373233 
513 924 375 1553520373388 
514 924 375 1553520373558 
512 920 377 1553520373719 
512 916 380 1553520373735 
512 911 382 1553520373752 
512 907 383 1553520373768 
512 873 384 1553520373785 
512 844 386 1553520373801 
512 798 385 1553520373818 
512 733 382 1553520373833 
512 659 375 1553520373850 
512 593 369 1553520373867 
512 541 371 1553520373884 
512 501 371 1553520373902 
512 489 370 1553520373918 
512 482 370 1553520373935 
512 478 370 1553520373952 
512 476 370 1553520373969 
512 476 372 1553520374085 
512 476 373 1553520374119 
512 477 373 1553520374136 
512 478 373 1553520374152 
512 479 373 1553520374169 
512 480 373 1553520374186 
512 479 373 1553520374302 
512 478 373 1553520374319 
512 476 373 1553520374331 
513 476 373 1553520374332 
512 474 374 1553520374353 
512 473 374 1553520374369 
512 472 374 1553520374386 
512 471 375 1553520374403 
512 471 376 1553520374418 
512 471 377 1553520374434 
514 471 377 1553520374524 
512 471 377 1553520374534 
512 472 377 1553520374702 
512 473 377 1553520374736 
512 477 379 1553520374753 
512 484 384 1553520374770 
512 500 396 1553520374787 
512 535 426 1553520374803 
512 562 450 1553520374820 
512 592 474 1553520374836 
512 619 504 1553520374852 
512 630 530 1553520374869 
512 636 550 1553520374885 
512 636 561 1553520374902 
512 630 573 1553520374919 
512 617 588 1553520374936 
512 610 595 1553520374951 
512 603 603 1553520374968 
512 600 607 1553520374985 
512 599 611 1553520375002 
512 597 615 1553520375018 
512 596 616 1553520375035 
512 594 621 1553520375052 
512 592 624 1553520375070 
512 590 625 1553520375086 
512 589 626 1553520375102 
512 587 630 1553520375119 
512 583 634 1553520375135 
512 579 637 1553520375152 
512 576 639 1553520375170 
512 575 639 1553520375187 
512 574 640 1553520375204 
512 573 642 1553520375220 
512 570 643 1553520375237 
512 569 643 1553520375254 
512 568 644 1553520375271 
512 567 644 1553520375353 
512 566 644 1553520375369 
512 565 644 1553520375386 
512 564 644 1553520375403 
512 563 644 1553520375419 
512 562 644 1553520375436 
512 560 644 1553520375453 
512 559 644 1553520375536 
513 559 644 1553520375691 
514 559 644 1553520375806 
512 564 642 1553520375921 
512 570 640 1553520375938 
512 577 639 1553520375954 
512 589 636 1553520375971 
512 601 632 1553520375988 
512 613 628 1553520376004 
512 626 622 1553520376021 
512 637 613 1553520376037 
512 650 596 1553520376054 
512 663 555 1553520376071 
512 669 513 1553520376086 
512 672 462 1553520376104 
512 672 401 1553520376120 
512 670 346 1553520376136 
512 670 313 1553520376153 
512 672 291 1553520376170 
512 680 268 1553520376186 
512 686 257 1553520376204 
512 691 251 1553520376221 
512 693 247 1553520376238 
512 695 246 1553520376255 
512 696 246 1553520376288 
512 699 244 1553520376355 
512 701 243 1553520376371 
512 702 242 1553520376388 
512 703 240 1553520376405 
512 703 238 1553520376438 
512 703 236 1553520376454 
512 702 232 1553520376471 
512 701 227 1553520376488 
512 700 222 1553520376504 
512 698 217 1553520376521 
512 698 216 1553520376538 
512 698 215 1553520376571 
512 698 214 1553520376654 
512 698 213 1553520376687 
513 698 213 1553520376739 
514 698 213 1553520376894 
