512 696 210 1552935737180 
512 695 210 1552935737197 
512 694 210 1552935737214 
512 692 212 1552935737280 
512 689 226 1552935737297 
512 686 266 1552935737314 
512 693 311 1552935737330 
512 718 381 1552935737347 
512 759 462 1552935737364 
512 793 545 1552935737381 
512 833 636 1552935737398 
512 870 721 1552935737413 
512 902 776 1552935737429 
512 915 795 1552935737446 
512 905 790 1552935737495 
512 899 786 1552935737512 
512 897 784 1552935737529 
512 890 777 1552935737547 
512 886 770 1552935737564 
512 880 758 1552935737581 
512 876 750 1552935737598 
512 874 742 1552935737614 
512 871 730 1552935737631 
512 870 720 1552935737648 
512 868 709 1552935737663 
512 866 696 1552935737680 
512 862 683 1552935737697 
512 858 677 1552935737714 
512 857 674 1552935737730 
512 856 673 1552935737747 
512 855 672 1552935737764 
512 853 670 1552935737780 
512 852 669 1552935737797 
512 850 667 1552935737813 
512 848 664 1552935737830 
512 847 661 1552935737847 
512 846 659 1552935737863 
512 843 652 1552935737880 
512 842 648 1552935737897 
512 840 644 1552935737914 
512 839 641 1552935737930 
512 838 640 1552935737947 
513 838 640 1552935738097 
514 838 640 1552935738238 
512 839 635 1552935738415 
512 845 612 1552935738432 
512 849 599 1552935738448 
512 853 586 1552935738465 
512 857 574 1552935738482 
512 860 563 1552935738498 
512 861 556 1552935738515 
512 858 549 1552935738532 
512 830 539 1552935738549 
512 802 533 1552935738565 
512 740 521 1552935738582 
512 663 493 1552935738599 
512 575 456 1552935738615 
512 493 421 1552935738632 
512 439 401 1552935738649 
512 437 398 1552935738665 
512 437 397 1552935738699 
512 438 396 1552935738715 
512 442 395 1552935738732 
512 446 394 1552935738748 
512 453 393 1552935738765 
512 456 392 1552935738782 
512 457 392 1552935738815 
512 458 392 1552935738882 
512 460 390 1552935738899 
512 461 389 1552935738915 
512 462 388 1552935738932 
512 463 387 1552935738949 
512 464 386 1552935738966 
512 465 384 1552935738982 
512 466 382 1552935738998 
512 466 381 1552935739032 
512 468 380 1552935739082 
512 470 378 1552935739099 
512 471 377 1552935739116 
512 472 377 1552935739132 
512 473 377 1552935739148 
512 474 377 1552935739165 
512 474 376 1552935739233 
513 474 376 1552935739279 
512 473 376 1552935739383 
514 473 376 1552935739394 
512 473 376 1552935739399 
512 472 376 1552935739416 
512 471 376 1552935739448 
512 470 376 1552935739464 
512 470 377 1552935739614 
512 474 378 1552935739631 
512 480 381 1552935739648 
512 496 384 1552935739666 
512 527 385 1552935739683 
512 547 384 1552935739699 
512 565 377 1552935739716 
512 579 367 1552935739732 
512 593 350 1552935739748 
512 606 328 1552935739765 
512 618 299 1552935739783 
512 624 285 1552935739800 
512 628 277 1552935739817 
512 633 270 1552935739833 
512 636 265 1552935739850 
512 641 256 1552935739867 
512 646 246 1552935739883 
512 658 231 1552935739899 
512 669 222 1552935739916 
512 682 215 1552935739932 
512 695 210 1552935739949 
512 706 210 1552935739970 
512 716 210 1552935739984 
512 723 210 1552935740000 
512 728 209 1552935740017 
512 730 208 1552935740033 
512 731 207 1552935740050 
512 732 206 1552935740066 
512 732 205 1552935740083 
512 728 205 1552935740150 
512 722 206 1552935740166 
512 716 207 1552935740183 
512 710 209 1552935740201 
512 704 209 1552935740217 
512 702 209 1552935740234 
512 701 209 1552935740267 
513 701 209 1552935740442 
512 700 209 1552935740606 
514 700 209 1552935740607 
512 700 209 1552935740617 
512 699 209 1552935740634 
512 698 209 1552935740718 
512 697 210 1552935740734 
512 696 211 1552935740751 
512 695 213 1552935740768 
512 695 218 1552935740784 
512 695 230 1552935740800 
512 696 248 1552935740817 
512 702 276 1552935740834 
512 712 310 1552935740850 
512 731 342 1552935740867 
512 756 369 1552935740884 
512 804 401 1552935740901 
512 840 415 1552935740917 
512 868 421 1552935740934 
512 886 419 1552935740951 
512 894 412 1552935740968 
512 897 404 1552935740984 
512 899 396 1552935741001 
512 900 386 1552935741018 
512 900 382 1552935741035 
512 900 381 1552935741051 
512 898 378 1552935741068 
512 898 377 1552935741085 
512 900 378 1552935741151 
512 906 380 1552935741168 
512 912 382 1552935741185 
512 919 385 1552935741202 
512 925 387 1552935741218 
512 933 388 1552935741235 
512 934 388 1552935741252 
512 935 388 1552935741268 
512 935 387 1552935741285 
512 935 386 1552935741302 
512 934 385 1552935741318 
512 934 384 1552935741335 
512 932 382 1552935741352 
512 931 381 1552935741368 
512 930 380 1552935741385 
512 929 379 1552935741402 
512 928 377 1552935741418 
512 927 376 1552935741433 
512 926 376 1552935741450 
512 926 375 1552935741500 
512 926 374 1552935741516 
513 926 374 1552935741563 
512 927 373 1552935741585 
514 927 373 1552935741716 
512 927 373 1552935741718 
512 926 375 1552935741886 
512 924 381 1552935741902 
512 922 387 1552935741919 
512 920 396 1552935741936 
512 915 408 1552935741952 
512 906 423 1552935741969 
512 889 441 1552935741986 
512 868 461 1552935742002 
512 815 501 1552935742019 
512 764 541 1552935742036 
512 704 588 1552935742052 
512 641 630 1552935742069 
512 589 658 1552935742086 
512 565 668 1552935742102 
512 551 669 1552935742119 
512 546 669 1552935742136 
512 546 668 1552935742219 
512 549 662 1552935742353 
512 553 657 1552935742369 
512 557 652 1552935742386 
512 561 648 1552935742403 
512 563 644 1552935742419 
512 564 642 1552935742436 
512 564 641 1552935742470 
512 563 640 1552935742553 
512 562 640 1552935742653 
512 560 640 1552935742687 
512 559 642 1552935742703 
512 558 643 1552935742720 
512 556 649 1552935742737 
512 555 651 1552935742753 
512 555 652 1552935742770 
512 556 652 1552935742820 
512 557 652 1552935742837 
512 558 652 1552935742870 
513 558 652 1552935742875 
514 558 652 1552935743012 
512 559 650 1552935743137 
512 561 648 1552935743154 
512 561 643 1552935743170 
512 562 639 1552935743187 
512 564 633 1552935743204 
512 565 622 1552935743220 
512 570 608 1552935743237 
512 575 592 1552935743254 
512 591 565 1552935743271 
512 613 550 1552935743287 
512 644 542 1552935743304 
512 677 543 1552935743321 
512 725 558 1552935743337 
512 776 585 1552935743354 
512 819 618 1552935743371 
512 829 634 1552935743387 
512 835 647 1552935743404 
512 839 655 1552935743419 
512 841 662 1552935743436 
512 842 666 1552935743452 
512 843 668 1552935743468 
512 843 669 1552935743485 
512 843 667 1552935743688 
512 841 659 1552935743704 
512 839 653 1552935743721 
512 838 647 1552935743738 
512 836 643 1552935743754 
512 835 639 1552935743771 
512 834 637 1552935743788 
512 833 636 1552935743804 
513 833 636 1552935743924 
514 833 636 1552935744070 
512 835 636 1552935744105 
512 838 638 1552935744121 
512 842 639 1552935744138 
512 845 642 1552935744155 
512 846 643 1552935744172 
512 847 643 1552935744188 
512 847 631 1552935744355 
512 847 613 1552935744372 
512 851 582 1552935744389 
512 857 557 1552935744405 
512 870 535 1552935744422 
512 882 516 1552935744437 
512 891 501 1552935744454 
512 895 491 1552935744470 
512 899 483 1552935744487 
512 902 471 1552935744505 
512 903 461 1552935744522 
512 904 450 1552935744538 
512 910 434 1552935744555 
512 918 421 1552935744572 
512 926 411 1552935744588 
512 930 406 1552935744605 
512 935 397 1552935744622 
512 939 389 1552935744639 
512 945 380 1552935744655 
512 947 375 1552935744672 
512 949 371 1552935744689 
512 950 367 1552935744705 
512 951 365 1552935744722 
512 952 364 1552935744739 
512 952 363 1552935744755 
512 952 365 1552935744822 
512 943 375 1552935744839 
512 940 378 1552935744855 
512 938 380 1552935744872 
512 937 382 1552935744888 
512 936 383 1552935744905 
512 935 384 1552935744922 
512 935 385 1552935744939 
512 935 384 1552935745006 
512 935 383 1552935745022 
512 935 382 1552935745039 
512 935 381 1552935745056 
512 931 378 1552935745072 
512 929 376 1552935745089 
512 927 375 1552935745105 
512 926 374 1552935745122 
512 926 375 1552935745188 
513 926 375 1552935745189 
512 926 376 1552935745222 
514 926 376 1552935745350 
512 926 376 1552935745356 
512 921 382 1552935745589 
512 903 402 1552935745606 
512 884 414 1552935745623 
512 858 420 1552935745640 
512 821 419 1552935745656 
512 777 409 1552935745673 
512 743 397 1552935745690 
512 708 385 1552935745707 
512 673 372 1552935745723 
512 630 358 1552935745740 
512 605 353 1552935745756 
512 585 348 1552935745773 
512 575 347 1552935745790 
512 569 346 1552935745807 
512 562 346 1552935745823 
512 552 346 1552935745840 
512 537 347 1552935745857 
512 532 350 1552935745873 
512 527 353 1552935745890 
512 520 359 1552935745907 
512 513 364 1552935745923 
512 506 369 1552935745940 
512 498 370 1552935745957 
512 493 370 1552935745973 
512 489 370 1552935745990 
512 487 370 1552935746007 
512 486 370 1552935746124 
512 485 370 1552935746140 
512 484 370 1552935746157 
512 482 370 1552935746190 
512 481 372 1552935746207 
512 479 374 1552935746224 
512 478 375 1552935746240 
512 477 376 1552935746257 
512 476 376 1552935746274 
512 475 377 1552935746307 
513 475 377 1552935746409 
514 475 377 1552935746570 
512 475 376 1552935746658 
512 474 376 1552935746691 
512 474 378 1552935746791 
512 475 382 1552935746808 
512 479 388 1552935746824 
512 485 400 1552935746841 
512 491 412 1552935746858 
512 502 438 1552935746874 
512 514 465 1552935746891 
512 525 507 1552935746908 
512 532 542 1552935746924 
512 535 569 1552935746941 
512 539 592 1552935746958 
512 546 609 1552935746975 
512 548 614 1552935746991 
512 549 616 1552935747008 
512 550 618 1552935747025 
512 552 619 1552935747041 
512 552 620 1552935747058 
512 552 621 1552935747075 
512 553 622 1552935747108 
512 554 623 1552935747125 
512 555 624 1552935747141 
512 555 625 1552935747225 
512 555 626 1552935747242 
512 555 628 1552935747275 
512 556 632 1552935747292 
512 558 639 1552935747308 
512 559 642 1552935747325 
512 560 644 1552935747342 
512 560 647 1552935747358 
512 560 652 1552935747375 
512 560 659 1552935747392 
512 559 666 1552935747408 
512 557 668 1552935747425 
512 556 668 1552935747457 
512 556 664 1552935747540 
512 557 661 1552935747556 
512 558 656 1552935747573 
512 560 651 1552935747590 
512 561 645 1552935747606 
512 563 643 1552935747625 
512 563 641 1552935747642 
512 563 640 1552935747658 
513 563 640 1552935747721 
512 562 640 1552935747759 
514 562 640 1552935747884 
512 562 640 1552935747892 
512 561 640 1552935747926 
512 559 640 1552935747976 
512 558 642 1552935747992 
512 557 643 1552935748009 
512 557 644 1552935748026 
512 556 645 1552935748042 
512 556 646 1552935748059 
512 555 646 1552935748076 
512 555 645 1552935748126 
512 558 632 1552935748142 
512 566 608 1552935748159 
512 581 565 1552935748176 
512 625 469 1552935748193 
512 651 409 1552935748209 
512 674 356 1552935748226 
512 683 326 1552935748243 
512 685 312 1552935748259 
512 685 303 1552935748276 
512 685 296 1552935748293 
512 684 291 1552935748309 
512 684 284 1552935748326 
512 686 280 1552935748343 
512 687 274 1552935748359 
512 687 270 1552935748376 
512 687 264 1552935748393 
512 687 258 1552935748410 
512 687 247 1552935748426 
512 687 241 1552935748443 
512 687 236 1552935748460 
512 688 233 1552935748476 
512 691 230 1552935748493 
512 692 229 1552935748510 
512 698 224 1552935748526 
512 699 221 1552935748543 
512 699 220 1552935748560 
512 699 218 1552935748576 
512 699 217 1552935748643 
513 699 217 1552935748801 
514 699 217 1552935748946 
