512 699 206 1553520424841 
512 700 208 1553520425006 
512 701 212 1553520425023 
512 703 220 1553520425040 
512 708 242 1553520425057 
512 731 294 1553520425074 
512 767 401 1553520425091 
512 799 463 1553520425108 
512 831 515 1553520425123 
512 859 567 1553520425141 
512 880 614 1553520425158 
512 892 654 1553520425173 
512 900 676 1553520425191 
512 908 701 1553520425208 
512 908 704 1553520425224 
512 908 705 1553520425241 
512 907 705 1553520425308 
512 898 695 1553520425324 
512 885 683 1553520425341 
512 866 675 1553520425358 
512 849 668 1553520425374 
512 837 662 1553520425391 
512 831 656 1553520425408 
512 829 652 1553520425425 
512 829 646 1553520425441 
512 829 645 1553520425458 
512 832 645 1553520425525 
512 833 645 1553520425558 
512 835 644 1553520425575 
512 837 643 1553520425591 
512 838 643 1553520425675 
512 840 643 1553520425692 
513 840 643 1553520425744 
514 840 643 1553520425905 
512 840 640 1553520426059 
512 837 619 1553520426075 
512 831 602 1553520426092 
512 818 586 1553520426109 
512 805 581 1553520426125 
512 784 579 1553520426142 
512 754 577 1553520426159 
512 705 568 1553520426175 
512 651 557 1553520426192 
512 601 534 1553520426209 
512 580 518 1553520426225 
512 553 496 1553520426242 
512 534 478 1553520426259 
512 514 460 1553520426276 
512 497 442 1553520426292 
512 490 434 1553520426309 
512 472 416 1553520426326 
512 468 411 1553520426342 
512 466 407 1553520426359 
512 465 405 1553520426376 
512 464 403 1553520426392 
512 465 400 1553520426409 
512 467 397 1553520426426 
512 468 395 1553520426442 
512 469 393 1553520426459 
512 470 392 1553520426476 
512 471 390 1553520426492 
512 471 389 1553520426509 
512 471 387 1553520426542 
512 471 384 1553520426559 
512 471 380 1553520426576 
512 471 379 1553520426592 
512 471 378 1553520426609 
512 471 377 1553520426642 
512 471 375 1553520426676 
513 471 375 1553520426739 
514 471 375 1553520426877 
512 472 375 1553520427026 
512 474 374 1553520427043 
512 476 373 1553520427060 
512 483 373 1553520427076 
512 503 372 1553520427093 
512 543 369 1553520427110 
512 605 359 1553520427126 
512 690 337 1553520427143 
512 768 287 1553520427160 
512 781 261 1553520427177 
512 784 248 1553520427193 
512 785 204 1553520427210 
512 785 191 1553520427227 
512 784 177 1553520427243 
512 783 172 1553520427260 
512 781 170 1553520427277 
512 780 168 1553520427293 
512 778 167 1553520427310 
512 775 166 1553520427327 
512 768 166 1553520427343 
512 742 172 1553520427360 
512 718 176 1553520427377 
512 710 177 1553520427393 
512 700 179 1553520427410 
512 700 180 1553520427543 
512 700 181 1553520427559 
512 700 182 1553520427576 
512 700 184 1553520427593 
512 700 189 1553520427610 
512 700 197 1553520427626 
512 698 203 1553520427643 
512 698 208 1553520427659 
512 698 211 1553520427676 
512 698 212 1553520427693 
512 698 213 1553520427709 
512 699 213 1553520427826 
512 699 211 1553520427844 
513 699 211 1553520427929 
514 699 211 1553520428053 
512 701 213 1553520428210 
512 716 227 1553520428227 
512 744 241 1553520428243 
512 795 261 1553520428260 
512 824 278 1553520428277 
512 844 291 1553520428293 
512 908 340 1553520428311 
512 965 390 1553520428327 
512 970 399 1553520428343 
512 979 413 1553520428360 
512 976 415 1553520428410 
512 971 416 1553520428427 
512 964 417 1553520428444 
512 963 417 1553520428460 
512 962 417 1553520428477 
512 961 417 1553520428494 
512 960 415 1553520428527 
512 950 401 1553520428544 
512 936 388 1553520428560 
512 921 378 1553520428577 
512 913 371 1553520428594 
512 912 368 1553520428610 
512 911 366 1553520428627 
512 911 365 1553520428695 
512 914 369 1553520428812 
512 918 371 1553520428827 
512 919 372 1553520428845 
512 920 372 1553520428877 
512 921 373 1553520428894 
512 922 374 1553520428912 
512 923 375 1553520428928 
512 925 376 1553520428945 
513 925 376 1553520429060 
514 925 376 1553520429216 
512 921 382 1553520429395 
512 903 401 1553520429412 
512 853 439 1553520429428 
512 824 460 1553520429446 
512 782 482 1553520429462 
512 735 502 1553520429479 
512 680 517 1553520429495 
512 624 540 1553520429511 
512 583 562 1553520429528 
512 577 569 1553520429545 
512 569 579 1553520429561 
512 560 590 1553520429578 
512 557 597 1553520429595 
512 556 603 1553520429611 
512 556 612 1553520429628 
512 556 615 1553520429646 
512 556 618 1553520429662 
512 556 621 1553520429679 
512 556 627 1553520429696 
512 556 633 1553520429713 
512 558 639 1553520429729 
512 561 647 1553520429746 
512 563 650 1553520429763 
512 564 650 1553520429779 
512 565 651 1553520429829 
512 565 653 1553520429846 
512 565 654 1553520429863 
512 564 654 1553520429946 
512 563 654 1553520429963 
512 561 653 1553520429980 
512 561 651 1553520429996 
512 557 644 1553520430012 
512 556 641 1553520430030 
512 555 640 1553520430046 
512 554 640 1553520430063 
513 554 640 1553520430109 
514 554 640 1553520430267 
512 555 640 1553520430330 
512 556 640 1553520430397 
512 558 635 1553520430430 
512 574 616 1553520430447 
512 591 599 1553520430463 
512 608 588 1553520430480 
512 627 581 1553520430497 
512 655 576 1553520430513 
512 691 577 1553520430530 
512 788 600 1553520430546 
512 829 618 1553520430563 
512 861 633 1553520430579 
512 883 645 1553520430596 
512 901 651 1553520430613 
512 913 652 1553520430630 
512 923 651 1553520430647 
512 926 650 1553520430663 
512 926 648 1553520430679 
512 926 647 1553520430697 
512 920 647 1553520430764 
512 906 651 1553520430780 
512 878 656 1553520430797 
512 851 659 1553520430814 
512 829 661 1553520430830 
512 819 661 1553520430847 
512 817 661 1553520430864 
512 818 660 1553520430881 
512 822 658 1553520430897 
512 825 658 1553520430914 
512 826 657 1553520430931 
512 828 657 1553520430947 
512 829 657 1553520430964 
512 830 656 1553520430981 
512 832 655 1553520430997 
512 833 654 1553520431014 
512 834 654 1553520431097 
512 834 653 1553520431131 
512 834 652 1553520431147 
512 834 651 1553520431164 
512 834 650 1553520431181 
512 834 649 1553520431198 
513 834 649 1553520431301 
512 835 649 1553520431331 
514 835 649 1553520431463 
512 835 649 1553520431465 
512 835 648 1553520431615 
512 836 647 1553520431631 
512 837 646 1553520431648 
512 840 638 1553520431665 
512 842 628 1553520431680 
512 844 614 1553520431697 
512 848 594 1553520431714 
512 855 566 1553520431730 
512 863 531 1553520431747 
512 875 484 1553520431764 
512 884 452 1553520431780 
512 897 425 1553520431797 
512 903 414 1553520431814 
512 908 406 1553520431832 
512 909 401 1553520431848 
512 910 400 1553520431864 
512 910 399 1553520431882 
512 911 399 1553520431998 
512 919 396 1553520432014 
512 926 392 1553520432032 
512 931 387 1553520432048 
512 934 384 1553520432065 
512 934 383 1553520432082 
512 935 382 1553520432099 
512 936 381 1553520432115 
512 936 379 1553520432132 
512 936 378 1553520432165 
512 936 377 1553520432199 
512 935 377 1553520432215 
512 934 376 1553520432232 
512 932 375 1553520432248 
512 930 375 1553520432265 
512 929 375 1553520432315 
512 928 375 1553520432331 
512 927 375 1553520432348 
513 927 375 1553520432351 
514 927 375 1553520432505 
512 926 375 1553520432549 
512 925 375 1553520432683 
512 920 376 1553520432699 
512 916 378 1553520432716 
512 907 382 1553520432733 
512 890 388 1553520432749 
512 868 391 1553520432766 
512 837 390 1553520432783 
512 784 383 1553520432799 
512 668 366 1553520432816 
512 590 366 1553520432833 
512 539 365 1553520432849 
512 512 367 1553520432866 
512 500 369 1553520432883 
512 498 370 1553520432899 
512 498 371 1553520432983 
512 495 374 1553520433100 
512 489 375 1553520433116 
512 479 376 1553520433133 
512 469 376 1553520433149 
512 459 376 1553520433165 
512 455 375 1553520433182 
512 454 375 1553520433199 
512 453 375 1553520433282 
512 454 375 1553520433449 
512 456 375 1553520433466 
512 457 375 1553520433482 
512 458 375 1553520433500 
512 459 375 1553520433516 
512 460 375 1553520433533 
513 460 375 1553520433648 
512 461 375 1553520433699 
512 462 375 1553520433750 
514 462 375 1553520433765 
512 462 375 1553520433767 
512 463 375 1553520433817 
512 464 375 1553520433834 
512 465 375 1553520433867 
512 467 375 1553520433884 
512 470 376 1553520433901 
512 471 377 1553520433917 
512 472 377 1553520433934 
512 473 377 1553520434001 
512 474 377 1553520434017 
512 475 378 1553520434031 
513 475 378 1553520434032 
512 477 378 1553520434051 
512 474 378 1553520434183 
512 474 379 1553520434190 
514 474 379 1553520434191 
512 474 379 1553520434201 
512 474 380 1553520434401 
512 474 382 1553520434418 
512 478 397 1553520434434 
512 486 415 1553520434451 
512 500 437 1553520434468 
512 522 466 1553520434485 
512 549 503 1553520434501 
512 576 555 1553520434518 
512 580 580 1553520434535 
512 582 600 1553520434551 
512 583 609 1553520434568 
512 583 615 1553520434585 
512 580 619 1553520434601 
512 571 624 1553520434618 
512 559 628 1553520434635 
512 555 630 1553520434651 
512 553 631 1553520434668 
512 553 632 1553520434768 
512 553 633 1553520434851 
512 553 637 1553520434868 
512 553 638 1553520434885 
512 553 639 1553520434902 
512 555 642 1553520434968 
513 555 642 1553520435085 
514 555 642 1553520435256 
512 556 642 1553520435402 
512 568 629 1553520435419 
512 589 609 1553520435435 
512 610 588 1553520435452 
512 633 561 1553520435468 
512 667 522 1553520435485 
512 699 486 1553520435502 
512 719 449 1553520435519 
512 729 415 1553520435536 
512 735 378 1553520435551 
512 727 344 1553520435569 
512 718 325 1553520435585 
512 711 310 1553520435602 
512 707 298 1553520435619 
512 704 292 1553520435635 
512 701 288 1553520435652 
512 699 284 1553520435669 
512 699 282 1553520435686 
512 698 281 1553520435719 
512 698 279 1553520435752 
512 698 278 1553520435768 
512 699 275 1553520435785 
512 701 269 1553520435801 
512 703 264 1553520435818 
512 703 259 1553520435835 
512 703 254 1553520435853 
512 701 246 1553520435869 
512 700 237 1553520435885 
512 699 233 1553520435902 
512 699 232 1553520435936 
512 699 230 1553520435953 
512 699 229 1553520435968 
512 699 227 1553520435985 
512 699 226 1553520436002 
512 699 224 1553520436019 
512 699 223 1553520436053 
512 700 222 1553520436069 
512 700 220 1553520436086 
512 700 218 1553520436103 
512 700 217 1553520436120 
512 700 216 1553520436153 
512 700 215 1553520436170 
512 700 214 1553520436186 
513 700 214 1553520436237 
512 699 215 1553520436398 
514 699 215 1553520436399 
