512 700 207 1553520541745 
512 702 210 1553520541762 
512 705 218 1553520541778 
512 710 226 1553520541795 
512 719 241 1553520541811 
512 724 251 1553520541828 
512 743 279 1553520541845 
512 768 320 1553520541861 
512 806 390 1553520541878 
512 824 429 1553520541896 
512 837 465 1553520541912 
512 846 490 1553520541929 
512 853 509 1553520541946 
512 860 528 1553520541962 
512 868 551 1553520541979 
512 869 559 1553520541996 
512 868 567 1553520542012 
512 864 578 1553520542029 
512 858 589 1553520542046 
512 853 595 1553520542062 
512 849 598 1553520542078 
512 844 599 1553520542096 
512 837 602 1553520542111 
512 833 607 1553520542129 
512 829 612 1553520542145 
512 828 615 1553520542163 
512 828 616 1553520542178 
512 829 620 1553520542195 
512 834 624 1553520542213 
512 837 626 1553520542229 
512 838 627 1553520542246 
512 839 627 1553520542263 
512 839 628 1553520542313 
512 839 630 1553520542329 
512 839 631 1553520542346 
512 839 633 1553520542379 
512 839 634 1553520542396 
512 839 635 1553520542429 
512 839 636 1553520542446 
512 839 637 1553520542463 
512 839 638 1553520542480 
512 839 639 1553520542496 
512 840 639 1553520542580 
513 840 639 1553520542595 
512 841 640 1553520542646 
514 841 640 1553520542765 
512 841 640 1553520542780 
512 841 639 1553520542847 
512 839 634 1553520542863 
512 838 632 1553520542880 
512 838 623 1553520542897 
512 838 608 1553520542913 
512 840 565 1553520542930 
512 842 525 1553520542947 
512 842 508 1553520542963 
512 839 455 1553520542980 
512 812 381 1553520542997 
512 795 364 1553520543013 
512 786 360 1553520543030 
512 749 353 1553520543047 
512 737 353 1553520543064 
512 687 359 1553520543080 
512 654 366 1553520543097 
512 630 376 1553520543114 
512 614 384 1553520543130 
512 601 388 1553520543147 
512 593 389 1553520543164 
512 583 383 1553520543180 
512 579 379 1553520543196 
512 564 369 1553520543214 
512 556 363 1553520543230 
512 546 360 1553520543246 
512 539 360 1553520543264 
512 528 360 1553520543279 
512 524 360 1553520543296 
512 514 362 1553520543313 
512 502 365 1553520543330 
512 500 366 1553520543346 
512 499 368 1553520543363 
512 497 370 1553520543396 
512 495 372 1553520543413 
512 495 373 1553520543431 
512 493 375 1553520543446 
512 491 378 1553520543464 
512 490 378 1553520543480 
512 488 379 1553520543496 
512 487 380 1553520543513 
512 486 380 1553520543530 
512 485 380 1553520543546 
512 484 380 1553520543563 
512 481 378 1553520543580 
512 480 377 1553520543596 
512 479 377 1553520543613 
512 478 376 1553520543697 
512 477 376 1553520543713 
513 477 376 1553520543783 
514 477 376 1553520543944 
512 491 379 1553520544015 
512 527 390 1553520544031 
512 551 397 1553520544048 
512 570 403 1553520544065 
512 587 407 1553520544080 
512 597 408 1553520544098 
512 603 409 1553520544115 
512 611 409 1553520544131 
512 617 409 1553520544148 
512 627 409 1553520544165 
512 639 408 1553520544181 
512 657 401 1553520544198 
512 675 385 1553520544215 
512 687 366 1553520544231 
512 695 346 1553520544248 
512 701 320 1553520544265 
512 704 300 1553520544282 
512 707 281 1553520544298 
512 710 256 1553520544315 
512 712 239 1553520544332 
512 712 229 1553520544348 
512 712 222 1553520544365 
512 712 221 1553520544382 
512 710 221 1553520544398 
512 709 222 1553520544448 
512 708 223 1553520544465 
512 707 223 1553520544564 
512 703 213 1553520544599 
512 701 207 1553520544616 
512 700 205 1553520544631 
512 699 203 1553520544649 
513 699 203 1553520544761 
512 698 205 1553520544894 
514 698 205 1553520544895 
512 698 205 1553520544899 
512 697 206 1553520544915 
512 696 209 1553520544932 
512 695 213 1553520544949 
512 695 214 1553520544966 
512 695 215 1553520544982 
512 695 217 1553520544999 
512 697 221 1553520545016 
512 702 227 1553520545032 
512 709 237 1553520545049 
512 716 252 1553520545066 
512 723 280 1553520545081 
512 728 298 1553520545098 
512 736 316 1553520545115 
512 747 333 1553520545131 
512 771 365 1553520545148 
512 792 392 1553520545166 
512 821 421 1553520545183 
512 853 444 1553520545199 
512 878 452 1553520545216 
512 901 452 1553520545233 
512 914 445 1553520545249 
512 915 441 1553520545266 
512 912 430 1553520545283 
512 907 421 1553520545299 
512 904 415 1553520545316 
512 902 410 1553520545333 
512 901 408 1553520545349 
512 899 399 1553520545366 
512 899 395 1553520545383 
512 899 390 1553520545399 
512 899 389 1553520545416 
512 899 388 1553520545433 
512 900 388 1553520545450 
512 901 386 1553520545466 
512 902 386 1553520545483 
512 905 384 1553520545500 
512 908 383 1553520545516 
512 911 382 1553520545533 
512 914 380 1553520545550 
512 915 379 1553520545566 
512 918 377 1553520545583 
512 920 376 1553520545600 
512 920 375 1553520545616 
512 921 375 1553520545633 
512 922 374 1553520545650 
512 922 373 1553520545666 
512 923 373 1553520545683 
513 923 373 1553520545747 
514 923 373 1553520545912 
512 922 374 1553520545983 
512 921 376 1553520546000 
512 919 378 1553520546017 
512 918 379 1553520546033 
512 917 384 1553520546050 
512 915 391 1553520546067 
512 914 395 1553520546083 
512 907 408 1553520546100 
512 899 420 1553520546117 
512 882 436 1553520546134 
512 863 451 1553520546149 
512 830 472 1553520546166 
512 807 485 1553520546184 
512 794 489 1553520546199 
512 742 515 1553520546216 
512 713 530 1553520546234 
512 699 538 1553520546249 
512 657 568 1553520546266 
512 632 587 1553520546283 
512 620 595 1553520546299 
512 614 601 1553520546317 
512 605 609 1553520546334 
512 599 616 1553520546350 
512 598 620 1553520546367 
512 595 627 1553520546384 
512 593 631 1553520546400 
512 591 634 1553520546417 
512 586 639 1553520546433 
512 583 641 1553520546451 
512 582 642 1553520546466 
512 581 643 1553520546501 
512 581 644 1553520546516 
512 579 644 1553520546533 
512 576 644 1553520546550 
512 573 644 1553520546566 
512 571 644 1553520546584 
512 568 644 1553520546601 
512 567 644 1553520546617 
512 566 644 1553520546634 
512 565 644 1553520546668 
512 564 644 1553520546733 
513 564 644 1553520546791 
512 564 643 1553520546883 
514 564 643 1553520546945 
512 564 643 1553520546951 
512 566 637 1553520547135 
512 567 632 1553520547151 
512 572 627 1553520547168 
512 601 616 1553520547185 
512 648 604 1553520547201 
512 676 602 1553520547218 
512 787 611 1553520547235 
512 830 619 1553520547251 
512 854 628 1553520547268 
512 876 638 1553520547285 
512 881 640 1553520547301 
512 882 640 1553520547318 
512 881 640 1553520547352 
512 878 639 1553520547368 
512 876 639 1553520547418 
512 875 639 1553520547435 
512 874 639 1553520547452 
512 862 640 1553520547468 
512 857 642 1553520547485 
512 853 645 1553520547502 
512 851 646 1553520547518 
512 849 648 1553520547535 
512 848 649 1553520547552 
512 847 649 1553520547569 
512 846 648 1553520547602 
512 844 647 1553520547619 
512 843 647 1553520547635 
512 842 647 1553520547652 
512 841 646 1553520547669 
512 840 646 1553520547769 
513 840 646 1553520547798 
514 840 646 1553520547954 
512 841 646 1553520548002 
512 842 646 1553520548169 
512 842 644 1553520548186 
512 844 639 1553520548202 
512 846 632 1553520548219 
512 852 613 1553520548235 
512 875 575 1553520548253 
512 891 525 1553520548269 
512 907 477 1553520548286 
512 930 418 1553520548303 
512 934 408 1553520548318 
512 935 399 1553520548335 
512 935 392 1553520548352 
512 932 383 1553520548368 
512 932 381 1553520548385 
512 930 376 1553520548403 
512 928 374 1553520548418 
512 928 372 1553520548435 
512 928 369 1553520548452 
512 927 367 1553520548468 
512 927 364 1553520548485 
512 927 360 1553520548502 
512 927 359 1553520548519 
512 927 363 1553520548769 
512 927 367 1553520548787 
512 927 368 1553520548802 
512 927 369 1553520548819 
512 927 371 1553520548837 
512 927 372 1553520548853 
512 927 374 1553520548870 
512 927 375 1553520548887 
513 927 375 1553520548964 
514 927 375 1553520549134 
512 926 375 1553520549320 
512 923 377 1553520549337 
512 916 381 1553520549354 
512 899 385 1553520549370 
512 876 390 1553520549387 
512 834 399 1553520549404 
512 778 407 1553520549421 
512 688 415 1553520549437 
512 605 415 1553520549454 
512 546 419 1553520549471 
512 471 419 1553520549487 
512 454 414 1553520549504 
512 447 411 1553520549520 
512 446 407 1553520549536 
512 446 399 1553520549553 
512 446 396 1553520549570 
512 446 394 1553520549587 
512 446 392 1553520549604 
512 446 391 1553520549621 
512 446 390 1553520549637 
512 446 388 1553520549654 
512 448 384 1553520549671 
512 449 382 1553520549687 
512 450 381 1553520549704 
512 451 381 1553520549721 
512 453 380 1553520549753 
512 454 380 1553520549770 
512 463 379 1553520549787 
512 466 379 1553520549803 
512 476 378 1553520549820 
512 477 378 1553520549837 
512 477 377 1553520550004 
512 475 377 1553520550121 
513 475 377 1553520550260 
514 475 377 1553520550408 
512 477 377 1553520550505 
512 487 377 1553520550522 
512 501 378 1553520550538 
512 516 380 1553520550555 
512 533 382 1553520550572 
512 567 382 1553520550588 
512 585 383 1553520550604 
512 602 385 1553520550622 
512 611 388 1553520550638 
512 614 389 1553520550655 
512 614 395 1553520550672 
512 607 403 1553520550689 
512 597 417 1553520550705 
512 583 436 1553520550722 
512 573 455 1553520550739 
512 566 475 1553520550755 
512 562 494 1553520550772 
512 561 513 1553520550789 
512 561 523 1553520550805 
512 561 560 1553520550822 
512 561 573 1553520550839 
512 563 585 1553520550855 
512 563 597 1553520550872 
512 563 606 1553520550889 
512 563 612 1553520550905 
512 566 627 1553520550922 
512 568 633 1553520550939 
512 569 639 1553520550956 
512 570 644 1553520550972 
512 570 649 1553520550989 
512 562 659 1553520551006 
512 559 662 1553520551022 
512 553 670 1553520551039 
512 546 676 1553520551056 
512 545 675 1553520551089 
512 543 670 1553520551107 
512 542 666 1553520551122 
512 541 660 1553520551138 
512 541 655 1553520551156 
512 543 651 1553520551172 
512 544 648 1553520551189 
512 548 642 1553520551206 
512 549 642 1553520551239 
512 550 642 1553520551256 
512 552 642 1553520551273 
512 553 643 1553520551289 
512 554 643 1553520551306 
512 555 643 1553520551322 
512 556 643 1553520551339 
512 558 643 1553520551356 
513 558 643 1553520551459 
512 557 643 1553520551593 
514 557 643 1553520551598 
512 557 643 1553520551606 
512 556 643 1553520551623 
512 558 640 1553520551823 
512 566 630 1553520551840 
512 579 611 1553520551856 
512 586 601 1553520551873 
512 604 553 1553520551890 
512 617 498 1553520551906 
512 623 440 1553520551923 
512 628 347 1553520551940 
512 630 325 1553520551957 
512 632 307 1553520551973 
512 632 293 1553520551990 
512 633 284 1553520552007 
512 634 279 1553520552023 
512 635 276 1553520552041 
512 636 276 1553520552057 
512 636 275 1553520552073 
512 637 275 1553520552090 
512 638 275 1553520552123 
512 639 274 1553520552140 
512 642 270 1553520552157 
512 647 264 1553520552173 
512 658 251 1553520552190 
512 665 244 1553520552208 
512 668 240 1553520552223 
512 679 229 1553520552240 
512 684 223 1553520552256 
512 688 219 1553520552273 
512 692 214 1553520552289 
512 693 214 1553520552306 
512 695 211 1553520552323 
512 695 210 1553520552340 
512 696 209 1553520552424 
512 697 209 1553520552457 
513 697 209 1553520552540 
514 697 209 1553520552677 
