512 695 208 1553543479874 
512 695 209 1553543479891 
512 695 211 1553543479908 
512 695 212 1553543479976 
512 695 217 1553543479992 
512 698 230 1553543480008 
512 701 247 1553543480025 
512 704 269 1553543480042 
512 709 299 1553543480060 
512 716 324 1553543480076 
512 720 335 1553543480092 
512 736 370 1553543480109 
512 745 397 1553543480126 
512 752 417 1553543480142 
512 755 437 1553543480159 
512 759 457 1553543480176 
512 761 478 1553543480192 
512 763 500 1553543480209 
512 772 530 1553543480226 
512 779 546 1553543480242 
512 789 558 1553543480259 
512 796 568 1553543480276 
512 803 575 1553543480292 
512 807 582 1553543480309 
512 812 589 1553543480326 
512 817 595 1553543480342 
512 822 602 1553543480359 
512 826 607 1553543480376 
512 829 611 1553543480392 
512 832 615 1553543480409 
512 833 616 1553543480426 
512 833 617 1553543480443 
512 834 619 1553543480460 
512 834 621 1553543480477 
512 836 627 1553543480493 
512 838 631 1553543480510 
512 839 636 1553543480527 
512 840 639 1553543480542 
512 841 639 1553543480559 
512 842 641 1553543480575 
512 842 642 1553543480593 
512 842 643 1553543480610 
512 842 644 1553543480627 
512 842 645 1553543480644 
513 842 645 1553543480762 
514 842 645 1553543480903 
512 842 644 1553543480909 
512 842 642 1553543480926 
512 842 641 1553543480943 
512 841 640 1553543480960 
512 841 638 1553543480976 
512 841 637 1553543480993 
512 841 635 1553543481010 
512 842 633 1553543481027 
512 842 629 1553543481043 
512 842 623 1553543481060 
512 843 614 1553543481076 
512 845 598 1553543481093 
512 847 575 1553543481110 
512 848 553 1553543481126 
512 844 535 1553543481143 
512 832 518 1553543481160 
512 813 510 1553543481178 
512 783 501 1553543481194 
512 738 489 1553543481211 
512 664 471 1553543481228 
512 546 443 1553543481244 
512 502 432 1553543481261 
512 487 426 1553543481278 
512 485 423 1553543481294 
512 485 421 1553543481310 
512 487 419 1553543481328 
512 490 414 1553543481345 
512 492 412 1553543481361 
512 493 410 1553543481378 
512 493 408 1553543481394 
512 493 406 1553543481411 
512 493 403 1553543481428 
512 493 400 1553543481445 
512 491 395 1553543481461 
512 482 383 1553543481478 
512 472 376 1553543481495 
512 464 370 1553543481511 
512 461 369 1553543481528 
512 460 368 1553543481545 
512 461 368 1553543481778 
512 462 368 1553543481795 
512 466 370 1553543481812 
512 467 371 1553543481828 
512 468 372 1553543481845 
512 469 373 1553543481862 
512 470 373 1553543481879 
512 471 373 1553543481945 
513 471 373 1553543482014 
514 471 373 1553543482177 
512 473 375 1553543482312 
512 476 378 1553543482329 
512 482 382 1553543482346 
512 490 387 1553543482362 
512 503 392 1553543482379 
512 530 399 1553543482396 
512 550 402 1553543482412 
512 566 404 1553543482429 
512 584 404 1553543482446 
512 604 398 1553543482462 
512 613 392 1553543482479 
512 659 344 1553543482496 
512 676 312 1553543482513 
512 689 291 1553543482529 
512 695 274 1553543482546 
512 697 261 1553543482563 
512 697 253 1553543482579 
512 696 248 1553543482596 
512 694 245 1553543482613 
512 693 244 1553543482629 
512 693 242 1553543482646 
512 693 237 1553543482662 
512 693 232 1553543482679 
512 693 227 1553543482696 
512 693 222 1553543482713 
512 691 218 1553543482729 
512 690 216 1553543482746 
512 689 215 1553543482762 
512 689 213 1553543482795 
512 689 212 1553543482812 
512 689 210 1553543482828 
512 690 209 1553543482846 
512 690 208 1553543482863 
512 690 207 1553543482879 
512 691 207 1553543482962 
512 691 206 1553543482980 
512 692 206 1553543482996 
512 693 206 1553543483030 
512 694 206 1553543483036 
513 694 206 1553543483037 
512 695 206 1553543483080 
512 696 206 1553543483113 
514 696 206 1553543483187 
512 696 206 1553543483196 
512 695 206 1553543483380 
512 695 208 1553543483413 
512 695 210 1553543483430 
512 699 218 1553543483447 
512 707 231 1553543483463 
512 723 248 1553543483480 
512 746 272 1553543483497 
512 796 319 1553543483514 
512 816 336 1553543483530 
512 881 381 1553543483547 
512 891 387 1553543483564 
512 892 387 1553543483580 
512 891 383 1553543483630 
512 890 380 1553543483647 
512 889 378 1553543483664 
512 889 377 1553543483681 
512 889 376 1553543483695 
512 889 374 1553543483712 
512 891 374 1553543483745 
512 893 374 1553543483762 
512 902 375 1553543483778 
512 904 377 1553543483795 
512 912 379 1553543483811 
512 914 381 1553543483828 
512 918 381 1553543483845 
512 919 381 1553543483861 
512 921 381 1553543483878 
512 923 381 1553543483895 
512 924 381 1553543483911 
512 925 381 1553543483928 
512 927 379 1553543483946 
512 928 378 1553543483962 
512 929 378 1553543483979 
512 930 376 1553543483995 
512 931 375 1553543484012 
512 931 374 1553543484029 
512 932 372 1553543484045 
513 932 372 1553543484120 
514 932 372 1553543484267 
512 931 372 1553543484295 
512 931 371 1553543484363 
512 930 371 1553543484379 
512 923 371 1553543484430 
512 916 376 1553543484446 
512 904 386 1553543484463 
512 886 404 1553543484480 
512 849 435 1553543484496 
512 810 461 1553543484513 
512 777 475 1553543484530 
512 751 488 1553543484546 
512 720 512 1553543484563 
512 703 531 1553543484580 
512 689 551 1553543484596 
512 684 561 1553543484613 
512 672 586 1553543484630 
512 659 611 1553543484646 
512 654 621 1553543484663 
512 646 636 1553543484680 
512 641 644 1553543484696 
512 636 650 1553543484713 
512 632 654 1553543484730 
512 628 657 1553543484747 
512 620 659 1553543484762 
512 595 668 1553543484779 
512 576 673 1553543484796 
512 560 675 1553543484812 
512 552 675 1553543484829 
512 550 675 1553543484846 
512 550 674 1553543484862 
512 550 673 1553543484897 
512 552 668 1553543484913 
512 553 666 1553543484930 
512 556 662 1553543484947 
512 559 660 1553543484963 
512 561 658 1553543484980 
512 562 657 1553543484997 
512 563 656 1553543485014 
512 566 654 1553543485030 
512 568 652 1553543485047 
512 568 651 1553543485064 
512 568 650 1553543485080 
512 567 649 1553543485097 
512 565 647 1553543485114 
512 564 646 1553543485130 
512 562 645 1553543485147 
512 561 644 1553543485164 
512 560 642 1553543485180 
512 559 642 1553543485197 
513 559 642 1553543485316 
514 559 642 1553543485471 
512 564 638 1553543485581 
512 581 625 1553543485597 
512 595 611 1553543485614 
512 609 591 1553543485631 
512 623 567 1553543485648 
512 637 545 1553543485664 
512 653 528 1553543485681 
512 673 511 1553543485698 
512 685 507 1553543485714 
512 694 507 1553543485731 
512 702 513 1553543485747 
512 708 520 1553543485763 
512 730 562 1553543485780 
512 741 599 1553543485797 
512 745 609 1553543485814 
512 756 631 1553543485831 
512 769 644 1553543485848 
512 781 652 1553543485864 
512 792 656 1553543485881 
512 798 657 1553543485898 
512 802 657 1553543485913 
512 807 656 1553543485930 
512 809 654 1553543485948 
512 810 654 1553543485965 
512 811 653 1553543485981 
512 813 652 1553543485998 
512 816 651 1553543486015 
512 821 649 1553543486031 
512 830 649 1553543486047 
512 832 650 1553543486064 
512 841 652 1553543486080 
512 844 652 1553543486098 
512 847 652 1553543486115 
512 848 652 1553543486131 
512 847 649 1553543486215 
512 847 648 1553543486231 
512 846 647 1553543486248 
512 846 646 1553543486265 
512 846 645 1553543486282 
512 845 643 1553543486315 
512 844 643 1553543486332 
512 843 642 1553543486348 
512 841 640 1553543486365 
512 840 639 1553543486382 
512 839 638 1553543486398 
513 839 638 1553543486469 
514 839 638 1553543486613 
512 839 636 1553543486699 
512 841 624 1553543486715 
512 847 600 1553543486732 
512 849 581 1553543486749 
512 851 560 1553543486764 
512 851 540 1553543486782 
512 849 518 1553543486798 
512 849 504 1553543486814 
512 851 494 1553543486832 
512 852 490 1553543486849 
512 856 484 1553543486865 
512 863 473 1553543486882 
512 872 459 1553543486899 
512 886 440 1553543486916 
512 902 420 1553543486932 
512 922 389 1553543486949 
512 930 381 1553543486965 
512 932 377 1553543486981 
512 934 373 1553543486998 
512 934 372 1553543487015 
512 934 371 1553543487031 
512 934 370 1553543487048 
512 934 369 1553543487065 
512 933 373 1553543487166 
512 932 375 1553543487183 
512 931 377 1553543487199 
512 930 378 1553543487216 
512 930 379 1553543487249 
512 929 379 1553543487333 
512 928 378 1553543487349 
512 926 376 1553543487366 
513 926 376 1553543487456 
514 926 376 1553543487573 
512 925 376 1553543487583 
512 924 377 1553543487600 
512 919 377 1553543487817 
512 834 398 1553543487833 
512 742 408 1553543487849 
512 657 409 1553543487866 
512 578 401 1553543487883 
512 524 394 1553543487900 
512 494 386 1553543487917 
512 480 384 1553543487933 
512 476 384 1553543487950 
512 475 384 1553543487967 
512 470 386 1553543487983 
512 462 387 1553543488000 
512 455 388 1553543488017 
512 452 389 1553543488034 
512 454 388 1553543488134 
512 460 383 1553543488150 
512 463 381 1553543488167 
512 464 380 1553543488184 
512 464 379 1553543488200 
512 465 379 1553543488317 
513 465 379 1553543488396 
512 466 379 1553543488451 
512 467 380 1553543488484 
512 468 380 1553543488517 
514 468 380 1553543488527 
512 468 380 1553543488534 
512 471 384 1553543488751 
512 483 394 1553543488767 
512 500 410 1553543488783 
512 519 429 1553543488800 
512 548 457 1553543488817 
512 585 495 1553543488833 
512 617 527 1553543488851 
512 643 564 1553543488867 
512 648 582 1553543488883 
512 647 596 1553543488900 
512 637 610 1553543488918 
512 625 620 1553543488934 
512 614 627 1553543488951 
512 607 629 1553543488968 
512 600 632 1553543488984 
512 591 639 1553543489000 
512 585 644 1553543489017 
512 581 647 1553543489033 
512 580 648 1553543489050 
512 579 650 1553543489151 
512 577 650 1553543489185 
512 575 650 1553543489201 
512 568 649 1553543489218 
512 565 647 1553543489235 
512 563 646 1553543489251 
512 562 645 1553543489268 
512 561 644 1553543489285 
512 560 644 1553543489318 
513 560 644 1553543489436 
514 560 644 1553543489559 
512 561 644 1553543489685 
512 562 644 1553543489702 
512 563 648 1553543489719 
512 567 655 1553543489735 
512 572 662 1553543489751 
512 581 671 1553543489771 
512 584 674 1553543489784 
512 595 676 1553543489801 
512 602 672 1553543489818 
512 609 665 1553543489835 
512 618 654 1553543489851 
512 627 636 1553543489868 
512 646 585 1553543489885 
512 652 557 1553543489901 
512 673 413 1553543489918 
512 692 336 1553543489935 
512 696 309 1553543489952 
512 700 294 1553543489969 
512 701 285 1553543489986 
512 703 277 1553543490002 
512 704 265 1553543490018 
512 705 257 1553543490035 
512 706 247 1553543490051 
512 706 235 1553543490068 
512 702 216 1553543490085 
512 698 202 1553543490102 
512 698 198 1553543490119 
512 698 196 1553543490135 
512 698 199 1553543490286 
512 698 203 1553543490303 
512 698 208 1553543490319 
512 698 212 1553543490336 
512 698 214 1553543490353 
512 698 215 1553543490369 
512 700 216 1553543490386 
512 701 216 1553543490403 
512 703 216 1553543490419 
512 704 216 1553543490453 
513 704 216 1553543490548 
514 704 216 1553543490693 
