512 696 219 1553606299034 
512 699 225 1553606299050 
512 706 239 1553606299067 
512 715 261 1553606299084 
512 723 289 1553606299100 
512 735 336 1553606299117 
512 769 419 1553606299134 
512 790 477 1553606299150 
512 802 518 1553606299167 
512 815 551 1553606299183 
512 824 570 1553606299200 
512 832 586 1553606299217 
512 838 594 1553606299234 
512 840 599 1553606299250 
512 842 606 1553606299267 
512 843 609 1553606299284 
512 845 614 1553606299300 
512 846 618 1553606299317 
512 847 620 1553606299333 
512 849 621 1553606299350 
512 846 622 1553606299401 
512 845 626 1553606299417 
512 842 633 1553606299434 
512 841 638 1553606299450 
512 840 642 1553606299468 
512 840 643 1553606299499 
512 840 644 1553606299549 
512 839 645 1553606299566 
512 839 646 1553606299583 
513 839 646 1553606299679 
514 839 646 1553606299787 
512 839 644 1553606299934 
512 837 636 1553606299952 
512 834 626 1553606299968 
512 831 615 1553606299984 
512 822 597 1553606300001 
512 802 575 1553606300018 
512 773 552 1553606300034 
512 719 521 1553606300051 
512 586 471 1553606300068 
512 505 448 1553606300084 
512 462 438 1553606300101 
512 447 432 1553606300118 
512 446 431 1553606300135 
512 449 427 1553606300168 
512 454 424 1553606300185 
512 458 423 1553606300202 
512 460 419 1553606300218 
512 463 414 1553606300234 
512 464 411 1553606300251 
512 465 409 1553606300268 
512 469 405 1553606300285 
512 482 400 1553606300301 
512 491 395 1553606300318 
512 494 392 1553606300335 
512 495 388 1553606300351 
512 494 384 1553606300368 
512 492 381 1553606300384 
512 487 378 1553606300401 
512 479 372 1553606300417 
512 478 372 1553606300434 
512 478 371 1553606300500 
512 476 370 1553606300517 
512 474 369 1553606300534 
512 471 367 1553606300550 
512 469 367 1553606300567 
512 468 367 1553606300635 
512 468 369 1553606300717 
512 469 370 1553606300736 
512 469 371 1553606300752 
512 471 372 1553606300769 
512 471 373 1553606300786 
512 471 374 1553606300802 
513 471 374 1553606300906 
514 471 374 1553606301015 
512 475 374 1553606301153 
512 487 374 1553606301169 
512 520 378 1553606301186 
512 546 384 1553606301203 
512 575 385 1553606301219 
512 606 385 1553606301236 
512 629 385 1553606301253 
512 645 381 1553606301269 
512 652 374 1553606301286 
512 660 357 1553606301303 
512 670 318 1553606301319 
512 673 286 1553606301336 
512 671 245 1553606301353 
512 668 224 1553606301369 
512 666 215 1553606301386 
512 666 214 1553606301402 
512 666 213 1553606301418 
512 668 213 1553606301534 
512 675 214 1553606301553 
512 680 215 1553606301569 
512 686 216 1553606301585 
512 691 216 1553606301603 
512 694 216 1553606301620 
512 696 216 1553606301637 
512 698 215 1553606301653 
512 699 214 1553606301670 
512 699 213 1553606301687 
512 700 212 1553606301752 
512 700 211 1553606301786 
512 700 210 1553606301802 
513 700 210 1553606301877 
514 700 210 1553606301988 
512 702 212 1553606302137 
512 710 218 1553606302153 
512 722 228 1553606302170 
512 736 239 1553606302187 
512 766 273 1553606302204 
512 779 290 1553606302220 
512 822 352 1553606302237 
512 865 389 1553606302253 
512 901 406 1553606302270 
512 923 410 1553606302287 
512 936 409 1553606302304 
512 940 405 1553606302321 
512 942 398 1553606302337 
512 942 394 1553606302353 
512 942 388 1553606302370 
512 941 382 1553606302386 
512 940 378 1553606302403 
512 940 376 1553606302420 
512 940 375 1553606302436 
512 939 375 1553606302588 
512 937 376 1553606302603 
512 936 376 1553606302620 
512 935 377 1553606302654 
512 933 377 1553606302671 
512 931 378 1553606302688 
512 930 378 1553606302704 
513 930 378 1553606302844 
514 930 378 1553606302961 
512 929 379 1553606303105 
512 915 398 1553606303122 
512 896 420 1553606303138 
512 873 452 1553606303155 
512 852 477 1553606303171 
512 834 493 1553606303188 
512 815 504 1553606303205 
512 784 519 1553606303222 
512 765 530 1553606303238 
512 749 539 1553606303255 
512 734 546 1553606303272 
512 715 555 1553606303288 
512 698 563 1553606303305 
512 683 570 1553606303322 
512 676 576 1553606303339 
512 668 580 1553606303355 
512 664 582 1553606303372 
512 657 586 1553606303388 
512 650 591 1553606303405 
512 643 599 1553606303422 
512 638 604 1553606303439 
512 627 614 1553606303455 
512 623 617 1553606303471 
512 608 629 1553606303487 
512 599 634 1553606303503 
512 593 635 1553606303520 
512 589 636 1553606303537 
512 587 637 1553606303555 
512 585 639 1553606303572 
512 584 642 1553606303587 
512 583 644 1553606303604 
512 581 645 1553606303621 
512 580 646 1553606303637 
512 578 647 1553606303656 
512 576 647 1553606303672 
512 564 648 1553606303688 
512 555 649 1553606303704 
512 551 649 1553606303721 
512 549 649 1553606303738 
512 550 649 1553606303939 
512 551 649 1553606303956 
512 552 649 1553606303972 
512 554 649 1553606303989 
512 555 649 1553606304006 
512 557 649 1553606304023 
512 557 648 1553606304039 
512 558 648 1553606304072 
513 558 648 1553606304134 
512 558 647 1553606304271 
514 558 647 1553606304272 
512 558 647 1553606304273 
512 558 645 1553606304323 
512 559 639 1553606304339 
512 562 637 1553606304356 
512 575 619 1553606304373 
512 583 604 1553606304389 
512 593 584 1553606304406 
512 602 562 1553606304423 
512 610 545 1553606304440 
512 613 538 1553606304455 
512 623 523 1553606304472 
512 630 515 1553606304489 
512 647 503 1553606304505 
512 663 497 1553606304521 
512 680 496 1553606304538 
512 694 500 1553606304555 
512 707 514 1553606304571 
512 725 538 1553606304588 
512 757 583 1553606304606 
512 775 606 1553606304623 
512 789 622 1553606304639 
512 797 631 1553606304656 
512 802 637 1553606304673 
512 804 640 1553606304689 
512 805 640 1553606304757 
512 807 638 1553606304773 
512 810 636 1553606304790 
512 813 634 1553606304807 
512 815 634 1553606304823 
512 819 634 1553606304840 
512 821 635 1553606304856 
512 824 636 1553606304873 
512 828 638 1553606304890 
512 832 640 1553606304906 
512 836 642 1553606304923 
512 839 643 1553606304940 
513 839 643 1553606305095 
514 839 643 1553606305219 
512 844 640 1553606305423 
512 853 630 1553606305440 
512 866 615 1553606305457 
512 886 592 1553606305472 
512 916 550 1553606305489 
512 945 503 1553606305506 
512 989 445 1553606305523 
512 1000 427 1553606305539 
512 1003 410 1553606305556 
512 1003 401 1553606305573 
512 993 371 1553606305590 
512 977 348 1553606305607 
512 970 342 1553606305624 
512 965 339 1553606305641 
512 963 338 1553606305657 
512 962 338 1553606305691 
512 957 340 1553606305758 
512 949 347 1553606305774 
512 944 354 1553606305791 
512 942 359 1553606305807 
512 941 363 1553606305824 
512 941 365 1553606305841 
512 940 365 1553606305958 
512 939 366 1553606305991 
512 937 367 1553606306008 
512 934 370 1553606306024 
512 933 371 1553606306041 
512 929 374 1553606306058 
512 928 375 1553606306074 
512 927 377 1553606306091 
512 926 378 1553606306108 
512 924 379 1553606306124 
512 923 380 1553606306141 
513 923 380 1553606306232 
514 923 380 1553606306361 
512 920 381 1553606306508 
512 911 383 1553606306525 
512 884 384 1553606306542 
512 849 381 1553606306558 
512 800 372 1553606306575 
512 751 367 1553606306592 
512 707 371 1553606306608 
512 638 373 1553606306625 
512 604 378 1553606306642 
512 580 387 1553606306658 
512 561 393 1553606306675 
512 551 396 1553606306692 
512 545 398 1553606306708 
512 539 398 1553606306725 
512 535 398 1553606306742 
512 531 398 1553606306758 
512 531 397 1553606306808 
512 531 396 1553606306825 
512 531 395 1553606306842 
512 530 392 1553606306859 
512 524 388 1553606306875 
512 516 386 1553606306892 
512 505 384 1553606306909 
512 491 384 1553606306925 
512 486 383 1553606306942 
512 483 383 1553606306959 
512 482 383 1553606306975 
512 482 381 1553606307192 
512 480 380 1553606307209 
512 478 380 1553606307225 
512 477 380 1553606307242 
512 476 380 1553606307327 
513 476 380 1553606307373 
512 476 379 1553606307504 
514 476 379 1553606307505 
512 476 379 1553606307508 
512 481 379 1553606307626 
512 489 381 1553606307642 
512 504 386 1553606307659 
512 510 389 1553606307676 
512 519 391 1553606307692 
512 531 394 1553606307709 
512 544 401 1553606307726 
512 557 409 1553606307742 
512 566 421 1553606307759 
512 575 437 1553606307776 
512 582 468 1553606307792 
512 582 493 1553606307809 
512 581 517 1553606307826 
512 580 539 1553606307843 
512 578 557 1553606307860 
512 576 574 1553606307876 
512 571 595 1553606307893 
512 570 602 1553606307909 
512 568 608 1553606307926 
512 567 614 1553606307943 
512 567 619 1553606307959 
512 567 625 1553606307976 
512 567 631 1553606307993 
512 567 635 1553606308010 
512 568 636 1553606308026 
512 568 637 1553606308043 
512 568 638 1553606308060 
512 568 640 1553606308076 
512 566 641 1553606308093 
512 564 643 1553606308110 
512 563 643 1553606308210 
512 561 643 1553606308227 
512 560 644 1553606308293 
513 560 644 1553606308375 
514 560 644 1553606308537 
512 561 642 1553606308677 
512 563 638 1553606308694 
512 567 630 1553606308710 
512 577 616 1553606308727 
512 592 593 1553606308744 
512 616 554 1553606308761 
512 642 503 1553606308777 
512 667 435 1553606308794 
512 695 335 1553606308811 
512 712 289 1553606308827 
512 724 254 1553606308844 
512 730 231 1553606308861 
512 732 213 1553606308877 
512 733 199 1553606308894 
512 733 194 1553606308911 
512 734 190 1553606308928 
512 734 189 1553606308961 
512 723 192 1553606309061 
512 717 196 1553606309078 
512 714 199 1553606309094 
512 713 201 1553606309111 
512 712 203 1553606309128 
512 712 204 1553606309144 
512 712 206 1553606309161 
512 711 206 1553606309261 
512 708 206 1553606309278 
512 702 207 1553606309295 
512 695 210 1553606309311 
512 692 211 1553606309328 
512 689 213 1553606309344 
512 688 213 1553606309360 
512 690 213 1553606309511 
512 691 213 1553606309528 
512 692 213 1553606309545 
512 693 213 1553606309561 
512 694 212 1553606309578 
512 695 212 1553606309594 
512 696 212 1553606309611 
513 696 212 1553606309675 
514 696 212 1553606309813 
