512 706 230 1553606310045 
512 729 274 1553606310062 
512 756 330 1553606310079 
512 790 395 1553606310095 
512 833 454 1553606310112 
512 876 503 1553606310129 
512 902 538 1553606310146 
512 923 563 1553606310162 
512 940 586 1553606310179 
512 944 592 1553606310196 
512 945 594 1553606310212 
512 945 595 1553606310229 
512 942 596 1553606310262 
512 918 602 1553606310279 
512 900 609 1553606310296 
512 882 614 1553606310312 
512 868 620 1553606310329 
512 856 625 1553606310346 
512 844 630 1553606310362 
512 830 637 1553606310379 
512 825 638 1553606310396 
512 824 639 1553606310412 
512 824 640 1553606310446 
512 824 641 1553606310462 
512 824 642 1553606310495 
512 826 642 1553606310546 
512 827 642 1553606310563 
512 828 642 1553606310579 
512 830 642 1553606310596 
512 831 642 1553606310613 
512 833 642 1553606310629 
512 834 642 1553606310646 
512 835 642 1553606310680 
512 835 643 1553606310696 
512 836 643 1553606310712 
513 836 643 1553606310801 
512 837 643 1553606310830 
512 839 645 1553606310863 
514 839 645 1553606310948 
512 839 645 1553606310963 
512 839 640 1553606311063 
512 841 635 1553606311080 
512 841 627 1553606311097 
512 843 616 1553606311113 
512 844 599 1553606311130 
512 842 577 1553606311147 
512 838 556 1553606311164 
512 832 535 1553606311180 
512 815 504 1553606311197 
512 793 488 1553606311214 
512 768 479 1553606311230 
512 733 471 1553606311247 
512 680 463 1553606311263 
512 634 460 1553606311280 
512 597 461 1553606311297 
512 587 462 1553606311314 
512 585 462 1553606311330 
512 584 459 1553606311362 
512 584 453 1553606311379 
512 580 445 1553606311397 
512 560 429 1553606311414 
512 540 420 1553606311430 
512 520 414 1553606311447 
512 503 408 1553606311463 
512 492 403 1553606311479 
512 489 399 1553606311496 
512 488 397 1553606311512 
512 487 394 1553606311529 
512 486 393 1553606311547 
512 485 392 1553606311580 
512 484 391 1553606311597 
512 482 390 1553606311614 
512 482 387 1553606311631 
512 480 380 1553606311647 
512 478 379 1553606311664 
512 477 378 1553606311680 
512 476 378 1553606311697 
512 475 378 1553606311714 
512 473 378 1553606311780 
512 472 378 1553606311797 
513 472 378 1553606311866 
514 472 378 1553606311989 
512 473 379 1553606312148 
512 479 381 1553606312165 
512 489 383 1553606312181 
512 505 385 1553606312198 
512 521 386 1553606312215 
512 534 386 1553606312231 
512 547 382 1553606312248 
512 564 375 1553606312265 
512 582 364 1553606312282 
512 601 348 1553606312298 
512 619 329 1553606312315 
512 648 301 1553606312332 
512 667 286 1553606312347 
512 681 274 1553606312364 
512 685 266 1553606312382 
512 687 263 1553606312398 
512 688 261 1553606312449 
512 689 258 1553606312464 
512 689 255 1553606312480 
512 690 254 1553606312497 
512 692 251 1553606312513 
512 694 248 1553606312530 
512 695 244 1553606312546 
512 698 236 1553606312565 
512 701 229 1553606312582 
512 701 225 1553606312599 
512 702 220 1553606312615 
512 703 219 1553606312632 
512 703 218 1553606312649 
512 703 216 1553606312665 
512 703 214 1553606312699 
512 703 213 1553606312715 
512 703 212 1553606312749 
512 703 211 1553606312765 
512 703 210 1553606312782 
513 703 210 1553606312821 
514 703 210 1553606312955 
512 703 211 1553606313084 
512 704 214 1553606313099 
512 706 218 1553606313116 
512 708 221 1553606313132 
512 711 225 1553606313148 
512 715 230 1553606313166 
512 724 238 1553606313183 
512 740 256 1553606313199 
512 771 289 1553606313216 
512 810 323 1553606313233 
512 857 347 1553606313249 
512 879 357 1553606313266 
512 897 366 1553606313283 
512 909 371 1553606313299 
512 911 372 1553606313316 
512 913 372 1553606313332 
512 917 372 1553606313399 
512 920 373 1553606313416 
512 923 374 1553606313432 
512 931 377 1553606313449 
512 933 378 1553606313465 
512 934 379 1553606313482 
512 935 379 1553606313498 
512 934 378 1553606313633 
512 933 377 1553606313650 
512 931 376 1553606313667 
513 931 376 1553606313770 
514 931 376 1553606313923 
512 927 383 1553606314117 
512 914 403 1553606314134 
512 897 419 1553606314150 
512 873 439 1553606314167 
512 846 460 1553606314184 
512 826 478 1553606314200 
512 805 491 1553606314217 
512 784 505 1553606314234 
512 762 521 1553606314251 
512 720 550 1553606314267 
512 699 564 1553606314284 
512 678 577 1553606314300 
512 658 588 1553606314317 
512 633 595 1553606314334 
512 612 602 1553606314350 
512 592 610 1553606314366 
512 573 617 1553606314383 
512 568 619 1553606314400 
512 565 622 1553606314416 
512 562 626 1553606314433 
512 560 631 1553606314450 
512 560 636 1553606314466 
512 560 641 1553606314483 
512 561 642 1553606314500 
512 562 643 1553606314517 
512 563 643 1553606314534 
512 564 643 1553606314551 
512 565 643 1553606314567 
512 565 644 1553606314618 
512 565 645 1553606314651 
512 564 645 1553606314734 
513 564 645 1553606314773 
512 563 645 1553606314818 
512 562 645 1553606314851 
512 561 645 1553606314868 
514 561 645 1553606314894 
512 561 645 1553606314901 
512 561 644 1553606315085 
512 566 638 1553606315101 
512 575 631 1553606315118 
512 588 628 1553606315135 
512 619 628 1553606315151 
512 652 632 1553606315168 
512 705 641 1553606315185 
512 767 651 1553606315201 
512 822 664 1553606315218 
512 850 671 1553606315235 
512 865 671 1553606315252 
512 870 671 1553606315268 
512 871 671 1553606315285 
512 870 668 1553606315301 
512 866 666 1553606315318 
512 864 665 1553606315335 
512 863 664 1553606315350 
512 862 664 1553606315367 
512 861 662 1553606315384 
512 859 661 1553606315401 
512 858 661 1553606315418 
512 857 661 1553606315435 
512 856 661 1553606315452 
512 855 661 1553606315467 
512 854 661 1553606315484 
512 852 661 1553606315500 
512 851 660 1553606315517 
512 848 657 1553606315533 
512 844 653 1553606315551 
512 840 650 1553606315569 
512 835 647 1553606315585 
512 833 647 1553606315602 
512 833 646 1553606315652 
512 833 645 1553606315752 
512 835 645 1553606315769 
512 836 645 1553606315802 
512 837 645 1553606315819 
512 839 645 1553606315836 
512 840 644 1553606315852 
512 841 644 1553606315869 
513 841 644 1553606315925 
514 841 644 1553606316053 
512 841 641 1553606316169 
512 839 636 1553606316186 
512 838 631 1553606316202 
512 838 625 1553606316219 
512 838 619 1553606316236 
512 841 613 1553606316253 
512 848 606 1553606316269 
512 861 593 1553606316286 
512 878 580 1553606316303 
512 909 555 1553606316319 
512 930 536 1553606316336 
512 947 517 1553606316353 
512 957 495 1553606316368 
512 963 481 1553606316385 
512 964 472 1553606316402 
512 956 461 1553606316419 
512 945 453 1553606316436 
512 933 445 1553606316452 
512 921 439 1553606316469 
512 911 436 1553606316485 
512 904 435 1553606316502 
512 900 433 1553606316519 
512 900 431 1553606316569 
512 902 430 1553606316586 
512 903 428 1553606316603 
512 907 424 1553606316620 
512 913 418 1553606316637 
512 925 407 1553606316653 
512 931 399 1553606316670 
512 933 395 1553606316686 
512 935 391 1553606316703 
512 935 388 1553606316719 
512 936 386 1553606316736 
512 936 383 1553606316753 
512 936 382 1553606316769 
512 936 381 1553606316803 
512 936 380 1553606316820 
512 937 379 1553606316837 
512 937 377 1553606316853 
512 936 377 1553606317004 
512 935 377 1553606317020 
512 934 377 1553606317053 
512 933 377 1553606317087 
512 932 377 1553606317104 
513 932 377 1553606317141 
514 932 377 1553606317289 
512 907 395 1553606317438 
512 851 433 1553606317453 
512 826 449 1553606317470 
512 813 453 1553606317486 
512 795 456 1553606317502 
512 761 458 1553606317519 
512 631 471 1553606317537 
512 552 468 1553606317554 
512 492 462 1553606317570 
512 469 457 1553606317587 
512 461 452 1553606317603 
512 458 447 1553606317620 
512 457 444 1553606317637 
512 458 439 1553606317653 
512 467 424 1553606317670 
512 470 418 1553606317687 
512 479 401 1553606317703 
512 480 399 1553606317720 
512 480 397 1553606317737 
512 480 396 1553606317754 
512 481 394 1553606317771 
512 483 392 1553606317788 
512 484 391 1553606317804 
512 484 390 1553606317821 
512 484 388 1553606317888 
512 483 387 1553606317904 
512 481 385 1553606317921 
512 479 384 1553606317938 
512 478 383 1553606317955 
512 477 382 1553606317971 
512 477 381 1553606318004 
512 477 380 1553606318021 
513 477 380 1553606318117 
514 477 380 1553606318260 
512 480 383 1553606318422 
512 496 397 1553606318439 
512 512 413 1553606318455 
512 535 442 1553606318470 
512 557 467 1553606318487 
512 580 490 1553606318505 
512 597 509 1553606318522 
512 609 528 1553606318538 
512 617 554 1553606318556 
512 617 570 1553606318572 
512 610 584 1553606318588 
512 601 596 1553606318605 
512 588 605 1553606318622 
512 577 613 1553606318638 
512 567 619 1553606318655 
512 560 625 1553606318672 
512 552 631 1553606318688 
512 551 632 1553606318705 
512 551 634 1553606318738 
512 551 635 1553606318755 
512 551 640 1553606318772 
512 551 644 1553606318788 
512 551 647 1553606318805 
512 551 649 1553606318822 
512 552 649 1553606318972 
512 553 649 1553606318989 
512 554 649 1553606319006 
512 556 649 1553606319039 
512 557 649 1553606319056 
512 558 649 1553606319072 
512 559 649 1553606319089 
513 559 649 1553606319161 
514 559 649 1553606319300 
512 559 648 1553606319372 
512 560 646 1553606319389 
512 563 640 1553606319406 
512 569 633 1553606319422 
512 575 624 1553606319439 
512 580 617 1553606319455 
512 585 610 1553606319472 
512 594 598 1553606319488 
512 598 592 1553606319504 
512 615 572 1553606319521 
512 628 553 1553606319538 
512 642 525 1553606319555 
512 651 500 1553606319573 
512 662 462 1553606319590 
512 666 435 1553606319606 
512 664 409 1553606319608 
512 658 386 1553606319624 
512 654 367 1553606319641 
512 653 352 1553606319658 
512 653 338 1553606319674 
512 654 326 1553606319691 
512 659 311 1553606319708 
512 661 308 1553606319725 
512 663 301 1553606319741 
512 665 297 1553606319758 
512 672 290 1553606319775 
512 679 280 1553606319791 
512 689 262 1553606319808 
512 693 256 1553606319825 
512 694 252 1553606319841 
512 696 248 1553606319858 
512 697 243 1553606319875 
512 700 232 1553606319892 
512 702 216 1553606319908 
512 702 211 1553606319925 
512 701 208 1553606319941 
512 700 207 1553606319958 
513 700 207 1553606320146 
514 700 207 1553606320289 
