512 696 218 1553626888735 
512 701 234 1553626888752 
512 714 261 1553626888771 
512 730 283 1553626888785 
512 752 318 1553626888802 
512 779 361 1553626888819 
512 809 416 1553626888836 
512 831 461 1553626888851 
512 851 518 1553626888869 
512 861 548 1553626888886 
512 867 565 1553626888902 
512 870 578 1553626888919 
512 870 589 1553626888936 
512 871 600 1553626888952 
512 870 617 1553626888969 
512 868 627 1553626888986 
512 868 633 1553626889002 
512 868 635 1553626889019 
512 868 636 1553626889036 
512 866 641 1553626889103 
512 865 644 1553626889119 
512 864 645 1553626889136 
512 863 645 1553626889186 
512 862 645 1553626889203 
512 861 645 1553626889219 
512 855 645 1553626889236 
512 853 645 1553626889253 
512 852 645 1553626889269 
512 850 645 1553626889303 
512 849 645 1553626889369 
512 847 645 1553626889386 
512 846 646 1553626889403 
512 844 646 1553626889420 
512 842 647 1553626889436 
512 841 647 1553626889453 
512 840 648 1553626889470 
512 839 648 1553626889486 
512 838 648 1553626889503 
512 837 648 1553626889520 
512 836 648 1553626889536 
513 836 648 1553626889553 
514 836 648 1553626889716 
512 837 648 1553626889802 
512 837 647 1553626889819 
512 838 647 1553626889837 
512 839 646 1553626889853 
512 840 644 1553626889870 
512 842 640 1553626889887 
512 842 638 1553626889903 
512 845 626 1553626889920 
512 849 610 1553626889937 
512 855 586 1553626889953 
512 857 560 1553626889970 
512 851 520 1553626889987 
512 836 510 1553626890003 
512 803 502 1553626890020 
512 732 486 1553626890037 
512 644 465 1553626890054 
512 564 445 1553626890070 
512 506 437 1553626890087 
512 478 432 1553626890104 
512 477 432 1553626890120 
512 478 430 1553626890154 
512 485 425 1553626890170 
512 493 418 1553626890187 
512 498 411 1553626890204 
512 499 406 1553626890220 
512 502 398 1553626890237 
512 502 393 1553626890254 
512 500 389 1553626890270 
512 498 387 1553626890287 
512 497 386 1553626890304 
512 493 384 1553626890321 
512 489 382 1553626890337 
512 486 381 1553626890354 
512 483 379 1553626890371 
512 479 378 1553626890387 
512 478 378 1553626890404 
512 477 377 1553626890421 
512 476 377 1553626890471 
512 475 376 1553626890504 
512 474 376 1553626890521 
512 473 376 1553626890537 
513 473 376 1553626890640 
514 473 376 1553626890778 
512 491 376 1553626890905 
512 514 376 1553626890921 
512 540 381 1553626890938 
512 562 386 1553626890955 
512 579 393 1553626890971 
512 594 395 1553626890988 
512 601 396 1553626891005 
512 608 392 1553626891021 
512 615 381 1553626891038 
512 621 369 1553626891055 
512 627 352 1553626891071 
512 633 332 1553626891088 
512 640 310 1553626891105 
512 647 280 1553626891121 
512 649 274 1553626891138 
512 650 269 1553626891155 
512 652 265 1553626891171 
512 655 261 1553626891188 
512 657 256 1553626891205 
512 659 251 1553626891221 
512 660 246 1553626891238 
512 663 240 1553626891255 
512 666 235 1553626891272 
512 671 230 1553626891288 
512 673 228 1553626891305 
512 685 219 1553626891322 
512 689 216 1553626891338 
512 694 212 1553626891355 
512 695 212 1553626891372 
512 695 211 1553626891388 
512 696 211 1553626891438 
512 696 210 1553626891455 
512 697 210 1553626891505 
512 698 210 1553626891522 
513 698 210 1553626891581 
514 698 210 1553626891750 
512 698 212 1553626891889 
512 706 226 1553626891906 
512 714 237 1553626891922 
512 722 248 1553626891939 
512 729 260 1553626891956 
512 738 278 1553626891972 
512 750 298 1553626891989 
512 764 316 1553626892006 
512 783 328 1553626892022 
512 808 333 1553626892039 
512 824 333 1553626892056 
512 838 332 1553626892072 
512 850 329 1553626892089 
512 859 327 1553626892106 
512 864 326 1553626892122 
512 866 325 1553626892139 
512 867 325 1553626892156 
512 868 325 1553626892206 
512 869 326 1553626892223 
512 874 331 1553626892239 
512 885 341 1553626892256 
512 895 349 1553626892273 
512 902 355 1553626892289 
512 912 361 1553626892306 
512 917 364 1553626892323 
512 919 365 1553626892339 
512 920 365 1553626892356 
512 923 367 1553626892506 
512 924 368 1553626892523 
512 925 369 1553626892540 
512 926 370 1553626892556 
512 927 372 1553626892573 
512 929 379 1553626892590 
512 930 381 1553626892606 
512 931 384 1553626892623 
512 931 385 1553626892640 
513 931 385 1553626892701 
514 931 385 1553626892868 
512 928 385 1553626893023 
512 921 384 1553626893040 
512 913 384 1553626893057 
512 903 386 1553626893073 
512 882 394 1553626893090 
512 857 408 1553626893107 
512 834 421 1553626893124 
512 807 434 1553626893140 
512 792 442 1553626893157 
512 779 450 1553626893174 
512 764 459 1553626893190 
512 753 466 1553626893207 
512 747 471 1553626893224 
512 744 473 1553626893240 
512 766 454 1553626893290 
512 790 436 1553626893307 
512 812 423 1553626893324 
512 832 409 1553626893340 
512 856 395 1553626893357 
512 883 378 1553626893374 
512 889 373 1553626893390 
512 896 368 1553626893407 
512 897 367 1553626893424 
512 899 366 1553626893441 
512 900 366 1553626893474 
512 901 368 1553626893541 
512 903 373 1553626893557 
512 905 374 1553626893574 
512 908 375 1553626893591 
512 912 376 1553626893607 
512 915 377 1553626893624 
512 920 378 1553626893641 
512 925 380 1553626893658 
512 929 380 1553626893674 
512 930 381 1553626893691 
512 931 381 1553626893774 
512 931 380 1553626893808 
513 931 380 1553626893817 
514 931 380 1553626893940 
512 930 380 1553626894108 
512 929 380 1553626894125 
512 928 380 1553626894141 
512 927 380 1553626894158 
512 926 380 1553626894191 
512 924 381 1553626894208 
512 913 389 1553626894225 
512 899 399 1553626894241 
512 875 419 1553626894258 
512 801 475 1553626894275 
512 734 523 1553626894292 
512 679 569 1553626894308 
512 646 590 1553626894325 
512 626 602 1553626894342 
512 613 608 1553626894358 
512 609 611 1553626894375 
512 602 615 1553626894392 
512 597 617 1553626894408 
512 590 618 1553626894425 
512 585 620 1553626894442 
512 580 621 1553626894458 
512 577 623 1553626894475 
512 575 625 1553626894492 
512 574 626 1553626894508 
512 573 627 1553626894525 
512 571 630 1553626894542 
512 569 633 1553626894558 
512 568 634 1553626894575 
512 567 635 1553626894592 
512 567 637 1553626894625 
512 565 641 1553626894642 
512 564 645 1553626894659 
512 563 647 1553626894675 
512 562 648 1553626894742 
512 561 648 1553626894759 
512 560 648 1553626894775 
513 560 648 1553626894869 
514 560 648 1553626895006 
512 564 646 1553626895226 
512 573 643 1553626895243 
512 591 642 1553626895259 
512 613 642 1553626895276 
512 669 653 1553626895293 
512 690 655 1553626895309 
512 777 661 1553626895326 
512 805 661 1553626895343 
512 823 661 1553626895359 
512 830 659 1553626895376 
512 832 655 1553626895393 
512 832 649 1553626895409 
512 832 646 1553626895426 
512 832 643 1553626895443 
512 832 642 1553626895459 
512 832 641 1553626895510 
512 831 640 1553626895526 
512 829 640 1553626895543 
512 827 640 1553626895560 
512 828 641 1553626895660 
512 830 641 1553626895676 
512 831 643 1553626895693 
512 832 643 1553626895710 
512 834 644 1553626895726 
512 835 644 1553626895743 
512 835 645 1553626895760 
513 835 645 1553626895835 
514 835 645 1553626895992 
512 836 644 1553626896110 
512 838 640 1553626896127 
512 839 637 1553626896144 
512 841 632 1553626896160 
512 844 626 1553626896177 
512 852 609 1553626896194 
512 858 593 1553626896210 
512 866 576 1553626896227 
512 878 555 1553626896244 
512 893 532 1553626896260 
512 913 507 1553626896277 
512 932 476 1553626896294 
512 940 459 1553626896310 
512 947 447 1553626896327 
512 951 438 1553626896344 
512 952 433 1553626896360 
512 951 422 1553626896377 
512 950 421 1553626896394 
512 950 419 1553626896411 
512 948 418 1553626896427 
512 947 417 1553626896461 
512 946 416 1553626896478 
512 944 415 1553626896494 
512 941 412 1553626896511 
512 938 407 1553626896526 
512 935 400 1553626896543 
512 933 396 1553626896560 
512 932 391 1553626896576 
512 930 387 1553626896593 
512 929 384 1553626896610 
512 929 383 1553626896626 
512 929 381 1553626896643 
513 929 381 1553626896775 
514 929 381 1553626896970 
512 919 381 1553626897194 
512 893 382 1553626897211 
512 815 374 1553626897228 
512 744 368 1553626897245 
512 656 362 1553626897261 
512 589 352 1553626897278 
512 554 344 1553626897295 
512 532 342 1553626897311 
512 516 342 1553626897328 
512 505 344 1553626897345 
512 488 346 1553626897362 
512 471 348 1553626897378 
512 457 349 1553626897395 
512 449 350 1553626897412 
512 439 353 1553626897428 
512 435 354 1553626897445 
512 433 356 1553626897462 
512 432 357 1553626897478 
512 432 358 1553626897495 
512 432 361 1553626897512 
512 434 366 1553626897528 
512 439 370 1553626897545 
512 444 375 1553626897562 
512 450 376 1553626897578 
512 454 377 1553626897595 
512 459 378 1553626897612 
512 461 378 1553626897629 
512 462 378 1553626897645 
512 463 378 1553626897662 
512 464 378 1553626897764 
512 465 378 1553626897795 
513 465 378 1553626897820 
514 465 378 1553626897988 
512 471 386 1553626898162 
512 482 399 1553626898179 
512 499 417 1553626898196 
512 520 436 1553626898212 
512 539 456 1553626898229 
512 560 481 1553626898246 
512 568 500 1553626898263 
512 574 523 1553626898279 
512 577 549 1553626898296 
512 577 570 1553626898313 
512 575 585 1553626898329 
512 572 596 1553626898346 
512 572 598 1553626898363 
512 570 604 1553626898379 
512 570 608 1553626898396 
512 570 613 1553626898413 
512 569 619 1553626898429 
512 569 625 1553626898446 
512 569 626 1553626898463 
512 569 628 1553626898479 
512 569 629 1553626898496 
512 568 631 1553626898546 
512 566 632 1553626898563 
512 565 635 1553626898580 
512 564 636 1553626898696 
512 564 637 1553626898713 
512 563 637 1553626898780 
512 563 638 1553626898812 
512 562 638 1553626898829 
512 562 640 1553626898846 
512 561 641 1553626898862 
512 561 642 1553626898879 
512 561 643 1553626898896 
513 561 643 1553626898945 
514 561 643 1553626899099 
512 566 634 1553626899196 
512 577 621 1553626899213 
512 596 608 1553626899229 
512 619 594 1553626899246 
512 648 570 1553626899263 
512 662 556 1553626899280 
512 674 542 1553626899297 
512 684 529 1553626899314 
512 690 506 1553626899330 
512 695 476 1553626899347 
512 697 431 1553626899364 
512 695 409 1553626899380 
512 688 389 1553626899397 
512 681 372 1553626899414 
512 676 356 1553626899431 
512 674 344 1553626899447 
512 674 331 1553626899464 
512 676 324 1553626899481 
512 679 317 1553626899497 
512 682 312 1553626899514 
512 688 306 1553626899531 
512 695 298 1553626899547 
512 701 287 1553626899564 
512 709 273 1553626899581 
512 712 261 1553626899597 
512 713 257 1553626899614 
512 713 255 1553626899631 
512 713 252 1553626899647 
512 713 249 1553626899664 
512 712 245 1553626899681 
512 710 241 1553626899697 
512 708 236 1553626899714 
512 707 232 1553626899731 
512 705 228 1553626899747 
512 705 223 1553626899764 
512 705 220 1553626899781 
512 705 217 1553626899798 
512 704 216 1553626899813 
512 704 215 1553626899830 
512 704 214 1553626899847 
513 704 214 1553626900070 
514 704 214 1553626900226 
