512 699 204 1553692397957 
512 699 205 1553692398074 
512 699 206 1553692398091 
512 699 210 1553692398108 
512 699 215 1553692398125 
512 701 225 1553692398142 
512 707 245 1553692398157 
512 730 293 1553692398175 
512 743 319 1553692398191 
512 755 351 1553692398209 
512 765 385 1553692398224 
512 770 414 1553692398241 
512 770 460 1553692398258 
512 770 487 1553692398275 
512 771 509 1553692398292 
512 773 526 1553692398307 
512 775 537 1553692398324 
512 777 546 1553692398342 
512 779 550 1553692398358 
512 780 556 1553692398374 
512 782 562 1553692398391 
512 783 569 1553692398408 
512 786 572 1553692398425 
512 788 574 1553692398442 
512 793 575 1553692398459 
512 798 577 1553692398474 
512 800 579 1553692398491 
512 803 580 1553692398509 
512 805 581 1553692398524 
512 806 582 1553692398542 
512 808 584 1553692398559 
512 812 587 1553692398574 
512 822 594 1553692398591 
512 826 598 1553692398608 
512 829 600 1553692398625 
512 831 603 1553692398642 
512 833 604 1553692398659 
512 834 606 1553692398675 
512 834 608 1553692398692 
512 834 609 1553692398709 
512 834 610 1553692398725 
512 834 612 1553692398742 
512 834 615 1553692398759 
512 834 619 1553692398776 
512 836 623 1553692398792 
512 837 627 1553692398809 
512 836 629 1553692398826 
512 835 630 1553692398842 
512 835 632 1553692398858 
512 834 635 1553692398876 
512 834 640 1553692398891 
512 834 645 1553692398908 
512 835 647 1553692398926 
512 836 647 1553692399025 
513 836 647 1553692399074 
514 836 647 1553692399235 
512 837 645 1553692399360 
512 837 644 1553692399376 
512 838 643 1553692399393 
512 838 642 1553692399410 
512 838 640 1553692399426 
512 838 635 1553692399443 
512 838 627 1553692399460 
512 837 609 1553692399476 
512 824 573 1553692399493 
512 804 550 1553692399510 
512 773 536 1553692399526 
512 713 515 1553692399543 
512 637 489 1553692399560 
512 564 464 1553692399576 
512 517 443 1553692399593 
512 490 418 1553692399610 
512 484 406 1553692399626 
512 483 397 1553692399643 
512 483 393 1553692399660 
512 483 389 1553692399677 
512 483 384 1553692399693 
512 483 377 1553692399710 
512 483 372 1553692399727 
512 483 370 1553692399743 
512 482 370 1553692399760 
512 482 369 1553692399777 
512 480 369 1553692399860 
512 474 369 1553692399893 
512 470 369 1553692399910 
512 469 370 1553692399927 
512 467 371 1553692399943 
512 465 373 1553692399960 
512 464 374 1553692399977 
512 464 376 1553692399993 
512 463 377 1553692400010 
512 463 378 1553692400044 
512 463 379 1553692400060 
512 464 380 1553692400077 
512 465 380 1553692400127 
512 466 380 1553692400144 
512 467 380 1553692400160 
512 468 380 1553692400177 
512 470 378 1553692400211 
512 470 377 1553692400244 
513 470 377 1553692400264 
514 470 377 1553692400402 
512 471 377 1553692400561 
512 475 375 1553692400578 
512 481 374 1553692400594 
512 488 372 1553692400611 
512 508 371 1553692400628 
512 530 369 1553692400644 
512 565 362 1553692400661 
512 604 351 1553692400678 
512 625 341 1553692400694 
512 636 330 1553692400711 
512 646 309 1553692400728 
512 649 292 1553692400744 
512 654 272 1553692400761 
512 658 252 1553692400778 
512 660 236 1553692400794 
512 661 233 1553692400811 
512 661 232 1553692400828 
512 662 232 1553692400894 
512 664 228 1553692400911 
512 665 228 1553692400928 
512 670 225 1553692400945 
512 671 225 1553692400961 
512 678 224 1553692400978 
512 687 222 1553692400995 
512 692 221 1553692401011 
512 694 220 1553692401028 
512 694 219 1553692401045 
512 695 219 1553692401078 
512 695 217 1553692401262 
512 695 215 1553692401278 
512 695 214 1553692401295 
512 695 213 1553692401328 
512 695 211 1553692401362 
513 695 211 1553692401409 
514 695 211 1553692401544 
512 699 216 1553692401762 
512 784 307 1553692401779 
512 811 327 1553692401795 
512 838 345 1553692401812 
512 874 360 1553692401829 
512 907 373 1553692401846 
512 932 382 1553692401862 
512 938 382 1553692401879 
512 939 382 1553692401896 
512 940 382 1553692401912 
512 939 382 1553692402096 
512 937 382 1553692402112 
512 931 379 1553692402129 
512 928 377 1553692402146 
513 928 377 1553692402345 
514 928 377 1553692402486 
512 918 388 1553692402663 
512 906 404 1553692402680 
512 893 418 1553692402696 
512 879 429 1553692402713 
512 859 445 1553692402730 
512 832 468 1553692402747 
512 798 494 1553692402763 
512 761 521 1553692402780 
512 698 570 1553692402797 
512 677 588 1553692402813 
512 654 605 1553692402830 
512 629 620 1553692402847 
512 603 632 1553692402863 
512 585 642 1553692402880 
512 568 651 1553692402897 
512 564 655 1553692402913 
512 557 660 1553692402930 
512 548 666 1553692402947 
512 545 668 1553692402963 
512 543 669 1553692402980 
512 542 669 1553692403030 
512 541 669 1553692403047 
512 540 667 1553692403064 
512 540 664 1553692403080 
512 540 659 1553692403097 
512 541 654 1553692403114 
512 542 651 1553692403130 
512 545 646 1553692403147 
512 549 642 1553692403164 
512 552 639 1553692403180 
512 553 638 1553692403197 
512 555 637 1553692403214 
512 556 637 1553692403264 
512 557 637 1553692403280 
512 558 639 1553692403297 
512 559 642 1553692403314 
512 560 643 1553692403331 
513 560 643 1553692403448 
514 560 643 1553692403619 
512 560 639 1553692403798 
512 564 633 1553692403814 
512 580 619 1553692403831 
512 602 606 1553692403848 
512 626 593 1553692403864 
512 647 589 1553692403881 
512 672 593 1553692403898 
512 680 596 1553692403914 
512 714 608 1553692403931 
512 736 614 1553692403948 
512 759 621 1553692403965 
512 785 626 1553692403981 
512 812 629 1553692403998 
512 836 632 1553692404015 
512 848 636 1553692404031 
512 849 636 1553692404048 
512 850 636 1553692404098 
512 851 636 1553692404165 
512 851 637 1553692404232 
512 841 644 1553692404265 
512 832 646 1553692404282 
512 830 646 1553692404298 
512 830 645 1553692404365 
512 830 644 1553692404382 
512 830 643 1553692404398 
512 830 642 1553692404415 
512 832 642 1553692404515 
512 833 642 1553692404548 
512 835 642 1553692404565 
512 836 642 1553692404582 
512 837 642 1553692404599 
512 839 642 1553692404615 
512 840 642 1553692404632 
512 841 644 1553692404649 
512 842 645 1553692404665 
512 843 646 1553692404682 
513 843 646 1553692404794 
514 843 646 1553692404939 
512 843 645 1553692405049 
512 843 643 1553692405066 
512 843 642 1553692405099 
512 843 639 1553692405116 
512 843 635 1553692405133 
512 844 629 1553692405149 
512 852 607 1553692405166 
512 864 584 1553692405183 
512 885 549 1553692405199 
512 904 510 1553692405216 
512 911 492 1553692405233 
512 927 435 1553692405248 
512 931 421 1553692405266 
512 933 414 1553692405283 
512 933 409 1553692405299 
512 935 404 1553692405316 
512 936 402 1553692405333 
512 936 401 1553692405399 
512 936 399 1553692405415 
512 935 396 1553692405448 
512 933 390 1553692405465 
512 932 383 1553692405483 
512 931 379 1553692405500 
512 929 371 1553692405516 
512 926 365 1553692405532 
512 926 364 1553692405550 
512 925 363 1553692405566 
513 925 363 1553692405685 
512 924 363 1553692405800 
512 923 365 1553692405802 
514 923 365 1553692405803 
512 923 367 1553692405817 
512 923 368 1553692405833 
512 923 369 1553692405850 
512 923 370 1553692405900 
512 924 370 1553692405917 
512 924 371 1553692405933 
513 924 371 1553692405990 
514 924 371 1553692406145 
512 925 372 1553692406267 
512 925 373 1553692406350 
512 925 374 1553692406384 
512 924 377 1553692406401 
512 917 384 1553692406417 
512 908 389 1553692406434 
512 890 394 1553692406451 
512 836 399 1553692406467 
512 714 409 1553692406484 
512 607 402 1553692406501 
512 523 398 1553692406517 
512 475 398 1553692406534 
512 448 402 1553692406551 
512 436 404 1553692406567 
512 434 404 1553692406584 
512 433 404 1553692406601 
512 435 404 1553692406701 
512 439 403 1553692406718 
512 444 400 1553692406734 
512 447 397 1553692406751 
512 450 394 1553692406768 
512 453 390 1553692406786 
512 454 388 1553692406801 
512 457 385 1553692406818 
512 459 384 1553692406834 
512 460 383 1553692406851 
512 462 383 1553692406868 
512 463 382 1553692406884 
512 464 382 1553692406901 
512 465 382 1553692407018 
512 467 382 1553692407068 
512 467 381 1553692407085 
512 469 379 1553692407101 
512 470 378 1553692407118 
513 470 378 1553692407200 
512 471 378 1553692407235 
514 471 378 1553692407347 
512 471 378 1553692407352 
512 473 378 1553692407485 
512 481 386 1553692407502 
512 486 390 1553692407518 
512 504 405 1553692407535 
512 552 432 1553692407552 
512 574 442 1553692407569 
512 590 449 1553692407585 
512 600 457 1553692407602 
512 606 467 1553692407619 
512 614 491 1553692407635 
512 615 502 1553692407652 
512 614 549 1553692407669 
512 606 575 1553692407685 
512 597 596 1553692407702 
512 586 615 1553692407719 
512 576 632 1553692407735 
512 565 652 1553692407752 
512 561 657 1553692407769 
512 560 660 1553692407785 
512 559 661 1553692407802 
512 559 663 1553692407819 
512 559 666 1553692407852 
512 559 667 1553692407885 
512 558 667 1553692407902 
512 558 659 1553692407969 
512 557 654 1553692407986 
512 556 650 1553692408002 
512 555 647 1553692408019 
512 555 645 1553692408036 
512 555 643 1553692408052 
512 555 642 1553692408069 
512 555 641 1553692408086 
513 555 641 1553692408226 
514 555 641 1553692408379 
512 556 641 1553692408453 
512 556 640 1553692408470 
512 557 640 1553692408503 
512 558 640 1553692408536 
512 563 640 1553692408553 
512 569 641 1553692408570 
512 575 641 1553692408586 
512 586 638 1553692408603 
512 592 635 1553692408620 
512 612 623 1553692408636 
512 637 589 1553692408653 
512 655 552 1553692408670 
512 667 510 1553692408686 
512 679 458 1553692408703 
512 695 412 1553692408720 
512 702 387 1553692408737 
512 731 298 1553692408753 
512 740 274 1553692408770 
512 748 253 1553692408786 
512 749 249 1553692408803 
512 750 244 1553692408820 
512 750 237 1553692408837 
512 750 235 1553692408853 
512 749 235 1553692408953 
512 735 229 1553692408970 
512 730 228 1553692408987 
512 723 227 1553692409003 
512 716 224 1553692409020 
512 715 223 1553692409037 
512 714 221 1553692409053 
512 711 218 1553692409070 
512 709 217 1553692409087 
512 707 215 1553692409103 
512 707 214 1553692409236 
512 706 214 1553692409253 
512 705 214 1553692409304 
512 703 214 1553692409354 
512 702 214 1553692409370 
512 701 214 1553692409386 
512 699 214 1553692409403 
512 698 213 1553692409420 
512 697 213 1553692409436 
513 697 213 1553692409484 
514 697 213 1553692409631 
