512 696 213 1553692409637 
512 695 214 1553692409670 
512 695 215 1553692409686 
512 695 217 1553692409804 
512 698 225 1553692409821 
512 698 230 1553692409838 
512 708 258 1553692409854 
512 721 298 1553692409871 
512 735 346 1553692409887 
512 758 432 1553692409903 
512 762 448 1553692409920 
512 767 516 1553692409938 
512 769 552 1553692409953 
512 772 580 1553692409970 
512 775 605 1553692409988 
512 775 608 1553692410004 
512 777 610 1553692410020 
512 778 611 1553692410038 
512 779 611 1553692410055 
512 780 611 1553692410070 
512 780 612 1553692410105 
512 782 614 1553692410121 
512 791 621 1553692410138 
512 805 634 1553692410155 
512 813 641 1553692410171 
512 820 648 1553692410188 
512 826 654 1553692410206 
512 827 654 1553692410221 
512 827 655 1553692410238 
512 828 655 1553692410305 
512 830 655 1553692410322 
512 831 654 1553692410338 
512 831 653 1553692410355 
512 833 652 1553692410372 
512 834 648 1553692410388 
512 835 644 1553692410405 
512 835 642 1553692410421 
512 835 641 1553692410438 
513 835 641 1553692410570 
514 835 641 1553692410688 
512 835 640 1553692410772 
512 835 638 1553692410789 
512 837 634 1553692410805 
512 837 630 1553692410822 
512 839 624 1553692410839 
512 841 615 1553692410855 
512 841 611 1553692410872 
512 844 584 1553692410889 
512 845 554 1553692410906 
512 844 541 1553692410922 
512 835 507 1553692410939 
512 824 490 1553692410956 
512 812 483 1553692410972 
512 775 475 1553692410989 
512 683 460 1553692411006 
512 600 451 1553692411022 
512 532 447 1553692411039 
512 501 443 1553692411056 
512 489 437 1553692411072 
512 486 432 1553692411089 
512 485 426 1553692411106 
512 485 422 1553692411122 
512 485 419 1553692411139 
512 487 410 1553692411155 
512 487 401 1553692411172 
512 487 395 1553692411189 
512 486 392 1553692411206 
512 485 391 1553692411222 
512 485 390 1553692411255 
512 484 389 1553692411339 
512 482 387 1553692411356 
512 480 385 1553692411373 
512 479 385 1553692411389 
512 478 384 1553692411406 
512 477 384 1553692411423 
512 476 383 1553692411439 
512 476 382 1553692411456 
512 475 382 1553692411506 
512 474 381 1553692411540 
512 470 379 1553692411556 
512 470 378 1553692411573 
513 470 378 1553692411674 
514 470 378 1553692411791 
512 470 377 1553692412007 
512 476 376 1553692412023 
512 506 367 1553692412040 
512 572 331 1553692412057 
512 598 317 1553692412073 
512 609 310 1553692412090 
512 640 289 1553692412106 
512 675 261 1553692412122 
512 714 216 1553692412139 
512 722 197 1553692412174 
512 726 185 1553692412207 
512 724 185 1553692412373 
512 716 191 1553692412389 
512 714 193 1553692412406 
512 702 200 1553692412423 
512 700 202 1553692412441 
512 697 207 1553692412456 
512 696 208 1553692412473 
513 696 208 1553692412754 
514 696 208 1553692412909 
512 699 211 1553692413141 
512 772 267 1553692413175 
512 781 277 1553692413191 
512 809 317 1553692413209 
512 886 386 1553692413225 
512 915 401 1553692413241 
512 937 409 1553692413258 
512 951 411 1553692413275 
512 951 412 1553692413291 
512 952 413 1553692413375 
512 954 413 1553692413391 
512 952 403 1553692413475 
512 941 383 1553692413492 
512 933 374 1553692413508 
512 932 373 1553692413525 
512 931 373 1553692413675 
512 930 373 1553692413775 
513 930 373 1553692413838 
514 930 373 1553692413989 
512 930 374 1553692414176 
512 916 416 1553692414192 
512 907 430 1553692414210 
512 893 445 1553692414226 
512 873 461 1553692414242 
512 840 483 1553692414259 
512 789 512 1553692414276 
512 761 529 1553692414293 
512 742 542 1553692414309 
512 725 554 1553692414325 
512 711 567 1553692414343 
512 702 577 1553692414358 
512 693 592 1553692414375 
512 691 596 1553692414393 
512 688 605 1553692414408 
512 686 609 1553692414426 
512 681 614 1553692414443 
512 673 620 1553692414459 
512 660 627 1553692414476 
512 643 635 1553692414493 
512 617 644 1553692414509 
512 599 647 1553692414526 
512 583 649 1553692414542 
512 566 650 1553692414558 
512 556 650 1553692414576 
512 550 650 1553692414592 
512 550 649 1553692414675 
512 549 649 1553692414692 
512 551 647 1553692414793 
512 555 646 1553692414810 
512 557 644 1553692414826 
512 560 644 1553692414843 
512 562 643 1553692414877 
513 562 643 1553692415005 
514 562 643 1553692415161 
512 576 643 1553692415394 
512 624 637 1553692415410 
512 687 634 1553692415427 
512 752 633 1553692415444 
512 816 641 1553692415460 
512 847 649 1553692415477 
512 861 652 1553692415494 
512 867 654 1553692415511 
512 867 653 1553692415594 
512 865 653 1553692415660 
512 864 653 1553692415676 
512 863 653 1553692415693 
512 861 653 1553692415711 
512 857 653 1553692415727 
512 857 652 1553692415744 
512 855 651 1553692415761 
512 853 651 1553692415777 
512 852 651 1553692415810 
512 851 650 1553692415843 
512 849 649 1553692415860 
512 848 649 1553692415878 
512 848 648 1553692415928 
512 847 647 1553692415944 
512 845 645 1553692415961 
512 844 645 1553692415994 
512 843 644 1553692416061 
513 843 644 1553692416085 
514 843 644 1553692416224 
512 843 641 1553692416394 
512 843 639 1553692416411 
512 845 634 1553692416427 
512 855 616 1553692416444 
512 868 593 1553692416461 
512 881 557 1553692416477 
512 895 519 1553692416494 
512 905 483 1553692416511 
512 913 455 1553692416527 
512 916 450 1553692416545 
512 921 437 1553692416562 
512 922 435 1553692416578 
512 924 429 1553692416595 
512 926 424 1553692416612 
512 928 418 1553692416627 
512 929 416 1553692416644 
512 929 415 1553692416661 
512 932 409 1553692416695 
512 932 406 1553692416729 
512 932 405 1553692416745 
512 935 399 1553692416762 
512 936 396 1553692416779 
512 936 393 1553692416794 
512 936 390 1553692416811 
512 936 388 1553692416829 
512 934 383 1553692416844 
512 932 381 1553692416861 
512 931 380 1553692416878 
512 930 379 1553692416894 
512 930 378 1553692417028 
512 929 378 1553692417045 
513 929 378 1553692417072 
514 929 378 1553692417240 
512 925 379 1553692417462 
512 914 382 1553692417478 
512 904 383 1553692417495 
512 868 387 1553692417512 
512 725 402 1553692417528 
512 649 406 1553692417545 
512 612 407 1553692417562 
512 529 404 1553692417578 
512 462 402 1553692417595 
512 454 402 1553692417612 
512 440 402 1553692417629 
512 431 402 1553692417645 
512 430 402 1553692417662 
512 429 402 1553692417679 
512 429 401 1553692417695 
512 429 400 1553692417813 
512 431 397 1553692417846 
512 433 394 1553692417863 
512 442 390 1553692417879 
512 450 387 1553692417895 
512 453 386 1553692417912 
512 455 384 1553692417929 
512 456 384 1553692417946 
512 457 384 1553692417962 
512 458 382 1553692417979 
512 460 381 1553692417996 
512 461 381 1553692418147 
512 461 380 1553692418180 
512 464 378 1553692418197 
512 466 376 1553692418229 
512 467 376 1553692418296 
512 468 376 1553692418313 
513 468 376 1553692418360 
514 468 376 1553692418503 
512 474 377 1553692418647 
512 479 379 1553692418664 
512 484 382 1553692418681 
512 490 391 1553692418697 
512 499 407 1553692418714 
512 514 437 1553692418731 
512 534 479 1553692418747 
512 540 514 1553692418764 
512 545 539 1553692418781 
512 553 561 1553692418797 
512 564 583 1553692418814 
512 567 589 1553692418831 
512 572 601 1553692418848 
512 573 605 1553692418864 
512 573 609 1553692418881 
512 573 610 1553692418898 
512 572 614 1553692418914 
512 570 619 1553692418931 
512 569 624 1553692418948 
512 568 628 1553692418964 
512 567 630 1553692418980 
512 566 632 1553692418997 
512 565 633 1553692419013 
512 564 635 1553692419030 
512 563 636 1553692419047 
512 562 637 1553692419063 
512 561 637 1553692419080 
512 561 638 1553692419097 
512 560 639 1553692419130 
512 559 639 1553692419164 
512 558 640 1553692419180 
512 557 640 1553692419197 
512 555 641 1553692419214 
512 554 641 1553692419230 
512 553 642 1553692419247 
512 553 643 1553692419264 
513 553 643 1553692419308 
514 553 643 1553692419462 
512 555 643 1553692419614 
512 565 642 1553692419631 
512 569 641 1553692419647 
512 599 636 1553692419664 
512 624 630 1553692419681 
512 649 613 1553692419699 
512 653 607 1553692419715 
512 662 584 1553692419732 
512 673 543 1553692419749 
512 682 437 1553692419765 
512 681 359 1553692419782 
512 686 324 1553692419799 
512 702 284 1553692419815 
512 710 264 1553692419832 
512 714 256 1553692419849 
512 723 230 1553692419865 
512 725 224 1553692419882 
512 730 205 1553692419899 
512 733 191 1553692419915 
512 734 189 1553692419932 
512 735 184 1553692419949 
512 736 175 1553692419982 
512 736 174 1553692419998 
512 736 172 1553692420015 
512 735 173 1553692420082 
512 730 181 1553692420099 
512 725 192 1553692420116 
512 717 207 1553692420132 
512 715 213 1553692420149 
512 713 215 1553692420166 
512 711 215 1553692420282 
512 710 215 1553692420299 
512 708 215 1553692420316 
512 707 215 1553692420332 
512 706 215 1553692420349 
512 705 215 1553692420382 
512 704 215 1553692420399 
512 703 215 1553692420416 
512 702 215 1553692420433 
512 701 214 1553692420449 
512 700 214 1553692420483 
513 700 214 1553692420581 
514 700 214 1553692420698 
