512 698 213 1553692481493 
512 697 226 1553692481509 
512 701 245 1553692481526 
512 711 274 1553692481543 
512 730 321 1553692481559 
512 768 410 1553692481576 
512 784 464 1553692481593 
512 791 501 1553692481609 
512 797 526 1553692481626 
512 802 546 1553692481643 
512 808 565 1553692481659 
512 814 585 1553692481676 
512 823 611 1553692481693 
512 828 623 1553692481709 
512 833 631 1553692481726 
512 836 634 1553692481743 
512 838 635 1553692481760 
512 838 636 1553692481776 
512 839 637 1553692481810 
512 841 643 1553692481826 
512 843 646 1553692481843 
512 845 648 1553692481860 
512 846 649 1553692481876 
512 846 650 1553692481893 
512 844 650 1553692482027 
512 843 650 1553692482043 
512 842 650 1553692482060 
512 841 650 1553692482077 
512 840 650 1553692482093 
512 839 650 1553692482127 
513 839 650 1553692482188 
514 839 650 1553692482352 
512 839 647 1553692482527 
512 838 641 1553692482544 
512 833 631 1553692482560 
512 826 613 1553692482577 
512 813 586 1553692482594 
512 802 568 1553692482611 
512 782 552 1553692482627 
512 746 534 1553692482644 
512 699 512 1553692482661 
512 647 493 1553692482677 
512 584 471 1553692482694 
512 560 462 1553692482711 
512 543 448 1553692482727 
512 532 437 1553692482744 
512 526 428 1553692482761 
512 523 422 1553692482777 
512 520 417 1553692482794 
512 514 410 1553692482811 
512 509 405 1553692482827 
512 503 401 1553692482844 
512 497 398 1553692482861 
512 490 396 1553692482877 
512 486 395 1553692482894 
512 483 394 1553692482911 
512 480 392 1553692482929 
512 477 390 1553692482944 
512 475 390 1553692482961 
512 471 387 1553692482978 
512 470 386 1553692482994 
512 469 385 1553692483011 
512 468 383 1553692483028 
512 466 382 1553692483044 
512 466 381 1553692483061 
512 465 380 1553692483078 
512 464 379 1553692483094 
512 464 378 1553692483178 
512 465 378 1553692483311 
512 467 378 1553692483328 
512 468 378 1553692483345 
512 469 378 1553692483361 
512 470 378 1553692483378 
513 470 378 1553692483457 
514 470 378 1553692483596 
512 471 378 1553692483862 
512 479 378 1553692483879 
512 492 370 1553692483895 
512 512 360 1553692483912 
512 551 339 1553692483929 
512 599 313 1553692483945 
512 649 293 1553692483962 
512 667 283 1553692483979 
512 675 276 1553692483995 
512 676 273 1553692484012 
512 678 272 1553692484029 
512 678 268 1553692484045 
512 678 263 1553692484062 
512 678 262 1553692484079 
512 678 260 1553692484095 
512 678 258 1553692484112 
512 680 255 1553692484129 
512 681 249 1553692484146 
512 683 243 1553692484162 
512 685 241 1553692484179 
512 686 240 1553692484196 
512 687 238 1553692484212 
512 688 237 1553692484229 
512 692 232 1553692484246 
512 695 229 1553692484262 
512 699 225 1553692484279 
512 701 223 1553692484296 
512 703 223 1553692484312 
512 703 221 1553692484329 
512 703 220 1553692484346 
512 703 219 1553692484362 
512 704 218 1553692484379 
512 704 216 1553692484396 
512 704 215 1553692484412 
512 704 214 1553692484429 
512 704 213 1553692484446 
512 704 212 1553692484462 
512 704 211 1553692484479 
512 704 210 1553692484496 
512 703 209 1553692484513 
512 702 209 1553692484529 
513 702 209 1553692484631 
514 702 209 1553692484776 
512 701 209 1553692484930 
512 700 216 1553692484963 
512 700 223 1553692484979 
512 706 235 1553692484996 
512 715 248 1553692485013 
512 728 261 1553692485030 
512 744 273 1553692485046 
512 761 282 1553692485063 
512 787 294 1553692485080 
512 800 302 1553692485096 
512 813 308 1553692485113 
512 825 311 1553692485130 
512 832 313 1553692485147 
512 836 316 1553692485163 
512 854 325 1553692485180 
512 869 333 1553692485197 
512 884 338 1553692485213 
512 895 342 1553692485230 
512 907 346 1553692485247 
512 915 350 1553692485263 
512 922 356 1553692485280 
512 932 365 1553692485297 
512 938 371 1553692485313 
512 942 373 1553692485330 
512 943 374 1553692485347 
512 944 374 1553692485364 
512 945 374 1553692485380 
512 945 375 1553692485397 
512 945 377 1553692485464 
512 944 378 1553692485480 
512 942 378 1553692485497 
512 939 378 1553692485514 
512 935 378 1553692485530 
512 934 378 1553692485547 
512 932 378 1553692485564 
512 931 378 1553692485580 
512 930 378 1553692485597 
512 929 378 1553692485614 
512 929 377 1553692485647 
513 929 377 1553692485778 
514 929 377 1553692485942 
512 928 377 1553692486031 
512 924 378 1553692486048 
512 911 384 1553692486064 
512 895 390 1553692486080 
512 865 402 1553692486098 
512 844 411 1553692486114 
512 825 423 1553692486131 
512 810 434 1553692486148 
512 797 445 1553692486164 
512 779 462 1553692486181 
512 741 491 1553692486198 
512 704 518 1553692486214 
512 672 541 1553692486231 
512 652 557 1553692486248 
512 632 573 1553692486265 
512 615 583 1553692486281 
512 603 591 1553692486298 
512 589 599 1553692486315 
512 578 605 1553692486331 
512 566 611 1553692486348 
512 554 617 1553692486365 
512 548 621 1553692486381 
512 543 626 1553692486398 
512 541 628 1553692486415 
512 541 630 1553692486431 
512 542 635 1553692486448 
512 543 640 1553692486465 
512 544 645 1553692486481 
512 546 652 1553692486498 
512 550 657 1553692486515 
512 554 660 1553692486531 
512 558 663 1553692486548 
512 557 662 1553692486632 
512 557 659 1553692486648 
512 557 655 1553692486665 
512 557 651 1553692486682 
512 557 646 1553692486698 
512 556 645 1553692486715 
512 556 644 1553692486732 
512 557 644 1553692486865 
513 557 644 1553692486906 
514 557 644 1553692487060 
512 558 642 1553692487132 
512 559 638 1553692487149 
512 561 632 1553692487165 
512 563 624 1553692487182 
512 569 605 1553692487199 
512 580 584 1553692487215 
512 602 538 1553692487232 
512 619 501 1553692487249 
512 633 478 1553692487266 
512 646 463 1553692487282 
512 658 456 1553692487299 
512 671 455 1553692487316 
512 683 461 1553692487332 
512 708 489 1553692487349 
512 738 527 1553692487366 
512 766 558 1553692487382 
512 790 580 1553692487399 
512 814 596 1553692487416 
512 831 607 1553692487432 
512 841 611 1553692487449 
512 843 612 1553692487466 
512 848 618 1553692487599 
512 851 624 1553692487616 
512 853 628 1553692487633 
512 853 633 1553692487649 
512 848 642 1553692487666 
512 846 648 1553692487683 
512 844 652 1553692487699 
512 844 653 1553692487716 
512 843 653 1553692487866 
512 843 652 1553692487883 
512 842 651 1553692487900 
512 842 650 1553692487916 
512 841 649 1553692487933 
512 839 648 1553692487950 
512 838 647 1553692487983 
512 837 647 1553692488000 
512 837 646 1553692488033 
513 837 646 1553692488056 
514 837 646 1553692488202 
512 837 645 1553692488267 
512 837 644 1553692488300 
512 837 639 1553692488317 
512 838 636 1553692488333 
512 840 627 1553692488350 
512 841 621 1553692488367 
512 844 606 1553692488384 
512 849 582 1553692488400 
512 858 555 1553692488417 
512 866 527 1553692488434 
512 881 484 1553692488450 
512 895 447 1553692488467 
512 913 406 1553692488484 
512 919 389 1553692488500 
512 928 374 1553692488517 
512 934 362 1553692488534 
512 938 356 1553692488550 
512 941 351 1553692488567 
512 943 350 1553692488584 
512 943 349 1553692488600 
512 942 351 1553692488767 
512 937 360 1553692488784 
512 935 366 1553692488801 
512 931 375 1553692488817 
512 931 378 1553692488834 
512 930 379 1553692488851 
513 930 379 1553692489080 
514 930 379 1553692489214 
512 929 379 1553692489335 
512 924 378 1553692489351 
512 922 376 1553692489368 
512 918 374 1553692489385 
512 912 373 1553692489401 
512 891 371 1553692489418 
512 863 368 1553692489435 
512 835 366 1553692489451 
512 802 361 1553692489468 
512 720 360 1553692489485 
512 660 363 1553692489501 
512 612 363 1553692489518 
512 580 365 1553692489535 
512 561 369 1553692489551 
512 548 372 1553692489568 
512 539 375 1553692489585 
512 530 380 1553692489601 
512 517 387 1553692489618 
512 512 390 1553692489635 
512 507 391 1553692489652 
512 502 393 1553692489668 
512 499 394 1553692489685 
512 495 396 1553692489702 
512 493 397 1553692489718 
512 489 398 1553692489735 
512 486 399 1553692489752 
512 479 402 1553692489768 
512 478 402 1553692489785 
512 478 401 1553692489852 
512 478 398 1553692489868 
512 476 394 1553692489885 
512 475 392 1553692489902 
512 474 391 1553692489918 
512 473 390 1553692489935 
512 472 388 1553692489952 
512 471 387 1553692489969 
512 470 386 1553692489985 
512 469 385 1553692490002 
512 469 384 1553692490019 
512 469 383 1553692490035 
512 469 382 1553692490052 
512 469 381 1553692490085 
512 470 379 1553692490102 
512 472 378 1553692490119 
512 472 377 1553692490152 
512 473 377 1553692490169 
513 473 377 1553692490216 
514 473 377 1553692490377 
512 474 377 1553692490502 
512 475 377 1553692490519 
512 480 377 1553692490536 
512 493 376 1553692490553 
512 510 374 1553692490569 
512 529 372 1553692490586 
512 550 369 1553692490602 
512 568 367 1553692490619 
512 581 370 1553692490636 
512 589 376 1553692490653 
512 597 391 1553692490669 
512 609 417 1553692490686 
512 618 453 1553692490703 
512 624 495 1553692490719 
512 626 561 1553692490736 
512 632 589 1553692490753 
512 633 604 1553692490769 
512 633 610 1553692490786 
512 632 611 1553692490803 
512 628 612 1553692490819 
512 616 615 1553692490836 
512 611 616 1553692490853 
512 609 618 1553692490870 
512 606 619 1553692490886 
512 601 620 1553692490903 
512 597 622 1553692490920 
512 593 623 1553692490936 
512 592 625 1553692490953 
512 590 626 1553692490970 
512 583 628 1553692490986 
512 575 633 1553692491003 
512 569 638 1553692491020 
512 563 644 1553692491036 
512 560 646 1553692491053 
512 558 648 1553692491070 
512 556 649 1553692491086 
512 554 651 1553692491103 
512 552 652 1553692491120 
512 550 652 1553692491137 
512 549 652 1553692491153 
512 549 651 1553692491287 
512 550 650 1553692491303 
512 552 648 1553692491320 
512 553 647 1553692491337 
512 554 647 1553692491353 
512 555 646 1553692491370 
512 556 646 1553692491387 
512 558 645 1553692491403 
512 563 643 1553692491420 
512 564 643 1553692491437 
512 565 642 1553692491454 
513 565 642 1553692491530 
512 564 642 1553692491620 
512 562 642 1553692491637 
512 561 642 1553692491654 
514 561 642 1553692491663 
512 561 642 1553692491670 
512 560 642 1553692491687 
512 564 633 1553692491954 
512 575 608 1553692491971 
512 610 534 1553692491987 
512 636 463 1553692492004 
512 665 374 1553692492021 
512 676 299 1553692492037 
512 680 258 1553692492054 
512 682 234 1553692492071 
512 688 214 1553692492088 
512 691 205 1553692492104 
512 696 198 1553692492121 
512 699 192 1553692492138 
512 703 187 1553692492154 
512 706 181 1553692492171 
512 708 177 1553692492188 
512 708 176 1553692492204 
512 709 175 1553692492221 
512 709 173 1553692492238 
512 706 181 1553692492321 
512 699 198 1553692492338 
512 695 213 1553692492355 
512 693 222 1553692492371 
512 692 227 1553692492388 
512 692 228 1553692492405 
512 692 227 1553692492555 
512 694 226 1553692492571 
512 694 225 1553692492588 
512 695 223 1553692492605 
512 697 222 1553692492621 
512 698 221 1553692492638 
512 698 220 1553692492655 
512 699 219 1553692492672 
513 699 219 1553692492880 
514 699 219 1553692493011 
512 699 218 1553692493105 
512 699 217 1553692493122 
512 700 216 1553692493239 
512 700 215 1553692493256 
513 700 215 1553692493372 
514 700 215 1553692493533 
