512 701 221 1553692493756 
512 710 236 1553692493773 
512 732 264 1553692493789 
512 756 289 1553692493806 
512 796 329 1553692493823 
512 829 372 1553692493839 
512 850 412 1553692493856 
512 861 448 1553692493873 
512 879 505 1553692493890 
512 887 528 1553692493906 
512 888 536 1553692493923 
512 889 536 1553692493940 
512 887 539 1553692493973 
512 883 541 1553692493990 
512 877 544 1553692494006 
512 872 546 1553692494023 
512 867 547 1553692494040 
512 863 553 1553692494056 
512 856 560 1553692494073 
512 850 572 1553692494090 
512 842 586 1553692494106 
512 834 597 1553692494123 
512 830 605 1553692494140 
512 829 611 1553692494156 
512 828 616 1553692494173 
512 828 621 1553692494190 
512 829 625 1553692494207 
512 830 627 1553692494223 
512 834 629 1553692494240 
512 837 630 1553692494257 
512 838 630 1553692494273 
512 839 630 1553692494290 
512 839 631 1553692494357 
512 839 632 1553692494373 
512 838 633 1553692494423 
512 836 635 1553692494440 
512 834 637 1553692494457 
512 834 639 1553692494473 
512 835 640 1553692494490 
512 836 640 1553692494507 
512 837 641 1553692494523 
512 838 641 1553692494540 
512 839 643 1553692494557 
512 840 643 1553692494574 
513 840 643 1553692494690 
514 840 643 1553692494837 
512 839 639 1553692494874 
512 837 632 1553692494891 
512 835 616 1553692494907 
512 824 565 1553692494924 
512 813 528 1553692494941 
512 806 505 1553692494957 
512 800 486 1553692494974 
512 796 468 1553692494991 
512 791 450 1553692495007 
512 780 427 1553692495024 
512 773 412 1553692495041 
512 763 395 1553692495057 
512 752 377 1553692495074 
512 738 369 1553692495091 
512 718 366 1553692495108 
512 693 366 1553692495124 
512 667 371 1553692495141 
512 615 379 1553692495158 
512 577 386 1553692495174 
512 547 389 1553692495191 
512 525 392 1553692495208 
512 515 393 1553692495224 
512 513 393 1553692495241 
512 513 394 1553692495258 
512 511 391 1553692495324 
512 510 386 1553692495341 
512 505 378 1553692495358 
512 500 374 1553692495374 
512 497 373 1553692495391 
512 495 373 1553692495408 
512 494 373 1553692495425 
512 493 373 1553692495441 
512 491 373 1553692495525 
512 489 373 1553692495541 
512 485 375 1553692495558 
512 482 378 1553692495575 
512 481 378 1553692495658 
512 480 378 1553692495675 
512 479 378 1553692495691 
512 477 378 1553692495825 
512 477 379 1553692495842 
513 477 379 1553692495882 
512 476 379 1553692495892 
512 475 379 1553692496025 
514 475 379 1553692496049 
512 475 379 1553692496059 
512 483 374 1553692496275 
512 511 356 1553692496292 
512 531 340 1553692496309 
512 552 322 1553692496326 
512 573 304 1553692496342 
512 595 284 1553692496359 
512 627 249 1553692496376 
512 645 232 1553692496392 
512 653 222 1553692496409 
512 656 218 1553692496426 
512 659 214 1553692496442 
512 661 210 1553692496459 
512 662 207 1553692496476 
512 663 206 1553692496492 
512 665 206 1553692496526 
512 666 206 1553692496542 
512 668 206 1553692496559 
512 670 206 1553692496576 
512 675 206 1553692496592 
512 679 207 1553692496609 
512 688 209 1553692496626 
512 691 211 1553692496643 
512 694 212 1553692496659 
512 695 213 1553692496676 
512 696 214 1553692496693 
512 697 215 1553692496709 
512 698 215 1553692496726 
513 698 215 1553692496905 
514 698 215 1553692497051 
512 697 215 1553692497060 
512 696 215 1553692497076 
512 696 217 1553692497227 
512 697 219 1553692497243 
512 699 228 1553692497260 
512 706 244 1553692497277 
512 713 252 1553692497293 
512 741 275 1553692497310 
512 751 281 1553692497327 
512 761 286 1553692497343 
512 773 292 1553692497360 
512 791 302 1553692497377 
512 800 308 1553692497393 
512 836 323 1553692497410 
512 869 332 1553692497427 
512 895 338 1553692497443 
512 916 345 1553692497460 
512 937 348 1553692497477 
512 955 354 1553692497493 
512 965 359 1553692497510 
512 967 361 1553692497527 
512 966 361 1553692497594 
512 964 362 1553692497610 
512 962 363 1553692497628 
512 955 365 1553692497644 
512 951 366 1553692497660 
512 946 369 1553692497677 
512 940 373 1553692497694 
512 938 374 1553692497710 
512 937 375 1553692497727 
512 936 376 1553692497744 
512 934 377 1553692497760 
512 932 378 1553692497777 
512 929 379 1553692497794 
512 928 379 1553692497810 
512 927 379 1553692497877 
513 927 379 1553692497975 
514 927 379 1553692498093 
512 921 382 1553692498228 
512 912 386 1553692498244 
512 904 389 1553692498261 
512 890 394 1553692498278 
512 876 400 1553692498294 
512 864 406 1553692498311 
512 845 421 1553692498328 
512 829 440 1553692498344 
512 813 458 1553692498361 
512 799 476 1553692498378 
512 786 492 1553692498394 
512 769 512 1553692498411 
512 743 540 1553692498428 
512 730 553 1553692498445 
512 720 563 1553692498461 
512 714 571 1553692498478 
512 712 576 1553692498495 
512 711 579 1553692498511 
512 708 583 1553692498528 
512 705 587 1553692498545 
512 700 591 1553692498561 
512 693 596 1553692498578 
512 683 598 1553692498595 
512 666 598 1553692498611 
512 647 596 1553692498628 
512 633 596 1553692498645 
512 619 596 1553692498661 
512 600 596 1553692498678 
512 595 597 1553692498695 
512 593 598 1553692498711 
512 592 598 1553692498728 
512 590 600 1553692498762 
512 590 602 1553692498778 
512 590 603 1553692498795 
512 587 610 1553692498812 
512 587 615 1553692498828 
512 586 621 1553692498845 
512 584 627 1553692498862 
512 584 628 1553692498878 
512 580 629 1553692498895 
512 580 630 1553692498912 
512 578 631 1553692498928 
512 577 632 1553692498945 
512 576 633 1553692498962 
512 574 634 1553692498978 
512 573 635 1553692498995 
512 572 635 1553692499012 
512 571 635 1553692499112 
512 570 636 1553692499129 
512 569 637 1553692499145 
512 569 638 1553692499179 
512 567 639 1553692499195 
512 566 640 1553692499212 
512 565 642 1553692499229 
512 564 643 1553692499245 
512 563 643 1553692499262 
512 562 644 1553692499295 
512 561 644 1553692499312 
512 560 645 1553692499329 
513 560 645 1553692499399 
514 560 645 1553692499553 
512 561 645 1553692499679 
512 562 645 1553692499713 
512 564 645 1553692499746 
512 565 645 1553692499763 
512 566 644 1553692499779 
512 572 641 1553692499796 
512 584 640 1553692499813 
512 606 640 1553692499829 
512 633 640 1553692499846 
512 689 652 1553692499863 
512 714 659 1553692499879 
512 740 663 1553692499896 
512 768 664 1553692499913 
512 788 661 1553692499929 
512 794 656 1553692499946 
512 795 652 1553692499963 
512 797 651 1553692499980 
512 798 647 1553692499996 
512 800 645 1553692500013 
512 802 644 1553692500030 
512 806 642 1553692500046 
512 812 641 1553692500063 
512 818 640 1553692500080 
512 821 640 1553692500096 
512 823 640 1553692500113 
512 824 640 1553692500130 
512 825 640 1553692500146 
512 827 641 1553692500163 
512 830 642 1553692500180 
512 833 642 1553692500196 
512 834 642 1553692500213 
512 835 642 1553692500230 
513 835 642 1553692500387 
514 835 642 1553692500551 
512 836 642 1553692500710 
512 839 638 1553692500726 
512 846 629 1553692500743 
512 859 613 1553692500760 
512 873 589 1553692500776 
512 900 539 1553692500793 
512 930 487 1553692500810 
512 946 436 1553692500826 
512 953 391 1553692500843 
512 954 365 1553692500860 
512 954 349 1553692500877 
512 952 346 1553692500893 
512 949 343 1553692500910 
512 947 341 1553692500927 
512 946 341 1553692500943 
512 945 340 1553692500993 
512 941 340 1553692501010 
512 937 340 1553692501027 
512 930 343 1553692501043 
512 923 348 1553692501060 
512 918 355 1553692501077 
512 914 368 1553692501093 
512 914 379 1553692501110 
512 914 387 1553692501127 
512 914 388 1553692501143 
512 915 388 1553692501160 
512 916 388 1553692501210 
512 918 388 1553692501227 
512 919 387 1553692501244 
512 920 386 1553692501260 
512 922 385 1553692501277 
512 923 385 1553692501310 
512 924 385 1553692501360 
512 925 385 1553692501394 
512 926 385 1553692501410 
512 927 385 1553692501427 
512 928 385 1553692501444 
512 929 385 1553692501460 
512 929 383 1553692501477 
512 929 382 1553692501494 
512 929 381 1553692501511 
512 930 380 1553692501527 
512 930 379 1553692501544 
512 930 378 1553692501571 
513 930 378 1553692501571 
514 930 378 1553692501725 
512 926 379 1553692501828 
512 919 380 1553692501844 
512 906 383 1553692501861 
512 891 387 1553692501878 
512 871 390 1553692501894 
512 836 393 1553692501911 
512 805 398 1553692501928 
512 768 403 1553692501944 
512 731 410 1553692501961 
512 688 417 1553692501978 
512 652 417 1553692501994 
512 595 407 1553692502011 
512 567 404 1553692502028 
512 548 400 1553692502044 
512 534 398 1553692502061 
512 526 396 1553692502078 
512 523 394 1553692502094 
512 522 392 1553692502111 
512 518 388 1553692502128 
512 510 385 1553692502145 
512 500 384 1553692502161 
512 489 384 1553692502178 
512 480 384 1553692502195 
512 477 384 1553692502211 
512 478 383 1553692502245 
512 479 382 1553692502261 
512 480 382 1553692502278 
512 480 381 1553692502345 
512 478 380 1553692502412 
512 475 379 1553692502428 
512 470 376 1553692502445 
512 469 375 1553692502462 
512 468 374 1553692502478 
513 468 374 1553692502573 
514 468 374 1553692502757 
512 470 375 1553692502929 
512 476 378 1553692502945 
512 483 381 1553692502962 
512 495 384 1553692502979 
512 504 389 1553692502995 
512 513 395 1553692503012 
512 524 409 1553692503029 
512 556 457 1553692503046 
512 575 492 1553692503062 
512 593 531 1553692503079 
512 603 561 1553692503096 
512 605 578 1553692503112 
512 605 584 1553692503129 
512 601 591 1553692503146 
512 597 598 1553692503162 
512 592 604 1553692503179 
512 590 606 1553692503198 
512 587 606 1553692503212 
512 586 606 1553692503229 
512 585 607 1553692503246 
512 584 607 1553692503262 
512 583 608 1553692503279 
512 581 608 1553692503296 
512 581 609 1553692503347 
512 580 614 1553692503363 
512 580 621 1553692503388 
512 580 626 1553692503413 
512 579 630 1553692503429 
512 577 633 1553692503446 
512 574 636 1553692503463 
512 573 637 1553692503479 
512 572 637 1553692503563 
512 571 638 1553692503579 
512 570 638 1553692503596 
512 569 638 1553692503630 
512 568 639 1553692503646 
512 567 639 1553692503663 
512 566 639 1553692503680 
512 565 640 1553692503763 
512 564 641 1553692503780 
512 563 642 1553692503796 
512 563 643 1553692503813 
512 561 645 1553692503830 
512 560 645 1553692503846 
512 558 646 1553692503863 
512 558 647 1553692503880 
512 557 647 1553692503896 
513 557 647 1553692503932 
514 557 647 1553692504119 
512 558 647 1553692504130 
512 559 647 1553692504147 
512 561 645 1553692504163 
512 562 644 1553692504180 
512 563 643 1553692504197 
512 565 641 1553692504214 
512 566 640 1553692504230 
512 567 640 1553692504247 
512 568 639 1553692504263 
512 572 636 1553692504280 
512 583 629 1553692504297 
512 593 619 1553692504314 
512 605 602 1553692504330 
512 614 582 1553692504347 
512 623 555 1553692504364 
512 629 528 1553692504380 
512 636 468 1553692504397 
512 649 416 1553692504414 
512 656 376 1553692504430 
512 657 341 1553692504447 
512 662 307 1553692504464 
512 669 278 1553692504480 
512 673 247 1553692504497 
512 675 233 1553692504514 
512 677 226 1553692504531 
512 678 223 1553692504547 
512 678 222 1553692504564 
512 679 222 1553692504581 
512 680 222 1553692504597 
512 681 222 1553692504613 
512 682 221 1553692504631 
512 683 221 1553692504647 
512 684 220 1553692504664 
512 685 220 1553692504681 
512 687 220 1553692504697 
512 688 220 1553692504714 
512 690 219 1553692504731 
512 691 219 1553692504747 
512 692 218 1553692504764 
512 693 218 1553692504781 
512 694 217 1553692504797 
512 695 217 1553692504814 
512 697 217 1553692504831 
512 698 216 1553692504898 
512 699 215 1553692504914 
512 699 213 1553692504931 
512 700 213 1553692504948 
513 700 213 1553692505011 
514 700 213 1553692505175 
