512 698 203 1553087723131 
512 702 205 1553087723147 
512 706 210 1553087723164 
512 709 215 1553087723181 
512 710 219 1553087723198 
512 712 221 1553087723214 
512 715 227 1553087723231 
512 734 261 1553087723248 
512 767 330 1553087723264 
512 810 417 1553087723281 
512 840 491 1553087723298 
512 856 544 1553087723314 
512 862 578 1553087723331 
512 860 601 1553087723348 
512 855 632 1553087723364 
512 853 640 1553087723381 
512 851 638 1553087723414 
512 843 631 1553087723431 
512 838 627 1553087723448 
512 836 627 1553087723464 
512 839 629 1553087723531 
512 843 633 1553087723548 
512 846 635 1553087723565 
512 847 635 1553087723581 
512 846 635 1553087723631 
512 845 635 1553087723731 
512 843 636 1553087723748 
512 842 638 1553087723765 
512 841 639 1553087723798 
512 839 641 1553087723833 
512 839 642 1553087723848 
513 839 642 1553087723886 
514 839 642 1553087724047 
512 840 642 1553087724082 
512 841 641 1553087724132 
512 841 640 1553087724149 
512 841 639 1553087724165 
512 843 632 1553087724182 
512 846 624 1553087724199 
512 848 615 1553087724215 
512 852 605 1553087724232 
512 859 588 1553087724249 
512 866 567 1553087724265 
512 866 510 1553087724282 
512 850 466 1553087724299 
512 829 443 1553087724315 
512 798 429 1553087724332 
512 743 412 1553087724349 
512 675 400 1553087724366 
512 581 393 1553087724382 
512 563 393 1553087724399 
512 537 404 1553087724416 
512 535 412 1553087724432 
512 535 418 1553087724449 
512 536 423 1553087724466 
512 537 426 1553087724482 
512 537 428 1553087724499 
512 523 429 1553087724516 
512 502 426 1553087724532 
512 483 416 1553087724549 
512 469 403 1553087724566 
512 460 387 1553087724582 
512 451 373 1553087724599 
512 446 366 1553087724616 
512 446 365 1553087724632 
512 451 366 1553087724716 
512 457 368 1553087724733 
512 463 369 1553087724749 
512 464 369 1553087724766 
512 466 370 1553087724799 
512 467 372 1553087724816 
512 469 373 1553087724833 
512 470 374 1553087724849 
512 471 374 1553087724866 
512 472 374 1553087724899 
513 472 374 1553087724935 
514 472 374 1553087725097 
512 473 374 1553087725216 
512 475 374 1553087725233 
512 480 374 1553087725250 
512 490 376 1553087725266 
512 505 379 1553087725283 
512 541 384 1553087725300 
512 567 387 1553087725316 
512 595 387 1553087725333 
512 620 385 1553087725350 
512 636 376 1553087725366 
512 646 345 1553087725383 
512 647 317 1553087725400 
512 646 292 1553087725417 
512 642 269 1553087725433 
512 641 256 1553087725450 
512 641 248 1553087725467 
512 643 241 1553087725483 
512 644 235 1553087725500 
512 647 229 1553087725517 
512 649 224 1553087725533 
512 651 219 1553087725550 
512 652 215 1553087725567 
512 655 212 1553087725583 
512 658 210 1553087725600 
512 662 209 1553087725617 
512 668 209 1553087725633 
512 678 209 1553087725650 
512 684 209 1553087725667 
512 687 209 1553087725684 
512 688 209 1553087725700 
512 689 209 1553087725717 
512 690 209 1553087725734 
512 694 211 1553087725750 
512 698 215 1553087725767 
512 703 218 1553087725784 
512 706 219 1553087725800 
512 706 220 1553087725817 
512 706 219 1553087725900 
512 706 217 1553087725917 
512 706 216 1553087725934 
512 706 215 1553087725951 
513 706 215 1553087725969 
512 705 214 1553087726034 
512 704 213 1553087726051 
512 703 212 1553087726067 
512 702 212 1553087726084 
512 702 211 1553087726101 
514 702 211 1553087726145 
512 702 211 1553087726151 
512 722 223 1553087726451 
512 769 254 1553087726468 
512 837 304 1553087726484 
512 905 359 1553087726501 
512 962 402 1553087726518 
512 997 417 1553087726535 
512 1014 420 1553087726551 
512 1013 420 1553087726635 
512 1012 419 1553087726651 
512 1006 412 1553087726668 
512 1000 408 1553087726685 
512 989 401 1553087726701 
512 976 393 1553087726718 
512 960 385 1553087726735 
512 950 378 1553087726751 
512 945 376 1553087726768 
512 944 376 1553087726785 
512 943 376 1553087726885 
512 941 376 1553087726902 
512 940 376 1553087726918 
512 939 376 1553087726935 
512 938 376 1553087726952 
512 936 376 1553087726968 
512 933 376 1553087726985 
512 929 376 1553087727002 
512 925 375 1553087727018 
512 924 375 1553087727035 
513 924 375 1553087727117 
514 924 375 1553087727257 
512 925 375 1553087727285 
512 926 375 1553087727335 
512 926 376 1553087727369 
512 927 376 1553087727385 
512 927 379 1553087727402 
512 926 385 1553087727419 
512 924 390 1553087727436 
512 921 398 1553087727452 
512 914 410 1553087727469 
512 906 423 1553087727486 
512 892 439 1553087727502 
512 873 457 1553087727519 
512 838 488 1553087727536 
512 776 540 1553087727552 
512 733 573 1553087727569 
512 695 602 1553087727586 
512 676 618 1553087727602 
512 662 629 1553087727619 
512 650 641 1553087727636 
512 640 650 1553087727652 
512 635 654 1553087727669 
512 633 654 1553087727686 
512 630 654 1553087727702 
512 627 654 1553087727719 
512 621 655 1553087727736 
512 616 656 1553087727752 
512 608 654 1553087727769 
512 600 648 1553087727786 
512 588 642 1553087727803 
512 579 639 1553087727819 
512 572 639 1553087727836 
512 568 639 1553087727853 
512 565 639 1553087727869 
512 563 640 1553087727886 
512 562 640 1553087727903 
512 563 640 1553087728003 
513 563 640 1553087728081 
512 562 640 1553087728136 
514 562 640 1553087728222 
512 562 640 1553087728236 
512 563 639 1553087728286 
512 564 639 1553087728303 
512 565 639 1553087728437 
512 570 637 1553087728453 
512 577 636 1553087728470 
512 592 635 1553087728487 
512 624 635 1553087728503 
512 681 638 1553087728520 
512 741 650 1553087728537 
512 798 670 1553087728553 
512 848 684 1553087728570 
512 866 690 1553087728587 
512 878 691 1553087728603 
512 883 691 1553087728620 
512 887 690 1553087728637 
512 888 689 1553087728654 
512 889 687 1553087728670 
512 891 685 1553087728687 
512 893 682 1553087728704 
512 894 679 1553087728720 
512 894 676 1553087728737 
512 892 673 1553087728754 
512 885 670 1553087728770 
512 869 666 1553087728787 
512 856 664 1553087728804 
512 845 663 1553087728820 
512 839 662 1553087728837 
512 838 661 1553087728854 
512 837 661 1553087728904 
512 836 659 1553087728920 
512 836 658 1553087728937 
512 836 656 1553087728954 
512 838 654 1553087728970 
512 840 653 1553087728987 
512 842 652 1553087729004 
512 843 650 1553087729021 
512 844 649 1553087729037 
512 843 649 1553087729121 
512 842 649 1553087729137 
513 842 649 1553087729162 
514 842 649 1553087729293 
512 843 649 1553087729354 
512 844 649 1553087729438 
512 845 649 1553087729454 
512 846 647 1553087729471 
512 850 634 1553087729488 
512 852 619 1553087729504 
512 854 603 1553087729521 
512 858 588 1553087729538 
512 865 572 1553087729554 
512 883 541 1553087729571 
512 916 479 1553087729588 
512 927 456 1553087729605 
512 933 440 1553087729621 
512 938 430 1553087729638 
512 941 418 1553087729655 
512 942 407 1553087729671 
512 942 397 1553087729688 
512 942 390 1553087729705 
512 942 389 1553087729721 
512 942 388 1553087729738 
512 943 385 1553087729755 
512 944 381 1553087729771 
512 945 380 1553087729788 
512 945 377 1553087729805 
512 943 375 1553087729838 
512 939 373 1553087729855 
512 933 372 1553087729871 
512 929 371 1553087729888 
512 927 370 1553087729905 
512 926 370 1553087729921 
512 926 369 1553087729938 
512 926 371 1553087730038 
512 926 374 1553087730055 
512 928 374 1553087730072 
512 928 375 1553087730088 
512 928 376 1553087730155 
513 928 376 1553087730157 
514 928 376 1553087730287 
512 921 376 1553087730489 
512 892 373 1553087730506 
512 856 369 1553087730522 
512 821 370 1553087730539 
512 770 372 1553087730556 
512 700 362 1553087730572 
512 627 348 1553087730589 
512 566 339 1553087730606 
512 545 339 1553087730622 
512 535 339 1553087730639 
512 532 340 1553087730656 
512 531 340 1553087730672 
512 530 341 1553087730689 
512 528 343 1553087730706 
512 526 344 1553087730722 
512 523 345 1553087730739 
512 523 346 1553087730756 
512 522 347 1553087730772 
512 518 348 1553087730789 
512 513 352 1553087730806 
512 506 357 1553087730823 
512 502 361 1553087730839 
512 498 365 1553087730856 
512 493 371 1553087730873 
512 485 380 1553087730889 
512 481 384 1553087730906 
512 479 384 1553087730923 
512 480 384 1553087730989 
512 481 384 1553087731006 
512 482 383 1553087731023 
512 482 382 1553087731039 
512 482 380 1553087731056 
512 481 377 1553087731073 
512 479 376 1553087731089 
512 477 374 1553087731106 
512 475 372 1553087731123 
512 474 372 1553087731139 
512 473 372 1553087731156 
512 472 372 1553087731173 
512 471 372 1553087731190 
512 470 372 1553087731206 
513 470 372 1553087731211 
514 470 372 1553087731367 
512 472 373 1553087731523 
512 475 374 1553087731540 
512 480 374 1553087731557 
512 490 374 1553087731573 
512 504 374 1553087731590 
512 528 374 1553087731607 
512 558 389 1553087731623 
512 573 406 1553087731640 
512 587 432 1553087731657 
512 602 480 1553087731673 
512 615 532 1553087731690 
512 622 570 1553087731707 
512 621 598 1553087731723 
512 621 613 1553087731740 
512 618 623 1553087731757 
512 617 626 1553087731774 
512 616 627 1553087731790 
512 610 625 1553087731857 
512 605 624 1553087731874 
512 596 624 1553087731890 
512 590 626 1553087731907 
512 585 629 1553087731924 
512 581 633 1553087731940 
512 571 640 1553087731957 
512 566 641 1553087731974 
512 562 642 1553087731991 
512 561 642 1553087732007 
512 562 642 1553087732091 
512 563 642 1553087732107 
512 563 641 1553087732124 
512 564 641 1553087732157 
512 564 640 1553087732224 
513 564 640 1553087732230 
512 563 640 1553087732257 
514 563 640 1553087732355 
512 563 640 1553087732358 
512 578 633 1553087732541 
512 604 623 1553087732558 
512 643 607 1553087732574 
512 692 577 1553087732591 
512 731 533 1553087732608 
512 756 480 1553087732625 
512 760 413 1553087732641 
512 755 391 1553087732658 
512 742 370 1553087732675 
512 729 350 1553087732691 
512 716 330 1553087732708 
512 711 310 1553087732725 
512 711 294 1553087732741 
512 717 283 1553087732758 
512 728 274 1553087732775 
512 737 268 1553087732791 
512 750 259 1553087732808 
512 765 246 1553087732825 
512 775 237 1553087732841 
512 778 233 1553087732858 
512 779 231 1553087732875 
512 775 231 1553087732925 
512 769 232 1553087732942 
512 763 233 1553087732958 
512 754 233 1553087732975 
512 749 231 1553087732992 
512 745 230 1553087733008 
512 742 228 1553087733025 
512 739 227 1553087733042 
512 737 224 1553087733058 
512 735 223 1553087733075 
512 733 219 1553087733092 
512 730 214 1553087733108 
512 729 213 1553087733125 
512 728 212 1553087733142 
512 727 211 1553087733175 
512 723 211 1553087733192 
512 714 211 1553087733209 
512 709 211 1553087733225 
512 708 211 1553087733309 
512 707 213 1553087733325 
512 704 214 1553087733342 
512 702 215 1553087733359 
513 702 215 1553087733419 
512 703 215 1553087733442 
512 704 215 1553087733459 
514 704 215 1553087733551 
