512 700 208 1553087756468 
512 708 224 1553087756769 
512 720 251 1553087756785 
512 741 294 1553087756802 
512 774 341 1553087756819 
512 814 405 1553087756835 
512 832 446 1553087756852 
512 840 483 1553087756871 
512 838 511 1553087756887 
512 832 546 1553087756902 
512 825 583 1553087756919 
512 823 605 1553087756935 
512 822 609 1553087756951 
512 824 609 1553087757002 
512 826 624 1553087757119 
512 828 631 1553087757136 
512 829 634 1553087757152 
512 830 635 1553087757169 
512 831 635 1553087757186 
512 832 636 1553087757202 
512 833 638 1553087757219 
512 833 643 1553087757236 
512 834 644 1553087757252 
512 834 645 1553087757269 
512 836 646 1553087757319 
512 838 647 1553087757336 
512 840 648 1553087757353 
512 840 649 1553087757369 
512 841 649 1553087757386 
513 841 649 1553087757523 
512 840 649 1553087757653 
514 840 649 1553087757688 
512 840 649 1553087757702 
512 840 647 1553087757803 
512 840 646 1553087757820 
512 840 641 1553087757836 
512 839 629 1553087757853 
512 835 613 1553087757870 
512 832 602 1553087757887 
512 831 593 1553087757903 
512 829 587 1553087757920 
512 826 582 1553087757937 
512 816 573 1553087757953 
512 790 556 1553087757970 
512 739 530 1553087757987 
512 664 494 1553087758003 
512 588 468 1553087758020 
512 499 443 1553087758037 
512 481 436 1553087758053 
512 478 432 1553087758070 
512 478 425 1553087758087 
512 479 414 1553087758103 
512 479 402 1553087758120 
512 476 392 1553087758137 
512 472 386 1553087758154 
512 468 383 1553087758170 
512 466 381 1553087758187 
512 465 381 1553087758204 
512 463 381 1553087758237 
512 462 381 1553087758254 
512 461 381 1553087758270 
512 462 380 1553087758387 
512 462 379 1553087758404 
512 464 378 1553087758420 
512 466 377 1553087758436 
512 467 376 1553087758453 
512 469 375 1553087758471 
512 470 375 1553087758487 
512 471 375 1553087758554 
512 472 374 1553087758571 
513 472 374 1553087758619 
514 472 374 1553087758767 
512 482 380 1553087759005 
512 503 387 1553087759021 
512 530 390 1553087759038 
512 564 388 1553087759054 
512 574 382 1553087759071 
512 580 369 1553087759088 
512 585 344 1553087759105 
512 595 297 1553087759121 
512 609 250 1553087759138 
512 629 220 1553087759155 
512 639 212 1553087759171 
512 644 210 1553087759188 
512 646 208 1553087759205 
512 646 207 1553087759221 
512 647 206 1553087759238 
512 649 202 1553087759255 
512 652 200 1553087759271 
512 654 199 1553087759288 
512 656 198 1553087759305 
512 658 198 1553087759321 
512 660 198 1553087759338 
512 662 200 1553087759355 
512 665 201 1553087759371 
512 669 203 1553087759388 
512 672 204 1553087759405 
512 676 206 1553087759422 
512 678 207 1553087759438 
512 680 208 1553087759455 
512 681 208 1553087759472 
512 682 208 1553087759555 
512 683 208 1553087759572 
512 685 209 1553087759588 
512 687 209 1553087759605 
512 691 209 1553087759622 
512 697 209 1553087759638 
512 702 209 1553087759655 
512 707 209 1553087759672 
512 708 209 1553087759689 
512 707 209 1553087759839 
513 707 209 1553087759859 
512 706 209 1553087759890 
512 705 209 1553087759906 
512 703 209 1553087759924 
512 702 209 1553087759930 
514 702 209 1553087759931 
512 702 209 1553087759941 
512 701 210 1553087759958 
512 700 210 1553087759974 
513 700 210 1553087760157 
514 700 210 1553087760250 
512 701 211 1553087760291 
512 717 217 1553087760307 
512 739 223 1553087760324 
512 764 231 1553087760341 
512 786 236 1553087760358 
512 800 238 1553087760374 
512 809 239 1553087760391 
512 812 240 1553087760408 
512 814 241 1553087760424 
512 819 242 1553087760441 
512 823 245 1553087760457 
512 833 252 1553087760474 
512 841 261 1553087760491 
512 852 270 1553087760506 
512 865 284 1553087760523 
512 879 300 1553087760540 
512 890 313 1553087760559 
512 898 322 1553087760575 
512 906 331 1553087760592 
512 916 346 1553087760608 
512 927 354 1553087760623 
512 931 355 1553087760640 
512 931 356 1553087760725 
512 931 357 1553087760758 
512 933 361 1553087760791 
512 933 366 1553087760808 
512 933 372 1553087760825 
512 933 376 1553087760841 
512 932 377 1553087760858 
512 931 378 1553087760874 
512 929 380 1553087760892 
512 928 381 1553087760908 
512 928 382 1553087760924 
512 928 383 1553087760941 
512 926 383 1553087761059 
512 926 382 1553087761075 
513 926 382 1553087761131 
514 926 382 1553087761268 
512 925 382 1553087761576 
512 898 402 1553087761593 
512 845 447 1553087761610 
512 744 524 1553087761626 
512 681 572 1553087761641 
512 642 597 1553087761658 
512 621 610 1553087761675 
512 602 619 1553087761692 
512 585 632 1553087761708 
512 567 645 1553087761725 
512 557 655 1553087761742 
512 551 661 1553087761760 
512 550 662 1553087761776 
512 548 663 1553087761796 
512 547 664 1553087761810 
512 545 665 1553087761825 
512 544 667 1553087761843 
512 545 667 1553087761893 
512 546 663 1553087761910 
512 548 657 1553087761926 
512 549 653 1553087761943 
512 551 649 1553087761960 
512 553 648 1553087761977 
512 554 646 1553087761993 
512 557 645 1553087762010 
512 558 644 1553087762027 
512 559 644 1553087762043 
513 559 644 1553087762169 
512 560 644 1553087762193 
514 560 644 1553087762324 
512 560 644 1553087762325 
512 560 643 1553087762511 
512 562 633 1553087762527 
512 567 617 1553087762543 
512 578 600 1553087762560 
512 598 579 1553087762576 
512 634 561 1553087762594 
512 674 558 1553087762611 
512 713 567 1553087762627 
512 769 606 1553087762643 
512 794 630 1553087762659 
512 808 651 1553087762675 
512 814 659 1553087762694 
512 815 660 1553087762711 
512 815 658 1553087762812 
512 815 657 1553087762827 
512 817 654 1553087762910 
512 820 653 1553087762927 
512 822 652 1553087762944 
512 825 652 1553087762960 
512 830 650 1553087762977 
512 832 649 1553087762994 
512 834 648 1553087763010 
512 836 648 1553087763027 
512 837 647 1553087763044 
512 838 646 1553087763061 
512 840 645 1553087763077 
512 841 644 1553087763094 
512 842 642 1553087763111 
512 842 641 1553087763161 
513 842 641 1553087763227 
514 842 641 1553087763366 
512 842 640 1553087763578 
512 836 630 1553087763594 
512 831 620 1553087763611 
512 827 604 1553087763628 
512 825 585 1553087763644 
512 830 545 1553087763661 
512 840 513 1553087763677 
512 853 490 1553087763694 
512 868 471 1553087763710 
512 885 452 1553087763727 
512 903 435 1553087763745 
512 918 425 1553087763761 
512 922 420 1553087763778 
512 924 418 1553087763794 
512 924 415 1553087763811 
512 925 414 1553087763828 
512 925 413 1553087763844 
512 925 410 1553087763861 
512 925 408 1553087763878 
512 924 404 1553087763894 
512 922 398 1553087763911 
512 922 392 1553087763929 
512 922 386 1553087763946 
512 922 381 1553087763962 
512 923 379 1553087763979 
512 925 378 1553087763996 
512 926 377 1553087764012 
512 927 376 1553087764029 
512 928 375 1553087764044 
513 928 375 1553087764198 
514 928 375 1553087764344 
512 907 376 1553087764680 
512 856 367 1553087764696 
512 761 349 1553087764713 
512 647 348 1553087764729 
512 535 343 1553087764746 
512 453 340 1553087764762 
512 430 342 1553087764779 
512 427 344 1553087764796 
512 427 346 1553087764813 
512 429 350 1553087764830 
512 434 353 1553087764846 
512 437 355 1553087764863 
512 438 357 1553087764880 
512 442 359 1553087764897 
512 445 361 1553087764912 
512 448 362 1553087764929 
512 449 363 1553087764946 
512 451 364 1553087764963 
512 452 365 1553087764979 
512 454 366 1553087764996 
512 454 367 1553087765013 
512 455 369 1553087765095 
512 456 369 1553087765113 
512 457 369 1553087765130 
512 458 370 1553087765147 
512 459 371 1553087765163 
512 461 371 1553087765180 
512 462 372 1553087765197 
512 463 372 1553087765213 
512 464 372 1553087765230 
512 466 372 1553087765246 
512 467 372 1553087765264 
512 468 372 1553087765280 
512 469 372 1553087765297 
512 470 372 1553087765314 
512 471 372 1553087765464 
513 471 372 1553087765466 
514 471 372 1553087765602 
512 471 377 1553087765696 
512 471 378 1553087765714 
512 472 380 1553087765731 
512 473 381 1553087765747 
512 476 383 1553087765764 
512 482 384 1553087765781 
512 492 385 1553087765797 
512 521 382 1553087765813 
512 541 375 1553087765830 
512 555 373 1553087765846 
512 564 373 1553087765863 
512 567 374 1553087765880 
512 569 376 1553087765897 
512 570 388 1553087765913 
512 568 425 1553087765930 
512 563 459 1553087765946 
512 561 489 1553087765964 
512 557 515 1553087765980 
512 554 537 1553087765997 
512 553 556 1553087766013 
512 553 580 1553087766030 
512 553 588 1553087766047 
512 552 594 1553087766063 
512 551 598 1553087766080 
512 549 603 1553087766097 
512 548 606 1553087766114 
512 547 611 1553087766130 
512 546 617 1553087766147 
512 546 622 1553087766164 
512 545 629 1553087766181 
512 545 637 1553087766198 
512 545 642 1553087766215 
512 545 644 1553087766231 
512 545 645 1553087766248 
512 546 647 1553087766298 
512 546 648 1553087766315 
512 547 649 1553087766331 
512 548 649 1553087766348 
512 549 649 1553087766365 
512 550 649 1553087766381 
512 551 649 1553087766398 
512 552 649 1553087766415 
512 554 649 1553087766432 
512 555 647 1553087766448 
512 556 646 1553087766465 
512 556 645 1553087766482 
512 558 645 1553087766498 
513 558 645 1553087766574 
514 558 645 1553087766737 
512 558 641 1553087766949 
512 559 628 1553087766965 
512 560 606 1553087766982 
512 564 569 1553087766999 
512 576 510 1553087767014 
512 588 437 1553087767032 
512 606 355 1553087767049 
512 614 317 1553087767066 
512 619 283 1553087767082 
512 624 254 1553087767099 
512 628 230 1553087767116 
512 631 217 1553087767132 
512 633 211 1553087767149 
512 635 204 1553087767166 
512 636 200 1553087767182 
512 638 198 1553087767199 
512 640 197 1553087767216 
512 643 196 1553087767232 
512 648 196 1553087767249 
512 654 196 1553087767266 
512 662 199 1553087767283 
512 666 199 1553087767299 
512 670 200 1553087767316 
512 674 202 1553087767333 
512 677 203 1553087767349 
512 680 205 1553087767366 
512 682 207 1553087767383 
512 683 207 1553087767399 
512 684 207 1553087767499 
512 686 207 1553087767516 
512 688 207 1553087767533 
512 689 207 1553087767549 
512 690 207 1553087767566 
512 692 207 1553087767582 
512 694 207 1553087767601 
512 695 207 1553087767616 
512 696 207 1553087767631 
512 697 207 1553087767666 
513 697 207 1553087767757 
514 697 207 1553087767904 
