512 696 205 1552935713037 
512 699 209 1552935713054 
512 716 246 1552935713071 
512 726 260 1552935713088 
512 768 324 1552935713104 
512 807 380 1552935713121 
512 842 440 1552935713138 
512 870 491 1552935713154 
512 898 540 1552935713171 
512 916 574 1552935713187 
512 925 597 1552935713204 
512 926 615 1552935713221 
512 921 624 1552935713238 
512 916 632 1552935713254 
512 908 641 1552935713271 
512 899 654 1552935713288 
512 887 665 1552935713304 
512 884 668 1552935713321 
512 873 674 1552935713338 
512 868 675 1552935713354 
512 863 675 1552935713371 
512 859 675 1552935713388 
512 855 671 1552935713405 
512 853 664 1552935713420 
512 852 661 1552935713436 
512 850 649 1552935713453 
512 850 648 1552935713470 
512 850 647 1552935713486 
512 849 647 1552935713538 
512 846 647 1552935713554 
512 843 650 1552935713570 
512 841 650 1552935713587 
512 840 651 1552935713605 
512 837 652 1552935713621 
512 834 651 1552935713638 
512 833 649 1552935713654 
512 833 647 1552935713671 
512 833 643 1552935713687 
512 833 638 1552935713704 
512 833 635 1552935713721 
512 833 634 1552935713738 
512 833 633 1552935713754 
512 834 635 1552935713955 
512 835 636 1552935713972 
512 835 637 1552935713987 
512 836 639 1552935714004 
512 837 640 1552935714071 
512 838 640 1552935714122 
513 838 640 1552935714152 
514 838 640 1552935714290 
512 839 640 1552935714355 
512 840 640 1552935714372 
512 840 639 1552935714438 
512 841 638 1552935714455 
512 842 636 1552935714472 
512 843 633 1552935714488 
512 843 631 1552935714505 
512 846 623 1552935714522 
512 846 612 1552935714538 
512 846 602 1552935714555 
512 827 561 1552935714572 
512 810 544 1552935714589 
512 791 534 1552935714605 
512 779 531 1552935714622 
512 715 517 1552935714639 
512 653 510 1552935714655 
512 623 507 1552935714672 
512 596 502 1552935714688 
512 580 494 1552935714705 
512 574 490 1552935714722 
512 564 475 1552935714739 
512 557 461 1552935714755 
512 552 447 1552935714772 
512 549 443 1552935714789 
512 531 425 1552935714805 
512 512 416 1552935714822 
512 495 411 1552935714839 
512 490 410 1552935714855 
512 486 407 1552935714872 
512 485 405 1552935714889 
512 480 397 1552935714905 
512 478 395 1552935714922 
512 468 391 1552935714939 
512 467 390 1552935714956 
512 465 388 1552935714973 
512 465 387 1552935715006 
512 467 385 1552935715023 
512 468 384 1552935715040 
512 470 383 1552935715056 
512 470 382 1552935715072 
512 471 381 1552935715089 
512 471 380 1552935715106 
512 471 379 1552935715156 
512 472 379 1552935715190 
513 472 379 1552935715237 
514 472 379 1552935715384 
512 473 378 1552935715472 
512 474 377 1552935715488 
512 476 376 1552935715505 
512 483 376 1552935715540 
512 486 376 1552935715557 
512 496 376 1552935715573 
512 502 375 1552935715590 
512 511 375 1552935715607 
512 522 375 1552935715624 
512 550 375 1552935715640 
512 562 375 1552935715657 
512 606 372 1552935715673 
512 626 366 1552935715690 
512 638 359 1552935715707 
512 649 344 1552935715723 
512 652 336 1552935715740 
512 660 293 1552935715756 
512 657 260 1552935715773 
512 657 250 1552935715790 
512 660 245 1552935715806 
512 662 242 1552935715823 
512 663 239 1552935715840 
512 664 235 1552935715857 
512 667 231 1552935715873 
512 673 225 1552935715890 
512 680 220 1552935715907 
512 683 218 1552935715923 
512 694 211 1552935715940 
512 698 209 1552935715957 
512 699 209 1552935715973 
512 701 209 1552935715990 
512 708 209 1552935716007 
512 713 209 1552935716023 
512 717 209 1552935716040 
512 719 209 1552935716057 
512 720 209 1552935716073 
512 720 208 1552935716090 
512 720 207 1552935716140 
512 719 206 1552935716157 
512 716 205 1552935716174 
512 713 204 1552935716191 
512 707 203 1552935716207 
512 703 203 1552935716224 
512 702 203 1552935716241 
512 700 203 1552935716258 
512 699 203 1552935716274 
512 698 203 1552935716291 
512 697 203 1552935716308 
512 696 205 1552935716324 
513 696 205 1552935716464 
514 696 205 1552935716596 
512 698 208 1552935716825 
512 706 218 1552935716841 
512 724 241 1552935716858 
512 767 293 1552935716875 
512 826 346 1552935716892 
512 943 410 1552935716908 
512 994 438 1552935716925 
512 1032 458 1552935716941 
512 1040 462 1552935716958 
512 1024 454 1552935717008 
512 1021 452 1552935717025 
512 1007 444 1552935717042 
512 999 441 1552935717058 
512 994 438 1552935717075 
512 983 433 1552935717092 
512 978 431 1552935717108 
512 971 427 1552935717125 
512 960 420 1552935717142 
512 953 413 1552935717158 
512 949 410 1552935717175 
512 948 408 1552935717192 
512 948 406 1552935717225 
512 948 402 1552935717242 
512 948 399 1552935717259 
512 948 395 1552935717275 
512 947 392 1552935717292 
512 944 389 1552935717309 
512 943 388 1552935717326 
512 942 386 1552935717342 
512 940 384 1552935717375 
512 937 383 1552935717392 
512 934 382 1552935717409 
512 934 381 1552935717425 
512 932 380 1552935717441 
512 930 377 1552935717458 
512 929 376 1552935717474 
512 928 375 1552935717490 
512 927 375 1552935717507 
512 926 374 1552935717526 
512 926 373 1552935717542 
512 925 372 1552935717559 
512 923 369 1552935717576 
512 922 369 1552935717609 
513 922 369 1552935717660 
514 922 369 1552935717792 
512 924 372 1552935717943 
512 928 376 1552935717959 
512 932 382 1552935717976 
512 939 391 1552935717993 
512 945 398 1552935718010 
512 954 410 1552935718026 
512 956 416 1552935718043 
512 956 423 1552935718060 
512 952 433 1552935718076 
512 938 447 1552935718093 
512 916 463 1552935718110 
512 870 492 1552935718126 
512 818 522 1552935718143 
512 761 555 1552935718160 
512 720 571 1552935718176 
512 694 579 1552935718193 
512 676 583 1552935718210 
512 658 587 1552935718226 
512 653 587 1552935718243 
512 648 588 1552935718260 
512 645 589 1552935718276 
512 625 591 1552935718293 
512 608 593 1552935718310 
512 599 594 1552935718327 
512 570 603 1552935718343 
512 554 615 1552935718360 
512 547 624 1552935718376 
512 541 635 1552935718393 
512 536 645 1552935718410 
512 531 652 1552935718427 
512 531 654 1552935718443 
512 531 658 1552935718460 
512 531 659 1552935718477 
512 532 659 1552935718493 
512 533 660 1552935718510 
512 538 660 1552935718527 
512 551 660 1552935718543 
512 555 658 1552935718560 
512 560 657 1552935718577 
512 563 655 1552935718594 
512 565 654 1552935718610 
512 567 651 1552935718627 
512 567 650 1552935718644 
512 567 649 1552935718660 
512 567 648 1552935718694 
512 565 646 1552935718710 
512 564 645 1552935718727 
512 563 645 1552935718743 
512 562 644 1552935718760 
512 561 644 1552935718777 
512 560 644 1552935718794 
512 559 644 1552935718810 
512 557 644 1552935718827 
513 557 644 1552935718940 
514 557 644 1552935719088 
512 558 643 1552935719110 
512 558 641 1552935719127 
512 565 635 1552935719144 
512 579 627 1552935719161 
512 587 621 1552935719177 
512 597 613 1552935719194 
512 607 602 1552935719211 
512 619 585 1552935719227 
512 635 558 1552935719244 
512 644 537 1552935719261 
512 647 527 1552935719277 
512 657 504 1552935719294 
512 670 484 1552935719311 
512 681 479 1552935719327 
512 699 480 1552935719344 
512 714 490 1552935719361 
512 723 499 1552935719378 
512 751 536 1552935719394 
512 758 550 1552935719411 
512 784 618 1552935719426 
512 793 639 1552935719443 
512 796 647 1552935719459 
512 799 672 1552935719476 
512 796 676 1552935719492 
512 796 677 1552935719510 
512 795 677 1552935719527 
512 802 677 1552935719594 
512 815 676 1552935719611 
512 824 675 1552935719627 
512 830 673 1552935719643 
512 836 671 1552935719660 
512 839 669 1552935719677 
512 842 665 1552935719694 
512 842 664 1552935719711 
512 843 662 1552935719727 
512 845 660 1552935719744 
512 845 659 1552935719795 
512 843 658 1552935719811 
512 842 657 1552935719828 
512 841 656 1552935719861 
512 839 653 1552935719878 
512 839 651 1552935719895 
512 839 650 1552935719911 
512 840 648 1552935719928 
512 840 647 1552935719945 
512 841 646 1552935719961 
512 841 644 1552935719978 
513 841 644 1552935720044 
514 841 644 1552935720176 
512 840 644 1552935720278 
512 839 644 1552935720295 
512 838 645 1552935720345 
512 837 645 1552935720362 
512 836 645 1552935720378 
512 836 640 1552935720412 
512 839 633 1552935720429 
512 842 620 1552935720445 
512 844 602 1552935720462 
512 850 571 1552935720479 
512 854 549 1552935720495 
512 860 525 1552935720512 
512 864 506 1552935720529 
512 865 491 1552935720545 
512 866 478 1552935720562 
512 867 468 1552935720579 
512 872 453 1552935720596 
512 876 445 1552935720613 
512 882 436 1552935720630 
512 886 431 1552935720645 
512 898 420 1552935720662 
512 903 417 1552935720679 
512 906 415 1552935720695 
512 908 414 1552935720712 
512 909 412 1552935720729 
512 911 411 1552935720746 
512 912 410 1552935720762 
512 916 409 1552935720779 
512 919 407 1552935720796 
512 923 403 1552935720812 
512 925 399 1552935720828 
512 926 395 1552935720845 
512 927 392 1552935720862 
512 927 389 1552935720878 
512 928 387 1552935720895 
512 929 385 1552935720912 
512 929 383 1552935720929 
512 929 382 1552935720946 
513 929 382 1552935721124 
514 929 382 1552935721270 
512 923 383 1552935721478 
512 905 389 1552935721495 
512 870 400 1552935721513 
512 832 412 1552935721530 
512 780 423 1552935721546 
512 723 425 1552935721563 
512 692 425 1552935721580 
512 660 420 1552935721597 
512 600 393 1552935721612 
512 569 379 1552935721629 
512 551 369 1552935721646 
512 538 362 1552935721663 
512 529 358 1552935721680 
512 523 356 1552935721697 
512 518 356 1552935721713 
512 517 356 1552935721730 
512 520 359 1552935721747 
512 526 364 1552935721763 
512 530 368 1552935721780 
512 532 370 1552935721796 
512 532 374 1552935721813 
512 529 379 1552935721830 
512 523 384 1552935721846 
512 515 387 1552935721863 
512 498 389 1552935721880 
512 479 388 1552935721896 
512 472 385 1552935721913 
512 456 377 1552935721930 
512 455 375 1552935721947 
512 456 373 1552935721980 
512 458 371 1552935721997 
512 460 371 1552935722014 
512 461 370 1552935722030 
512 463 368 1552935722047 
512 464 367 1552935722063 
512 465 366 1552935722080 
512 466 366 1552935722097 
512 469 366 1552935722164 
512 471 370 1552935722197 
512 473 372 1552935722214 
512 474 374 1552935722230 
512 475 375 1552935722264 
513 475 375 1552935722383 
514 475 375 1552935722505 
512 474 375 1552935722514 
512 481 386 1552935722731 
512 494 402 1552935722748 
512 523 437 1552935722764 
512 579 498 1552935722781 
512 636 569 1552935722798 
512 653 594 1552935722814 
512 698 678 1552935722831 
512 717 728 1552935722848 
512 718 738 1552935722865 
512 710 760 1552935722881 
512 699 764 1552935722898 
512 682 766 1552935722915 
512 669 767 1552935722931 
512 651 764 1552935722948 
512 645 760 1552935722965 
512 633 750 1552935722981 
512 625 740 1552935722998 
512 624 737 1552935723015 
512 623 733 1552935723031 
512 623 729 1552935723048 
512 628 722 1552935723065 
512 629 720 1552935723081 
512 629 707 1552935723098 
512 621 697 1552935723115 
512 610 689 1552935723132 
512 593 685 1552935723148 
512 576 682 1552935723165 
512 547 675 1552935723182 
512 531 671 1552935723198 
512 525 667 1552935723215 
512 525 663 1552935723232 
512 526 661 1552935723248 
512 530 658 1552935723265 
512 536 656 1552935723282 
512 541 655 1552935723298 
512 546 654 1552935723315 
512 552 654 1552935723332 
512 558 653 1552935723348 
512 560 653 1552935723365 
512 561 653 1552935723382 
512 561 651 1552935723497 
512 561 650 1552935723514 
513 561 650 1552935723640 
514 561 650 1552935723806 
512 565 650 1552935723899 
512 568 650 1552935723916 
512 569 650 1552935723932 
512 573 650 1552935723949 
512 577 650 1552935723966 
512 581 649 1552935723983 
512 586 647 1552935723999 
512 593 645 1552935724016 
512 603 638 1552935724033 
512 608 632 1552935724049 
512 633 582 1552935724066 
512 639 554 1552935724083 
512 647 523 1552935724099 
512 653 485 1552935724116 
512 656 454 1552935724133 
512 658 429 1552935724149 
512 659 410 1552935724166 
512 662 381 1552935724183 
512 664 372 1552935724199 
512 675 339 1552935724216 
512 681 321 1552935724233 
512 689 304 1552935724249 
512 691 295 1552935724266 
512 699 278 1552935724283 
512 705 259 1552935724300 
512 706 254 1552935724316 
512 706 249 1552935724333 
512 706 244 1552935724350 
512 706 240 1552935724366 
512 707 236 1552935724383 
512 709 226 1552935724400 
512 709 218 1552935724416 
512 708 211 1552935724432 
512 707 207 1552935724448 
512 706 204 1552935724467 
512 706 203 1552935724483 
512 706 202 1552935724500 
512 705 202 1552935724533 
512 703 202 1552935724549 
512 702 202 1552935724566 
512 702 203 1552935724583 
512 701 203 1552935724603 
512 701 204 1552935724633 
512 700 206 1552935724649 
512 699 206 1552935724666 
513 699 206 1552935724813 
514 699 206 1552935724989 
