512 701 212 1553519459976 
512 702 213 1553519459993 
512 703 214 1553519460009 
512 704 215 1553519460026 
512 705 217 1553519460043 
512 707 220 1553519460059 
512 708 224 1553519460076 
512 710 229 1553519460093 
512 712 234 1553519460109 
512 722 251 1553519460126 
512 733 274 1553519460143 
512 752 319 1553519460160 
512 786 394 1553519460176 
512 812 470 1553519460193 
512 833 537 1553519460210 
512 857 634 1553519460226 
512 867 672 1553519460243 
512 872 692 1553519460260 
512 873 698 1553519460276 
512 873 699 1553519460293 
512 872 699 1553519460326 
512 870 698 1553519460360 
512 868 696 1553519460376 
512 866 695 1553519460393 
512 863 693 1553519460410 
512 862 692 1553519460427 
512 861 690 1553519460443 
512 859 682 1553519460460 
512 856 671 1553519460477 
512 853 663 1553519460493 
512 852 659 1553519460510 
512 851 657 1553519460527 
512 851 656 1553519460543 
512 851 655 1553519460577 
512 851 654 1553519460593 
512 850 654 1553519460660 
512 849 654 1553519460688 
512 849 653 1553519460699 
512 848 653 1553519460710 
512 846 653 1553519460727 
512 845 651 1553519460744 
512 844 650 1553519460760 
512 843 645 1553519460777 
512 842 641 1553519460794 
512 841 640 1553519460810 
513 841 640 1553519460903 
514 841 640 1553519461051 
512 841 641 1553519461077 
512 841 642 1553519461111 
512 841 643 1553519461127 
512 842 643 1553519461211 
512 842 640 1553519461227 
512 844 636 1553519461244 
512 851 620 1553519461261 
512 862 592 1553519461277 
512 864 577 1553519461294 
512 865 571 1553519461311 
512 865 567 1553519461327 
512 865 566 1553519461344 
512 866 566 1553519461361 
512 867 555 1553519461378 
512 864 541 1553519461394 
512 855 519 1553519461411 
512 841 500 1553519461427 
512 829 491 1553519461444 
512 816 486 1553519461461 
512 769 470 1553519461477 
512 699 451 1553519461493 
512 617 430 1553519461511 
512 561 416 1553519461528 
512 544 408 1553519461543 
512 540 403 1553519461561 
512 539 399 1553519461578 
512 539 394 1553519461593 
512 539 388 1553519461611 
512 539 377 1553519461628 
512 535 370 1553519461645 
512 531 368 1553519461660 
512 530 368 1553519461678 
512 528 369 1553519461711 
512 527 372 1553519461728 
512 522 377 1553519461745 
512 515 381 1553519461761 
512 502 382 1553519461778 
512 490 382 1553519461795 
512 486 382 1553519461811 
512 485 382 1553519461828 
512 484 382 1553519461845 
512 483 383 1553519461861 
512 479 384 1553519461878 
512 474 384 1553519461895 
512 473 384 1553519461910 
512 473 383 1553519461945 
512 472 380 1553519461962 
512 472 379 1553519461978 
512 471 379 1553519461995 
512 471 378 1553519462045 
513 471 378 1553519462148 
514 471 378 1553519462295 
512 474 379 1553519462395 
512 478 381 1553519462412 
512 482 382 1553519462429 
512 485 384 1553519462445 
512 489 384 1553519462462 
512 494 386 1553519462479 
512 499 387 1553519462495 
512 509 387 1553519462512 
512 529 381 1553519462529 
512 544 375 1553519462546 
512 559 367 1553519462562 
512 575 354 1553519462579 
512 593 337 1553519462596 
512 616 304 1553519462612 
512 639 274 1553519462629 
512 667 254 1553519462646 
512 676 249 1553519462662 
512 679 247 1553519462679 
512 680 246 1553519462696 
512 680 244 1553519462712 
512 680 243 1553519462729 
512 680 241 1553519462746 
512 680 240 1553519462762 
512 680 237 1553519462779 
512 681 234 1553519462796 
512 682 228 1553519462812 
512 684 226 1553519462829 
512 685 224 1553519462846 
512 687 222 1553519462863 
512 692 216 1553519462879 
512 696 213 1553519462896 
512 698 212 1553519462912 
512 699 211 1553519462929 
513 699 211 1553519463127 
514 699 211 1553519463251 
512 703 230 1553519463480 
512 729 278 1553519463496 
512 764 320 1553519463513 
512 797 350 1553519463530 
512 823 368 1553519463547 
512 844 375 1553519463563 
512 863 377 1553519463580 
512 868 377 1553519463597 
512 870 377 1553519463613 
512 871 377 1553519463630 
512 872 377 1553519463647 
512 876 376 1553519463663 
512 886 375 1553519463680 
512 894 375 1553519463697 
512 900 375 1553519463713 
512 906 375 1553519463730 
512 910 375 1553519463747 
512 913 375 1553519463763 
512 915 375 1553519463780 
512 916 375 1553519463797 
512 918 375 1553519463813 
512 920 375 1553519463830 
512 922 374 1553519463847 
512 923 374 1553519463864 
512 923 373 1553519463881 
513 923 373 1553519464084 
514 923 373 1553519464223 
512 920 377 1553519464431 
512 914 383 1553519464448 
512 902 393 1553519464464 
512 878 413 1553519464481 
512 801 470 1553519464498 
512 739 518 1553519464514 
512 694 561 1553519464531 
512 654 606 1553519464548 
512 617 647 1553519464564 
512 568 698 1553519464581 
512 539 720 1553519464598 
512 533 721 1553519464614 
512 528 717 1553519464631 
512 526 715 1553519464648 
512 525 713 1553519464664 
512 524 709 1553519464681 
512 522 702 1553519464698 
512 524 696 1553519464714 
512 526 690 1553519464731 
512 528 685 1553519464748 
512 528 679 1553519464765 
512 529 676 1553519464781 
512 531 672 1553519464798 
512 534 666 1553519464815 
512 537 661 1553519464831 
512 539 658 1553519464848 
512 540 657 1553519464865 
512 541 657 1553519464881 
512 542 656 1553519464898 
512 543 655 1553519464915 
512 545 653 1553519464931 
512 546 652 1553519464965 
512 548 651 1553519464981 
512 549 651 1553519464998 
512 551 650 1553519465015 
512 552 649 1553519465032 
512 554 649 1553519465048 
512 555 648 1553519465065 
512 556 648 1553519465082 
512 557 648 1553519465098 
512 558 647 1553519465115 
512 559 647 1553519465132 
512 559 646 1553519465148 
513 559 646 1553519465251 
512 558 646 1553519465397 
514 558 646 1553519465397 
512 558 646 1553519465399 
512 557 646 1553519465432 
512 557 645 1553519465465 
512 558 645 1553519465532 
512 558 644 1553519465565 
512 562 641 1553519465582 
512 567 634 1553519465599 
512 575 623 1553519465616 
512 582 619 1553519465632 
512 595 618 1553519465649 
512 611 618 1553519465666 
512 632 623 1553519465682 
512 657 631 1553519465699 
512 701 651 1553519465716 
512 731 670 1553519465732 
512 762 685 1553519465749 
512 779 693 1553519465766 
512 792 696 1553519465782 
512 798 697 1553519465799 
512 800 697 1553519465816 
512 802 697 1553519465832 
512 805 695 1553519465849 
512 807 692 1553519465866 
512 808 687 1553519465882 
512 811 683 1553519465899 
512 813 679 1553519465916 
512 816 676 1553519465933 
512 820 671 1553519465949 
512 823 668 1553519465966 
512 828 665 1553519465983 
512 831 663 1553519465999 
512 833 662 1553519466016 
512 834 661 1553519466033 
512 835 660 1553519466049 
512 836 659 1553519466066 
512 837 658 1553519466083 
512 838 656 1553519466099 
512 839 655 1553519466116 
512 840 653 1553519466133 
512 841 652 1553519466149 
512 842 650 1553519466166 
512 843 648 1553519466183 
512 843 647 1553519466199 
512 843 646 1553519466233 
513 843 646 1553519466347 
514 843 646 1553519466495 
512 842 646 1553519466700 
512 841 645 1553519466717 
512 840 643 1553519466733 
512 839 630 1553519466750 
512 846 583 1553519466767 
512 850 559 1553519466783 
512 873 466 1553519466800 
512 902 407 1553519466817 
512 931 367 1553519466833 
512 950 343 1553519466850 
512 960 329 1553519466867 
512 961 324 1553519466884 
512 962 320 1553519466900 
512 962 319 1553519466917 
512 961 318 1553519466934 
512 959 317 1553519466950 
512 957 315 1553519466967 
512 952 312 1553519466984 
512 951 311 1553519467000 
512 949 318 1553519467084 
512 948 332 1553519467100 
512 948 341 1553519467117 
512 948 347 1553519467134 
512 948 349 1553519467150 
512 945 351 1553519467167 
512 941 356 1553519467184 
512 939 357 1553519467201 
512 937 359 1553519467217 
512 936 360 1553519467238 
512 935 361 1553519467251 
512 933 363 1553519467267 
512 932 364 1553519467284 
512 930 365 1553519467301 
512 929 366 1553519467317 
512 928 368 1553519467334 
512 927 369 1553519467351 
512 926 370 1553519467367 
512 926 371 1553519467384 
512 926 372 1553519467554 
513 926 372 1553519467554 
512 927 373 1553519467601 
514 927 373 1553519467693 
512 927 373 1553519467701 
512 923 373 1553519468001 
512 893 375 1553519468018 
512 806 374 1553519468035 
512 714 370 1553519468052 
512 630 371 1553519468068 
512 562 375 1553519468085 
512 524 377 1553519468102 
512 504 379 1553519468118 
512 494 382 1553519468135 
512 489 383 1553519468152 
512 486 385 1553519468168 
512 485 385 1553519468318 
512 483 385 1553519468335 
512 482 384 1553519468352 
512 481 383 1553519468385 
512 479 382 1553519468402 
512 478 381 1553519468435 
512 477 380 1553519468452 
512 476 379 1553519468469 
512 475 378 1553519468485 
512 474 378 1553519468502 
512 474 377 1553519468519 
512 472 376 1553519468536 
512 472 375 1553519468552 
512 471 375 1553519468569 
512 471 374 1553519468585 
512 470 373 1553519468602 
513 470 373 1553519468633 
514 470 373 1553519468773 
512 475 374 1553519468953 
512 480 376 1553519468969 
512 490 381 1553519468986 
512 510 394 1553519469003 
512 543 412 1553519469019 
512 578 436 1553519469036 
512 625 487 1553519469053 
512 650 526 1553519469069 
512 666 574 1553519469086 
512 679 629 1553519469103 
512 687 683 1553519469119 
512 687 706 1553519469136 
512 681 714 1553519469153 
512 676 716 1553519469169 
512 650 717 1553519469186 
512 632 716 1553519469203 
512 623 716 1553519469219 
512 618 715 1553519469236 
512 612 713 1553519469253 
512 607 709 1553519469269 
512 598 703 1553519469287 
512 586 694 1553519469304 
512 581 690 1553519469319 
512 578 686 1553519469336 
512 574 681 1553519469353 
512 564 676 1553519469370 
512 560 673 1553519469386 
512 560 667 1553519469404 
512 560 663 1553519469420 
512 560 660 1553519469436 
512 560 658 1553519469453 
512 559 656 1553519469470 
512 558 655 1553519469486 
512 557 653 1553519469503 
512 556 652 1553519469520 
512 554 647 1553519469536 
512 552 645 1553519469553 
512 551 645 1553519469569 
513 551 645 1553519469739 
514 551 645 1553519469909 
512 553 645 1553519469937 
512 557 646 1553519469953 
512 561 647 1553519469970 
512 562 648 1553519469987 
512 563 648 1553519470003 
512 565 647 1553519470186 
512 566 639 1553519470203 
512 575 613 1553519470221 
512 589 574 1553519470237 
512 612 508 1553519470253 
512 633 444 1553519470271 
512 650 388 1553519470287 
512 662 355 1553519470304 
512 671 337 1553519470321 
512 678 320 1553519470337 
512 682 312 1553519470354 
512 686 303 1553519470371 
512 689 297 1553519470387 
512 689 294 1553519470404 
512 690 293 1553519470421 
512 691 288 1553519470437 
512 692 284 1553519470454 
512 693 277 1553519470471 
512 695 270 1553519470488 
512 698 264 1553519470504 
512 699 259 1553519470521 
512 702 254 1553519470538 
512 706 248 1553519470554 
512 710 240 1553519470571 
512 711 236 1553519470588 
512 713 232 1553519470604 
512 714 228 1553519470620 
512 716 224 1553519470638 
512 716 219 1553519470654 
512 716 215 1553519470671 
512 716 213 1553519470688 
512 715 212 1553519470788 
512 714 211 1553519470805 
512 713 210 1553519470821 
512 712 210 1553519470838 
512 710 210 1553519470921 
512 708 210 1553519470938 
512 707 210 1553519470955 
512 705 210 1553519470971 
512 704 210 1553519470988 
512 703 210 1553519471005 
512 701 210 1553519471021 
512 700 210 1553519471038 
512 698 211 1553519471088 
513 698 211 1553519471145 
514 698 211 1553519471270 
