512 700 209 1553196751904 
512 702 222 1553196751922 
512 708 240 1553196751939 
512 720 268 1553196751955 
512 736 313 1553196751970 
512 755 366 1553196751987 
512 783 463 1553196752003 
512 796 525 1553196752020 
512 805 567 1553196752037 
512 810 594 1553196752053 
512 815 608 1553196752069 
512 818 616 1553196752087 
512 819 617 1553196752103 
512 819 619 1553196752154 
512 820 629 1553196752170 
512 823 649 1553196752187 
512 825 658 1553196752203 
512 826 660 1553196752221 
512 827 660 1553196752238 
512 830 660 1553196752253 
512 835 660 1553196752270 
512 840 659 1553196752287 
512 841 659 1553196752321 
512 841 658 1553196752338 
512 841 656 1553196752354 
512 841 652 1553196752371 
512 841 648 1553196752387 
512 841 647 1553196752404 
512 841 646 1553196752473 
512 843 643 1553196752506 
512 845 641 1553196752522 
513 845 641 1553196752575 
512 844 641 1553196752622 
512 843 640 1553196752628 
514 843 640 1553196752628 
512 842 639 1553196752654 
512 842 638 1553196752773 
512 841 635 1553196752789 
512 841 624 1553196752805 
512 842 611 1553196752822 
512 845 596 1553196752839 
512 846 577 1553196752854 
512 830 551 1553196752874 
512 759 499 1553196752890 
512 623 433 1553196752906 
512 529 392 1553196752923 
512 504 378 1553196752940 
512 484 368 1553196752956 
512 480 366 1553196752972 
512 481 366 1553196752989 
512 487 365 1553196753006 
512 493 365 1553196753023 
512 494 365 1553196753055 
512 496 365 1553196753073 
512 500 365 1553196753090 
512 503 365 1553196753106 
512 502 366 1553196753140 
512 497 368 1553196753156 
512 493 370 1553196753172 
512 490 370 1553196753190 
512 486 371 1553196753206 
512 484 372 1553196753223 
512 482 373 1553196753239 
512 481 373 1553196753257 
512 480 373 1553196753272 
512 479 373 1553196753290 
512 478 373 1553196753306 
512 477 373 1553196753373 
512 475 374 1553196753390 
512 474 374 1553196753423 
513 474 374 1553196753436 
512 473 374 1553196753457 
514 473 374 1553196753498 
512 477 374 1553196753590 
512 497 374 1553196753608 
512 530 374 1553196753624 
512 574 374 1553196753642 
512 614 371 1553196753658 
512 632 369 1553196753674 
512 634 368 1553196753691 
512 637 362 1553196753741 
512 641 350 1553196753757 
512 642 337 1553196753774 
512 636 322 1553196753791 
512 631 312 1553196753806 
512 628 303 1553196753826 
512 628 294 1553196753842 
512 628 285 1553196753858 
512 634 274 1553196753875 
512 640 265 1553196753892 
512 651 259 1553196753909 
512 661 254 1553196753924 
512 674 246 1553196753941 
512 688 235 1553196753956 
512 698 228 1553196753976 
512 702 223 1553196753992 
512 702 222 1553196754008 
512 702 221 1553196754042 
512 702 220 1553196754059 
512 704 218 1553196754075 
512 707 212 1553196754090 
512 710 208 1553196754109 
512 708 208 1553196754208 
512 705 208 1553196754293 
512 700 208 1553196754308 
512 697 208 1553196754324 
512 699 208 1553196754374 
512 701 208 1553196754392 
512 704 208 1553196754407 
512 704 207 1553196754441 
513 704 207 1553196754535 
514 704 207 1553196754586 
512 702 207 1553196754625 
512 702 208 1553196754709 
512 714 211 1553196754726 
512 729 215 1553196754742 
512 741 219 1553196754759 
512 754 226 1553196754774 
512 769 237 1553196754794 
512 785 252 1553196754811 
512 802 271 1553196754827 
512 822 298 1553196754844 
512 854 331 1553196754860 
512 891 355 1553196754876 
512 902 360 1553196754893 
512 906 362 1553196754909 
512 907 362 1553196754926 
512 907 364 1553196754960 
512 909 371 1553196754977 
512 912 381 1553196754995 
512 917 389 1553196755009 
512 921 393 1553196755028 
512 922 395 1553196755043 
512 923 394 1553196755110 
512 924 393 1553196755127 
512 926 391 1553196755144 
512 928 389 1553196755160 
512 929 387 1553196755176 
512 929 386 1553196755210 
512 929 385 1553196755227 
512 929 384 1553196755243 
512 929 379 1553196755261 
512 929 377 1553196755277 
513 929 377 1553196755334 
512 929 376 1553196755386 
514 929 376 1553196755386 
512 928 375 1553196755544 
512 925 374 1553196755561 
512 919 374 1553196755578 
512 909 376 1553196755594 
512 886 384 1553196755612 
512 805 415 1553196755628 
512 745 444 1553196755644 
512 695 473 1553196755661 
512 671 489 1553196755678 
512 656 503 1553196755694 
512 643 518 1553196755711 
512 630 536 1553196755726 
512 618 550 1553196755746 
512 607 564 1553196755761 
512 598 572 1553196755778 
512 590 579 1553196755795 
512 584 589 1553196755811 
512 583 594 1553196755829 
512 582 596 1553196755845 
512 581 598 1553196755879 
512 579 603 1553196755895 
512 574 613 1553196755912 
512 570 626 1553196755928 
512 567 634 1553196755946 
512 566 636 1553196755962 
512 565 637 1553196755979 
512 564 637 1553196755996 
512 563 640 1553196756011 
512 563 641 1553196756029 
512 563 643 1553196756046 
512 562 643 1553196756079 
513 562 643 1553196756184 
514 562 643 1553196756251 
512 562 642 1553196756277 
512 562 641 1553196756314 
512 563 639 1553196756329 
512 568 624 1553196756347 
512 575 602 1553196756363 
512 587 568 1553196756380 
512 599 521 1553196756397 
512 605 493 1553196756413 
512 611 463 1553196756429 
512 620 435 1553196756446 
512 628 413 1553196756464 
512 634 393 1553196756485 
512 636 388 1553196756496 
512 638 387 1553196756513 
512 642 387 1553196756529 
512 653 389 1553196756544 
512 674 399 1553196756563 
512 715 440 1553196756579 
512 747 487 1553196756595 
512 778 538 1553196756613 
512 799 582 1553196756629 
512 808 600 1553196756646 
512 811 608 1553196756663 
512 811 612 1553196756679 
512 813 615 1553196756697 
512 814 618 1553196756714 
512 815 620 1553196756729 
512 816 621 1553196756797 
512 817 622 1553196756813 
512 817 624 1553196756830 
512 817 625 1553196756847 
512 818 625 1553196756881 
512 821 625 1553196756898 
512 825 626 1553196756914 
512 829 630 1553196756931 
512 832 632 1553196756948 
512 833 634 1553196756965 
512 834 636 1553196756981 
512 835 636 1553196757014 
512 835 637 1553196757080 
512 835 638 1553196757113 
513 835 638 1553196757134 
514 835 638 1553196757202 
512 835 637 1553196757231 
512 835 635 1553196757281 
512 834 634 1553196757314 
512 833 632 1553196757329 
512 833 627 1553196757347 
512 831 621 1553196757363 
512 828 609 1553196757380 
512 826 594 1553196757397 
512 826 581 1553196757414 
512 827 572 1553196757431 
512 833 558 1553196757447 
512 843 542 1553196757464 
512 851 524 1553196757482 
512 858 503 1553196757498 
512 864 483 1553196757514 
512 871 461 1553196757531 
512 880 437 1553196757548 
512 892 423 1553196757564 
512 900 411 1553196757581 
512 903 402 1553196757598 
512 906 395 1553196757614 
512 909 388 1553196757631 
512 910 384 1553196757648 
512 911 383 1553196757698 
512 911 382 1553196757714 
512 914 380 1553196757731 
512 916 379 1553196757747 
512 918 379 1553196757765 
512 920 378 1553196757781 
512 923 376 1553196757798 
512 927 373 1553196757815 
512 930 370 1553196757831 
512 930 368 1553196757848 
513 930 368 1553196757919 
514 930 368 1553196757978 
512 929 368 1553196758049 
512 928 368 1553196758166 
512 926 368 1553196758183 
512 925 368 1553196758200 
512 924 368 1553196758234 
512 920 369 1553196758250 
512 901 373 1553196758267 
512 850 381 1553196758282 
512 775 388 1553196758300 
512 634 401 1553196758317 
512 546 406 1553196758333 
512 493 409 1553196758356 
512 476 409 1553196758367 
512 473 409 1553196758384 
512 471 409 1553196758452 
512 466 408 1553196758469 
512 459 407 1553196758484 
512 456 406 1553196758501 
512 456 405 1553196758518 
512 457 401 1553196758534 
512 462 394 1553196758550 
512 466 388 1553196758566 
512 469 384 1553196758583 
512 469 382 1553196758600 
512 467 382 1553196758650 
513 467 382 1553196758731 
514 467 382 1553196758789 
512 469 382 1553196758901 
512 472 381 1553196758917 
512 477 380 1553196758934 
512 490 377 1553196758951 
512 513 374 1553196758967 
512 541 372 1553196758984 
512 559 372 1553196759001 
512 564 372 1553196759017 
512 567 379 1553196759085 
512 584 416 1553196759101 
512 596 465 1553196759117 
512 598 507 1553196759134 
512 595 536 1553196759152 
512 589 559 1553196759168 
512 584 577 1553196759186 
512 580 593 1553196759201 
512 577 605 1553196759218 
512 576 610 1553196759235 
512 572 612 1553196759301 
512 570 614 1553196759318 
512 568 618 1553196759335 
512 567 619 1553196759352 
512 566 619 1553196759368 
512 565 619 1553196759402 
512 565 620 1553196759452 
512 563 629 1553196759468 
512 562 634 1553196759485 
512 562 635 1553196759501 
512 561 635 1553196759620 
513 561 635 1553196759661 
514 561 635 1553196759756 
512 562 634 1553196759870 
512 567 625 1553196759887 
512 578 610 1553196759902 
512 597 590 1553196759919 
512 620 564 1553196759935 
512 644 532 1553196759953 
512 660 505 1553196759971 
512 666 494 1553196759987 
512 666 492 1553196760003 
512 667 492 1553196760087 
512 669 490 1553196760105 
512 670 488 1553196760121 
512 667 489 1553196760171 
512 648 508 1553196760187 
512 630 525 1553196760204 
512 614 542 1553196760220 
512 603 554 1553196760237 
512 595 566 1553196760254 
512 587 577 1553196760271 
512 583 585 1553196760287 
512 581 590 1553196760304 
512 580 594 1553196760319 
512 579 595 1553196760337 
512 578 599 1553196760353 
512 576 604 1553196760371 
512 575 607 1553196760387 
512 575 609 1553196760403 
512 575 610 1553196760454 
512 573 613 1553196760470 
512 571 620 1553196760490 
512 567 631 1553196760506 
512 565 638 1553196760521 
512 562 644 1553196760536 
512 562 645 1553196760554 
512 562 646 1553196760587 
512 559 649 1553196760604 
512 558 651 1553196760620 
512 558 652 1553196760637 
512 557 652 1553196760670 
512 557 651 1553196760687 
513 557 651 1553196760715 
514 557 651 1553196760773 
512 560 644 1553196761055 
512 568 622 1553196761071 
512 585 583 1553196761088 
512 611 516 1553196761104 
512 642 446 1553196761121 
512 673 370 1553196761138 
512 699 304 1553196761155 
512 728 225 1553196761171 
512 737 200 1553196761188 
512 739 192 1553196761205 
512 739 191 1553196761220 
512 739 190 1553196761239 
512 740 189 1553196761255 
512 741 186 1553196761273 
512 744 183 1553196761290 
512 744 179 1553196761306 
512 743 179 1553196761356 
512 721 191 1553196761373 
512 695 205 1553196761390 
512 678 214 1553196761406 
512 672 218 1553196761423 
512 672 216 1553196761556 
512 674 216 1553196761573 
512 677 215 1553196761589 
512 682 214 1553196761605 
512 686 213 1553196761623 
512 687 213 1553196761639 
512 687 212 1553196761657 
512 688 212 1553196761789 
512 691 209 1553196761806 
512 695 206 1553196761823 
512 698 204 1553196761840 
512 701 203 1553196761858 
512 702 202 1553196761874 
512 701 202 1553196761941 
512 700 202 1553196761957 
512 699 202 1553196762023 
512 698 203 1553196762040 
512 698 205 1553196762056 
513 698 205 1553196762131 
514 698 205 1553196762202 
