512 706 213 1553196803639 
512 706 233 1553196803656 
512 708 258 1553196803672 
512 710 281 1553196803688 
512 711 304 1553196803705 
512 712 329 1553196803722 
512 713 363 1553196803739 
512 713 409 1553196803756 
512 721 464 1553196803772 
512 746 539 1553196803788 
512 760 567 1553196803805 
512 771 587 1553196803822 
512 781 602 1553196803838 
512 790 615 1553196803854 
512 798 623 1553196803870 
512 802 625 1553196803888 
512 804 625 1553196803905 
512 806 625 1553196803922 
512 807 625 1553196803938 
512 808 625 1553196803955 
512 809 625 1553196803971 
512 810 624 1553196803988 
512 810 623 1553196804005 
512 811 621 1553196804022 
512 812 621 1553196804072 
512 816 622 1553196804176 
512 821 625 1553196804192 
512 826 630 1553196804205 
512 833 635 1553196804222 
512 836 639 1553196804238 
512 839 641 1553196804256 
512 840 642 1553196804273 
512 841 643 1553196804289 
513 841 643 1553196804430 
514 841 643 1553196804508 
512 841 642 1553196804641 
512 841 639 1553196804657 
512 841 636 1553196804673 
512 840 630 1553196804690 
512 837 620 1553196804707 
512 833 606 1553196804725 
512 818 575 1553196804740 
512 790 529 1553196804757 
512 750 481 1553196804774 
512 699 437 1553196804791 
512 664 411 1553196804807 
512 656 404 1553196804824 
512 644 395 1553196804842 
512 631 384 1553196804859 
512 608 373 1553196804875 
512 595 368 1553196804891 
512 595 367 1553196804907 
512 594 367 1553196804941 
512 592 368 1553196804975 
512 589 371 1553196804991 
512 584 376 1553196805008 
512 571 385 1553196805024 
512 550 392 1553196805041 
512 522 397 1553196805058 
512 496 397 1553196805075 
512 472 397 1553196805091 
512 461 396 1553196805108 
512 459 394 1553196805123 
512 459 393 1553196805141 
512 460 391 1553196805158 
512 462 388 1553196805175 
512 464 385 1553196805191 
512 464 384 1553196805206 
512 464 383 1553196805225 
512 464 382 1553196805241 
512 466 382 1553196805308 
512 468 379 1553196805325 
512 469 377 1553196805341 
512 469 376 1553196805358 
512 469 375 1553196805375 
513 469 375 1553196805437 
514 469 375 1553196805491 
512 470 376 1553196805592 
512 482 379 1553196805610 
512 495 384 1553196805626 
512 501 387 1553196805642 
512 503 388 1553196805659 
512 504 390 1553196805676 
512 506 393 1553196805692 
512 510 395 1553196805708 
512 519 395 1553196805724 
512 535 388 1553196805742 
512 554 376 1553196805759 
512 567 361 1553196805776 
512 574 347 1553196805793 
512 580 331 1553196805810 
512 588 312 1553196805826 
512 598 291 1553196805843 
512 610 266 1553196805860 
512 620 245 1553196805877 
512 622 236 1553196805892 
512 621 235 1553196805909 
512 622 235 1553196805943 
512 639 235 1553196805963 
512 661 229 1553196805976 
512 683 217 1553196805992 
512 710 199 1553196806011 
512 719 195 1553196806027 
512 720 195 1553196806044 
512 721 196 1553196806060 
512 721 198 1553196806076 
512 721 199 1553196806093 
512 719 199 1553196806110 
512 718 199 1553196806143 
512 716 200 1553196806160 
512 711 203 1553196806176 
512 704 208 1553196806192 
512 700 211 1553196806211 
512 699 212 1553196806227 
512 698 212 1553196806244 
512 697 212 1553196806378 
513 697 212 1553196806407 
512 697 211 1553196806460 
514 697 211 1553196806467 
512 697 212 1553196806526 
512 696 214 1553196806545 
512 696 218 1553196806561 
512 696 228 1553196806577 
512 700 251 1553196806596 
512 704 281 1553196806611 
512 708 307 1553196806628 
512 709 339 1553196806644 
512 711 353 1553196806660 
512 717 362 1553196806678 
512 726 371 1553196806694 
512 735 377 1553196806711 
512 736 377 1553196806728 
512 743 377 1553196806744 
512 762 367 1553196806762 
512 798 357 1553196806777 
512 879 348 1553196806795 
512 959 342 1553196806812 
512 1013 342 1553196806828 
512 1042 346 1553196806845 
512 1045 347 1553196806861 
512 1045 348 1553196806878 
512 1046 349 1553196806893 
512 1046 353 1553196806912 
512 1044 357 1553196806927 
512 1037 361 1553196806945 
512 1026 366 1553196806962 
512 1009 371 1553196806977 
512 989 374 1553196806995 
512 966 377 1553196807012 
512 932 379 1553196807028 
512 920 380 1553196807046 
512 917 381 1553196807062 
512 915 381 1553196807078 
512 914 381 1553196807095 
512 914 382 1553196807111 
512 914 380 1553196807229 
512 917 378 1553196807245 
512 918 374 1553196807261 
512 920 372 1553196807279 
513 920 372 1553196807368 
514 920 372 1553196807426 
512 919 372 1553196807479 
512 923 365 1553196807530 
512 926 361 1553196807546 
512 915 365 1553196807847 
512 908 371 1553196807863 
512 900 385 1553196807880 
512 883 406 1553196807897 
512 857 440 1553196807913 
512 816 477 1553196807932 
512 770 519 1553196807948 
512 737 544 1553196807965 
512 720 553 1553196807980 
512 713 556 1553196807997 
512 712 556 1553196808064 
512 706 557 1553196808081 
512 694 562 1553196808098 
512 679 569 1553196808115 
512 664 580 1553196808131 
512 649 587 1553196808146 
512 631 592 1553196808165 
512 605 600 1553196808181 
512 596 606 1553196808197 
512 594 615 1553196808214 
512 591 626 1553196808231 
512 585 639 1553196808247 
512 580 648 1553196808264 
512 578 652 1553196808284 
512 577 652 1553196808298 
512 576 651 1553196808332 
512 576 650 1553196808346 
512 575 649 1553196808398 
512 574 649 1553196808414 
512 572 648 1553196808431 
512 571 648 1553196808448 
512 570 648 1553196808464 
512 569 648 1553196808480 
512 568 648 1553196808499 
512 567 648 1553196808516 
512 564 648 1553196808531 
512 560 648 1553196808548 
512 556 647 1553196808564 
512 555 647 1553196808581 
513 555 647 1553196808676 
514 555 647 1553196808733 
512 555 646 1553196808815 
512 560 639 1553196808832 
512 573 624 1553196808849 
512 587 605 1553196808865 
512 599 591 1553196808882 
512 609 584 1553196808899 
512 620 576 1553196808914 
512 635 566 1553196808932 
512 649 551 1553196808949 
512 652 545 1553196808965 
512 654 545 1553196808982 
512 661 548 1553196808999 
512 683 562 1553196809015 
512 711 576 1553196809031 
512 739 597 1553196809049 
512 766 616 1553196809066 
512 789 628 1553196809082 
512 812 636 1553196809098 
512 831 638 1553196809116 
512 842 638 1553196809132 
512 843 638 1553196809216 
512 844 638 1553196809287 
512 846 639 1553196809300 
512 847 640 1553196809316 
512 848 640 1553196809366 
512 846 640 1553196809434 
512 841 640 1553196809450 
512 839 640 1553196809466 
512 836 641 1553196809483 
512 836 642 1553196809498 
512 835 642 1553196809533 
513 835 642 1553196809566 
512 835 643 1553196809600 
514 835 643 1553196809610 
512 834 643 1553196809632 
512 833 643 1553196809649 
512 830 642 1553196809683 
512 822 642 1553196809699 
512 810 641 1553196809716 
512 801 639 1553196809732 
512 795 637 1553196809749 
512 791 635 1553196809765 
512 786 632 1553196809783 
512 782 630 1553196809800 
512 778 627 1553196809816 
512 776 626 1553196809833 
512 775 625 1553196809850 
512 774 619 1553196809867 
512 783 601 1553196809883 
512 809 571 1553196809900 
512 825 556 1553196809916 
512 838 542 1553196809933 
512 843 533 1553196809949 
512 848 520 1553196809966 
512 859 499 1553196809983 
512 871 479 1553196810000 
512 883 461 1553196810016 
512 890 453 1553196810033 
512 891 451 1553196810050 
512 892 449 1553196810067 
512 893 445 1553196810083 
512 895 440 1553196810099 
512 897 431 1553196810117 
512 900 421 1553196810133 
512 903 411 1553196810150 
512 906 402 1553196810167 
512 911 395 1553196810183 
512 914 390 1553196810200 
512 917 386 1553196810216 
512 918 381 1553196810234 
512 920 376 1553196810251 
512 922 373 1553196810267 
512 924 368 1553196810283 
512 925 366 1553196810301 
512 925 364 1553196810318 
512 926 363 1553196810334 
512 926 362 1553196810351 
513 926 362 1553196810411 
514 926 362 1553196810475 
512 924 364 1553196810534 
512 923 366 1553196810550 
512 923 369 1553196810567 
512 922 370 1553196810584 
512 922 371 1553196810618 
512 922 374 1553196810635 
512 922 378 1553196810650 
512 922 382 1553196810668 
512 922 383 1553196810685 
512 922 384 1553196810719 
513 922 384 1553196810744 
514 922 384 1553196810810 
512 920 385 1553196811002 
512 915 386 1553196811020 
512 907 390 1553196811036 
512 900 393 1553196811053 
512 891 395 1553196811068 
512 875 398 1553196811086 
512 864 398 1553196811103 
512 854 398 1553196811120 
512 838 398 1553196811136 
512 814 399 1553196811154 
512 758 401 1553196811170 
512 678 406 1553196811187 
512 593 412 1553196811204 
512 562 411 1553196811220 
512 551 408 1553196811235 
512 544 407 1553196811253 
512 538 407 1553196811270 
512 532 407 1553196811286 
512 524 407 1553196811304 
512 513 408 1553196811320 
512 504 409 1553196811336 
512 500 409 1553196811354 
512 494 405 1553196811422 
512 487 401 1553196811437 
512 481 400 1553196811454 
512 479 399 1553196811470 
512 479 396 1553196811520 
512 479 392 1553196811537 
512 479 387 1553196811554 
512 479 382 1553196811570 
512 479 380 1553196811587 
512 479 379 1553196811671 
512 478 379 1553196811688 
512 477 378 1553196811704 
512 477 377 1553196811738 
513 477 377 1553196811781 
514 477 377 1553196811844 
512 475 377 1553196811921 
512 474 377 1553196811938 
512 474 378 1553196811971 
512 476 381 1553196811988 
512 493 393 1553196812004 
512 530 409 1553196812019 
512 591 433 1553196812038 
512 639 445 1553196812054 
512 651 448 1553196812071 
512 652 449 1553196812088 
512 652 451 1553196812105 
512 646 462 1553196812122 
512 639 483 1553196812138 
512 632 511 1553196812155 
512 628 536 1553196812172 
512 627 553 1553196812188 
512 626 562 1553196812205 
512 625 569 1553196812221 
512 618 577 1553196812238 
512 603 590 1553196812255 
512 589 602 1553196812272 
512 579 608 1553196812288 
512 576 611 1553196812306 
512 574 611 1553196812321 
512 572 612 1553196812373 
512 557 619 1553196812389 
512 545 627 1553196812405 
512 537 635 1553196812421 
512 535 638 1553196812437 
512 536 641 1553196812539 
512 537 642 1553196812556 
512 541 644 1553196812573 
512 542 644 1553196812606 
512 544 644 1553196812622 
512 548 644 1553196812639 
512 551 644 1553196812656 
512 554 644 1553196812672 
512 555 644 1553196812690 
512 556 644 1553196812707 
512 556 643 1553196812722 
512 557 643 1553196812739 
513 557 643 1553196812814 
514 557 643 1553196812892 
512 557 642 1553196812956 
512 558 641 1553196813023 
512 560 639 1553196813039 
512 567 637 1553196813057 
512 577 631 1553196813074 
512 586 623 1553196813090 
512 596 609 1553196813107 
512 603 591 1553196813123 
512 615 562 1553196813140 
512 621 543 1553196813157 
512 624 522 1553196813174 
512 624 500 1553196813190 
512 621 468 1553196813207 
512 618 434 1553196813222 
512 617 400 1553196813240 
512 617 369 1553196813258 
512 621 346 1553196813274 
512 624 331 1553196813290 
512 625 324 1553196813308 
512 627 317 1553196813324 
512 628 308 1553196813340 
512 630 294 1553196813357 
512 644 255 1553196813374 
512 653 221 1553196813390 
512 656 207 1553196813406 
512 658 200 1553196813424 
512 660 196 1553196813441 
512 661 194 1553196813458 
512 662 194 1553196813474 
512 662 195 1553196813508 
512 665 195 1553196813525 
512 666 195 1553196813541 
512 668 195 1553196813558 
512 672 195 1553196813574 
512 675 197 1553196813591 
512 676 199 1553196813606 
512 678 204 1553196813625 
512 683 209 1553196813642 
512 689 210 1553196813658 
512 695 210 1553196813675 
512 701 208 1553196813692 
512 705 205 1553196813708 
512 706 203 1553196813724 
512 703 203 1553196813874 
512 700 204 1553196813891 
512 695 208 1553196813907 
512 695 207 1553196814024 
513 695 207 1553196814063 
514 695 207 1553196814098 
