512 696 213 1553182791452 
512 690 216 1553182791467 
512 687 221 1553182791485 
512 686 229 1553182791499 
512 686 239 1553182791516 
512 696 272 1553182791533 
512 698 324 1553182791549 
512 708 417 1553182791566 
512 717 475 1553182791582 
512 726 520 1553182791599 
512 731 545 1553182791615 
512 737 563 1553182791632 
512 745 583 1553182791647 
512 759 603 1553182791666 
512 776 618 1553182791683 
512 793 627 1553182791700 
512 800 629 1553182791715 
512 800 630 1553182791733 
512 802 631 1553182791749 
512 803 631 1553182791766 
512 804 631 1553182791782 
512 810 624 1553182791799 
512 816 618 1553182791816 
512 822 615 1553182791833 
512 830 615 1553182791849 
512 839 619 1553182791867 
512 844 625 1553182791883 
512 847 630 1553182791900 
512 849 635 1553182791917 
512 851 638 1553182791933 
512 854 645 1553182791949 
512 855 647 1553182791967 
512 855 648 1553182791983 
512 852 648 1553182792049 
512 849 646 1553182792067 
512 846 645 1553182792084 
512 843 644 1553182792100 
512 842 644 1553182792116 
512 842 643 1553182792200 
512 842 642 1553182792217 
513 842 642 1553182792272 
514 842 642 1553182792347 
512 841 642 1553182792383 
512 838 638 1553182792601 
512 824 622 1553182792617 
512 794 594 1553182792635 
512 754 560 1553182792651 
512 715 533 1553182792668 
512 672 505 1553182792685 
512 622 477 1553182792700 
512 580 456 1553182792717 
512 558 449 1553182792734 
512 553 447 1553182792750 
512 553 446 1553182792801 
512 549 443 1553182792816 
512 543 439 1553182792834 
512 538 437 1553182792850 
512 537 436 1553182792866 
512 535 433 1553182792900 
512 530 427 1553182792917 
512 522 421 1553182792934 
512 512 414 1553182792950 
512 510 412 1553182792967 
512 509 411 1553182792984 
512 509 410 1553182793000 
512 508 409 1553182793016 
512 505 407 1553182793034 
512 503 404 1553182793051 
512 502 402 1553182793067 
512 500 400 1553182793084 
512 498 400 1553182793100 
512 498 399 1553182793117 
512 496 399 1553182793134 
512 494 397 1553182793151 
512 492 396 1553182793168 
512 490 395 1553182793185 
512 488 393 1553182793201 
512 486 392 1553182793217 
512 484 392 1553182793235 
512 483 390 1553182793251 
512 482 390 1553182793268 
512 477 386 1553182793285 
512 470 383 1553182793301 
512 467 380 1553182793317 
512 465 380 1553182793334 
512 465 379 1553182793403 
513 465 379 1553182793479 
514 465 379 1553182793522 
512 464 379 1553182793552 
512 463 379 1553182793585 
512 463 380 1553182793720 
512 465 381 1553182793736 
512 470 381 1553182793752 
512 480 376 1553182793768 
512 496 359 1553182793785 
512 518 330 1553182793801 
512 535 290 1553182793819 
512 549 261 1553182793836 
512 564 245 1553182793852 
512 577 240 1553182793869 
512 594 234 1553182793886 
512 613 226 1553182793903 
512 635 218 1553182793919 
512 658 209 1553182793936 
512 679 204 1553182793952 
512 692 200 1553182793970 
512 698 198 1553182793986 
512 697 198 1553182794104 
512 696 199 1553182794120 
512 696 200 1553182794240 
512 696 203 1553182794254 
512 698 208 1553182794271 
512 700 210 1553182794285 
513 700 210 1553182794443 
514 700 210 1553182794526 
512 701 212 1553182794637 
512 708 218 1553182794653 
512 725 234 1553182794671 
512 748 257 1553182794687 
512 771 284 1553182794704 
512 789 304 1553182794721 
512 794 312 1553182794737 
512 794 313 1553182794754 
512 795 314 1553182794769 
512 796 319 1553182794787 
512 804 334 1553182794804 
512 810 344 1553182794821 
512 818 351 1553182794837 
512 821 352 1553182794854 
512 824 353 1553182794888 
512 831 357 1553182794905 
512 841 362 1553182794922 
512 854 366 1553182794938 
512 869 368 1553182794954 
512 884 368 1553182794973 
512 896 366 1553182794988 
512 906 365 1553182795006 
512 908 365 1553182795022 
512 910 367 1553182795056 
512 911 368 1553182795072 
512 912 368 1553182795122 
512 913 368 1553182795156 
512 914 368 1553182795173 
512 915 370 1553182795189 
512 916 370 1553182795205 
512 917 371 1553182795222 
512 921 374 1553182795239 
512 925 378 1553182795255 
512 929 381 1553182795273 
512 931 383 1553182795289 
512 932 383 1553182795307 
513 932 383 1553182795442 
512 932 382 1553182795506 
512 931 382 1553182795511 
514 931 382 1553182795511 
512 931 381 1553182795522 
512 930 382 1553182795589 
512 923 386 1553182795789 
512 905 399 1553182795807 
512 875 418 1553182795823 
512 841 445 1553182795840 
512 799 480 1553182795857 
512 770 502 1553182795875 
512 748 518 1553182795891 
512 734 528 1553182795908 
512 723 535 1553182795924 
512 712 544 1553182795941 
512 694 561 1553182795957 
512 683 571 1553182795974 
512 673 577 1553182795991 
512 666 583 1553182796008 
512 644 597 1553182796024 
512 628 607 1553182796041 
512 626 609 1553182796058 
512 620 614 1553182796143 
512 610 623 1553182796161 
512 599 631 1553182796174 
512 595 634 1553182796191 
512 592 636 1553182796207 
512 592 637 1553182796291 
512 591 637 1553182796307 
512 590 637 1553182796325 
512 589 637 1553182796341 
512 587 637 1553182796357 
512 585 636 1553182796374 
512 584 636 1553182796391 
512 583 635 1553182796407 
512 581 636 1553182796424 
512 566 645 1553182796441 
512 549 655 1553182796457 
512 541 659 1553182796472 
512 542 659 1553182796524 
512 543 659 1553182796540 
512 543 658 1553182796558 
512 544 658 1553182796574 
512 547 657 1553182796608 
512 550 657 1553182796624 
512 554 654 1553182796641 
512 557 651 1553182796658 
512 558 650 1553182796675 
512 559 649 1553182796691 
512 560 646 1553182796758 
512 560 644 1553182796775 
512 561 640 1553182796792 
512 562 639 1553182796808 
513 562 639 1553182796883 
512 562 638 1553182796942 
514 562 638 1553182796947 
512 561 638 1553182796975 
512 556 639 1553182797142 
512 546 640 1553182797159 
512 539 642 1553182797175 
512 536 644 1553182797193 
512 532 644 1553182797208 
512 532 643 1553182797242 
512 531 642 1553182797260 
512 533 640 1553182797292 
512 557 624 1553182797309 
512 626 588 1553182797328 
512 705 560 1553182797342 
512 761 557 1553182797359 
512 784 561 1553182797376 
512 792 567 1553182797393 
512 794 572 1553182797409 
512 797 577 1553182797426 
512 800 583 1553182797444 
512 804 587 1553182797460 
512 812 595 1553182797476 
512 817 599 1553182797493 
512 821 600 1553182797508 
512 822 601 1553182797526 
512 822 602 1553182797577 
512 822 604 1553182797593 
512 824 611 1553182797610 
512 826 616 1553182797626 
512 827 618 1553182797644 
512 827 619 1553182797660 
512 828 622 1553182797693 
512 828 623 1553182797710 
512 829 626 1553182797727 
512 830 630 1553182797743 
512 831 634 1553182797760 
512 831 636 1553182797776 
512 832 638 1553182797793 
512 833 639 1553182797811 
512 834 640 1553182797826 
512 834 641 1553182797875 
512 835 641 1553182797894 
513 835 641 1553182798019 
514 835 641 1553182798083 
512 836 638 1553182798211 
512 840 621 1553182798228 
512 849 585 1553182798245 
512 853 567 1553182798261 
512 855 549 1553182798277 
512 857 534 1553182798295 
512 860 520 1553182798311 
512 869 498 1553182798328 
512 886 457 1553182798344 
512 902 428 1553182798361 
512 910 420 1553182798378 
512 910 419 1553182798395 
512 911 419 1553182798411 
512 911 418 1553182798428 
512 912 418 1553182798443 
512 914 414 1553182798461 
512 916 411 1553182798478 
512 916 410 1553182798494 
512 917 408 1553182798562 
512 917 406 1553182798579 
512 917 403 1553182798596 
512 921 398 1553182798612 
512 925 390 1553182798627 
512 926 388 1553182798645 
512 927 386 1553182798712 
512 929 383 1553182798729 
512 930 380 1553182798745 
512 932 376 1553182798762 
512 933 375 1553182798779 
512 933 374 1553182798796 
513 933 374 1553182798908 
514 933 374 1553182798971 
512 931 374 1553182799012 
512 930 374 1553182799029 
512 930 375 1553182799096 
512 928 375 1553182799112 
512 927 375 1553182799130 
512 922 374 1553182799146 
512 919 373 1553182799163 
512 914 373 1553182799180 
512 911 373 1553182799196 
512 907 374 1553182799211 
512 888 377 1553182799229 
512 835 377 1553182799247 
512 750 380 1553182799263 
512 650 380 1553182799279 
512 566 382 1553182799296 
512 527 382 1553182799313 
512 505 377 1553182799330 
512 497 371 1553182799347 
512 496 371 1553182799363 
512 495 371 1553182799413 
512 494 371 1553182799546 
512 488 371 1553182799580 
512 482 370 1553182799596 
512 481 370 1553182799613 
512 480 370 1553182799664 
512 479 370 1553182799680 
512 478 370 1553182799697 
512 477 370 1553182799731 
513 477 370 1553182799812 
512 476 370 1553182799831 
512 475 370 1553182799890 
514 475 370 1553182799890 
512 476 370 1553182800014 
512 477 370 1553182800032 
512 479 370 1553182800052 
512 484 368 1553182800068 
512 496 367 1553182800084 
512 523 363 1553182800102 
512 533 362 1553182800117 
512 534 365 1553182800163 
512 536 378 1553182800182 
512 541 401 1553182800198 
512 551 432 1553182800214 
512 565 469 1553182800231 
512 576 498 1553182800248 
512 582 520 1553182800265 
512 585 537 1553182800282 
512 585 549 1553182800300 
512 585 560 1553182800316 
512 585 566 1553182800332 
512 585 567 1553182800381 
512 580 574 1553182800398 
512 575 582 1553182800414 
512 572 590 1553182800432 
512 571 593 1553182800449 
512 570 595 1553182800465 
512 569 596 1553182800482 
512 566 602 1553182800499 
512 563 612 1553182800516 
512 561 625 1553182800533 
512 559 628 1553182800548 
512 559 632 1553182800649 
512 559 637 1553182800666 
512 559 641 1553182800683 
512 560 644 1553182800700 
513 560 644 1553182800923 
512 561 644 1553182800999 
514 561 644 1553182801038 
512 562 644 1553182801100 
512 563 643 1553182801133 
512 563 642 1553182801167 
512 564 640 1553182801183 
512 566 634 1553182801200 
512 576 619 1553182801217 
512 588 598 1553182801234 
512 602 576 1553182801251 
512 617 552 1553182801267 
512 628 531 1553182801283 
512 643 492 1553182801301 
512 654 464 1553182801317 
512 667 422 1553182801334 
512 675 385 1553182801351 
512 676 368 1553182801367 
512 676 354 1553182801382 
512 676 346 1553182801401 
512 676 341 1553182801417 
512 676 338 1553182801434 
512 676 336 1553182801450 
512 676 335 1553182801469 
512 676 333 1553182801485 
512 676 330 1553182801502 
512 677 325 1553182801517 
512 677 321 1553182801534 
512 681 302 1553182801574 
512 682 296 1553182801583 
512 687 272 1553182801606 
512 691 254 1553182801621 
512 692 246 1553182801637 
512 693 228 1553182801653 
512 693 219 1553182801669 
512 693 216 1553182801687 
512 693 214 1553182801704 
512 694 212 1553182801904 
512 696 211 1553182801919 
512 697 210 1553182801937 
513 697 210 1553182802054 
514 697 210 1553182802141 
