512 704 220 1553517079886 
512 711 242 1553517079905 
512 719 269 1553517079920 
512 725 305 1553517079935 
512 744 390 1553517079953 
512 763 451 1553517079969 
512 785 492 1553517079986 
512 795 512 1553517080003 
512 802 522 1553517080019 
512 805 528 1553517080036 
512 806 532 1553517080053 
512 807 533 1553517080070 
512 807 535 1553517080087 
512 807 537 1553517080104 
512 807 539 1553517080120 
512 806 546 1553517080137 
512 806 555 1553517080154 
512 805 571 1553517080170 
512 805 587 1553517080187 
512 805 604 1553517080204 
512 806 617 1553517080220 
512 810 628 1553517080237 
512 818 635 1553517080254 
512 824 640 1553517080271 
512 828 644 1553517080287 
512 829 645 1553517080305 
512 829 646 1553517080320 
512 831 646 1553517080354 
512 833 646 1553517080370 
512 835 646 1553517080387 
512 836 646 1553517080421 
512 836 644 1553517080454 
512 836 641 1553517080471 
512 836 640 1553517080487 
513 836 640 1553517080616 
514 836 640 1553517080674 
512 836 639 1553517080721 
512 837 639 1553517080738 
512 837 638 1553517080771 
512 837 637 1553517080788 
512 836 631 1553517080805 
512 832 620 1553517080822 
512 824 598 1553517080839 
512 814 567 1553517080856 
512 807 542 1553517080872 
512 797 514 1553517080888 
512 788 482 1553517080905 
512 778 466 1553517080921 
512 764 448 1553517080938 
512 736 427 1553517080954 
512 691 403 1553517080972 
512 637 380 1553517080989 
512 575 363 1553517081005 
512 511 350 1553517081022 
512 447 336 1553517081039 
512 400 327 1553517081055 
512 380 324 1553517081073 
512 377 324 1553517081089 
512 378 325 1553517081155 
512 381 328 1553517081173 
512 390 333 1553517081188 
512 401 342 1553517081206 
512 419 355 1553517081223 
512 436 367 1553517081239 
512 448 375 1553517081255 
512 453 378 1553517081273 
512 454 378 1553517081304 
512 455 379 1553517081322 
512 456 379 1553517081372 
512 458 379 1553517081389 
512 460 379 1553517081406 
512 462 379 1553517081423 
512 465 379 1553517081439 
512 466 379 1553517081506 
513 466 379 1553517081561 
512 466 377 1553517081657 
514 466 377 1553517081659 
512 464 375 1553517081673 
512 466 375 1553517081740 
512 474 375 1553517081756 
512 486 373 1553517081774 
512 502 364 1553517081791 
512 512 355 1553517081807 
512 521 342 1553517081825 
512 532 330 1553517081841 
512 548 318 1553517081857 
512 556 315 1553517081872 
512 561 312 1553517081890 
512 568 309 1553517081908 
512 583 303 1553517081924 
512 612 290 1553517081941 
512 658 270 1553517081956 
512 705 246 1553517081974 
512 734 230 1553517081991 
512 750 218 1553517082008 
512 754 211 1553517082025 
512 754 208 1553517082042 
512 754 205 1553517082057 
512 754 204 1553517082074 
512 754 203 1553517082090 
512 754 202 1553517082124 
512 753 201 1553517082141 
512 752 201 1553517082157 
512 745 200 1553517082175 
512 736 200 1553517082192 
512 719 201 1553517082208 
512 708 203 1553517082224 
512 703 205 1553517082241 
512 703 206 1553517082258 
512 702 206 1553517082274 
512 701 206 1553517082308 
512 701 207 1553517082391 
513 701 207 1553517082481 
514 701 207 1553517082568 
512 701 210 1553517082625 
512 701 213 1553517082642 
512 701 217 1553517082659 
512 702 226 1553517082675 
512 705 243 1553517082692 
512 713 270 1553517082708 
512 725 313 1553517082725 
512 733 350 1553517082741 
512 737 375 1553517082758 
512 740 392 1553517082776 
512 744 408 1553517082793 
512 767 432 1553517082808 
512 792 437 1553517082825 
512 811 436 1553517082841 
512 818 427 1553517082858 
512 833 414 1553517082875 
512 852 398 1553517082891 
512 870 383 1553517082908 
512 877 372 1553517082925 
512 879 366 1553517082943 
512 879 363 1553517082959 
512 879 362 1553517082975 
512 879 361 1553517082992 
512 882 361 1553517083060 
512 897 363 1553517083076 
512 920 369 1553517083092 
512 943 371 1553517083109 
512 949 371 1553517083126 
512 950 371 1553517083143 
512 948 371 1553517083209 
512 947 371 1553517083226 
512 945 371 1553517083243 
512 940 371 1553517083259 
512 936 371 1553517083276 
512 933 372 1553517083292 
512 930 373 1553517083309 
512 930 374 1553517083327 
512 929 374 1553517083377 
512 928 374 1553517083393 
513 928 374 1553517083456 
514 928 374 1553517083529 
512 928 375 1553517083561 
512 926 375 1553517083594 
512 925 373 1553517083610 
512 924 373 1553517083810 
512 900 382 1553517083860 
512 869 407 1553517083877 
512 836 430 1553517083895 
512 808 457 1553517083912 
512 774 493 1553517083928 
512 743 541 1553517083944 
512 710 594 1553517083961 
512 695 606 1553517083977 
512 686 608 1553517083994 
512 678 608 1553517084011 
512 671 608 1553517084027 
512 660 610 1553517084044 
512 646 613 1553517084061 
512 639 615 1553517084077 
512 633 616 1553517084096 
512 630 618 1553517084112 
512 625 618 1553517084128 
512 622 618 1553517084145 
512 620 620 1553517084161 
512 619 621 1553517084178 
512 618 622 1553517084212 
512 611 625 1553517084228 
512 603 629 1553517084244 
512 598 634 1553517084262 
512 596 636 1553517084278 
512 594 636 1553517084311 
512 592 636 1553517084329 
512 589 636 1553517084345 
512 587 634 1553517084362 
512 586 634 1553517084378 
512 582 634 1553517084394 
512 581 634 1553517084412 
512 580 634 1553517084444 
512 579 634 1553517084479 
512 578 634 1553517084495 
512 577 634 1553517084511 
512 575 635 1553517084529 
512 573 637 1553517084545 
512 573 640 1553517084562 
512 571 643 1553517084578 
512 571 645 1553517084595 
512 570 646 1553517084611 
512 569 647 1553517084629 
512 568 647 1553517084646 
512 567 647 1553517084662 
512 566 647 1553517084696 
513 566 647 1553517084754 
512 565 647 1553517084796 
514 565 647 1553517084824 
512 567 647 1553517084913 
512 569 646 1553517084929 
512 576 644 1553517084946 
512 595 629 1553517084964 
512 629 599 1553517084980 
512 665 558 1553517084997 
512 687 529 1553517085013 
512 695 514 1553517085029 
512 698 506 1553517085047 
512 699 504 1553517085064 
512 701 504 1553517085097 
512 715 522 1553517085113 
512 730 546 1553517085130 
512 753 573 1553517085146 
512 782 597 1553517085164 
512 812 614 1553517085180 
512 834 628 1553517085197 
512 844 636 1553517085214 
512 849 640 1553517085230 
512 851 641 1553517085247 
512 851 642 1553517085281 
512 852 642 1553517085297 
512 854 642 1553517085347 
512 857 642 1553517085364 
512 861 643 1553517085380 
512 861 644 1553517085397 
512 860 644 1553517085447 
512 858 644 1553517085464 
512 855 644 1553517085481 
512 850 645 1553517085496 
512 849 646 1553517085515 
512 848 646 1553517085532 
512 847 646 1553517085547 
512 846 646 1553517085581 
513 846 646 1553517085640 
514 846 646 1553517085712 
512 845 646 1553517085765 
512 844 646 1553517085848 
512 842 640 1553517085865 
512 841 635 1553517085881 
512 840 624 1553517085898 
512 838 610 1553517085914 
512 837 593 1553517085931 
512 837 573 1553517085948 
512 840 550 1553517085965 
512 849 525 1553517085982 
512 861 507 1553517085999 
512 870 498 1553517086016 
512 873 495 1553517086032 
512 875 493 1553517086047 
512 877 488 1553517086065 
512 880 479 1553517086082 
512 886 467 1553517086099 
512 896 454 1553517086115 
512 902 444 1553517086132 
512 906 438 1553517086148 
512 908 434 1553517086165 
512 909 431 1553517086183 
512 910 428 1553517086199 
512 911 424 1553517086215 
512 914 420 1553517086232 
512 916 411 1553517086249 
512 917 405 1553517086265 
512 918 400 1553517086282 
512 920 396 1553517086299 
512 920 391 1553517086315 
512 921 386 1553517086332 
512 922 383 1553517086349 
512 922 382 1553517086366 
512 922 381 1553517086382 
512 923 381 1553517086416 
513 923 381 1553517086544 
514 923 381 1553517086689 
512 918 383 1553517086917 
512 907 387 1553517086934 
512 898 391 1553517086950 
512 885 393 1553517086966 
512 870 395 1553517086984 
512 842 395 1553517087001 
512 763 395 1553517087017 
512 719 395 1553517087034 
512 692 390 1553517087050 
512 676 378 1553517087067 
512 660 363 1553517087084 
512 644 353 1553517087101 
512 629 345 1553517087117 
512 623 343 1553517087134 
512 621 343 1553517087151 
512 620 343 1553517087168 
512 618 343 1553517087184 
512 614 344 1553517087201 
512 592 356 1553517087217 
512 574 370 1553517087234 
512 561 381 1553517087251 
512 554 388 1553517087268 
512 552 389 1553517087283 
512 547 389 1553517087301 
512 536 385 1553517087317 
512 515 382 1553517087334 
512 503 381 1553517087352 
512 500 381 1553517087367 
512 499 380 1553517087418 
512 497 379 1553517087434 
512 496 379 1553517087451 
512 495 379 1553517087468 
512 493 379 1553517087485 
512 486 379 1553517087501 
512 474 379 1553517087517 
512 465 379 1553517087535 
512 462 379 1553517087552 
512 460 378 1553517087568 
512 459 378 1553517087584 
512 458 378 1553517087618 
512 458 377 1553517087634 
513 458 377 1553517087680 
514 458 377 1553517087754 
512 461 377 1553517087851 
512 462 377 1553517087869 
513 462 377 1553517087960 
514 462 377 1553517088041 
512 465 376 1553517088120 
512 471 374 1553517088137 
512 487 369 1553517088153 
512 537 360 1553517088169 
512 541 359 1553517088186 
512 533 358 1553517088420 
512 516 366 1553517088436 
512 511 366 1553517088453 
512 510 366 1553517088470 
512 512 369 1553517088536 
512 512 372 1553517088553 
512 512 373 1553517088570 
512 511 373 1553517088604 
512 504 375 1553517088619 
512 496 378 1553517088636 
512 487 384 1553517088654 
512 484 387 1553517088670 
512 483 388 1553517088686 
512 482 388 1553517088720 
512 482 387 1553517088771 
512 482 386 1553517088786 
512 483 384 1553517088820 
512 486 378 1553517088837 
512 487 372 1553517088854 
512 487 367 1553517088870 
512 486 367 1553517088921 
512 481 367 1553517088937 
512 477 367 1553517088954 
512 474 365 1553517088971 
512 470 365 1553517088987 
512 468 364 1553517089004 
512 468 363 1553517089105 
513 468 363 1553517089128 
512 468 364 1553517089221 
512 468 365 1553517089232 
514 468 365 1553517089232 
512 468 366 1553517089255 
512 468 367 1553517089272 
512 468 368 1553517089288 
512 470 369 1553517089305 
512 470 370 1553517089338 
512 471 370 1553517089405 
513 471 370 1553517089416 
514 471 370 1553517089512 
512 469 370 1553517089606 
512 468 369 1553517089672 
512 474 381 1553517089825 
512 489 421 1553517089840 
512 520 481 1553517089856 
512 544 543 1553517089872 
512 560 570 1553517089889 
512 562 576 1553517089906 
512 566 589 1553517089923 
512 570 606 1553517089939 
512 578 626 1553517089956 
512 587 640 1553517089973 
512 589 645 1553517089989 
512 589 646 1553517090005 
512 591 647 1553517090040 
512 595 653 1553517090056 
512 596 662 1553517090072 
512 593 665 1553517090088 
512 591 666 1553517090106 
512 590 666 1553517090123 
512 589 667 1553517090139 
512 588 667 1553517090189 
512 587 667 1553517090207 
512 585 666 1553517090223 
512 583 665 1553517090240 
512 581 663 1553517090256 
512 580 660 1553517090272 
512 580 659 1553517090289 
512 577 656 1553517090307 
512 575 655 1553517090323 
512 573 655 1553517090340 
512 571 654 1553517090357 
512 567 653 1553517090373 
512 564 653 1553517090390 
512 563 653 1553517090474 
512 563 652 1553517090490 
512 562 652 1553517090523 
513 562 652 1553517090567 
514 562 652 1553517090647 
512 561 652 1553517090708 
512 561 649 1553517090841 
512 564 638 1553517090857 
512 569 617 1553517090875 
512 575 584 1553517090891 
512 583 544 1553517090907 
512 596 495 1553517090923 
512 614 448 1553517090941 
512 639 393 1553517090958 
512 665 339 1553517090975 
512 695 279 1553517090991 
512 719 224 1553517091009 
512 745 166 1553517091025 
512 751 149 1553517091042 
512 754 144 1553517091058 
512 755 141 1553517091075 
512 755 140 1553517091092 
512 751 147 1553517091142 
512 747 154 1553517091158 
512 744 155 1553517091175 
512 743 155 1553517091226 
512 740 156 1553517091242 
512 724 168 1553517091259 
512 694 189 1553517091276 
512 671 206 1553517091292 
512 664 213 1553517091309 
512 663 214 1553517091326 
512 665 213 1553517091375 
512 667 211 1553517091392 
512 676 207 1553517091408 
512 686 203 1553517091425 
512 693 201 1553517091443 
512 696 200 1553517091459 
512 697 200 1553517091475 
512 698 200 1553517091509 
512 699 200 1553517091543 
512 700 201 1553517091576 
512 702 205 1553517091593 
512 703 213 1553517091609 
512 704 215 1553517091625 
513 704 215 1553517091746 
514 704 215 1553517091839 
