512 699 212 1553540673211 
512 710 205 1553540673227 
512 720 193 1553540673243 
512 721 193 1553540673261 
512 722 192 1553540673293 
512 723 192 1553540673311 
512 721 206 1553540673510 
512 719 238 1553540673528 
512 728 286 1553540673544 
512 742 316 1553540673560 
512 772 364 1553540673578 
512 804 418 1553540673594 
512 828 460 1553540673611 
512 843 487 1553540673627 
512 853 506 1553540673644 
512 857 516 1553540673661 
512 859 531 1553540673677 
512 861 549 1553540673694 
512 861 564 1553540673711 
512 861 573 1553540673728 
512 860 580 1553540673744 
512 858 583 1553540673761 
512 857 583 1553540673778 
512 853 585 1553540673795 
512 847 591 1553540673812 
512 834 614 1553540673828 
512 822 634 1553540673845 
512 815 649 1553540673859 
512 813 654 1553540673879 
512 814 654 1553540673961 
512 815 654 1553540673979 
512 817 653 1553540673995 
512 821 652 1553540674012 
512 823 652 1553540674027 
512 824 651 1553540674045 
512 825 651 1553540674061 
512 826 651 1553540674078 
512 827 650 1553540674094 
512 828 650 1553540674112 
512 830 649 1553540674128 
512 832 647 1553540674145 
512 835 645 1553540674162 
512 836 645 1553540674212 
513 836 645 1553540674372 
514 836 645 1553540674443 
512 832 646 1553540674547 
512 826 649 1553540674563 
512 822 651 1553540674579 
512 819 650 1553540674596 
512 814 638 1553540674613 
512 807 624 1553540674629 
512 795 608 1553540674645 
512 775 592 1553540674663 
512 758 574 1553540674680 
512 729 524 1553540674696 
512 694 450 1553540674713 
512 635 385 1553540674730 
512 568 347 1553540674747 
512 526 338 1553540674764 
512 506 338 1553540674780 
512 485 345 1553540674796 
512 475 350 1553540674814 
512 467 354 1553540674830 
512 461 359 1553540674847 
512 457 365 1553540674863 
512 455 368 1553540674880 
512 454 370 1553540674896 
512 453 372 1553540674931 
512 453 373 1553540674947 
512 453 374 1553540674980 
512 453 375 1553540675030 
512 454 375 1553540675080 
512 456 375 1553540675097 
512 457 375 1553540675113 
512 458 376 1553540675129 
512 460 377 1553540675147 
512 462 379 1553540675163 
512 463 379 1553540675180 
512 464 379 1553540675280 
512 464 380 1553540675298 
512 465 380 1553540675314 
513 465 380 1553540675350 
514 465 380 1553540675418 
512 465 381 1553540675464 
512 466 383 1553540675481 
512 468 386 1553540675499 
512 474 394 1553540675514 
512 481 405 1553540675531 
512 502 427 1553540675548 
512 520 444 1553540675564 
512 544 463 1553540675581 
512 572 485 1553540675599 
512 594 500 1553540675614 
512 608 512 1553540675630 
512 621 522 1553540675648 
512 629 529 1553540675664 
512 638 531 1553540675681 
512 648 523 1553540675700 
512 661 504 1553540675715 
512 675 472 1553540675732 
512 692 400 1553540675748 
512 706 343 1553540675764 
512 726 288 1553540675782 
512 740 246 1553540675799 
512 745 221 1553540675815 
512 746 213 1553540675831 
512 746 210 1553540675849 
512 743 208 1553540675932 
512 737 208 1553540675949 
512 732 209 1553540675965 
512 728 210 1553540675981 
512 723 212 1553540675999 
512 718 213 1553540676015 
512 712 213 1553540676033 
512 709 213 1553540676049 
512 708 213 1553540676132 
512 708 212 1553540676149 
512 708 211 1553540676182 
513 708 211 1553540676259 
514 708 211 1553540676331 
512 708 213 1553540676382 
512 710 218 1553540676399 
512 715 229 1553540676416 
512 721 242 1553540676433 
512 731 260 1553540676450 
512 747 286 1553540676467 
512 761 311 1553540676483 
512 768 327 1553540676500 
512 774 343 1553540676516 
512 779 352 1553540676532 
512 782 362 1553540676549 
512 788 374 1553540676566 
512 795 382 1553540676583 
512 802 386 1553540676599 
512 808 388 1553540676617 
512 819 389 1553540676633 
512 839 390 1553540676650 
512 862 390 1553540676667 
512 887 390 1553540676683 
512 923 390 1553540676700 
512 936 388 1553540676716 
512 943 386 1553540676733 
512 944 386 1553540676750 
512 944 385 1553540676816 
512 943 384 1553540676834 
512 942 383 1553540676850 
512 940 382 1553540676900 
512 939 382 1553540676917 
512 935 380 1553540676934 
512 931 379 1553540676951 
512 928 377 1553540676968 
512 925 377 1553540676984 
513 925 377 1553540677100 
514 925 377 1553540677163 
512 923 377 1553540677201 
512 921 378 1553540677218 
512 918 380 1553540677234 
512 914 383 1553540677251 
512 903 392 1553540677267 
512 892 400 1553540677284 
512 880 408 1553540677301 
512 866 418 1553540677318 
512 851 429 1553540677335 
512 835 442 1553540677351 
512 819 455 1553540677369 
512 804 465 1553540677384 
512 786 473 1553540677401 
512 766 481 1553540677419 
512 741 492 1553540677435 
512 709 506 1553540677452 
512 664 530 1553540677468 
512 633 547 1553540677485 
512 613 563 1553540677501 
512 599 573 1553540677519 
512 592 583 1553540677535 
512 591 589 1553540677551 
512 591 593 1553540677569 
512 591 596 1553540677585 
512 590 598 1553540677602 
512 590 599 1553540677651 
512 588 602 1553540677686 
512 583 607 1553540677701 
512 576 612 1553540677719 
512 568 618 1553540677735 
512 561 625 1553540677752 
512 557 631 1553540677769 
512 554 636 1553540677785 
512 552 639 1553540677802 
512 552 641 1553540677819 
512 552 642 1553540677836 
513 552 642 1553540678196 
514 552 642 1553540678266 
512 555 640 1553540678353 
512 564 627 1553540678370 
512 580 605 1553540678387 
512 606 575 1553540678404 
512 649 529 1553540678421 
512 671 501 1553540678437 
512 684 474 1553540678453 
512 692 455 1553540678470 
512 697 439 1553540678486 
512 700 432 1553540678502 
512 706 430 1553540678520 
512 717 430 1553540678536 
512 732 437 1553540678554 
512 748 451 1553540678570 
512 768 474 1553540678588 
512 806 536 1553540678603 
512 828 582 1553540678621 
512 841 612 1553540678637 
512 849 632 1553540678654 
512 852 641 1553540678670 
512 852 643 1553540678686 
512 851 645 1553540678704 
512 849 645 1553540678720 
512 848 645 1553540678737 
512 847 648 1553540678770 
512 847 650 1553540678788 
512 847 652 1553540678804 
512 847 651 1553540678871 
512 847 650 1553540678888 
512 847 649 1553540678921 
512 846 649 1553540678938 
512 845 649 1553540678954 
513 845 649 1553540679004 
514 845 649 1553540679067 
512 844 649 1553540679088 
512 844 648 1553540679105 
512 844 647 1553540679121 
512 843 647 1553540679155 
512 843 646 1553540679172 
512 843 644 1553540679188 
512 839 640 1553540679205 
512 828 630 1553540679221 
512 816 614 1553540679239 
512 807 598 1553540679255 
512 799 584 1553540679272 
512 795 570 1553540679288 
512 795 556 1553540679305 
512 801 538 1553540679322 
512 820 515 1553540679339 
512 858 481 1553540679356 
512 909 433 1553540679372 
512 920 416 1553540679388 
512 923 406 1553540679406 
512 925 401 1553540679422 
512 925 397 1553540679439 
512 925 393 1553540679455 
512 925 388 1553540679471 
512 926 385 1553540679489 
512 926 384 1553540679505 
512 926 381 1553540679572 
512 926 378 1553540679589 
512 925 377 1553540679606 
512 925 376 1553540679622 
513 925 376 1553540679699 
514 925 376 1553540679771 
512 925 375 1553540679789 
512 924 375 1553540679839 
512 923 376 1553540679856 
512 921 378 1553540679872 
512 918 383 1553540679891 
512 910 397 1553540679906 
512 900 416 1553540679923 
512 883 451 1553540679940 
512 874 474 1553540679956 
512 863 494 1553540679973 
512 855 510 1553540679990 
512 844 518 1553540680006 
512 832 520 1553540680023 
512 815 518 1553540680040 
512 793 511 1553540680057 
512 756 493 1553540680074 
512 693 463 1553540680090 
512 604 424 1553540680107 
512 515 386 1553540680123 
512 434 353 1553540680140 
512 416 349 1553540680156 
512 414 348 1553540680173 
512 414 350 1553540680240 
512 415 352 1553540680256 
512 417 353 1553540680274 
512 418 354 1553540680291 
512 418 355 1553540680308 
512 423 358 1553540680323 
512 431 361 1553540680340 
512 441 367 1553540680357 
512 452 370 1553540680374 
512 457 371 1553540680391 
512 459 373 1553540680407 
512 460 373 1553540680424 
512 461 374 1553540680440 
512 464 374 1553540680457 
512 467 375 1553540680475 
512 468 376 1553540680491 
512 470 376 1553540680507 
513 470 376 1553540680683 
514 470 376 1553540680754 
512 475 376 1553540680824 
512 493 376 1553540680842 
512 519 376 1553540680860 
512 546 374 1553540680875 
512 573 372 1553540680891 
512 595 371 1553540680908 
512 599 370 1553540680923 
512 600 370 1553540680942 
512 601 375 1553540680992 
512 604 390 1553540681009 
512 605 414 1553540681025 
512 606 444 1553540681042 
512 606 475 1553540681059 
512 602 502 1553540681076 
512 593 542 1553540681092 
512 586 571 1553540681107 
512 580 597 1553540681126 
512 572 621 1553540681142 
512 566 645 1553540681159 
512 558 663 1553540681175 
512 551 672 1553540681193 
512 551 673 1553540681210 
512 551 671 1553540681260 
512 551 666 1553540681276 
512 551 663 1553540681292 
512 553 659 1553540681308 
512 553 655 1553540681325 
512 554 651 1553540681342 
512 555 648 1553540681359 
512 556 646 1553540681375 
512 556 645 1553540681392 
513 556 645 1553540681516 
514 556 645 1553540681586 
512 556 644 1553540681676 
512 556 643 1553540681693 
512 563 635 1553540681710 
512 577 619 1553540681727 
512 606 591 1553540681743 
512 641 562 1553540681760 
512 664 540 1553540681776 
512 672 529 1553540681793 
512 675 521 1553540681810 
512 677 513 1553540681827 
512 677 502 1553540681843 
512 684 468 1553540681860 
512 694 426 1553540681876 
512 706 366 1553540681893 
512 718 312 1553540681910 
512 724 268 1553540681927 
512 725 235 1553540681944 
512 725 206 1553540681961 
512 725 180 1553540681977 
512 725 164 1553540681994 
512 725 161 1553540682011 
512 725 160 1553540682027 
512 725 161 1553540682077 
512 724 165 1553540682094 
512 722 173 1553540682110 
512 717 184 1553540682127 
512 712 196 1553540682144 
512 709 205 1553540682161 
512 708 208 1553540682177 
512 707 208 1553540682328 
512 707 207 1553540682344 
512 706 206 1553540682361 
512 705 206 1553540682461 
512 704 206 1553540682478 
512 703 206 1553540682495 
512 702 206 1553540682528 
513 702 206 1553540682566 
512 701 206 1553540682595 
514 701 206 1553540682635 
