512 702 219 1553540747188 
512 709 235 1553540747204 
512 721 256 1553540747221 
512 735 280 1553540747237 
512 750 313 1553540747254 
512 756 331 1553540747271 
512 756 340 1553540747287 
512 756 346 1553540747304 
512 755 348 1553540747320 
512 754 349 1553540747337 
512 754 357 1553540747353 
512 754 373 1553540747372 
512 754 400 1553540747387 
512 754 462 1553540747404 
512 755 515 1553540747420 
512 759 563 1553540747437 
512 761 596 1553540747455 
512 766 620 1553540747471 
512 769 639 1553540747488 
512 773 649 1553540747507 
512 775 654 1553540747522 
512 776 655 1553540747539 
512 777 655 1553540747555 
512 781 656 1553540747588 
512 789 656 1553540747605 
512 807 655 1553540747621 
512 835 647 1553540747638 
512 842 641 1553540747655 
512 843 640 1553540747671 
512 844 640 1553540747688 
512 844 642 1553540747739 
512 844 643 1553540747756 
512 844 644 1553540747772 
512 844 645 1553540747788 
512 843 645 1553540747856 
512 841 645 1553540747906 
513 841 645 1553540747948 
514 841 645 1553540748019 
512 839 644 1553540748039 
512 838 643 1553540748055 
512 835 640 1553540748071 
512 832 637 1553540748090 
512 826 627 1553540748106 
512 815 612 1553540748121 
512 791 584 1553540748140 
512 754 542 1553540748155 
512 718 496 1553540748173 
512 704 473 1553540748190 
512 693 453 1553540748205 
512 690 441 1553540748223 
512 690 435 1553540748240 
512 690 431 1553540748256 
512 689 429 1553540748272 
512 688 428 1553540748290 
512 681 426 1553540748307 
512 654 424 1553540748323 
512 582 421 1553540748340 
512 451 417 1553540748355 
512 403 414 1553540748372 
512 386 411 1553540748390 
512 385 410 1553540748406 
512 385 409 1553540748456 
512 387 408 1553540748473 
512 391 407 1553540748490 
512 399 403 1553540748507 
512 407 400 1553540748523 
512 417 395 1553540748540 
512 421 394 1553540748556 
512 426 391 1553540748573 
512 435 391 1553540748590 
512 445 390 1553540748606 
512 449 390 1553540748624 
512 450 390 1553540748640 
512 450 389 1553540748656 
512 451 389 1553540748673 
512 451 388 1553540748691 
512 455 385 1553540748706 
512 455 384 1553540748724 
512 456 383 1553540748740 
512 457 382 1553540748757 
512 458 381 1553540748773 
512 459 381 1553540748790 
512 459 380 1553540748806 
512 463 377 1553540748824 
512 465 374 1553540748840 
512 467 372 1553540748857 
512 467 371 1553540748873 
513 467 371 1553540748948 
514 467 371 1553540749035 
512 468 371 1553540749090 
512 476 373 1553540749109 
512 499 377 1553540749124 
512 523 380 1553540749141 
512 542 381 1553540749158 
512 553 382 1553540749174 
512 559 382 1553540749191 
512 561 383 1553540749208 
512 564 384 1553540749225 
512 568 385 1553540749242 
512 573 387 1553540749258 
512 575 387 1553540749274 
512 577 385 1553540749308 
512 581 379 1553540749325 
512 586 364 1553540749342 
512 595 345 1553540749358 
512 609 315 1553540749375 
512 625 280 1553540749391 
512 642 249 1553540749409 
512 655 229 1553540749425 
512 664 218 1553540749442 
512 668 213 1553540749460 
512 669 213 1553540749475 
512 670 213 1553540749559 
512 672 212 1553540749576 
512 675 212 1553540749592 
512 678 213 1553540749609 
512 681 215 1553540749625 
512 688 217 1553540749642 
512 694 218 1553540749659 
512 700 218 1553540749676 
512 704 215 1553540749692 
512 705 214 1553540749709 
512 706 212 1553540749726 
512 706 211 1553540749743 
512 706 210 1553540749809 
512 706 209 1553540749860 
513 706 209 1553540749982 
514 706 209 1553540750067 
512 706 206 1553540750210 
512 708 201 1553540750227 
512 714 198 1553540750243 
512 717 197 1553540750260 
512 719 197 1553540750276 
512 721 196 1553540750293 
512 725 195 1553540750310 
512 730 192 1553540750327 
512 739 191 1553540750343 
512 744 189 1553540750360 
512 745 189 1553540750376 
512 742 191 1553540750595 
512 750 195 1553540750610 
512 802 184 1553540750628 
512 887 148 1553540750644 
512 906 143 1553540750661 
512 913 142 1553540750677 
512 918 143 1553540750694 
512 939 151 1553540750711 
512 988 164 1553540750728 
512 1033 182 1553540750744 
512 1048 194 1553540750761 
512 1049 199 1553540750778 
512 1049 201 1553540750795 
512 1049 206 1553540750812 
512 1051 222 1553540750828 
512 1053 257 1553540750845 
512 1040 286 1553540750861 
512 1028 305 1553540750877 
512 1023 316 1553540750894 
512 1022 323 1553540750911 
512 1020 323 1553540750961 
512 1017 323 1553540750979 
512 1013 322 1553540750996 
512 1005 321 1553540751012 
512 985 328 1553540751028 
512 971 334 1553540751045 
512 964 337 1553540751061 
512 964 338 1553540751095 
512 964 343 1553540751111 
512 969 358 1553540751129 
512 971 371 1553540751145 
512 972 376 1553540751162 
512 972 377 1553540751179 
512 971 377 1553540751245 
512 966 379 1553540751262 
512 958 380 1553540751279 
512 946 380 1553540751295 
512 943 380 1553540751311 
512 942 378 1553540751329 
512 940 377 1553540751345 
512 939 376 1553540751362 
512 937 376 1553540751546 
512 933 378 1553540751563 
512 922 384 1553540751580 
512 910 388 1553540751595 
512 912 388 1553540751646 
512 915 385 1553540751663 
512 917 384 1553540751679 
512 918 384 1553540751712 
512 919 384 1553540751730 
512 920 384 1553540751746 
512 923 382 1553540751763 
512 926 379 1553540751780 
512 929 376 1553540751796 
513 929 376 1553540751891 
514 929 376 1553540751970 
512 929 375 1553540752030 
512 927 373 1553540752047 
512 924 371 1553540752064 
512 922 369 1553540752080 
512 918 367 1553540752096 
512 916 366 1553540752113 
512 912 366 1553540752130 
512 909 355 1553540752213 
512 892 278 1553540752230 
512 875 236 1553540752248 
512 869 228 1553540752264 
512 869 241 1553540752314 
512 865 281 1553540752331 
512 840 335 1553540752348 
512 728 441 1553540752363 
512 631 504 1553540752379 
512 536 552 1553540752397 
512 478 597 1553540752414 
512 463 608 1553540752431 
512 457 608 1553540752448 
512 457 600 1553540752464 
512 458 588 1553540752481 
512 462 578 1553540752498 
512 464 575 1553540752515 
512 464 574 1553540752531 
512 465 573 1553540752547 
512 469 573 1553540752564 
512 477 574 1553540752581 
512 486 577 1553540752598 
512 497 582 1553540752614 
512 516 592 1553540752631 
512 545 609 1553540752649 
512 566 624 1553540752665 
512 580 637 1553540752681 
512 587 649 1553540752698 
512 589 657 1553540752716 
512 590 666 1553540752732 
512 590 671 1553540752747 
512 588 671 1553540752781 
512 586 668 1553540752798 
512 585 667 1553540752815 
512 585 666 1553540752865 
512 584 665 1553540752882 
512 580 661 1553540752900 
512 574 655 1553540752915 
512 569 651 1553540752931 
512 568 651 1553540752949 
512 567 651 1553540752998 
512 566 651 1553540753015 
512 564 651 1553540753032 
512 562 650 1553540753050 
512 560 649 1553540753065 
513 560 649 1553540753163 
514 560 649 1553540753211 
512 564 648 1553540753350 
512 574 641 1553540753367 
512 600 627 1553540753383 
512 631 604 1553540753399 
512 658 581 1553540753416 
512 678 566 1553540753433 
512 692 553 1553540753450 
512 708 549 1553540753467 
512 723 549 1553540753484 
512 742 556 1553540753500 
512 781 582 1553540753516 
512 819 614 1553540753533 
512 842 643 1553540753550 
512 865 667 1553540753566 
512 884 683 1553540753582 
512 896 689 1553540753600 
512 898 689 1553540753616 
512 897 688 1553540753650 
512 895 684 1553540753667 
512 889 678 1553540753683 
512 877 669 1553540753701 
512 870 665 1553540753716 
512 867 665 1553540753733 
512 866 664 1553540753750 
512 865 663 1553540753767 
512 864 662 1553540753783 
512 862 659 1553540753799 
512 861 655 1553540753817 
512 858 650 1553540753834 
512 856 647 1553540753851 
512 854 645 1553540753867 
512 853 645 1553540753900 
512 852 645 1553540753933 
512 851 644 1553540753967 
512 850 643 1553540753983 
512 847 640 1553540754000 
512 846 639 1553540754018 
512 845 638 1553540754034 
513 845 638 1553540754085 
514 845 638 1553540754173 
512 847 635 1553540754285 
512 849 631 1553540754301 
512 850 626 1553540754318 
512 853 618 1553540754334 
512 854 607 1553540754351 
512 855 594 1553540754368 
512 856 577 1553540754383 
512 856 561 1553540754401 
512 855 544 1553540754419 
512 855 525 1553540754435 
512 857 506 1553540754452 
512 867 480 1553540754468 
512 874 461 1553540754485 
512 883 443 1553540754502 
512 891 426 1553540754519 
512 897 412 1553540754535 
512 902 400 1553540754552 
512 908 390 1553540754569 
512 911 382 1553540754585 
512 913 378 1553540754601 
512 914 377 1553540754619 
512 915 377 1553540754652 
512 919 376 1553540754669 
512 926 373 1553540754685 
512 935 369 1553540754702 
512 943 364 1553540754719 
512 946 362 1553540754735 
512 947 362 1553540754752 
512 946 362 1553540754869 
512 945 362 1553540754885 
512 939 364 1553540754903 
512 936 367 1553540754919 
512 931 369 1553540754934 
512 930 370 1553540754953 
512 929 370 1553540754970 
513 929 370 1553540755110 
514 929 370 1553540755211 
512 928 371 1553540755471 
512 924 373 1553540755488 
512 918 377 1553540755504 
512 906 381 1553540755520 
512 884 389 1553540755536 
512 852 395 1553540755554 
512 805 401 1553540755571 
512 763 404 1553540755587 
512 721 402 1553540755603 
512 662 395 1553540755621 
512 644 393 1553540755637 
512 639 392 1553540755654 
512 639 391 1553540755687 
512 638 391 1553540755703 
512 634 391 1553540755720 
512 625 386 1553540755737 
512 609 379 1553540755754 
512 596 377 1553540755771 
512 583 374 1553540755788 
512 566 371 1553540755805 
512 554 370 1553540755820 
512 537 370 1553540755838 
512 521 370 1553540755854 
512 507 371 1553540755870 
512 502 373 1553540755888 
512 500 375 1553540755903 
512 500 376 1553540755920 
512 499 376 1553540755955 
512 499 377 1553540756038 
512 496 377 1553540756054 
512 493 377 1553540756071 
512 487 374 1553540756088 
512 482 370 1553540756104 
512 479 370 1553540756121 
512 479 369 1553540756189 
512 479 368 1553540756204 
512 478 368 1553540756221 
512 475 369 1553540756372 
512 473 369 1553540756389 
512 473 370 1553540756422 
513 473 370 1553540756478 
514 473 370 1553540756542 
512 474 372 1553540756573 
512 474 376 1553540756589 
512 477 380 1553540756605 
512 481 383 1553540756622 
512 492 387 1553540756639 
512 521 392 1553540756655 
512 583 399 1553540756672 
512 652 400 1553540756689 
512 688 403 1553540756705 
512 696 404 1553540756723 
512 696 406 1553540756740 
512 696 416 1553540756756 
512 692 426 1553540756772 
512 685 438 1553540756790 
512 668 459 1553540756806 
512 643 490 1553540756822 
512 616 529 1553540756839 
512 593 576 1553540756856 
512 579 608 1553540756873 
512 568 632 1553540756891 
512 562 643 1553540756907 
512 561 645 1553540756923 
512 560 647 1553540757023 
512 558 648 1553540757040 
512 557 651 1553540757057 
512 556 653 1553540757073 
512 556 651 1553540757157 
512 556 650 1553540757173 
512 556 649 1553540757189 
513 556 649 1553540757279 
514 556 649 1553540757355 
512 556 648 1553540757408 
512 557 648 1553540757424 
512 558 646 1553540757440 
512 564 640 1553540757458 
512 574 628 1553540757475 
512 586 608 1553540757491 
512 607 569 1553540757507 
512 616 543 1553540757524 
512 624 518 1553540757541 
512 629 499 1553540757557 
512 633 482 1553540757573 
512 639 466 1553540757590 
512 648 449 1553540757608 
512 656 430 1553540757624 
512 665 411 1553540757640 
512 674 391 1553540757658 
512 680 372 1553540757675 
512 686 351 1553540757691 
512 689 330 1553540757708 
512 692 296 1553540757725 
512 695 274 1553540757741 
512 697 253 1553540757758 
512 701 236 1553540757773 
512 704 223 1553540757791 
512 704 215 1553540757809 
512 704 211 1553540757825 
512 705 209 1553540757842 
512 706 208 1553540757891 
512 706 206 1553540757924 
512 706 205 1553540757941 
512 707 203 1553540757959 
512 707 202 1553540757975 
512 705 202 1553540758059 
512 704 202 1553540758092 
513 704 202 1553540758149 
514 704 202 1553540758250 
