512 705 208 1553605766376 
512 705 211 1553605766392 
512 705 216 1553605766410 
512 709 226 1553605766427 
512 713 238 1553605766443 
512 718 255 1553605766461 
512 721 275 1553605766478 
512 728 301 1553605766494 
512 737 331 1553605766511 
512 746 374 1553605766528 
512 751 403 1553605766544 
512 760 429 1553605766560 
512 771 451 1553605766577 
512 784 475 1553605766594 
512 796 496 1553605766610 
512 808 507 1553605766627 
512 819 520 1553605766645 
512 826 536 1553605766662 
512 836 557 1553605766678 
512 842 578 1553605766695 
512 851 592 1553605766711 
512 860 602 1553605766728 
512 862 603 1553605766744 
512 862 605 1553605766761 
512 862 609 1553605766779 
512 862 610 1553605766794 
512 862 615 1553605766812 
512 862 624 1553605766828 
512 863 634 1553605766845 
512 865 645 1553605766862 
512 865 653 1553605766878 
512 865 655 1553605766895 
512 865 656 1553605766911 
512 863 656 1553605766943 
512 862 656 1553605766962 
512 860 656 1553605766978 
512 859 656 1553605767012 
512 857 655 1553605767046 
512 855 653 1553605767062 
512 851 648 1553605767079 
512 847 643 1553605767095 
512 846 643 1553605767112 
512 846 642 1553605767195 
512 845 642 1553605767212 
513 845 642 1553605767267 
512 844 642 1553605767296 
514 844 642 1553605767334 
512 842 638 1553605767395 
512 841 633 1553605767412 
512 836 624 1553605767429 
512 827 610 1553605767445 
512 812 595 1553605767462 
512 800 574 1553605767478 
512 781 541 1553605767495 
512 773 523 1553605767511 
512 772 516 1553605767528 
512 772 513 1553605767545 
512 771 512 1553605767562 
512 764 511 1553605767578 
512 734 506 1553605767595 
512 671 498 1553605767612 
512 588 489 1553605767629 
512 520 469 1553605767646 
512 470 444 1553605767663 
512 448 417 1553605767679 
512 445 408 1553605767696 
512 444 398 1553605767712 
512 444 391 1553605767729 
512 444 388 1553605767746 
512 444 387 1553605767763 
512 444 386 1553605767779 
512 444 384 1553605767830 
512 444 382 1553605767847 
512 445 380 1553605767863 
512 446 379 1553605767880 
512 448 379 1553605767896 
512 450 379 1553605767912 
512 453 379 1553605767930 
512 455 379 1553605767946 
512 460 376 1553605767964 
512 463 373 1553605767980 
512 465 369 1553605767997 
512 465 368 1553605768031 
513 465 368 1553605768164 
514 465 368 1553605768205 
512 468 370 1553605768314 
512 479 381 1553605768331 
512 498 394 1553605768348 
512 522 402 1553605768365 
512 530 404 1553605768382 
512 531 405 1553605768398 
512 532 407 1553605768415 
512 533 408 1553605768431 
512 534 408 1553605768448 
512 535 404 1553605768464 
512 543 387 1553605768482 
512 555 363 1553605768498 
512 564 340 1553605768515 
512 570 319 1553605768531 
512 577 298 1553605768550 
512 585 279 1553605768565 
512 591 265 1553605768582 
512 596 255 1553605768599 
512 600 251 1553605768616 
512 607 242 1553605768632 
512 613 235 1553605768648 
512 639 220 1553605768665 
512 659 213 1553605768682 
512 662 213 1553605768699 
512 664 214 1553605768713 
512 666 215 1553605768818 
512 668 218 1553605768833 
512 669 219 1553605768849 
512 673 215 1553605768900 
512 679 209 1553605768917 
512 685 206 1553605768934 
512 694 205 1553605768950 
512 707 207 1553605768967 
512 717 209 1553605768984 
512 719 209 1553605769000 
512 720 209 1553605769017 
512 722 209 1553605769033 
512 723 209 1553605769050 
512 725 209 1553605769065 
512 726 209 1553605769084 
512 727 209 1553605769100 
512 727 210 1553605769117 
512 727 212 1553605769134 
512 726 212 1553605769185 
512 724 213 1553605769200 
512 721 213 1553605769217 
512 720 213 1553605769233 
512 719 213 1553605769250 
512 717 213 1553605769267 
512 716 213 1553605769284 
512 714 213 1553605769301 
512 712 213 1553605769315 
512 710 212 1553605769334 
512 708 211 1553605769350 
512 707 211 1553605769367 
512 706 211 1553605769384 
513 706 211 1553605769513 
512 705 210 1553605769575 
514 705 210 1553605769575 
512 706 215 1553605769701 
512 712 223 1553605769718 
512 722 234 1553605769734 
512 736 247 1553605769751 
512 753 268 1553605769767 
512 791 330 1553605769784 
512 827 387 1553605769800 
512 868 434 1553605769817 
512 893 441 1553605769834 
512 897 440 1553605769850 
512 901 432 1553605769867 
512 904 421 1553605769882 
512 906 413 1553605769901 
512 911 409 1553605769918 
512 918 405 1553605769934 
512 923 403 1553605769951 
512 929 400 1553605769968 
512 930 398 1553605769984 
512 931 397 1553605770001 
512 931 395 1553605770017 
512 931 394 1553605770051 
512 931 393 1553605770085 
512 931 390 1553605770101 
512 931 388 1553605770118 
512 931 386 1553605770134 
512 931 385 1553605770151 
512 931 383 1553605770238 
512 930 382 1553605770254 
512 930 380 1553605770271 
513 930 380 1553605770309 
512 929 380 1553605770370 
514 929 380 1553605770381 
512 926 380 1553605770452 
512 925 382 1553605770469 
512 922 385 1553605770486 
512 914 394 1553605770502 
512 901 403 1553605770520 
512 878 412 1553605770536 
512 827 426 1553605770552 
512 793 436 1553605770569 
512 767 446 1553605770585 
512 734 455 1553605770602 
512 697 457 1553605770619 
512 666 457 1553605770636 
512 645 457 1553605770653 
512 637 459 1553605770669 
512 634 463 1553605770685 
512 632 469 1553605770703 
512 626 476 1553605770720 
512 609 499 1553605770736 
512 597 521 1553605770752 
512 588 549 1553605770769 
512 582 574 1553605770787 
512 580 593 1553605770803 
512 578 605 1553605770820 
512 578 614 1553605770837 
512 577 615 1553605770854 
512 577 618 1553605770870 
512 576 618 1553605770886 
512 574 618 1553605770904 
512 574 619 1553605770920 
512 574 622 1553605770936 
512 574 625 1553605770954 
512 574 629 1553605770969 
512 574 631 1553605770987 
512 574 633 1553605771020 
512 573 637 1553605771038 
512 572 642 1553605771053 
512 572 645 1553605771071 
512 572 646 1553605771086 
512 570 646 1553605771120 
512 570 645 1553605771136 
512 569 645 1553605771152 
512 568 644 1553605771187 
512 565 644 1553605771204 
512 564 643 1553605771220 
512 564 642 1553605771237 
512 563 642 1553605771254 
513 563 642 1553605771329 
512 562 642 1553605771339 
512 561 642 1553605771354 
512 560 642 1553605771388 
514 560 642 1553605771391 
512 561 642 1553605771435 
512 562 642 1553605771453 
512 565 641 1553605771487 
512 578 630 1553605771504 
512 595 616 1553605771520 
512 614 596 1553605771537 
512 626 573 1553605771554 
512 635 548 1553605771571 
512 643 525 1553605771587 
512 652 504 1553605771605 
512 662 490 1553605771622 
512 672 483 1553605771638 
512 676 482 1553605771655 
512 684 483 1553605771671 
512 700 496 1553605771687 
512 739 548 1553605771705 
512 772 593 1553605771721 
512 804 630 1553605771738 
512 818 648 1553605771754 
512 823 657 1553605771771 
512 825 660 1553605771788 
512 825 659 1553605771889 
512 828 657 1553605771905 
512 833 653 1553605771922 
512 835 649 1553605771938 
512 836 646 1553605771955 
512 837 644 1553605771972 
512 837 643 1553605771989 
512 836 643 1553605772131 
513 836 643 1553605772132 
512 835 643 1553605772156 
512 834 643 1553605772198 
514 834 643 1553605772198 
512 833 643 1553605772221 
512 832 642 1553605772271 
512 831 642 1553605772288 
512 829 640 1553605772305 
512 825 637 1553605772322 
512 820 630 1553605772338 
512 814 621 1553605772355 
512 811 609 1553605772373 
512 809 597 1553605772389 
512 808 592 1553605772405 
512 808 591 1553605772438 
512 809 588 1553605772455 
512 821 572 1553605772472 
512 845 535 1553605772489 
512 870 486 1553605772506 
512 883 454 1553605772522 
512 891 428 1553605772539 
512 895 411 1553605772556 
512 899 398 1553605772573 
512 903 388 1553605772590 
512 905 382 1553605772606 
512 907 375 1553605772622 
512 909 372 1553605772639 
512 910 369 1553605772656 
512 911 368 1553605772689 
512 916 368 1553605772859 
512 923 369 1553605772876 
512 929 371 1553605772891 
512 932 372 1553605772907 
512 932 371 1553605773124 
512 932 370 1553605773141 
513 932 370 1553605773225 
514 932 370 1553605773318 
512 928 370 1553605773509 
512 920 374 1553605773526 
512 915 377 1553605773542 
512 906 379 1553605773559 
512 886 384 1553605773574 
512 814 395 1553605773591 
512 753 398 1553605773608 
512 696 398 1553605773623 
512 652 398 1553605773641 
512 624 399 1553605773658 
512 596 402 1553605773675 
512 575 410 1553605773692 
512 555 416 1553605773708 
512 541 417 1553605773723 
512 534 417 1553605773742 
512 531 417 1553605773758 
512 530 415 1553605773774 
512 528 412 1553605773791 
512 528 409 1553605773808 
512 527 406 1553605773825 
512 526 402 1553605773841 
512 523 399 1553605773858 
512 519 397 1553605773874 
512 518 396 1553605773892 
512 517 396 1553605773908 
512 516 395 1553605773926 
512 513 394 1553605773942 
512 502 391 1553605773958 
512 475 384 1553605773975 
512 466 381 1553605773992 
512 464 381 1553605774008 
512 464 380 1553605774025 
512 464 379 1553605774058 
512 464 378 1553605774109 
512 464 377 1553605774144 
513 464 377 1553605774269 
514 464 377 1553605774351 
512 466 377 1553605774443 
512 474 377 1553605774460 
512 489 379 1553605774476 
512 510 381 1553605774494 
512 529 383 1553605774513 
512 540 383 1553605774527 
512 542 383 1553605774543 
512 544 389 1553605774595 
512 547 407 1553605774612 
512 560 447 1553605774626 
512 577 490 1553605774643 
512 595 524 1553605774659 
512 600 545 1553605774677 
512 600 567 1553605774695 
512 595 590 1553605774711 
512 583 616 1553605774728 
512 573 639 1553605774744 
512 570 644 1553605774760 
512 568 644 1553605774777 
512 566 644 1553605774793 
512 565 644 1553605774810 
512 563 644 1553605774827 
512 562 642 1553605774861 
512 561 640 1553605774878 
512 561 639 1553605774893 
512 560 639 1553605775010 
513 560 639 1553605775045 
512 560 638 1553605775111 
514 560 638 1553605775114 
512 558 637 1553605775127 
512 559 637 1553605775195 
512 560 637 1553605775246 
512 566 636 1553605775262 
512 577 633 1553605775280 
512 587 627 1553605775296 
512 602 617 1553605775313 
512 623 598 1553605775328 
512 637 579 1553605775346 
512 654 544 1553605775362 
512 671 487 1553605775379 
512 677 422 1553605775395 
512 677 363 1553605775413 
512 677 338 1553605775430 
512 676 311 1553605775446 
512 675 291 1553605775463 
512 675 276 1553605775479 
512 675 265 1553605775495 
512 676 254 1553605775513 
512 679 239 1553605775530 
512 681 233 1553605775545 
512 683 225 1553605775561 
512 684 217 1553605775579 
512 686 215 1553605775596 
512 687 214 1553605775696 
512 687 212 1553605775713 
512 687 211 1553605775729 
512 688 211 1553605775746 
513 688 211 1553605775919 
514 688 211 1553605775990 
512 690 211 1553605776029 
512 691 211 1553605776063 
512 692 211 1553605776146 
513 692 211 1553605776226 
514 692 211 1553605776309 
