512 692 213 1553605776346 
512 692 221 1553605776362 
512 695 232 1553605776380 
512 701 245 1553605776396 
512 709 261 1553605776413 
512 716 274 1553605776429 
512 720 283 1553605776447 
512 725 299 1553605776463 
512 728 315 1553605776481 
512 730 339 1553605776497 
512 732 365 1553605776514 
512 738 380 1553605776530 
512 744 390 1553605776547 
512 750 398 1553605776563 
512 762 412 1553605776582 
512 782 440 1553605776598 
512 815 484 1553605776614 
512 845 537 1553605776631 
512 864 590 1553605776647 
512 881 637 1553605776664 
512 885 647 1553605776681 
512 885 652 1553605776697 
512 884 656 1553605776713 
512 883 656 1553605776731 
512 881 657 1553605776747 
512 877 657 1553605776765 
512 874 657 1553605776782 
512 872 658 1553605776798 
512 870 660 1553605776815 
512 870 662 1553605776832 
512 869 662 1553605776864 
512 864 657 1553605776881 
512 855 646 1553605776898 
512 842 635 1553605776914 
512 837 634 1553605776931 
512 836 634 1553605776981 
512 835 634 1553605777015 
513 835 634 1553605777120 
514 835 634 1553605777183 
512 834 634 1553605777214 
512 835 634 1553605777249 
512 836 635 1553605777350 
512 838 637 1553605777366 
512 839 638 1553605777381 
512 840 639 1553605777399 
512 840 640 1553605777483 
513 840 640 1553605777497 
512 841 640 1553605777516 
512 840 640 1553605777574 
514 840 640 1553605777574 
512 838 639 1553605777598 
512 837 638 1553605777615 
512 837 631 1553605777699 
512 830 609 1553605777716 
512 817 577 1553605777734 
512 797 531 1553605777749 
512 780 493 1553605777765 
512 767 467 1553605777784 
512 758 451 1553605777799 
512 751 438 1553605777816 
512 746 432 1553605777833 
512 740 423 1553605777849 
512 732 412 1553605777866 
512 723 397 1553605777883 
512 707 370 1553605777900 
512 689 352 1553605777918 
512 670 339 1553605777934 
512 651 334 1553605777950 
512 630 333 1553605777967 
512 603 332 1553605777984 
512 579 329 1553605778000 
512 572 328 1553605778017 
512 569 328 1553605778033 
512 566 328 1553605778050 
512 559 330 1553605778067 
512 548 330 1553605778084 
512 541 332 1553605778101 
512 539 332 1553605778117 
512 538 332 1553605778151 
512 537 333 1553605778166 
512 529 338 1553605778183 
512 516 346 1553605778200 
512 501 355 1553605778217 
512 491 361 1553605778233 
512 486 364 1553605778250 
512 485 366 1553605778265 
512 484 366 1553605778350 
512 482 367 1553605778451 
512 481 367 1553605778468 
512 478 369 1553605778485 
512 474 372 1553605778503 
512 470 374 1553605778518 
512 469 374 1553605778535 
512 468 374 1553605778551 
513 468 374 1553605778643 
514 468 374 1553605778703 
512 468 375 1553605778734 
512 469 375 1553605778767 
512 472 375 1553605778785 
512 491 376 1553605778801 
512 531 368 1553605778818 
512 592 355 1553605778835 
512 649 340 1553605778851 
512 683 327 1553605778867 
512 701 317 1553605778885 
512 709 310 1553605778902 
512 711 304 1553605778919 
512 714 295 1553605778935 
512 714 286 1553605778951 
512 715 286 1553605778986 
512 715 282 1553605779019 
512 717 275 1553605779035 
512 717 267 1553605779052 
512 717 259 1553605779070 
512 716 249 1553605779087 
512 715 240 1553605779102 
512 715 236 1553605779119 
512 714 233 1553605779135 
512 714 232 1553605779273 
512 714 230 1553605779289 
512 713 226 1553605779303 
512 712 223 1553605779319 
512 711 219 1553605779335 
512 710 216 1553605779353 
512 710 215 1553605779369 
512 710 214 1553605779403 
512 708 214 1553605779738 
512 708 213 1553605779755 
512 707 213 1553605779790 
512 707 212 1553605779823 
512 706 211 1553605779838 
512 705 211 1553605779872 
513 705 211 1553605779988 
514 705 211 1553605780055 
512 705 213 1553605780153 
512 711 217 1553605780171 
512 725 227 1553605780187 
512 747 239 1553605780204 
512 775 255 1553605780220 
512 795 269 1553605780239 
512 812 287 1553605780255 
512 825 304 1553605780272 
512 836 321 1553605780287 
512 853 341 1553605780304 
512 861 349 1553605780321 
512 864 350 1553605780337 
512 866 350 1553605780371 
512 867 350 1553605780405 
512 869 350 1553605780421 
512 870 350 1553605780439 
512 872 350 1553605780454 
512 879 348 1553605780471 
512 884 348 1553605780488 
512 890 348 1553605780504 
512 897 351 1553605780520 
512 902 354 1553605780538 
512 905 356 1553605780555 
512 907 357 1553605780572 
512 909 358 1553605780588 
512 911 359 1553605780606 
512 914 361 1553605780621 
512 914 363 1553605780639 
512 915 366 1553605780656 
512 916 369 1553605780671 
512 916 370 1553605780722 
512 916 373 1553605780738 
512 916 378 1553605780755 
512 916 383 1553605780772 
512 916 385 1553605780789 
512 917 385 1553605780856 
512 918 385 1553605780873 
512 920 385 1553605780891 
512 922 385 1553605780906 
512 923 385 1553605780925 
512 923 383 1553605780975 
512 923 381 1553605780990 
512 923 376 1553605781007 
512 923 374 1553605781023 
513 923 374 1553605781092 
512 922 371 1553605781150 
514 922 371 1553605781150 
512 921 370 1553605781172 
512 918 370 1553605781240 
512 916 371 1553605781256 
512 910 372 1553605781273 
512 900 374 1553605781289 
512 884 376 1553605781306 
512 862 380 1553605781323 
512 835 388 1553605781339 
512 808 399 1553605781357 
512 788 408 1553605781374 
512 772 414 1553605781390 
512 759 418 1553605781406 
512 743 421 1553605781423 
512 707 437 1553605781439 
512 680 457 1553605781457 
512 663 475 1553605781472 
512 650 492 1553605781490 
512 643 503 1553605781506 
512 636 513 1553605781523 
512 620 533 1553605781540 
512 605 564 1553605781558 
512 595 597 1553605781575 
512 589 624 1553605781590 
512 586 644 1553605781607 
512 586 650 1553605781623 
512 585 650 1553605781657 
512 583 650 1553605781741 
512 581 649 1553605781757 
512 580 649 1553605781774 
512 578 647 1553605781791 
512 577 642 1553605781824 
512 576 639 1553605781840 
512 574 639 1553605781907 
512 573 639 1553605781924 
512 572 639 1553605781941 
512 570 639 1553605781958 
512 568 639 1553605781974 
512 566 639 1553605781992 
512 563 639 1553605782007 
512 561 639 1553605782024 
512 560 639 1553605782041 
512 558 639 1553605782058 
512 557 639 1553605782074 
512 556 639 1553605782091 
512 556 640 1553605782183 
513 556 640 1553605782183 
514 556 640 1553605782254 
512 555 640 1553605782307 
512 555 639 1553605782325 
512 558 636 1553605782341 
512 566 619 1553605782357 
512 580 592 1553605782375 
512 613 520 1553605782391 
512 628 485 1553605782407 
512 638 463 1553605782425 
512 648 445 1553605782441 
512 659 431 1553605782458 
512 674 414 1553605782474 
512 692 400 1553605782491 
512 705 395 1553605782508 
512 725 395 1553605782525 
512 763 415 1553605782542 
512 804 454 1553605782557 
512 836 498 1553605782574 
512 854 543 1553605782591 
512 858 562 1553605782608 
512 858 578 1553605782625 
512 855 592 1553605782641 
512 851 601 1553605782659 
512 847 606 1553605782674 
512 845 607 1553605782691 
512 841 608 1553605782709 
512 836 608 1553605782725 
512 833 608 1553605782741 
512 831 608 1553605782759 
512 831 611 1553605782775 
512 830 613 1553605782792 
512 830 614 1553605782808 
512 833 615 1553605782858 
512 838 618 1553605782875 
512 842 620 1553605782891 
512 844 621 1553605782909 
512 844 622 1553605782925 
512 844 625 1553605782976 
512 844 629 1553605782993 
512 844 634 1553605783010 
512 844 636 1553605783026 
512 843 636 1553605783060 
512 843 637 1553605783093 
512 843 638 1553605783144 
512 842 638 1553605783160 
512 841 639 1553605783176 
512 840 639 1553605783210 
513 840 639 1553605783218 
514 840 639 1553605783295 
512 842 637 1553605783360 
512 843 633 1553605783377 
512 843 625 1553605783394 
512 844 610 1553605783410 
512 844 582 1553605783427 
512 839 533 1553605783443 
512 828 475 1553605783462 
512 817 424 1553605783477 
512 815 404 1553605783494 
512 815 399 1553605783509 
512 815 398 1553605783527 
512 821 395 1553605783579 
512 851 387 1553605783594 
512 911 381 1553605783611 
512 950 372 1553605783627 
512 959 371 1553605783644 
512 957 370 1553605783744 
512 956 370 1553605783761 
512 955 370 1553605783778 
512 952 370 1553605783812 
512 947 370 1553605783829 
512 940 371 1553605783845 
512 932 371 1553605783862 
512 923 373 1553605783878 
512 919 375 1553605783896 
512 918 375 1553605783911 
512 916 377 1553605783928 
512 918 376 1553605783998 
512 920 376 1553605784012 
512 922 376 1553605784028 
512 924 376 1553605784045 
513 924 376 1553605784194 
514 924 376 1553605784254 
512 918 377 1553605784295 
512 914 378 1553605784312 
512 910 379 1553605784328 
512 901 380 1553605784344 
512 874 383 1553605784362 
512 828 388 1553605784378 
512 768 396 1553605784395 
512 723 398 1553605784412 
512 700 401 1553605784428 
512 695 401 1553605784445 
512 694 401 1553605784461 
512 693 401 1553605784478 
512 676 398 1553605784495 
512 646 395 1553605784511 
512 612 393 1553605784528 
512 584 393 1553605784545 
512 567 393 1553605784562 
512 555 393 1553605784579 
512 543 393 1553605784596 
512 533 393 1553605784612 
512 527 393 1553605784629 
512 526 393 1553605784645 
512 525 393 1553605784679 
512 524 393 1553605784695 
512 521 393 1553605784712 
512 518 391 1553605784729 
512 509 386 1553605784746 
512 493 379 1553605784762 
512 481 373 1553605784779 
512 478 372 1553605784796 
512 477 371 1553605784847 
512 475 371 1553605784863 
512 472 371 1553605784879 
513 472 371 1553605785039 
512 470 371 1553605785095 
514 470 371 1553605785095 
512 469 372 1553605785113 
512 469 373 1553605785146 
512 470 373 1553605785163 
512 471 374 1553605785180 
512 474 375 1553605785197 
512 485 379 1553605785214 
512 506 383 1553605785231 
512 530 385 1553605785247 
512 536 385 1553605785263 
512 541 387 1553605785280 
512 547 389 1553605785296 
512 554 393 1553605785315 
512 559 403 1553605785331 
512 563 423 1553605785348 
512 564 455 1553605785364 
512 560 505 1553605785382 
512 559 542 1553605785398 
512 559 567 1553605785415 
512 559 584 1553605785431 
512 558 600 1553605785448 
512 556 608 1553605785464 
512 556 614 1553605785481 
512 554 620 1553605785498 
512 553 625 1553605785514 
512 553 630 1553605785531 
512 552 635 1553605785548 
512 552 639 1553605785564 
512 552 640 1553605785581 
512 553 640 1553605785734 
512 554 640 1553605785749 
513 554 640 1553605785792 
512 553 640 1553605785866 
514 553 640 1553605785888 
512 553 639 1553605785915 
512 553 638 1553605785982 
512 553 637 1553605785999 
512 555 632 1553605786015 
512 557 614 1553605786032 
512 564 594 1553605786049 
512 577 575 1553605786066 
512 603 556 1553605786082 
512 627 536 1553605786098 
512 640 521 1553605786116 
512 642 508 1553605786133 
512 644 489 1553605786150 
512 644 469 1553605786166 
512 644 441 1553605786183 
512 651 399 1553605786200 
512 671 318 1553605786216 
512 683 281 1553605786232 
512 692 264 1553605786249 
512 696 255 1553605786266 
512 698 251 1553605786282 
512 699 247 1553605786300 
512 703 241 1553605786315 
512 706 233 1553605786336 
512 709 226 1553605786350 
512 711 222 1553605786367 
512 712 218 1553605786384 
512 714 213 1553605786400 
512 715 210 1553605786417 
512 715 207 1553605786432 
512 715 204 1553605786450 
512 713 204 1553605786570 
512 711 204 1553605786587 
512 709 205 1553605786601 
512 708 205 1553605786669 
512 707 205 1553605786685 
512 705 206 1553605786703 
512 703 206 1553605786718 
512 701 207 1553605786734 
513 701 207 1553605786848 
514 701 207 1553605786918 
