512 696 217 1553605643438 
512 694 241 1553605643455 
512 712 281 1553605643472 
512 804 364 1553605643488 
512 871 416 1553605643505 
512 912 471 1553605643521 
512 932 524 1553605643538 
512 937 568 1553605643555 
512 936 600 1553605643572 
512 929 617 1553605643589 
512 925 620 1553605643605 
512 923 620 1553605643623 
512 921 620 1553605643639 
512 920 620 1553605643656 
512 918 620 1553605643672 
512 913 622 1553605643688 
512 906 625 1553605643705 
512 901 625 1553605643720 
512 899 630 1553605643776 
512 893 638 1553605643789 
512 884 644 1553605643805 
512 877 650 1553605643823 
512 877 648 1553605643889 
512 877 646 1553605643922 
512 874 645 1553605643954 
512 869 645 1553605643974 
512 863 646 1553605643990 
512 858 643 1553605644007 
512 854 640 1553605644023 
512 853 639 1553605644040 
512 852 639 1553605644090 
512 851 639 1553605644106 
512 849 639 1553605644124 
512 847 639 1553605644140 
512 846 639 1553605644156 
512 845 639 1553605644240 
512 844 639 1553605644257 
512 843 639 1553605644273 
512 842 639 1553605644305 
513 842 639 1553605644308 
514 842 639 1553605644365 
512 844 636 1553605644491 
512 843 622 1553605644508 
512 838 599 1553605644524 
512 829 560 1553605644541 
512 819 520 1553605644558 
512 812 471 1553605644574 
512 806 430 1553605644592 
512 791 403 1553605644608 
512 748 383 1553605644624 
512 703 381 1553605644641 
512 648 390 1553605644657 
512 603 402 1553605644674 
512 579 403 1553605644690 
512 567 400 1553605644706 
512 562 395 1553605644723 
512 562 394 1553605644742 
512 561 392 1553605644757 
512 560 388 1553605644808 
512 552 380 1553605644824 
512 544 372 1553605644841 
512 542 370 1553605644858 
512 541 370 1553605644874 
512 537 370 1553605644907 
512 527 370 1553605644926 
512 510 370 1553605644943 
512 492 370 1553605644958 
512 480 370 1553605644975 
512 476 370 1553605644991 
512 474 370 1553605645075 
512 469 374 1553605645092 
512 462 377 1553605645109 
512 460 378 1553605645125 
512 459 378 1553605645142 
512 459 377 1553605645191 
513 459 377 1553605645242 
514 459 377 1553605645333 
512 465 374 1553605645391 
512 468 373 1553605645409 
512 469 372 1553605645425 
513 469 372 1553605645574 
514 469 372 1553605645647 
512 470 372 1553605645726 
512 472 373 1553605645743 
512 484 377 1553605645761 
512 521 384 1553605645777 
512 535 386 1553605645792 
512 548 392 1553605645809 
512 559 401 1553605645826 
512 574 418 1553605645843 
512 596 440 1553605645860 
512 622 459 1553605645877 
512 632 462 1553605645894 
512 634 445 1553605645911 
512 628 410 1553605645928 
512 612 362 1553605645944 
512 598 335 1553605645959 
512 593 298 1553605645977 
512 598 280 1553605645994 
512 603 268 1553605646009 
512 605 263 1553605646027 
512 606 261 1553605646043 
512 607 260 1553605646059 
512 608 258 1553605646076 
512 610 257 1553605646093 
512 613 256 1553605646110 
512 616 254 1553605646126 
512 621 251 1553605646143 
512 638 244 1553605646161 
512 665 234 1553605646176 
512 703 223 1553605646193 
512 727 216 1553605646210 
512 732 214 1553605646227 
512 730 213 1553605646345 
512 725 212 1553605646361 
512 719 212 1553605646378 
512 716 213 1553605646393 
512 714 213 1553605646411 
512 713 213 1553605646446 
512 711 213 1553605646462 
512 710 213 1553605646478 
512 709 213 1553605646494 
512 708 213 1553605646612 
512 706 212 1553605646629 
512 705 212 1553605646645 
512 705 211 1553605646662 
513 705 211 1553605646769 
514 705 211 1553605646846 
512 705 212 1553605646978 
512 710 216 1553605646995 
512 720 223 1553605647012 
512 733 233 1553605647029 
512 749 247 1553605647045 
512 770 268 1553605647063 
512 797 300 1553605647078 
512 828 334 1553605647095 
512 870 358 1553605647112 
512 880 359 1553605647128 
512 883 359 1553605647144 
512 885 360 1553605647179 
512 888 362 1553605647195 
512 889 362 1553605647228 
512 892 361 1553605647279 
512 893 358 1553605647295 
512 895 358 1553605647312 
512 898 360 1553605647329 
512 902 363 1553605647346 
512 906 367 1553605647362 
512 910 368 1553605647379 
512 911 368 1553605647396 
512 912 368 1553605647446 
512 914 368 1553605647462 
512 915 369 1553605647477 
512 916 369 1553605647496 
512 917 369 1553605647546 
512 919 370 1553605647563 
512 920 371 1553605647579 
512 922 373 1553605647596 
512 923 373 1553605647613 
512 923 374 1553605647697 
513 923 374 1553605647789 
514 923 374 1553605647838 
512 922 375 1553605647880 
512 921 375 1553605647896 
512 920 375 1553605647914 
512 918 375 1553605647947 
512 914 374 1553605647963 
512 903 373 1553605647981 
512 891 371 1553605647998 
512 879 371 1553605648014 
512 868 371 1553605648031 
512 857 371 1553605648047 
512 834 371 1553605648064 
512 807 366 1553605648080 
512 764 358 1553605648097 
512 723 358 1553605648113 
512 699 367 1553605648130 
512 686 378 1553605648147 
512 678 394 1553605648164 
512 670 415 1553605648181 
512 665 439 1553605648197 
512 658 478 1553605648214 
512 650 535 1553605648231 
512 640 580 1553605648247 
512 632 607 1553605648264 
512 630 612 1553605648281 
512 628 614 1553605648296 
512 627 615 1553605648314 
512 623 619 1553605648331 
512 613 624 1553605648347 
512 602 631 1553605648364 
512 591 638 1553605648381 
512 585 640 1553605648398 
512 583 640 1553605648415 
512 582 640 1553605648432 
512 579 640 1553605648448 
512 574 641 1553605648465 
512 568 643 1553605648481 
512 564 645 1553605648498 
512 562 646 1553605648514 
512 561 645 1553605648548 
512 560 640 1553605648566 
512 560 638 1553605648581 
513 560 638 1553605648728 
514 560 638 1553605648800 
512 559 638 1553605648831 
512 567 631 1553605648951 
512 589 606 1553605648967 
512 622 564 1553605648983 
512 664 516 1553605649001 
512 712 470 1553605649016 
512 735 458 1553605649033 
512 755 455 1553605649048 
512 773 458 1553605649066 
512 788 470 1553605649083 
512 801 492 1553605649099 
512 813 516 1553605649117 
512 826 545 1553605649134 
512 835 569 1553605649150 
512 839 580 1553605649167 
512 839 585 1553605649183 
512 838 586 1553605649201 
512 835 587 1553605649217 
512 832 588 1553605649233 
512 825 593 1553605649249 
512 819 599 1553605649267 
512 816 606 1553605649283 
512 815 607 1553605649300 
512 817 609 1553605649368 
512 822 612 1553605649384 
512 829 620 1553605649400 
512 832 624 1553605649416 
512 834 629 1553605649434 
512 836 632 1553605649450 
512 837 636 1553605649467 
512 838 639 1553605649483 
512 838 641 1553605649500 
512 838 642 1553605649515 
512 839 642 1553605649600 
512 839 643 1553605649708 
513 839 643 1553605649708 
514 839 643 1553605649768 
512 838 643 1553605649901 
512 838 642 1553605649935 
512 836 639 1553605649952 
512 834 634 1553605649968 
512 830 616 1553605649984 
512 830 597 1553605650001 
512 833 577 1553605650018 
512 847 548 1553605650034 
512 868 511 1553605650051 
512 888 465 1553605650068 
512 905 425 1553605650085 
512 917 398 1553605650101 
512 928 382 1553605650118 
512 933 377 1553605650134 
512 936 375 1553605650152 
512 939 370 1553605650168 
512 940 365 1553605650185 
512 942 361 1553605650201 
512 945 355 1553605650218 
512 949 350 1553605650235 
512 956 344 1553605650253 
512 959 341 1553605650269 
512 959 340 1553605650285 
512 957 340 1553605650336 
512 946 348 1553605650352 
512 934 360 1553605650368 
512 928 372 1553605650385 
512 928 376 1553605650401 
512 928 378 1553605650419 
512 928 379 1553605650435 
512 926 379 1553605650536 
513 926 379 1553605650628 
514 926 379 1553605650693 
512 925 379 1553605650735 
512 924 379 1553605650751 
512 918 379 1553605650785 
512 900 379 1553605650802 
512 872 379 1553605650819 
512 833 383 1553605650836 
512 802 393 1553605650852 
512 780 398 1553605650869 
512 768 399 1553605650886 
512 759 399 1553605650902 
512 741 394 1553605650919 
512 696 388 1553605650935 
512 670 388 1553605650952 
512 651 391 1553605650969 
512 641 393 1553605650986 
512 628 397 1553605651002 
512 604 399 1553605651019 
512 566 399 1553605651036 
512 529 396 1553605651054 
512 499 388 1553605651070 
512 492 385 1553605651087 
512 492 384 1553605651103 
512 481 383 1553605651322 
512 472 380 1553605651338 
512 467 379 1553605651353 
512 467 378 1553605651369 
512 466 378 1553605651388 
512 466 377 1553605651404 
513 466 377 1553605651579 
514 466 377 1553605651640 
512 470 378 1553605651774 
512 475 380 1553605651791 
512 481 380 1553605651804 
512 494 380 1553605651819 
512 518 380 1553605651838 
512 550 383 1553605651853 
512 587 393 1553605651872 
512 614 407 1553605651887 
512 636 436 1553605651905 
512 640 457 1553605651921 
512 644 489 1553605651937 
512 644 523 1553605651954 
512 643 557 1553605651972 
512 637 581 1553605651988 
512 630 596 1553605652006 
512 624 601 1553605652022 
512 620 604 1553605652038 
512 615 606 1553605652054 
512 611 608 1553605652072 
512 607 611 1553605652088 
512 602 611 1553605652105 
512 593 611 1553605652122 
512 575 609 1553605652139 
512 558 610 1553605652155 
512 552 614 1553605652172 
512 551 618 1553605652190 
512 549 624 1553605652206 
512 549 626 1553605652223 
512 548 627 1553605652239 
512 549 627 1553605652322 
512 550 628 1553605652339 
512 550 630 1553605652355 
512 552 633 1553605652371 
512 556 638 1553605652389 
512 558 642 1553605652405 
512 561 645 1553605652423 
512 561 648 1553605652438 
512 562 650 1553605652455 
512 562 651 1553605652472 
512 561 652 1553605652488 
512 559 652 1553605652505 
512 557 652 1553605652522 
513 557 652 1553605652594 
514 557 652 1553605652686 
512 557 651 1553605652791 
512 557 650 1553605652842 
512 558 649 1553605652876 
512 559 644 1553605652891 
512 563 635 1553605652907 
512 568 618 1553605652923 
512 575 596 1553605652940 
512 582 565 1553605652958 
512 591 520 1553605652974 
512 603 471 1553605652990 
512 623 411 1553605653005 
512 646 355 1553605653023 
512 677 291 1553605653039 
512 687 269 1553605653056 
512 692 257 1553605653073 
512 693 251 1553605653090 
512 695 250 1553605653107 
512 696 246 1553605653123 
512 702 238 1553605653140 
512 711 226 1553605653156 
512 718 216 1553605653173 
512 720 213 1553605653190 
512 720 212 1553605653208 
512 720 211 1553605653307 
512 720 209 1553605653325 
512 718 209 1553605653375 
512 715 212 1553605653393 
512 709 218 1553605653407 
512 706 221 1553605653424 
512 705 221 1553605653441 
512 705 218 1553605653491 
512 705 216 1553605653508 
512 705 215 1553605653525 
512 705 213 1553605653575 
512 705 212 1553605653591 
512 705 211 1553605653608 
513 705 211 1553605653732 
514 705 211 1553605653790 
