512 702 213 1550181765943 
512 702 216 1550181765960 
512 705 221 1550181765977 
512 714 244 1550181765993 
512 725 268 1550181766010 
512 745 306 1550181766027 
512 768 349 1550181766043 
512 786 393 1550181766059 
512 802 434 1550181766076 
512 818 487 1550181766093 
512 819 517 1550181766110 
512 822 549 1550181766127 
512 832 587 1550181766143 
512 842 620 1550181766160 
512 849 641 1550181766176 
512 857 660 1550181766193 
512 858 666 1550181766210 
512 859 671 1550181766227 
512 860 676 1550181766243 
512 862 682 1550181766260 
512 862 688 1550181766276 
512 864 690 1550181766294 
512 865 690 1550181766309 
512 865 691 1550181766343 
512 866 691 1550181766376 
512 864 686 1550181766394 
512 858 680 1550181766410 
512 852 672 1550181766427 
512 846 666 1550181766443 
512 842 658 1550181766460 
512 838 653 1550181766477 
512 836 649 1550181766493 
512 834 646 1550181766509 
512 834 646 1550181766527 
512 834 645 1550181766544 
513 834 645 1550181766733 
514 834 645 1550181766865 
512 834 644 1550181766943 
512 834 640 1550181766960 
512 834 632 1550181766976 
512 833 619 1550181766993 
512 823 593 1550181767010 
512 812 554 1550181767027 
512 790 496 1550181767043 
512 780 474 1550181767060 
512 739 406 1550181767077 
512 726 385 1550181767093 
512 714 370 1550181767110 
512 697 359 1550181767126 
512 670 345 1550181767143 
512 646 338 1550181767159 
512 617 334 1550181767177 
512 580 330 1550181767194 
512 539 328 1550181767210 
512 497 326 1550181767226 
512 463 324 1550181767243 
512 457 323 1550181767260 
512 456 323 1550181767276 
512 455 323 1550181767377 
512 455 333 1550181767393 
512 456 340 1550181767410 
512 458 348 1550181767426 
512 460 356 1550181767443 
512 462 362 1550181767459 
512 462 370 1550181767476 
512 464 374 1550181767493 
512 465 379 1550181767510 
512 466 382 1550181767527 
512 466 384 1550181767543 
512 466 385 1550181767560 
512 467 383 1550181767793 
512 467 381 1550181767809 
512 468 380 1550181767827 
512 468 378 1550181767843 
512 468 378 1550181767859 
512 468 376 1550181767876 
513 468 376 1550181768039 
514 468 376 1550181768163 
512 469 376 1550181768209 
512 470 376 1550181768226 
512 487 382 1550181768243 
512 513 385 1550181768260 
512 538 386 1550181768277 
512 549 387 1550181768293 
512 586 397 1550181768309 
512 592 401 1550181768327 
512 599 405 1550181768343 
512 606 406 1550181768360 
512 610 409 1550181768377 
512 611 410 1550181768393 
512 613 413 1550181768410 
512 616 414 1550181768426 
512 620 414 1550181768443 
512 626 413 1550181768460 
512 636 404 1550181768476 
512 649 388 1550181768494 
512 672 354 1550181768510 
512 710 292 1550181768526 
512 717 273 1550181768543 
512 718 269 1550181768560 
512 715 259 1550181768576 
512 710 252 1550181768593 
512 702 242 1550181768610 
512 699 228 1550181768627 
512 698 222 1550181768643 
512 696 217 1550181768660 
512 695 212 1550181768676 
512 694 210 1550181768693 
512 694 208 1550181768710 
512 694 206 1550181768810 
512 695 206 1550181768893 
512 696 206 1550181768910 
512 698 207 1550181768927 
513 698 207 1550181769090 
514 698 207 1550181769189 
512 699 215 1550181769260 
512 701 227 1550181769276 
512 705 242 1550181769293 
512 710 258 1550181769310 
512 717 275 1550181769326 
512 723 291 1550181769343 
512 733 317 1550181769359 
512 736 335 1550181769377 
512 738 354 1550181769394 
512 742 374 1550181769410 
512 747 392 1550181769427 
512 753 404 1550181769443 
512 761 412 1550181769460 
512 782 419 1550181769476 
512 802 419 1550181769494 
512 814 418 1550181769510 
512 866 405 1550181769526 
512 893 398 1550181769543 
512 908 394 1550181769560 
512 911 394 1550181769576 
512 911 393 1550181769627 
512 912 392 1550181769643 
512 912 390 1550181769660 
512 913 390 1550181769677 
512 914 388 1550181769694 
512 917 387 1550181769710 
512 921 385 1550181769727 
512 926 383 1550181769743 
512 927 382 1550181769759 
512 929 381 1550181769777 
512 932 379 1550181769793 
512 936 378 1550181769810 
512 937 378 1550181769826 
512 938 378 1550181769843 
512 934 378 1550181770026 
512 930 377 1550181770043 
512 928 376 1550181770060 
512 926 374 1550181770077 
512 926 374 1550181770110 
512 926 374 1550181770176 
513 926 374 1550181770217 
514 926 374 1550181770341 
512 924 374 1550181770376 
512 923 374 1550181770393 
512 916 380 1550181770410 
512 900 392 1550181770426 
512 892 399 1550181770442 
512 882 409 1550181770459 
512 867 420 1550181770477 
512 850 431 1550181770493 
512 832 442 1550181770510 
512 817 453 1550181770526 
512 801 465 1550181770542 
512 794 471 1550181770559 
512 787 478 1550181770576 
512 779 489 1550181770593 
512 768 499 1550181770609 
512 753 511 1550181770626 
512 711 534 1550181770643 
512 676 556 1550181770660 
512 645 571 1550181770676 
512 626 583 1550181770692 
512 613 593 1550181770710 
512 606 600 1550181770726 
512 598 608 1550181770743 
512 590 618 1550181770759 
512 586 621 1550181770776 
512 586 622 1550181770792 
512 584 623 1550181770810 
512 583 625 1550181770827 
512 582 626 1550181770843 
512 581 627 1550181770859 
512 580 627 1550181770876 
512 579 628 1550181770893 
512 578 630 1550181770909 
512 577 630 1550181770927 
512 573 633 1550181770944 
512 566 635 1550181770961 
512 565 636 1550181770977 
512 564 637 1550181770994 
512 563 638 1550181771043 
512 562 638 1550181771060 
512 561 641 1550181771077 
512 559 641 1550181771093 
513 559 641 1550181771275 
514 559 641 1550181771368 
512 570 634 1550181771460 
512 589 623 1550181771476 
512 598 617 1550181771493 
512 620 598 1550181771510 
512 633 586 1550181771526 
512 644 568 1550181771543 
512 655 545 1550181771560 
512 663 530 1550181771576 
512 666 522 1550181771593 
512 666 520 1550181771609 
512 668 518 1550181771627 
512 669 517 1550181771643 
512 673 517 1550181771660 
512 680 520 1550181771677 
512 693 535 1550181771693 
512 707 550 1550181771710 
512 731 570 1550181771726 
512 750 583 1550181771743 
512 768 596 1550181771760 
512 780 606 1550181771777 
512 790 618 1550181771793 
512 793 622 1550181771810 
512 797 627 1550181771826 
512 802 631 1550181771843 
512 806 635 1550181771860 
512 811 638 1550181771877 
512 816 640 1550181771893 
512 819 642 1550181771909 
512 822 642 1550181771926 
512 823 642 1550181771943 
512 825 642 1550181771960 
512 826 642 1550181771977 
512 827 640 1550181771993 
512 829 638 1550181772010 
512 831 638 1550181772026 
512 832 636 1550181772043 
512 834 635 1550181772060 
512 835 634 1550181772077 
512 837 633 1550181772093 
512 838 633 1550181772110 
512 838 633 1550181772126 
512 839 633 1550181772177 
512 841 634 1550181772193 
512 842 634 1550181772210 
512 843 635 1550181772226 
512 843 636 1550181772243 
512 844 637 1550181772260 
512 844 638 1550181772293 
513 844 638 1550181772504 
514 844 638 1550181772597 
512 844 638 1550181772693 
512 844 636 1550181772710 
512 843 632 1550181772726 
512 840 625 1550181772743 
512 838 618 1550181772759 
512 837 610 1550181772777 
512 834 597 1550181772793 
512 828 581 1550181772810 
512 820 567 1550181772827 
512 818 561 1550181772843 
512 818 558 1550181772859 
512 823 552 1550181772876 
512 834 541 1550181772893 
512 854 521 1550181772910 
512 870 502 1550181772926 
512 898 470 1550181772943 
512 914 452 1550181772960 
512 926 441 1550181772976 
512 932 431 1550181772993 
512 934 425 1550181773010 
512 935 419 1550181773026 
512 937 414 1550181773043 
512 938 410 1550181773060 
512 938 408 1550181773076 
512 938 406 1550181773093 
512 938 404 1550181773110 
512 938 402 1550181773127 
512 938 402 1550181773143 
512 938 399 1550181773159 
512 938 399 1550181773176 
512 938 398 1550181773227 
512 937 398 1550181773243 
512 936 395 1550181773260 
512 934 393 1550181773277 
512 933 390 1550181773293 
512 933 389 1550181773310 
512 932 387 1550181773327 
512 931 386 1550181773343 
512 930 384 1550181773360 
512 930 382 1550181773376 
512 930 381 1550181773393 
512 929 378 1550181773410 
512 928 378 1550181773426 
512 927 376 1550181773443 
513 927 376 1550181773515 
514 927 376 1550181773639 
512 927 375 1550181773677 
512 926 375 1550181773693 
512 918 376 1550181773710 
512 914 378 1550181773727 
512 913 378 1550181773743 
512 907 382 1550181773760 
512 896 390 1550181773776 
512 879 401 1550181773793 
512 873 406 1550181773809 
512 850 426 1550181773826 
512 838 438 1550181773843 
512 822 450 1550181773860 
512 810 459 1550181773876 
512 794 467 1550181773893 
512 766 478 1550181773909 
512 743 479 1550181773927 
512 719 479 1550181773942 
512 693 478 1550181773960 
512 666 472 1550181773977 
512 638 464 1550181773993 
512 591 452 1550181774009 
512 546 437 1550181774026 
512 505 421 1550181774043 
512 474 410 1550181774060 
512 450 400 1550181774076 
512 442 394 1550181774093 
512 426 378 1550181774110 
512 424 375 1550181774143 
512 425 375 1550181774243 
512 432 378 1550181774259 
512 443 380 1550181774276 
512 454 381 1550181774294 
512 463 382 1550181774310 
512 470 382 1550181774326 
512 471 382 1550181774343 
512 471 380 1550181774560 
512 471 378 1550181774576 
512 470 377 1550181774593 
512 470 376 1550181774610 
513 470 376 1550181774682 
514 470 376 1550181774776 
512 475 378 1550181774810 
512 482 381 1550181774827 
512 491 386 1550181774843 
512 516 400 1550181774860 
512 542 414 1550181774876 
512 578 428 1550181774893 
512 614 445 1550181774910 
512 652 466 1550181774927 
512 706 505 1550181774943 
512 734 526 1550181774960 
512 758 537 1550181774977 
512 776 545 1550181774993 
512 786 548 1550181775009 
512 788 549 1550181775027 
512 786 550 1550181775076 
512 772 554 1550181775093 
512 751 562 1550181775109 
512 724 573 1550181775127 
512 687 586 1550181775143 
512 638 601 1550181775160 
512 621 607 1550181775176 
512 570 625 1550181775193 
512 561 628 1550181775210 
512 558 630 1550181775226 
512 556 630 1550181775243 
512 555 630 1550181775259 
512 554 631 1550181775393 
512 554 632 1550181775410 
512 553 634 1550181775427 
512 553 635 1550181775460 
512 553 636 1550181775543 
512 553 638 1550181775576 
512 553 638 1550181775593 
512 554 640 1550181775743 
512 554 641 1550181775760 
513 554 641 1550181775858 
514 554 641 1550181775933 
512 556 641 1550181775993 
512 581 632 1550181776010 
512 594 630 1550181776027 
512 608 627 1550181776043 
512 622 620 1550181776060 
512 630 614 1550181776077 
512 643 605 1550181776093 
512 665 589 1550181776110 
512 714 544 1550181776126 
512 742 517 1550181776143 
512 755 499 1550181776160 
512 758 489 1550181776176 
512 758 479 1550181776193 
512 758 463 1550181776210 
512 757 432 1550181776227 
512 755 410 1550181776243 
512 751 390 1550181776259 
512 748 381 1550181776276 
512 731 340 1550181776293 
512 724 321 1550181776310 
512 717 300 1550181776326 
512 713 276 1550181776343 
512 710 261 1550181776359 
512 709 250 1550181776377 
512 707 243 1550181776393 
512 706 237 1550181776410 
512 705 230 1550181776427 
512 705 223 1550181776443 
512 705 218 1550181776459 
512 705 214 1550181776477 
512 705 211 1550181776493 
512 705 209 1550181776510 
512 704 206 1550181776526 
512 702 199 1550181776543 
512 702 195 1550181776560 
512 701 193 1550181776577 
512 700 191 1550181776593 
512 700 192 1550181776776 
512 701 196 1550181776793 
512 702 201 1550181776809 
512 704 205 1550181776826 
512 704 210 1550181776843 
512 704 210 1550181776859 
512 704 211 1550181776877 
512 704 212 1550181776893 
512 703 212 1550181776960 
513 703 212 1550181777047 
514 703 212 1550181777146 
