512 718 218 1550181822725 
512 729 227 1550181822742 
512 738 241 1550181822758 
512 746 262 1550181822776 
512 754 289 1550181822791 
512 766 333 1550181822808 
512 771 367 1550181822825 
512 777 402 1550181822842 
512 778 436 1550181822858 
512 779 463 1550181822875 
512 790 501 1550181822892 
512 802 525 1550181822908 
512 814 544 1550181822925 
512 822 558 1550181822942 
512 827 573 1550181822958 
512 828 578 1550181822975 
512 831 597 1550181822992 
512 832 609 1550181823008 
512 834 615 1550181823025 
512 835 622 1550181823041 
512 835 627 1550181823058 
512 835 634 1550181823075 
512 836 639 1550181823092 
512 837 646 1550181823108 
512 837 647 1550181823125 
512 837 649 1550181823142 
513 837 649 1550181823386 
514 837 649 1550181823512 
512 837 648 1550181823625 
512 837 643 1550181823642 
512 835 631 1550181823658 
512 832 611 1550181823675 
512 830 581 1550181823692 
512 822 541 1550181823709 
512 814 503 1550181823725 
512 800 462 1550181823742 
512 774 413 1550181823758 
512 754 386 1550181823775 
512 722 359 1550181823791 
512 669 326 1550181823808 
512 621 310 1550181823826 
512 540 303 1550181823842 
512 499 306 1550181823858 
512 478 306 1550181823875 
512 475 307 1550181823891 
512 472 309 1550181823908 
512 470 310 1550181823942 
512 470 311 1550181823959 
512 468 312 1550181823975 
512 467 315 1550181823992 
512 466 318 1550181824008 
512 466 322 1550181824025 
512 466 326 1550181824042 
512 469 335 1550181824059 
512 473 346 1550181824075 
512 477 358 1550181824092 
512 479 368 1550181824109 
512 480 375 1550181824125 
512 480 380 1550181824142 
512 480 382 1550181824159 
512 480 382 1550181824175 
512 478 379 1550181824309 
512 475 374 1550181824325 
512 474 371 1550181824342 
512 473 370 1550181824358 
512 473 369 1550181824375 
513 473 369 1550181824479 
514 473 369 1550181824592 
512 474 369 1550181824609 
512 477 370 1550181824626 
512 480 372 1550181824642 
512 484 373 1550181824658 
512 492 373 1550181824675 
512 529 365 1550181824692 
512 566 349 1550181824708 
512 627 325 1550181824726 
512 688 297 1550181824742 
512 729 273 1550181824758 
512 749 252 1550181824776 
512 761 227 1550181824792 
512 762 223 1550181824809 
512 762 209 1550181824825 
512 763 202 1550181824842 
512 764 195 1550181824859 
512 766 189 1550181824876 
512 771 181 1550181824892 
512 772 178 1550181824908 
512 773 177 1550181824925 
512 773 175 1550181824942 
512 772 174 1550181824975 
512 770 174 1550181824992 
512 760 179 1550181825008 
512 743 186 1550181825025 
512 728 191 1550181825042 
512 717 196 1550181825058 
512 708 201 1550181825075 
512 706 202 1550181825092 
512 705 202 1550181825109 
512 704 204 1550181825125 
512 701 209 1550181825142 
512 700 210 1550181825159 
513 700 210 1550181825335 
514 700 210 1550181825434 
512 706 213 1550181825475 
512 713 222 1550181825492 
512 723 234 1550181825509 
512 729 242 1550181825526 
512 758 294 1550181825542 
512 767 325 1550181825558 
512 773 350 1550181825575 
512 777 371 1550181825592 
512 780 390 1550181825609 
512 786 410 1550181825625 
512 793 434 1550181825642 
512 795 447 1550181825658 
512 798 458 1550181825675 
512 803 467 1550181825692 
512 808 472 1550181825709 
512 815 478 1550181825725 
512 837 482 1550181825742 
512 858 478 1550181825758 
512 884 467 1550181825775 
512 907 451 1550181825792 
512 920 438 1550181825808 
512 926 429 1550181825825 
512 927 422 1550181825842 
512 926 416 1550181825858 
512 925 410 1550181825875 
512 924 406 1550181825892 
512 923 400 1550181825909 
512 923 396 1550181825925 
512 923 391 1550181825942 
512 923 386 1550181825959 
512 923 382 1550181825975 
512 924 382 1550181825992 
512 925 380 1550181826075 
512 925 379 1550181826092 
512 926 378 1550181826109 
512 926 378 1550181826125 
513 926 378 1550181826222 
514 926 378 1550181826322 
512 922 380 1550181826375 
512 906 389 1550181826392 
512 874 406 1550181826408 
512 855 418 1550181826425 
512 833 432 1550181826442 
512 810 448 1550181826459 
512 778 463 1550181826475 
512 724 490 1550181826492 
512 688 511 1550181826508 
512 658 530 1550181826526 
512 638 543 1550181826542 
512 622 554 1550181826559 
512 614 564 1550181826576 
512 606 574 1550181826592 
512 605 578 1550181826608 
512 604 581 1550181826625 
512 602 585 1550181826642 
512 600 587 1550181826659 
512 597 596 1550181826675 
512 594 603 1550181826692 
512 592 607 1550181826708 
512 592 611 1550181826725 
512 592 614 1550181826742 
512 592 616 1550181826759 
512 592 618 1550181826776 
512 590 622 1550181826792 
512 590 622 1550181826808 
512 588 624 1550181826825 
512 586 624 1550181826842 
512 586 626 1550181826858 
512 584 626 1550181826876 
512 583 628 1550181826892 
512 580 630 1550181826909 
512 576 633 1550181826925 
512 574 634 1550181826942 
512 572 634 1550181826959 
512 569 637 1550181826975 
512 568 638 1550181826992 
512 567 638 1550181827009 
512 566 640 1550181827025 
512 565 641 1550181827042 
513 565 641 1550181827218 
514 565 641 1550181827312 
512 565 637 1550181827358 
512 568 632 1550181827375 
512 574 625 1550181827391 
512 591 612 1550181827408 
512 610 595 1550181827425 
512 647 566 1550181827442 
512 666 547 1550181827459 
512 681 529 1550181827475 
512 694 511 1550181827492 
512 712 484 1550181827509 
512 734 454 1550181827525 
512 754 423 1550181827541 
512 763 414 1550181827558 
512 770 410 1550181827575 
512 773 408 1550181827592 
512 774 407 1550181827608 
512 786 410 1550181827625 
512 818 424 1550181827642 
512 846 446 1550181827658 
512 878 489 1550181827675 
512 894 525 1550181827692 
512 897 555 1550181827709 
512 895 582 1550181827725 
512 891 602 1550181827741 
512 881 630 1550181827758 
512 874 640 1550181827775 
512 870 646 1550181827791 
512 869 647 1550181827808 
512 868 647 1550181827892 
512 858 646 1550181827909 
512 853 647 1550181827926 
512 850 648 1550181827942 
512 849 648 1550181827959 
512 846 647 1550181827992 
512 845 646 1550181828008 
512 843 645 1550181828025 
512 842 644 1550181828042 
512 841 643 1550181828059 
512 841 642 1550181828109 
512 840 642 1550181828175 
513 840 642 1550181828189 
514 840 642 1550181828292 
512 840 642 1550181828341 
512 840 641 1550181828359 
512 840 638 1550181828375 
512 845 625 1550181828392 
512 848 610 1550181828408 
512 850 593 1550181828426 
512 857 566 1550181828442 
512 861 536 1550181828459 
512 862 507 1550181828475 
512 864 478 1550181828491 
512 871 435 1550181828508 
512 880 406 1550181828525 
512 890 385 1550181828542 
512 900 371 1550181828558 
512 906 366 1550181828575 
512 909 365 1550181828592 
512 911 364 1550181828608 
512 912 364 1550181828708 
512 913 363 1550181828725 
512 914 363 1550181828742 
512 914 363 1550181828759 
512 918 369 1550181828826 
512 921 373 1550181828842 
512 923 376 1550181828858 
512 923 377 1550181828875 
513 923 377 1550181829065 
514 923 377 1550181829172 
512 917 378 1550181829226 
512 895 384 1550181829242 
512 877 388 1550181829259 
512 854 394 1550181829275 
512 826 402 1550181829291 
512 799 411 1550181829309 
512 770 418 1550181829325 
512 717 429 1550181829342 
512 687 434 1550181829359 
512 658 439 1550181829375 
512 629 449 1550181829391 
512 606 454 1550181829408 
512 596 454 1550181829426 
512 565 444 1550181829442 
512 538 431 1550181829458 
512 520 422 1550181829475 
512 506 414 1550181829491 
512 502 408 1550181829508 
512 498 404 1550181829525 
512 498 402 1550181829541 
512 496 401 1550181829558 
512 489 395 1550181829699 
512 486 394 1550181829708 
512 486 393 1550181829725 
512 484 390 1550181829742 
512 483 389 1550181829758 
512 480 385 1550181829776 
512 478 381 1550181829792 
512 476 378 1550181829808 
512 474 375 1550181829825 
512 473 374 1550181829841 
512 473 374 1550181829858 
513 473 374 1550181829990 
514 473 374 1550181830109 
512 473 372 1550181830143 
512 486 366 1550181830158 
512 501 359 1550181830175 
512 518 348 1550181830192 
512 537 332 1550181830209 
512 558 316 1550181830225 
512 578 300 1550181830242 
512 605 278 1550181830259 
512 629 259 1550181830275 
512 662 234 1550181830291 
512 684 222 1550181830308 
512 703 213 1550181830324 
512 718 206 1550181830342 
512 728 203 1550181830358 
512 730 203 1550181830375 
512 731 204 1550181830392 
512 736 210 1550181830408 
512 739 220 1550181830425 
512 742 238 1550181830442 
512 741 266 1550181830458 
512 736 298 1550181830475 
512 718 342 1550181830492 
512 687 401 1550181830508 
512 662 437 1550181830525 
512 634 479 1550181830541 
512 608 523 1550181830559 
512 594 558 1550181830575 
512 584 582 1550181830592 
512 578 605 1550181830608 
512 576 613 1550181830625 
512 575 615 1550181830642 
512 574 622 1550181830658 
512 574 625 1550181830675 
512 574 626 1550181830692 
512 574 627 1550181830708 
512 574 629 1550181830725 
512 574 630 1550181830741 
512 574 632 1550181830842 
512 574 633 1550181830859 
512 574 634 1550181830875 
512 573 638 1550181830892 
512 572 639 1550181830909 
512 568 642 1550181830926 
512 562 646 1550181830942 
512 560 646 1550181830958 
512 558 646 1550181830975 
513 558 646 1550181831173 
514 558 646 1550181831266 
512 563 644 1550181831292 
512 575 637 1550181831309 
512 585 631 1550181831325 
512 586 630 1550181831341 
512 592 621 1550181831358 
512 599 609 1550181831376 
512 614 591 1550181831392 
512 641 559 1550181831409 
512 673 517 1550181831425 
512 705 478 1550181831441 
512 721 460 1550181831459 
512 730 448 1550181831475 
512 730 445 1550181831492 
512 730 439 1550181831509 
512 730 430 1550181831526 
512 730 414 1550181831542 
512 733 384 1550181831558 
512 734 374 1550181831575 
512 734 331 1550181831592 
512 730 306 1550181831610 
512 726 285 1550181831625 
512 722 264 1550181831641 
512 718 246 1550181831658 
512 718 234 1550181831674 
512 717 226 1550181831691 
512 715 223 1550181831708 
512 714 222 1550181831725 
512 714 220 1550181831742 
512 714 219 1550181831759 
512 714 218 1550181831775 
512 713 216 1550181831791 
512 711 215 1550181831808 
512 710 214 1550181831825 
512 709 214 1550181831842 
512 707 213 1550181831858 
512 706 213 1550181831875 
512 705 213 1550181831891 
512 703 212 1550181831908 
512 702 211 1550181831925 
512 701 210 1550181831942 
512 700 209 1550181831959 
512 698 208 1550181831975 
512 697 206 1550181831991 
512 696 206 1550181832008 
513 696 206 1550181832084 
512 697 206 1550181832169 
514 697 206 1550181832169 
