512 702 217 1550264502867 
512 699 230 1550264502883 
512 700 253 1550264502900 
512 706 281 1550264502916 
512 716 306 1550264502933 
512 728 353 1550264502950 
512 753 434 1550264502983 
512 760 482 1550264502999 
512 762 527 1550264503016 
512 760 571 1550264503032 
512 765 614 1550264503049 
512 771 630 1550264503066 
512 775 638 1550264503083 
512 777 638 1550264503100 
512 777 639 1550264503117 
512 782 638 1550264503266 
512 786 638 1550264503283 
512 792 638 1550264503299 
512 797 639 1550264503316 
512 801 641 1550264503333 
512 804 643 1550264503350 
512 807 645 1550264503366 
512 813 647 1550264503382 
512 821 652 1550264503399 
512 836 655 1550264503416 
512 850 656 1550264503433 
512 854 656 1550264503449 
512 853 655 1550264503567 
512 846 653 1550264503584 
512 842 651 1550264503600 
512 837 648 1550264503617 
512 832 645 1550264503633 
512 828 641 1550264503650 
512 826 638 1550264503666 
512 826 637 1550264503683 
512 826 636 1550264503700 
512 826 634 1550264503717 
512 827 634 1550264503749 
512 828 634 1550264503766 
512 830 636 1550264503782 
512 831 637 1550264503800 
512 832 638 1550264503816 
512 834 639 1550264503833 
512 835 640 1550264503850 
512 836 641 1550264503867 
512 837 642 1550264503883 
512 838 642 1550264503899 
512 838 642 1550264503916 
512 838 643 1550264503984 
512 838 645 1550264504000 
513 838 645 1550264504109 
514 838 645 1550264504208 
512 839 645 1550264504249 
512 839 643 1550264504266 
512 839 642 1550264504383 
512 838 640 1550264504399 
512 838 639 1550264504416 
512 836 637 1550264504433 
512 834 633 1550264504450 
512 830 627 1550264504466 
512 822 617 1550264504483 
512 808 603 1550264504500 
512 782 577 1550264504516 
512 753 555 1550264504533 
512 706 531 1550264504549 
512 652 506 1550264504567 
512 614 486 1550264504583 
512 590 465 1550264504600 
512 580 446 1550264504616 
512 571 426 1550264504633 
512 569 422 1550264504649 
512 566 418 1550264504666 
512 565 416 1550264504683 
512 563 415 1550264504700 
512 559 414 1550264504716 
512 554 414 1550264504733 
512 539 412 1550264504750 
512 526 411 1550264504766 
512 516 409 1550264504783 
512 510 407 1550264504800 
512 505 406 1550264504816 
512 502 405 1550264504832 
512 499 403 1550264504849 
512 498 401 1550264504866 
512 498 400 1550264504883 
512 496 398 1550264504899 
512 496 397 1550264504916 
512 495 395 1550264504933 
512 495 393 1550264504950 
512 494 390 1550264504966 
512 494 390 1550264504983 
512 492 388 1550264504999 
512 490 387 1550264505016 
512 488 385 1550264505033 
512 483 383 1550264505050 
512 482 382 1550264505067 
512 481 382 1550264505183 
512 481 381 1550264505199 
512 478 378 1550264505216 
512 477 378 1550264505233 
512 475 377 1550264505250 
512 474 374 1550264505266 
512 473 374 1550264505282 
513 473 374 1550264505412 
514 473 374 1550264505520 
512 474 374 1550264505666 
512 478 374 1550264505716 
512 486 373 1550264505733 
512 499 370 1550264505749 
512 516 370 1550264505766 
512 533 366 1550264505783 
512 575 346 1550264505800 
512 620 318 1550264505816 
512 649 298 1550264505833 
512 660 290 1550264505850 
512 666 282 1550264505867 
512 673 271 1550264505883 
512 685 250 1550264505900 
512 692 238 1550264505916 
512 701 225 1550264505932 
512 708 213 1550264505950 
512 712 206 1550264505966 
512 716 201 1550264505983 
512 719 194 1550264506000 
512 720 192 1550264506016 
512 720 191 1550264506033 
512 721 190 1550264506050 
512 721 190 1550264506083 
512 719 190 1550264506133 
512 718 190 1550264506150 
512 713 194 1550264506166 
512 706 200 1550264506183 
512 699 206 1550264506199 
512 697 211 1550264506217 
512 696 212 1550264506233 
512 695 213 1550264506250 
512 694 214 1550264506300 
512 694 214 1550264506316 
513 694 214 1550264506454 
514 694 214 1550264506578 
512 694 214 1550264506666 
512 695 214 1550264506683 
512 698 215 1550264506699 
512 702 218 1550264506716 
512 708 224 1550264506733 
512 710 226 1550264506750 
512 710 229 1550264506766 
512 711 232 1550264506783 
512 715 238 1550264506799 
512 725 248 1550264506816 
512 738 262 1550264506833 
512 773 289 1550264506850 
512 811 313 1550264506866 
512 840 326 1550264506883 
512 857 333 1550264506900 
512 866 338 1550264506917 
512 872 339 1550264506933 
512 874 339 1550264506949 
512 878 343 1550264507033 
512 887 352 1550264507050 
512 893 359 1550264507066 
512 898 367 1550264507083 
512 902 374 1550264507099 
512 905 380 1550264507116 
512 908 385 1550264507133 
512 911 387 1550264507149 
512 915 390 1550264507166 
512 917 390 1550264507183 
512 918 390 1550264507199 
512 921 390 1550264507216 
512 926 389 1550264507233 
512 935 386 1550264507250 
512 936 385 1550264507267 
512 936 384 1550264507316 
512 936 383 1550264507333 
512 935 381 1550264507350 
512 935 380 1550264507366 
512 935 378 1550264507382 
512 934 377 1550264507399 
512 934 376 1550264507416 
512 933 375 1550264507433 
512 931 374 1550264507500 
512 930 374 1550264507516 
513 930 374 1550264507623 
514 930 374 1550264507729 
512 928 375 1550264507834 
512 921 383 1550264507849 
512 906 396 1550264507866 
512 889 410 1550264507883 
512 871 426 1550264507900 
512 844 453 1550264507917 
512 828 472 1550264507934 
512 814 490 1550264507949 
512 797 505 1550264507966 
512 778 517 1550264507983 
512 750 536 1550264508000 
512 728 552 1550264508016 
512 706 566 1550264508033 
512 686 582 1550264508050 
512 666 598 1550264508067 
512 646 611 1550264508083 
512 618 631 1550264508100 
512 603 642 1550264508116 
512 592 650 1550264508134 
512 580 658 1550264508150 
512 573 663 1550264508166 
512 568 667 1550264508183 
512 564 670 1550264508200 
512 563 671 1550264508216 
512 561 672 1550264508233 
512 560 672 1550264508250 
512 559 672 1550264508266 
512 558 672 1550264508283 
512 557 666 1550264508300 
512 557 662 1550264508317 
512 557 658 1550264508333 
512 558 654 1550264508350 
512 562 647 1550264508366 
512 566 642 1550264508383 
512 567 638 1550264508400 
512 570 635 1550264508416 
512 570 634 1550264508433 
512 569 635 1550264508583 
512 567 636 1550264508599 
512 566 638 1550264508616 
512 559 642 1550264508633 
512 555 646 1550264508650 
512 553 647 1550264508666 
512 551 648 1550264508733 
512 550 649 1550264508749 
513 550 649 1550264508840 
514 550 649 1550264508964 
512 553 648 1550264509083 
512 554 646 1550264509100 
512 555 646 1550264509117 
512 557 646 1550264509133 
512 562 643 1550264509150 
512 566 642 1550264509166 
512 568 641 1550264509183 
512 567 641 1550264509616 
512 566 641 1550264509633 
512 565 641 1550264509683 
512 562 641 1550264509699 
512 562 641 1550264509716 
513 562 641 1550264509838 
514 562 641 1550264509946 
512 562 641 1550264510034 
512 566 638 1550264510050 
512 569 638 1550264510066 
512 570 638 1550264510083 
512 570 637 1550264510166 
512 596 626 1550264510200 
512 630 618 1550264510216 
512 663 614 1550264510233 
512 703 617 1550264510250 
512 758 628 1550264510266 
512 801 638 1550264510283 
512 836 651 1550264510300 
512 846 659 1550264510317 
512 849 662 1550264510333 
512 849 661 1550264510483 
512 848 657 1550264510500 
512 847 651 1550264510516 
512 847 646 1550264510533 
512 847 644 1550264510550 
512 847 641 1550264510566 
512 847 638 1550264510583 
512 848 637 1550264510600 
512 848 636 1550264510616 
513 848 636 1550264510764 
514 848 636 1550264510879 
512 847 636 1550264511085 
512 846 636 1550264511100 
512 845 637 1550264511117 
512 858 617 1550264511183 
512 883 585 1550264511200 
512 910 546 1550264511217 
512 932 510 1550264511233 
512 940 479 1550264511249 
512 942 466 1550264511266 
512 944 450 1550264511283 
512 947 431 1550264511299 
512 948 415 1550264511317 
512 950 399 1550264511333 
512 952 390 1550264511350 
512 952 382 1550264511366 
512 952 378 1550264511383 
512 951 376 1550264511400 
512 951 375 1550264511416 
512 950 374 1550264511432 
512 950 373 1550264511450 
512 949 373 1550264511517 
512 946 373 1550264511533 
512 944 373 1550264511550 
512 943 374 1550264511566 
512 940 374 1550264511583 
512 937 374 1550264511683 
512 935 374 1550264511699 
512 934 373 1550264511716 
512 934 372 1550264511733 
512 933 372 1550264511749 
512 932 372 1550264511766 
512 931 372 1550264511866 
513 931 372 1550264511914 
514 931 372 1550264512030 
512 929 372 1550264512183 
512 910 377 1550264512200 
512 896 379 1550264512218 
512 878 383 1550264512233 
512 855 389 1550264512250 
512 825 393 1550264512267 
512 780 397 1550264512283 
512 690 408 1550264512299 
512 645 410 1550264512317 
512 620 410 1550264512333 
512 605 409 1550264512350 
512 592 406 1550264512366 
512 580 402 1550264512383 
512 573 394 1550264512400 
512 565 385 1550264512416 
512 557 380 1550264512433 
512 546 378 1550264512450 
512 534 375 1550264512467 
512 519 374 1550264512483 
512 507 374 1550264512500 
512 494 374 1550264512517 
512 491 374 1550264512533 
512 489 374 1550264512550 
512 485 374 1550264512566 
512 476 377 1550264512583 
512 465 378 1550264512600 
512 453 380 1550264512617 
512 450 381 1550264512633 
512 451 379 1550264512650 
512 455 374 1550264512666 
512 456 374 1550264512682 
512 456 374 1550264512699 
512 456 373 1550264512799 
512 460 372 1550264512833 
512 464 372 1550264512849 
512 466 372 1550264512865 
513 466 372 1550264513142 
514 466 372 1550264513258 
512 468 372 1550264513416 
512 470 372 1550264513433 
512 473 372 1550264513449 
512 477 373 1550264513466 
512 485 374 1550264513483 
512 504 378 1550264513500 
512 530 378 1550264513516 
512 554 375 1550264513532 
512 567 374 1550264513550 
512 569 374 1550264513566 
512 570 378 1550264513582 
512 571 391 1550264513599 
512 574 410 1550264513616 
512 574 427 1550264513633 
512 574 448 1550264513649 
512 574 468 1550264513666 
512 577 505 1550264513682 
512 578 528 1550264513699 
512 578 545 1550264513716 
512 577 555 1550264513733 
512 575 560 1550264513749 
512 574 563 1550264513766 
512 573 564 1550264513783 
512 571 567 1550264513799 
512 569 571 1550264513816 
512 566 575 1550264513832 
512 562 579 1550264513849 
512 561 583 1550264513866 
512 558 588 1550264513883 
512 550 602 1550264513899 
512 546 614 1550264513915 
512 541 626 1550264513933 
512 538 636 1550264513950 
512 537 642 1550264513966 
512 536 645 1550264513982 
512 535 647 1550264513999 
512 535 649 1550264514016 
512 537 649 1550264514116 
512 538 649 1550264514133 
512 542 649 1550264514149 
512 546 649 1550264514166 
512 550 647 1550264514182 
512 555 644 1550264514200 
512 560 642 1550264514216 
513 560 642 1550264514440 
514 560 642 1550264514564 
512 560 641 1550264514633 
512 561 638 1550264514666 
512 562 635 1550264514683 
512 563 631 1550264514700 
512 572 622 1550264514716 
512 598 594 1550264514733 
512 625 570 1550264514749 
512 644 554 1550264514767 
512 655 542 1550264514783 
512 662 531 1550264514799 
512 665 521 1550264514816 
512 667 506 1550264514832 
512 670 471 1550264514850 
512 674 446 1550264514866 
512 678 422 1550264514882 
512 681 396 1550264514899 
512 682 367 1550264514916 
512 685 340 1550264514933 
512 686 311 1550264514949 
512 689 276 1550264514966 
512 690 262 1550264514983 
512 692 253 1550264514999 
512 694 246 1550264515016 
512 699 237 1550264515033 
512 706 226 1550264515050 
512 707 224 1550264515066 
512 708 222 1550264515083 
512 710 219 1550264515099 
512 710 216 1550264515116 
512 710 215 1550264515133 
512 711 215 1550264515150 
512 709 215 1550264515316 
512 708 215 1550264515332 
512 706 215 1550264515349 
512 706 215 1550264515466 
512 705 214 1550264515549 
513 705 214 1550264515582 
514 705 214 1550264515689 
