512 698 209 1550264549782 
512 702 210 1550264549798 
512 706 215 1550264549815 
512 714 222 1550264549832 
512 722 234 1550264549848 
512 740 264 1550264549865 
512 754 286 1550264549882 
512 762 306 1550264549898 
512 770 326 1550264549916 
512 774 354 1550264549932 
512 776 382 1550264549949 
512 778 411 1550264549966 
512 777 446 1550264549982 
512 776 466 1550264549998 
512 776 484 1550264550015 
512 778 502 1550264550032 
512 782 518 1550264550048 
512 788 536 1550264550066 
512 794 553 1550264550082 
512 802 580 1550264550099 
512 806 598 1550264550115 
512 811 611 1550264550132 
512 817 620 1550264550148 
512 822 627 1550264550165 
512 827 632 1550264550182 
512 831 636 1550264550199 
512 834 639 1550264550216 
512 835 642 1550264550232 
512 838 645 1550264550248 
512 843 648 1550264550265 
512 846 650 1550264550282 
512 847 650 1550264550299 
512 847 651 1550264550383 
512 846 650 1550264550515 
512 845 650 1550264550532 
512 844 649 1550264550549 
512 843 648 1550264550565 
512 842 648 1550264550598 
512 842 647 1550264550615 
512 841 647 1550264550699 
512 839 646 1550264550732 
512 838 645 1550264550749 
512 837 644 1550264550765 
513 837 644 1550264550839 
514 837 644 1550264550947 
512 838 642 1550264551032 
512 838 639 1550264551050 
512 837 632 1550264551066 
512 834 622 1550264551083 
512 829 607 1550264551100 
512 821 585 1550264551116 
512 811 556 1550264551133 
512 789 506 1550264551149 
512 780 486 1550264551166 
512 771 468 1550264551182 
512 762 456 1550264551198 
512 749 442 1550264551216 
512 730 430 1550264551233 
512 676 406 1550264551249 
512 621 394 1550264551265 
512 573 384 1550264551282 
512 524 375 1550264551298 
512 494 370 1550264551316 
512 474 368 1550264551332 
512 464 365 1550264551349 
512 463 362 1550264551449 
512 463 361 1550264551466 
512 463 362 1550264551598 
512 466 366 1550264551615 
512 468 371 1550264551632 
512 470 372 1550264551649 
512 470 374 1550264551665 
512 471 374 1550264551682 
513 471 374 1550264551844 
514 471 374 1550264551969 
512 474 375 1550264552015 
512 489 377 1550264552031 
512 513 381 1550264552048 
512 537 382 1550264552066 
512 555 384 1550264552082 
512 578 385 1550264552099 
512 599 385 1550264552116 
512 629 384 1550264552132 
512 662 387 1550264552149 
512 684 395 1550264552166 
512 693 404 1550264552183 
512 697 422 1550264552199 
512 697 434 1550264552216 
512 698 439 1550264552233 
512 698 440 1550264552249 
512 700 427 1550264552299 
512 703 406 1550264552316 
512 710 382 1550264552332 
512 714 355 1550264552349 
512 714 330 1550264552365 
512 706 310 1550264552383 
512 695 285 1550264552399 
512 690 273 1550264552416 
512 688 260 1550264552432 
512 686 250 1550264552449 
512 686 242 1550264552465 
512 686 238 1550264552482 
512 686 236 1550264552499 
512 688 230 1550264552516 
512 692 226 1550264552532 
512 697 221 1550264552549 
512 698 219 1550264552565 
512 700 217 1550264552582 
512 700 216 1550264552649 
512 701 216 1550264552665 
512 702 214 1550264552682 
512 702 214 1550264552766 
512 702 212 1550264552782 
512 701 211 1550264552799 
512 699 210 1550264552816 
512 698 209 1550264552833 
512 698 208 1550264552849 
513 698 208 1550264552940 
514 698 208 1550264553025 
512 698 209 1550264553049 
512 700 213 1550264553065 
512 702 218 1550264553082 
512 705 224 1550264553099 
512 709 231 1550264553115 
512 714 242 1550264553132 
512 726 265 1550264553149 
512 736 286 1550264553166 
512 744 310 1550264553182 
512 750 331 1550264553199 
512 754 351 1550264553215 
512 759 368 1550264553233 
512 767 390 1550264553249 
512 780 400 1550264553265 
512 796 408 1550264553282 
512 815 412 1550264553299 
512 842 412 1550264553315 
512 873 410 1550264553333 
512 929 400 1550264553349 
512 953 395 1550264553366 
512 961 394 1550264553382 
512 963 394 1550264553399 
512 963 393 1550264553449 
512 962 389 1550264553466 
512 961 384 1550264553482 
512 958 380 1550264553499 
512 954 376 1550264553516 
512 950 372 1550264553532 
512 942 369 1550264553549 
512 941 367 1550264553566 
512 939 366 1550264553582 
512 937 366 1550264553598 
512 930 366 1550264553615 
512 927 368 1550264553632 
512 925 369 1550264553649 
513 925 369 1550264553921 
514 925 369 1550264554021 
512 924 369 1550264554083 
512 918 370 1550264554099 
512 910 371 1550264554116 
512 895 375 1550264554132 
512 871 378 1550264554149 
512 818 386 1550264554166 
512 756 407 1550264554183 
512 658 430 1550264554199 
512 597 445 1550264554216 
512 561 454 1550264554233 
512 540 458 1550264554249 
512 524 463 1550264554266 
512 514 470 1550264554283 
512 509 478 1550264554299 
512 507 485 1550264554316 
512 507 492 1550264554333 
512 507 502 1550264554349 
512 510 514 1550264554366 
512 515 526 1550264554382 
512 522 544 1550264554399 
512 528 557 1550264554415 
512 534 570 1550264554432 
512 541 584 1550264554449 
512 546 592 1550264554465 
512 552 598 1550264554482 
512 558 605 1550264554499 
512 560 609 1550264554515 
512 562 613 1550264554532 
512 562 617 1550264554549 
512 564 622 1550264554565 
512 566 627 1550264554582 
512 567 634 1550264554599 
512 568 638 1550264554615 
512 569 641 1550264554632 
512 569 642 1550264554648 
512 569 642 1550264554665 
512 569 643 1550264554682 
512 569 644 1550264554698 
512 569 646 1550264554715 
512 568 645 1550264554831 
512 566 643 1550264554849 
512 566 642 1550264554866 
512 564 641 1550264554882 
512 563 640 1550264554982 
512 562 640 1550264555049 
512 562 639 1550264555232 
512 562 638 1550264555248 
512 560 638 1550264555266 
513 560 638 1550264555319 
514 560 638 1550264555436 
512 560 638 1550264555515 
512 561 637 1550264555532 
512 562 636 1550264555548 
512 563 634 1550264555565 
512 566 631 1550264555582 
512 570 626 1550264555599 
512 574 622 1550264555615 
512 577 617 1550264555632 
512 581 612 1550264555649 
512 588 601 1550264555665 
512 598 590 1550264555682 
512 610 575 1550264555698 
512 622 559 1550264555715 
512 632 546 1550264555732 
512 638 534 1550264555748 
512 645 522 1550264555765 
512 646 515 1550264555782 
512 648 509 1550264555798 
512 650 502 1550264555815 
512 651 494 1550264555831 
512 654 486 1550264555848 
512 654 477 1550264555865 
512 655 471 1550264555882 
512 656 466 1550264555898 
512 658 458 1550264555915 
512 659 447 1550264555932 
512 660 430 1550264555948 
512 662 415 1550264555965 
512 662 403 1550264555982 
512 662 399 1550264555999 
512 662 398 1550264556015 
512 662 397 1550264556099 
512 666 395 1550264556115 
512 674 393 1550264556132 
512 696 391 1550264556149 
512 740 403 1550264556166 
512 810 442 1550264556182 
512 850 498 1550264556199 
512 855 538 1550264556216 
512 855 567 1550264556232 
512 854 593 1550264556248 
512 850 621 1550264556265 
512 844 644 1550264556282 
512 841 660 1550264556298 
512 841 663 1550264556316 
512 839 663 1550264556398 
512 838 663 1550264556416 
512 837 660 1550264556432 
512 835 656 1550264556448 
512 834 650 1550264556466 
512 833 644 1550264556482 
512 833 637 1550264556499 
512 834 632 1550264556515 
512 834 630 1550264556533 
512 835 629 1550264556549 
512 836 627 1550264556566 
512 836 626 1550264556582 
512 836 626 1550264556599 
512 836 628 1550264556732 
512 836 632 1550264556748 
512 837 637 1550264556765 
512 837 641 1550264556782 
512 838 645 1550264556798 
512 838 648 1550264556815 
512 838 650 1550264556832 
512 837 651 1550264556848 
512 837 652 1550264556865 
512 836 650 1550264557115 
512 836 650 1550264557132 
512 836 647 1550264557148 
513 836 647 1550264557253 
514 836 647 1550264557379 
512 836 646 1550264557432 
512 834 633 1550264557449 
512 832 617 1550264557465 
512 830 598 1550264557482 
512 828 573 1550264557498 
512 824 541 1550264557515 
512 820 502 1550264557532 
512 816 438 1550264557548 
512 815 398 1550264557566 
512 815 366 1550264557582 
512 815 345 1550264557599 
512 816 327 1550264557615 
512 818 320 1550264557632 
512 819 318 1550264557649 
512 821 318 1550264557666 
512 830 320 1550264557682 
512 846 322 1550264557698 
512 866 324 1550264557715 
512 879 326 1550264557732 
512 882 328 1550264557749 
512 883 330 1550264557765 
512 884 334 1550264557782 
512 886 339 1550264557798 
512 891 346 1550264557815 
512 894 353 1550264557832 
512 899 362 1550264557849 
512 907 374 1550264557865 
512 912 380 1550264557882 
512 915 386 1550264557898 
512 916 389 1550264557915 
512 918 390 1550264557932 
512 919 390 1550264557948 
512 921 390 1550264557965 
512 923 389 1550264557982 
512 925 388 1550264557998 
512 929 386 1550264558015 
512 934 384 1550264558032 
512 934 383 1550264558049 
512 935 382 1550264558082 
512 936 380 1550264558099 
512 937 378 1550264558115 
512 934 378 1550264558249 
512 931 378 1550264558266 
512 930 378 1550264558283 
512 928 378 1550264558299 
512 928 377 1550264558382 
513 928 377 1550264558461 
514 928 377 1550264558568 
512 927 377 1550264558599 
512 919 375 1550264558616 
512 900 373 1550264558633 
512 871 374 1550264558648 
512 850 377 1550264558665 
512 835 379 1550264558682 
512 807 386 1550264558699 
512 786 394 1550264558716 
512 761 403 1550264558732 
512 739 410 1550264558749 
512 716 419 1550264558765 
512 697 430 1550264558783 
512 687 434 1550264558799 
512 682 435 1550264558816 
512 682 435 1550264558832 
512 675 434 1550264558848 
512 665 433 1550264558866 
512 646 430 1550264558882 
512 621 425 1550264558899 
512 562 413 1550264558915 
512 533 404 1550264558931 
512 517 399 1550264558948 
512 511 395 1550264558965 
512 510 392 1550264558982 
512 509 390 1550264558998 
512 507 389 1550264559015 
512 505 385 1550264559032 
512 502 380 1550264559049 
512 501 376 1550264559065 
512 498 371 1550264559082 
512 492 368 1550264559099 
512 486 366 1550264559115 
512 482 364 1550264559132 
512 481 364 1550264559149 
512 480 364 1550264559165 
512 479 364 1550264559199 
512 478 364 1550264559215 
512 478 364 1550264559232 
512 477 366 1550264559249 
512 477 367 1550264559265 
512 477 368 1550264559283 
512 477 370 1550264559299 
512 477 371 1550264559315 
512 477 372 1550264559332 
512 476 373 1550264559432 
512 475 374 1550264559448 
512 474 374 1550264559549 
513 474 374 1550264559595 
514 474 374 1550264559703 
512 485 377 1550264559782 
512 501 381 1550264559799 
512 520 386 1550264559816 
512 536 390 1550264559832 
512 547 391 1550264559849 
512 564 396 1550264559865 
512 580 402 1550264559882 
512 601 411 1550264559898 
512 626 416 1550264559915 
512 643 417 1550264559932 
512 650 417 1550264559948 
512 646 426 1550264560015 
512 636 443 1550264560032 
512 622 465 1550264560048 
512 608 491 1550264560065 
512 590 528 1550264560082 
512 577 550 1550264560098 
512 567 570 1550264560115 
512 561 588 1550264560131 
512 554 602 1550264560149 
512 550 614 1550264560165 
512 548 621 1550264560181 
512 546 630 1550264560199 
512 545 634 1550264560215 
512 544 638 1550264560232 
512 542 642 1550264560248 
512 541 646 1550264560265 
512 539 651 1550264560282 
512 538 655 1550264560299 
512 539 655 1550264560415 
512 546 654 1550264560432 
512 551 652 1550264560449 
512 553 650 1550264560515 
512 554 649 1550264560532 
512 554 647 1550264560549 
512 554 646 1550264560582 
512 554 645 1550264560598 
512 554 644 1550264560615 
512 554 643 1550264560682 
512 554 641 1550264560698 
512 554 640 1550264560715 
513 554 640 1550264560801 
514 554 640 1550264560909 
512 561 637 1550264560999 
512 578 630 1550264561015 
512 609 621 1550264561032 
512 622 617 1550264561049 
512 630 615 1550264561065 
512 637 612 1550264561082 
512 646 606 1550264561098 
512 660 594 1550264561115 
512 674 581 1550264561132 
512 686 565 1550264561148 
512 687 554 1550264561164 
512 686 541 1550264561182 
512 685 524 1550264561198 
512 685 506 1550264561215 
512 686 487 1550264561231 
512 690 453 1550264561248 
512 693 428 1550264561266 
512 696 402 1550264561281 
512 702 367 1550264561298 
512 710 334 1550264561315 
512 714 314 1550264561332 
512 716 293 1550264561348 
512 716 282 1550264561365 
512 718 273 1550264561382 
512 721 265 1550264561399 
512 723 258 1550264561416 
512 724 255 1550264561431 
512 724 249 1550264561448 
512 724 245 1550264561465 
512 724 239 1550264561482 
512 724 234 1550264561498 
512 722 229 1550264561515 
512 720 224 1550264561532 
512 714 220 1550264561548 
512 711 219 1550264561565 
512 710 218 1550264561581 
512 710 218 1550264561599 
512 708 218 1550264561615 
512 707 217 1550264561632 
512 705 215 1550264561648 
512 704 214 1550264561665 
512 703 213 1550264561682 
512 702 211 1550264561699 
512 702 211 1550264561715 
512 702 210 1550264561732 
513 702 210 1550264561880 
514 702 210 1550264561973 
