512 702 212 1550505321000 
512 711 223 1550505321017 
512 731 250 1550505321034 
512 740 264 1550505321050 
512 746 275 1550505321067 
512 750 287 1550505321084 
512 753 298 1550505321100 
512 757 310 1550505321117 
512 761 322 1550505321134 
512 766 341 1550505321150 
512 768 357 1550505321167 
512 772 378 1550505321184 
512 779 402 1550505321200 
512 786 427 1550505321217 
512 791 447 1550505321234 
512 798 471 1550505321250 
512 802 483 1550505321267 
512 804 492 1550505321283 
512 806 501 1550505321300 
512 808 513 1550505321317 
512 810 524 1550505321334 
512 813 542 1550505321350 
512 816 554 1550505321367 
512 818 561 1550505321384 
512 819 566 1550505321400 
512 819 570 1550505321417 
512 819 574 1550505321434 
512 822 580 1550505321450 
512 823 584 1550505321466 
512 825 588 1550505321484 
512 826 593 1550505321501 
512 828 597 1550505321517 
512 829 602 1550505321533 
512 830 610 1550505321551 
512 832 617 1550505321567 
512 833 624 1550505321583 
512 834 630 1550505321600 
512 834 634 1550505321617 
512 834 637 1550505321634 
512 834 639 1550505321650 
512 834 640 1550505321667 
513 834 640 1550505321853 
514 834 640 1550505321999 
512 834 637 1550505322134 
512 834 631 1550505322150 
512 834 620 1550505322167 
512 836 602 1550505322184 
512 836 573 1550505322200 
512 829 550 1550505322217 
512 818 529 1550505322234 
512 801 510 1550505322251 
512 780 490 1550505322267 
512 742 472 1550505322284 
512 679 448 1550505322300 
512 632 436 1550505322317 
512 594 426 1550505322334 
512 566 423 1550505322350 
512 550 421 1550505322367 
512 545 419 1550505322384 
512 543 419 1550505322400 
512 542 418 1550505322416 
512 538 417 1550505322433 
512 534 415 1550505322451 
512 529 414 1550505322467 
512 526 411 1550505322484 
512 523 408 1550505322501 
512 522 406 1550505322517 
512 519 404 1550505322534 
512 518 402 1550505322550 
512 514 398 1550505322567 
512 509 394 1550505322584 
512 499 384 1550505322600 
512 494 379 1550505322617 
512 490 375 1550505322634 
512 486 374 1550505322651 
512 482 373 1550505322667 
512 481 371 1550505322684 
512 479 370 1550505322700 
512 478 370 1550505322717 
512 477 370 1550505322734 
512 476 370 1550505322784 
512 474 370 1550505322801 
513 474 370 1550505322927 
514 474 370 1550505323058 
512 478 366 1550505323250 
512 495 358 1550505323267 
512 511 352 1550505323284 
512 531 342 1550505323300 
512 559 322 1550505323317 
512 581 306 1550505323334 
512 600 290 1550505323351 
512 605 284 1550505323367 
512 609 278 1550505323384 
512 615 267 1550505323400 
512 627 254 1550505323417 
512 641 243 1550505323434 
512 647 238 1550505323450 
512 649 237 1550505323467 
512 652 233 1550505323484 
512 658 227 1550505323500 
512 663 222 1550505323517 
512 668 218 1550505323534 
512 671 217 1550505323550 
512 678 215 1550505323567 
512 685 214 1550505323584 
512 690 211 1550505323600 
512 694 210 1550505323618 
512 695 210 1550505323634 
512 703 209 1550505323684 
512 709 208 1550505323701 
512 714 207 1550505323717 
512 714 206 1550505323901 
512 713 206 1550505323917 
512 713 206 1550505323933 
512 711 206 1550505323951 
512 710 206 1550505323967 
512 709 206 1550505323983 
512 707 205 1550505324001 
512 706 204 1550505324017 
512 706 204 1550505324033 
512 705 204 1550505324067 
512 705 203 1550505324084 
512 702 203 1550505324101 
512 701 203 1550505324134 
512 700 203 1550505324150 
512 698 203 1550505324167 
512 695 204 1550505324184 
512 693 206 1550505324200 
513 693 206 1550505324254 
514 693 206 1550505324395 
512 693 206 1550505324450 
512 694 212 1550505324483 
512 696 218 1550505324500 
512 698 233 1550505324517 
512 700 246 1550505324534 
512 705 258 1550505324550 
512 710 272 1550505324566 
512 714 284 1550505324583 
512 716 291 1550505324600 
512 717 298 1550505324617 
512 718 303 1550505324634 
512 726 314 1550505324650 
512 732 319 1550505324666 
512 742 323 1550505324683 
512 754 326 1550505324700 
512 763 326 1550505324716 
512 784 326 1550505324734 
512 814 322 1550505324750 
512 828 322 1550505324767 
512 832 322 1550505324783 
512 835 323 1550505324883 
512 841 330 1550505324900 
512 847 336 1550505324916 
512 852 342 1550505324934 
512 859 349 1550505324950 
512 865 354 1550505324967 
512 874 359 1550505324983 
512 879 362 1550505325000 
512 882 366 1550505325017 
512 884 366 1550505325034 
512 886 368 1550505325049 
512 887 368 1550505325067 
512 888 368 1550505325083 
512 890 368 1550505325150 
512 895 366 1550505325167 
512 898 366 1550505325183 
512 902 366 1550505325200 
512 905 366 1550505325217 
512 910 366 1550505325233 
512 914 368 1550505325250 
512 919 370 1550505325267 
512 920 371 1550505325284 
512 922 372 1550505325300 
512 922 373 1550505325317 
512 922 374 1550505325451 
512 922 374 1550505325484 
513 922 374 1550505325531 
512 923 374 1550505325600 
512 924 374 1550505325667 
512 923 374 1550505325686 
514 923 374 1550505325687 
512 914 376 1550505325700 
512 898 379 1550505325717 
512 875 381 1550505325733 
512 844 387 1550505325751 
512 819 388 1550505325767 
512 802 390 1550505325783 
512 780 396 1550505325800 
512 760 403 1550505325817 
512 736 410 1550505325834 
512 706 418 1550505325850 
512 677 427 1550505325867 
512 654 432 1550505325884 
512 630 434 1550505325901 
512 622 437 1550505325917 
512 618 438 1550505325933 
512 617 439 1550505325950 
512 615 443 1550505325967 
512 613 450 1550505325984 
512 610 468 1550505326000 
512 609 486 1550505326017 
512 609 508 1550505326033 
512 608 533 1550505326050 
512 606 560 1550505326067 
512 602 582 1550505326083 
512 599 599 1550505326100 
512 598 603 1550505326117 
512 598 605 1550505326134 
512 596 607 1550505326150 
512 595 610 1550505326167 
512 594 610 1550505326183 
512 593 611 1550505326201 
512 590 612 1550505326217 
512 589 612 1550505326250 
512 585 612 1550505326267 
512 579 613 1550505326283 
512 573 614 1550505326300 
512 564 619 1550505326317 
512 549 631 1550505326333 
512 546 635 1550505326350 
512 546 636 1550505326383 
512 546 637 1550505326400 
512 545 638 1550505326416 
512 545 640 1550505326433 
512 545 643 1550505326451 
512 545 645 1550505326467 
512 545 646 1550505326501 
512 546 647 1550505326517 
512 547 649 1550505326534 
512 549 650 1550505326551 
512 550 651 1550505326567 
512 552 651 1550505326584 
512 555 650 1550505326600 
512 556 650 1550505326618 
512 557 649 1550505326700 
512 558 647 1550505326717 
512 558 646 1550505326767 
512 558 646 1550505326784 
512 558 644 1550505326800 
512 558 642 1550505326817 
512 558 642 1550505326833 
512 558 640 1550505326850 
512 558 639 1550505326867 
513 558 639 1550505326921 
514 558 639 1550505327053 
512 558 638 1550505327067 
512 558 638 1550505327100 
512 559 634 1550505327117 
512 560 630 1550505327134 
512 570 614 1550505327150 
512 583 597 1550505327167 
512 595 574 1550505327183 
512 604 548 1550505327201 
512 614 523 1550505327217 
512 626 504 1550505327233 
512 631 495 1550505327251 
512 633 494 1550505327267 
512 633 493 1550505327284 
512 642 492 1550505327301 
512 666 496 1550505327317 
512 702 506 1550505327334 
512 738 522 1550505327350 
512 762 538 1550505327367 
512 774 551 1550505327384 
512 783 566 1550505327400 
512 791 579 1550505327417 
512 798 591 1550505327434 
512 803 602 1550505327451 
512 806 607 1550505327467 
512 806 609 1550505327484 
512 807 611 1550505327500 
512 807 612 1550505327516 
512 808 614 1550505327534 
512 809 616 1550505327550 
512 810 617 1550505327567 
512 810 618 1550505327584 
512 812 620 1550505327601 
512 813 621 1550505327617 
512 816 622 1550505327633 
512 818 624 1550505327651 
512 822 625 1550505327667 
512 826 626 1550505327684 
512 835 629 1550505327700 
512 841 630 1550505327717 
512 842 632 1550505327733 
512 843 633 1550505327750 
512 844 634 1550505327767 
512 845 635 1550505327783 
512 847 638 1550505327800 
512 847 639 1550505327816 
512 847 640 1550505327834 
512 847 641 1550505327850 
512 847 642 1550505328000 
512 845 642 1550505328034 
512 844 642 1550505328051 
513 844 642 1550505328164 
514 844 642 1550505328337 
512 850 628 1550505328567 
512 861 603 1550505328583 
512 894 544 1550505328600 
512 928 484 1550505328617 
512 947 451 1550505328634 
512 958 426 1550505328650 
512 961 416 1550505328667 
512 967 404 1550505328684 
512 975 390 1550505328700 
512 978 384 1550505328717 
512 980 378 1550505328734 
512 983 372 1550505328750 
512 988 360 1550505328767 
512 988 356 1550505328783 
512 987 352 1550505328800 
512 986 350 1550505328817 
512 982 349 1550505328834 
512 977 349 1550505328851 
512 968 350 1550505328867 
512 947 356 1550505328884 
512 932 362 1550505328900 
512 923 367 1550505328916 
512 920 368 1550505328933 
512 920 369 1550505328984 
512 922 370 1550505329067 
512 923 370 1550505329084 
512 925 370 1550505329100 
512 926 370 1550505329133 
512 926 371 1550505329167 
512 927 371 1550505329184 
512 928 371 1550505329200 
513 928 371 1550505329325 
514 928 371 1550505329479 
512 926 371 1550505329517 
512 925 371 1550505329533 
512 919 371 1550505329550 
512 909 371 1550505329567 
512 870 367 1550505329584 
512 792 353 1550505329600 
512 734 346 1550505329617 
512 676 340 1550505329634 
512 616 337 1550505329650 
512 562 334 1550505329667 
512 526 334 1550505329684 
512 494 338 1550505329700 
512 472 345 1550505329717 
512 456 351 1550505329734 
512 455 352 1550505329750 
512 455 355 1550505329933 
512 456 367 1550505329950 
512 459 371 1550505329967 
512 460 373 1550505329984 
512 461 375 1550505330000 
512 462 376 1550505330017 
512 462 378 1550505330034 
512 462 378 1550505330051 
512 462 379 1550505330067 
512 465 376 1550505330234 
512 468 370 1550505330250 
512 469 370 1550505330266 
512 470 370 1550505330317 
512 470 369 1550505330333 
512 470 368 1550505330350 
513 470 368 1550505330437 
514 470 368 1550505330590 
512 482 355 1550505330684 
512 501 337 1550505330700 
512 518 323 1550505330717 
512 546 305 1550505330733 
512 581 285 1550505330750 
512 600 273 1550505330767 
512 610 266 1550505330783 
512 618 260 1550505330800 
512 623 254 1550505330817 
512 634 247 1550505330834 
512 648 243 1550505330850 
512 662 243 1550505330867 
512 674 252 1550505330883 
512 686 275 1550505330900 
512 691 298 1550505330917 
512 692 328 1550505330934 
512 678 388 1550505330951 
512 654 464 1550505330967 
512 626 540 1550505330983 
512 587 620 1550505331000 
512 570 645 1550505331017 
512 562 659 1550505331033 
512 558 670 1550505331050 
512 556 677 1550505331067 
512 555 682 1550505331083 
512 554 686 1550505331100 
512 554 688 1550505331117 
512 553 689 1550505331133 
512 554 683 1550505331250 
512 558 672 1550505331267 
512 561 662 1550505331283 
512 562 656 1550505331301 
512 563 650 1550505331317 
512 563 649 1550505331334 
512 563 647 1550505331351 
512 563 646 1550505331367 
512 563 646 1550505331484 
512 563 645 1550505331517 
513 563 645 1550505331620 
514 563 645 1550505331757 
512 564 644 1550505331784 
512 564 642 1550505331800 
512 564 641 1550505331817 
512 565 639 1550505331834 
512 570 631 1550505331850 
512 576 624 1550505331867 
512 584 609 1550505331883 
512 598 589 1550505331900 
512 616 564 1550505331917 
512 631 539 1550505331934 
512 642 515 1550505331950 
512 643 510 1550505331967 
512 646 502 1550505331983 
512 654 486 1550505332000 
512 662 470 1550505332017 
512 667 454 1550505332034 
512 669 427 1550505332050 
512 669 408 1550505332067 
512 667 389 1550505332084 
512 664 370 1550505332101 
512 663 349 1550505332117 
512 663 330 1550505332134 
512 666 303 1550505332150 
512 670 288 1550505332166 
512 674 276 1550505332184 
512 677 268 1550505332200 
512 678 262 1550505332217 
512 679 258 1550505332234 
512 682 253 1550505332250 
512 686 246 1550505332267 
512 689 242 1550505332284 
512 693 238 1550505332300 
512 699 230 1550505332317 
512 707 222 1550505332334 
512 711 217 1550505332350 
512 713 214 1550505332366 
512 713 212 1550505332384 
512 713 211 1550505332400 
512 714 210 1550505332417 
512 714 210 1550505332434 
512 714 208 1550505332500 
512 713 208 1550505332517 
512 711 208 1550505332534 
512 710 208 1550505332551 
512 709 209 1550505332567 
512 707 210 1550505332584 
512 704 212 1550505332601 
512 703 212 1550505332617 
513 703 212 1550505332818 
514 703 212 1550505332916 
