512 699 210 1550524404763 
512 706 217 1550524404780 
512 718 238 1550524404796 
512 726 260 1550524404813 
512 735 289 1550524404829 
512 744 315 1550524404846 
512 753 341 1550524404863 
512 765 366 1550524404880 
512 779 398 1550524404896 
512 786 418 1550524404913 
512 794 437 1550524404930 
512 801 454 1550524404947 
512 806 466 1550524404963 
512 810 477 1550524404980 
512 814 494 1550524404996 
512 818 507 1550524405014 
512 822 519 1550524405030 
512 825 530 1550524405046 
512 827 541 1550524405063 
512 830 553 1550524405080 
512 833 569 1550524405096 
512 834 576 1550524405113 
512 834 583 1550524405129 
512 836 590 1550524405147 
512 839 597 1550524405163 
512 842 603 1550524405180 
512 845 612 1550524405197 
512 846 616 1550524405213 
512 847 621 1550524405230 
512 849 623 1550524405247 
512 850 626 1550524405263 
512 851 627 1550524405279 
512 852 630 1550524405296 
512 853 630 1550524405313 
512 854 631 1550524405330 
512 854 634 1550524405346 
512 854 635 1550524405362 
512 854 637 1550524405380 
512 854 638 1550524405396 
512 853 638 1550524405412 
512 852 640 1550524405429 
512 849 642 1550524405446 
512 847 642 1550524405463 
512 846 642 1550524405479 
512 844 643 1550524405497 
512 841 643 1550524405513 
512 840 644 1550524405530 
512 839 644 1550524405547 
512 838 644 1550524405630 
513 838 644 1550524405701 
514 838 644 1550524405806 
512 838 642 1550524405847 
512 838 634 1550524405863 
512 837 627 1550524405879 
512 835 617 1550524405897 
512 834 599 1550524405913 
512 834 582 1550524405930 
512 834 553 1550524405947 
512 835 532 1550524405963 
512 835 509 1550524405980 
512 833 484 1550524405996 
512 830 459 1550524406013 
512 825 438 1550524406030 
512 814 414 1550524406046 
512 801 402 1550524406063 
512 781 394 1550524406080 
512 746 386 1550524406096 
512 694 384 1550524406113 
512 622 385 1550524406129 
512 538 386 1550524406146 
512 506 385 1550524406163 
512 487 385 1550524406179 
512 478 385 1550524406196 
512 475 383 1550524406213 
512 475 382 1550524406296 
512 477 380 1550524406313 
512 477 378 1550524406330 
512 477 377 1550524406347 
512 478 375 1550524406363 
513 478 375 1550524406595 
514 478 375 1550524406718 
512 484 367 1550524406763 
512 495 356 1550524406780 
512 511 343 1550524406797 
512 528 331 1550524406813 
512 550 318 1550524406830 
512 582 302 1550524406847 
512 618 283 1550524406863 
512 641 270 1550524406880 
512 647 265 1550524406896 
512 649 262 1550524406980 
512 650 258 1550524406996 
512 650 257 1550524407014 
512 652 256 1550524407030 
512 655 251 1550524407047 
512 660 246 1550524407064 
512 666 242 1550524407079 
512 682 232 1550524407096 
512 691 226 1550524407113 
512 694 224 1550524407130 
512 695 223 1550524407147 
512 696 223 1550524407213 
512 697 221 1550524407230 
512 698 220 1550524407246 
512 698 218 1550524407263 
512 698 218 1550524407280 
512 698 216 1550524407296 
512 698 214 1550524407313 
512 697 214 1550524407330 
512 697 212 1550524407363 
513 697 212 1550524407501 
514 697 212 1550524407606 
512 704 221 1550524407646 
512 712 233 1550524407663 
512 728 251 1550524407679 
512 747 270 1550524407697 
512 774 286 1550524407713 
512 793 298 1550524407730 
512 810 312 1550524407746 
512 817 318 1550524407763 
512 822 325 1550524407780 
512 827 332 1550524407796 
512 833 339 1550524407813 
512 835 346 1550524407830 
512 838 355 1550524407846 
512 846 367 1550524407863 
512 853 372 1550524407880 
512 861 373 1550524407897 
512 866 373 1550524407913 
512 871 372 1550524407929 
512 874 372 1550524407946 
512 877 372 1550524407963 
512 883 374 1550524407979 
512 894 374 1550524407996 
512 898 374 1550524408013 
512 900 375 1550524408030 
512 901 375 1550524408113 
512 905 375 1550524408130 
512 911 375 1550524408146 
512 922 375 1550524408163 
512 926 375 1550524408179 
512 926 375 1550524408196 
513 926 375 1550524408410 
512 927 375 1550524408446 
514 927 375 1550524408518 
512 918 378 1550524408546 
512 890 386 1550524408563 
512 843 399 1550524408580 
512 782 410 1550524408597 
512 748 420 1550524408613 
512 722 426 1550524408630 
512 702 430 1550524408647 
512 688 436 1550524408663 
512 679 442 1550524408680 
512 670 448 1550524408697 
512 659 454 1550524408713 
512 642 461 1550524408729 
512 624 467 1550524408746 
512 606 474 1550524408763 
512 597 477 1550524408780 
512 594 481 1550524408796 
512 592 487 1550524408813 
512 590 498 1550524408830 
512 586 515 1550524408846 
512 578 534 1550524408863 
512 570 549 1550524408879 
512 562 567 1550524408896 
512 559 578 1550524408913 
512 556 590 1550524408930 
512 554 601 1550524408946 
512 553 606 1550524408963 
512 551 611 1550524408980 
512 550 617 1550524408996 
512 548 619 1550524409013 
512 548 620 1550524409030 
512 548 622 1550524409046 
512 548 622 1550524409063 
512 548 624 1550524409080 
512 548 626 1550524409113 
512 548 628 1550524409129 
512 549 631 1550524409146 
512 550 635 1550524409163 
512 552 640 1550524409180 
512 553 641 1550524409197 
512 554 642 1550524409213 
513 554 642 1550524409391 
514 554 642 1550524409506 
512 558 637 1550524409563 
512 565 628 1550524409579 
512 570 622 1550524409597 
512 578 611 1550524409613 
512 592 594 1550524409630 
512 614 568 1550524409646 
512 628 550 1550524409663 
512 645 530 1550524409679 
512 667 502 1550524409696 
512 701 462 1550524409713 
512 722 441 1550524409729 
512 734 434 1550524409746 
512 738 434 1550524409763 
512 744 434 1550524409780 
512 756 440 1550524409796 
512 774 450 1550524409813 
512 792 466 1550524409829 
512 812 498 1550524409847 
512 822 518 1550524409862 
512 827 535 1550524409879 
512 833 554 1550524409896 
512 839 571 1550524409913 
512 846 587 1550524409930 
512 852 603 1550524409946 
512 854 610 1550524409963 
512 854 614 1550524409979 
512 855 618 1550524409996 
512 856 623 1550524410013 
512 856 627 1550524410030 
512 856 632 1550524410046 
512 855 638 1550524410062 
512 855 645 1550524410079 
512 854 650 1550524410097 
512 854 655 1550524410113 
512 853 657 1550524410129 
512 852 658 1550524410147 
512 851 658 1550524410213 
512 846 654 1550524410229 
512 842 650 1550524410246 
512 838 646 1550524410263 
512 838 645 1550524410279 
512 838 642 1550524410296 
512 837 642 1550524410313 
512 837 641 1550524410329 
512 837 640 1550524410346 
512 836 638 1550524410363 
513 836 638 1550524410457 
514 836 638 1550524410583 
512 836 637 1550524410596 
512 836 635 1550524410613 
512 836 630 1550524410630 
512 836 624 1550524410646 
512 834 615 1550524410663 
512 832 608 1550524410679 
512 830 586 1550524410696 
512 832 567 1550524410713 
512 833 550 1550524410730 
512 835 530 1550524410746 
512 838 512 1550524410762 
512 839 495 1550524410780 
512 844 478 1550524410796 
512 852 465 1550524410813 
512 862 448 1550524410829 
512 878 428 1550524410846 
512 894 411 1550524410863 
512 909 399 1550524410879 
512 916 394 1550524410896 
512 920 392 1550524410913 
512 920 391 1550524410929 
512 922 387 1550524411129 
512 923 381 1550524411147 
512 924 378 1550524411163 
512 924 378 1550524411196 
512 924 376 1550524411263 
512 924 374 1550524411280 
512 924 373 1550524411313 
513 924 373 1550524411360 
514 924 373 1550524411470 
512 916 371 1550524411496 
512 898 369 1550524411513 
512 874 369 1550524411529 
512 802 372 1550524411546 
512 742 368 1550524411563 
512 690 359 1550524411579 
512 638 353 1550524411596 
512 607 351 1550524411613 
512 585 352 1550524411630 
512 576 354 1550524411647 
512 575 354 1550524411663 
512 574 356 1550524411679 
512 569 359 1550524411696 
512 565 362 1550524411713 
512 564 362 1550524411729 
512 561 362 1550524411746 
512 556 362 1550524411762 
512 548 362 1550524411779 
512 533 364 1550524411796 
512 520 365 1550524411812 
512 509 367 1550524411829 
512 501 369 1550524411846 
512 494 370 1550524411862 
512 490 370 1550524411879 
512 485 370 1550524411896 
512 483 371 1550524411912 
512 480 373 1550524411929 
512 479 373 1550524411946 
512 478 374 1550524411963 
512 473 374 1550524411979 
512 472 374 1550524411996 
512 471 374 1550524412013 
512 470 374 1550524412030 
513 470 374 1550524412140 
514 470 374 1550524412242 
512 473 372 1550524412296 
512 478 369 1550524412312 
512 487 363 1550524412329 
512 503 355 1550524412346 
512 524 343 1550524412362 
512 546 330 1550524412379 
512 574 318 1550524412395 
512 625 301 1550524412412 
512 654 284 1550524412429 
512 676 274 1550524412446 
512 682 270 1550524412463 
512 685 268 1550524412479 
512 687 263 1550524412496 
512 694 253 1550524412513 
512 704 245 1550524412529 
512 708 243 1550524412546 
512 708 244 1550524412579 
512 707 265 1550524412596 
512 704 286 1550524412612 
512 702 306 1550524412629 
512 701 334 1550524412646 
512 696 374 1550524412662 
512 686 426 1550524412679 
512 673 466 1550524412695 
512 649 519 1550524412712 
512 638 547 1550524412730 
512 631 570 1550524412746 
512 626 590 1550524412763 
512 619 605 1550524412779 
512 614 616 1550524412796 
512 610 624 1550524412813 
512 607 628 1550524412829 
512 605 631 1550524412845 
512 604 632 1550524412863 
512 600 634 1550524412879 
512 594 637 1550524412895 
512 585 640 1550524412912 
512 571 643 1550524412929 
512 568 645 1550524412946 
512 567 646 1550524413013 
512 566 646 1550524413030 
512 564 646 1550524413046 
512 562 646 1550524413063 
512 561 645 1550524413080 
512 560 644 1550524413095 
512 559 643 1550524413113 
512 558 642 1550524413129 
512 557 640 1550524413146 
512 557 639 1550524413162 
512 556 638 1550524413180 
513 556 638 1550524413255 
514 556 638 1550524413378 
512 558 634 1550524413429 
512 570 622 1550524413446 
512 575 613 1550524413462 
512 581 606 1550524413479 
512 586 594 1550524413496 
512 593 582 1550524413513 
512 601 567 1550524413529 
512 615 541 1550524413545 
512 626 519 1550524413563 
512 637 499 1550524413579 
512 645 485 1550524413596 
512 651 472 1550524413613 
512 657 460 1550524413629 
512 663 443 1550524413646 
512 674 412 1550524413662 
512 676 389 1550524413679 
512 677 366 1550524413696 
512 674 342 1550524413713 
512 671 322 1550524413729 
512 666 301 1550524413746 
512 665 284 1550524413762 
512 662 266 1550524413779 
512 662 261 1550524413796 
512 662 256 1550524413813 
512 662 254 1550524413829 
512 661 250 1550524413847 
512 661 246 1550524413863 
512 662 239 1550524413879 
512 663 234 1550524413896 
512 666 230 1550524413912 
512 668 226 1550524413929 
512 671 222 1550524413946 
512 676 216 1550524413963 
512 683 210 1550524413979 
512 691 202 1550524413996 
512 694 201 1550524414013 
512 694 201 1550524414029 
513 694 201 1550524414274 
514 694 201 1550524414404 
512 694 204 1550524414446 
512 696 207 1550524414462 
512 698 213 1550524414479 
512 701 219 1550524414496 
512 714 241 1550524414513 
512 724 259 1550524414529 
512 735 282 1550524414546 
512 748 305 1550524414562 
512 755 322 1550524414579 
512 761 341 1550524414596 
512 763 360 1550524414613 
512 766 390 1550524414630 
512 772 410 1550524414645 
512 778 437 1550524414663 
512 788 462 1550524414679 
512 795 483 1550524414696 
512 798 497 1550524414713 
512 800 509 1550524414729 
512 800 510 1550524414746 
512 800 506 1550524414862 
512 798 495 1550524414880 
512 798 485 1550524414896 
512 795 476 1550524414913 
512 792 466 1550524414929 
512 786 440 1550524414946 
512 783 417 1550524414962 
512 780 388 1550524414979 
512 774 361 1550524414995 
512 770 336 1550524415013 
512 766 314 1550524415029 
512 760 286 1550524415046 
512 754 269 1550524415063 
512 748 251 1550524415079 
512 741 239 1550524415096 
512 735 230 1550524415112 
512 730 224 1550524415130 
512 723 218 1550524415146 
512 718 214 1550524415163 
512 714 213 1550524415179 
512 708 212 1550524415195 
512 702 212 1550524415213 
512 697 212 1550524415229 
512 694 212 1550524415246 
512 696 212 1550524415412 
512 700 209 1550524415429 
512 702 207 1550524415446 
513 702 207 1550524415568 
512 702 208 1550524415630 
514 702 208 1550524415702 
