512 701 222 1549487027114 
512 707 235 1549487027131 
512 717 252 1549487027148 
512 735 273 1549487027164 
512 756 295 1549487027180 
512 776 315 1549487027198 
512 790 342 1549487027215 
512 793 359 1549487027231 
512 795 376 1549487027248 
512 796 393 1549487027264 
512 799 406 1549487027281 
512 806 424 1549487027298 
512 812 442 1549487027314 
512 822 467 1549487027331 
512 828 482 1549487027347 
512 834 494 1549487027364 
512 834 509 1549487027380 
512 835 524 1549487027398 
512 834 539 1549487027415 
512 832 558 1549487027431 
512 832 570 1549487027448 
512 833 582 1549487027465 
512 835 593 1549487027480 
512 837 602 1549487027498 
512 840 610 1549487027515 
512 842 617 1549487027531 
512 844 625 1549487027548 
512 846 628 1549487027564 
512 846 631 1549487027581 
512 848 634 1549487027598 
512 849 636 1549487027615 
512 850 637 1549487027631 
512 850 638 1549487027648 
512 850 639 1549487027664 
512 850 640 1549487027680 
512 850 642 1549487027698 
512 849 644 1549487027715 
512 845 647 1549487027732 
512 845 648 1549487027748 
512 844 648 1549487027764 
512 843 648 1549487027797 
512 842 648 1549487027831 
512 841 647 1549487027848 
512 840 646 1549487027880 
512 839 646 1549487027898 
512 838 645 1549487027914 
512 838 644 1549487027932 
513 838 644 1549487027972 
514 838 644 1549487028103 
512 838 642 1549487028132 
512 837 636 1549487028148 
512 836 634 1549487028165 
512 831 627 1549487028181 
512 823 613 1549487028198 
512 819 602 1549487028214 
512 816 590 1549487028231 
512 810 576 1549487028248 
512 802 564 1549487028265 
512 786 546 1549487028281 
512 771 535 1549487028297 
512 756 524 1549487028314 
512 744 512 1549487028331 
512 730 500 1549487028347 
512 722 494 1549487028364 
512 677 470 1549487028380 
512 658 465 1549487028398 
512 642 463 1549487028414 
512 625 461 1549487028432 
512 606 458 1549487028448 
512 586 457 1549487028464 
512 567 452 1549487028480 
512 547 442 1549487028498 
512 542 437 1549487028515 
512 538 433 1549487028531 
512 537 428 1549487028548 
512 536 426 1549487028565 
512 534 422 1549487028581 
512 531 417 1549487028598 
512 530 412 1549487028614 
512 528 406 1549487028631 
512 526 401 1549487028648 
512 523 397 1549487028665 
512 518 393 1549487028680 
512 511 386 1549487028698 
512 505 383 1549487028715 
512 498 382 1549487028731 
512 493 380 1549487028748 
512 489 378 1549487028764 
512 488 378 1549487028780 
512 486 378 1549487028798 
512 486 377 1549487028814 
512 485 377 1549487028832 
512 485 376 1549487028865 
512 483 375 1549487028880 
512 482 375 1549487028964 
512 481 375 1549487028998 
512 479 375 1549487029015 
512 478 375 1549487029032 
512 478 375 1549487029048 
513 478 375 1549487029160 
514 478 375 1549487029268 
512 482 374 1549487029332 
512 506 374 1549487029348 
512 547 374 1549487029364 
512 603 374 1549487029380 
512 655 370 1549487029399 
512 700 363 1549487029415 
512 762 354 1549487029432 
512 852 350 1549487029448 
512 890 352 1549487029465 
512 902 354 1549487029480 
512 914 362 1549487029498 
512 914 366 1549487029516 
512 914 371 1549487029532 
512 915 374 1549487029548 
512 916 378 1549487029565 
512 916 380 1549487029580 
512 916 382 1549487029598 
512 914 383 1549487029615 
512 910 384 1549487029632 
512 908 385 1549487029648 
512 907 385 1549487029665 
512 902 385 1549487029681 
512 892 382 1549487029698 
512 886 382 1549487029715 
512 857 377 1549487029731 
512 831 370 1549487029748 
512 822 368 1549487029765 
512 779 364 1549487029780 
512 743 358 1549487029798 
512 721 347 1549487029815 
512 707 330 1549487029832 
512 698 301 1549487029848 
512 698 283 1549487029865 
512 698 270 1549487029880 
512 698 266 1549487029898 
512 704 252 1549487029915 
512 706 245 1549487029932 
512 708 238 1549487029948 
512 710 236 1549487029965 
512 710 234 1549487030048 
512 710 234 1549487030065 
512 708 231 1549487030080 
512 706 230 1549487030098 
512 706 229 1549487030115 
512 704 226 1549487030131 
512 702 224 1549487030148 
512 699 218 1549487030165 
512 698 214 1549487030180 
512 698 213 1549487030198 
513 698 213 1549487030351 
512 698 216 1549487030474 
514 698 216 1549487030475 
512 700 223 1549487030498 
512 702 229 1549487030515 
512 710 236 1549487030532 
512 719 247 1549487030548 
512 732 262 1549487030563 
512 759 297 1549487030582 
512 774 321 1549487030598 
512 782 342 1549487030615 
512 790 367 1549487030633 
512 806 402 1549487030648 
512 814 431 1549487030665 
512 818 453 1549487030681 
512 822 482 1549487030698 
512 826 498 1549487030715 
512 832 508 1549487030733 
512 838 514 1549487030748 
512 844 515 1549487030765 
512 853 514 1549487030780 
512 878 501 1549487030798 
512 888 493 1549487030815 
512 926 455 1549487030833 
512 939 438 1549487030848 
512 941 431 1549487030865 
512 938 426 1549487030880 
512 930 414 1549487030898 
512 930 409 1549487030915 
512 926 391 1549487030933 
512 921 379 1549487030949 
512 916 371 1549487030965 
512 914 366 1549487030981 
512 913 363 1549487030998 
512 913 358 1549487031015 
512 914 354 1549487031033 
512 914 353 1549487031048 
512 916 351 1549487031064 
512 919 350 1549487031080 
512 922 348 1549487031098 
512 922 347 1549487031114 
512 923 349 1549487031198 
512 923 354 1549487031215 
512 923 360 1549487031233 
512 923 362 1549487031248 
512 923 365 1549487031265 
512 923 366 1549487031381 
512 923 367 1549487031448 
512 923 368 1549487031465 
513 923 368 1549487031632 
514 923 368 1549487031739 
512 917 373 1549487031780 
512 907 378 1549487031798 
512 902 380 1549487031815 
512 875 386 1549487031833 
512 850 394 1549487031848 
512 840 395 1549487031864 
512 798 406 1549487031880 
512 771 414 1549487031898 
512 748 424 1549487031915 
512 733 431 1549487031933 
512 730 435 1549487031948 
512 730 438 1549487031965 
512 731 445 1549487031980 
512 732 450 1549487031998 
512 732 454 1549487032015 
512 730 460 1549487032033 
512 723 473 1549487032048 
512 709 498 1549487032065 
512 695 519 1549487032080 
512 678 544 1549487032098 
512 659 573 1549487032115 
512 640 597 1549487032133 
512 630 606 1549487032148 
512 607 631 1549487032165 
512 598 641 1549487032180 
512 593 646 1549487032198 
512 589 650 1549487032215 
512 585 652 1549487032232 
512 582 653 1549487032249 
512 581 654 1549487032263 
512 579 655 1549487032281 
512 578 655 1549487032298 
512 576 655 1549487032331 
512 574 654 1549487032348 
512 571 653 1549487032364 
512 568 650 1549487032382 
512 567 649 1549487032398 
512 566 648 1549487032415 
512 565 646 1549487032433 
512 563 645 1549487032448 
512 562 644 1549487032465 
512 561 642 1549487032480 
512 560 642 1549487032498 
512 558 640 1549487032515 
513 558 640 1549487032590 
514 558 640 1549487032705 
512 559 636 1549487032734 
512 563 630 1549487032748 
512 570 618 1549487032765 
512 581 604 1549487032781 
512 594 589 1549487032798 
512 611 569 1549487032814 
512 623 552 1549487032833 
512 630 538 1549487032848 
512 638 520 1549487032865 
512 646 498 1549487032880 
512 655 473 1549487032898 
512 674 437 1549487032915 
512 688 418 1549487032932 
512 702 403 1549487032948 
512 712 398 1549487032964 
512 770 370 1549487032998 
512 878 368 1549487033015 
512 906 386 1549487033033 
512 915 405 1549487033048 
512 916 414 1549487033065 
512 918 449 1549487033080 
512 921 471 1549487033098 
512 924 495 1549487033114 
512 929 531 1549487033132 
512 930 554 1549487033148 
512 932 577 1549487033165 
512 930 590 1549487033183 
512 927 596 1549487033198 
512 925 598 1549487033215 
512 919 601 1549487033234 
512 913 605 1549487033248 
512 902 609 1549487033265 
512 863 622 1549487033298 
512 827 633 1549487033315 
512 822 635 1549487033333 
512 819 638 1549487033365 
512 817 642 1549487033380 
512 814 644 1549487033398 
512 812 645 1549487033415 
512 810 646 1549487033434 
512 808 648 1549487033448 
512 806 650 1549487033465 
512 804 651 1549487033480 
512 804 652 1549487033498 
512 803 653 1549487033515 
512 805 653 1549487033582 
512 818 650 1549487033598 
512 836 646 1549487033615 
512 846 644 1549487033633 
512 846 644 1549487033799 
512 847 644 1549487033815 
512 846 643 1549487033864 
513 846 643 1549487033896 
514 846 643 1549487034043 
512 846 642 1549487034082 
512 844 638 1549487034114 
512 842 636 1549487034131 
512 842 634 1549487034147 
512 834 617 1549487034163 
512 826 603 1549487034181 
512 813 590 1549487034197 
512 783 566 1549487034214 
512 766 555 1549487034230 
512 748 545 1549487034247 
512 735 538 1549487034263 
512 727 531 1549487034280 
512 726 526 1549487034298 
512 730 520 1549487034314 
512 743 512 1549487034332 
512 766 500 1549487034348 
512 819 478 1549487034365 
512 964 430 1549487034381 
512 1042 408 1549487034397 
512 1058 404 1549487034413 
512 1070 401 1549487034431 
512 1066 400 1549487034464 
512 1060 397 1549487034481 
512 1058 396 1549487034498 
512 1052 394 1549487034513 
512 1045 392 1549487034531 
512 1038 392 1549487034548 
512 1033 391 1549487034564 
512 1019 391 1549487034581 
512 1009 390 1549487034598 
512 1005 390 1549487034614 
512 988 388 1549487034632 
512 977 388 1549487034648 
512 971 387 1549487034665 
512 966 386 1549487034681 
512 960 383 1549487034697 
512 958 382 1549487034713 
512 954 381 1549487034731 
512 953 381 1549487034748 
512 952 380 1549487034765 
512 951 379 1549487034781 
512 950 379 1549487034797 
512 946 379 1549487034831 
512 946 379 1549487034848 
512 945 379 1549487034864 
512 944 379 1549487034881 
512 943 379 1549487034897 
512 943 380 1549487034913 
512 942 380 1549487035114 
512 940 379 1549487035132 
512 938 378 1549487035148 
512 937 378 1549487035164 
513 937 378 1549487035334 
514 937 378 1549487035494 
512 930 376 1549487035714 
512 922 376 1549487035731 
512 910 376 1549487035747 
512 899 378 1549487035764 
512 897 378 1549487035781 
512 893 381 1549487035798 
512 890 382 1549487035813 
512 887 384 1549487035831 
512 882 389 1549487035847 
512 868 398 1549487035864 
512 858 404 1549487035881 
512 856 406 1549487035898 
512 856 406 1549487035914 
512 860 408 1549487035931 
512 866 410 1549487035948 
512 878 412 1549487035964 
512 905 408 1549487035981 
512 931 400 1549487035998 
512 950 394 1549487036014 
512 959 388 1549487036031 
512 963 383 1549487036048 
512 966 378 1549487036064 
512 968 369 1549487036081 
512 969 363 1549487036098 
512 969 360 1549487036113 
512 969 359 1549487036131 
512 964 362 1549487036264 
512 948 372 1549487036281 
512 942 375 1549487036298 
512 941 376 1549487036314 
512 939 377 1549487036331 
512 938 377 1549487036347 
512 937 376 1549487036365 
512 932 374 1549487036381 
512 930 374 1549487036398 
512 930 374 1549487036414 
513 930 374 1549487036622 
514 930 374 1549487036784 
512 929 374 1549487036864 
512 928 374 1549487036881 
512 924 378 1549487037013 
512 919 386 1549487037031 
512 919 387 1549487037047 
512 918 381 1549487037113 
512 883 358 1549487037131 
512 838 330 1549487037148 
512 785 310 1549487037164 
512 736 280 1549487037181 
512 695 247 1549487037198 
512 676 221 1549487037213 
512 658 187 1549487037231 
512 654 180 1549487037248 
512 662 175 1549487037265 
512 692 172 1549487037281 
512 742 179 1549487037298 
512 777 197 1549487037313 
512 801 214 1549487037331 
512 772 155 1549487037531 
512 717 142 1549487037548 
512 656 138 1549487037565 
512 646 138 1549487037581 
512 644 138 1549487037597 
512 644 142 1549487037613 
512 644 146 1549487037631 
512 644 157 1549487037648 
512 642 170 1549487037665 
512 630 199 1549487037681 
512 622 214 1549487037698 
512 616 222 1549487037714 
512 613 223 1549487037731 
512 611 225 1549487037748 
512 610 226 1549487037764 
512 610 227 1549487037813 
512 605 231 1549487037831 
512 599 236 1549487037848 
512 598 237 1549487037864 
512 597 237 1549487037914 
512 596 238 1549487037932 
512 594 242 1549487037947 
512 587 251 1549487037964 
512 572 274 1549487037981 
512 570 281 1549487037998 
512 556 303 1549487038013 
512 548 317 1549487038031 
512 536 332 1549487038048 
512 522 347 1549487038065 
512 495 367 1549487038081 
512 478 378 1549487038097 
512 459 385 1549487038113 
512 446 390 1549487038131 
512 439 394 1549487038147 
512 435 396 1549487038165 
512 434 396 1549487038181 
512 443 391 1549487038498 
512 457 386 1549487038513 
512 471 382 1549487038531 
512 474 382 1549487038548 
512 474 381 1549487038631 
512 474 380 1549487038648 
512 473 379 1549487038732 
512 472 378 1549487038748 
512 471 378 1549487038765 
512 470 376 1549487038781 
512 469 375 1549487038798 
512 467 374 1549487038813 
512 467 373 1549487038831 
512 467 372 1549487038848 
513 467 372 1549487038895 
514 467 372 1549487039039 
512 474 370 1549487039098 
512 483 370 1549487039113 
512 509 370 1549487039131 
512 560 365 1549487039148 
512 635 354 1549487039165 
512 705 352 1549487039181 
512 748 351 1549487039197 
512 778 352 1549487039214 
512 802 354 1549487039231 
512 831 360 1549487039247 
512 847 363 1549487039264 
512 862 366 1549487039281 
512 872 371 1549487039298 
512 878 379 1549487039313 
512 882 392 1549487039331 
512 882 410 1549487039348 
512 876 441 1549487039365 
512 868 463 1549487039381 
512 849 499 1549487039398 
512 818 551 1549487039414 
512 782 599 1549487039431 
512 735 647 1549487039448 
512 666 715 1549487039464 
512 638 741 1549487039481 
512 618 748 1549487039498 
512 596 748 1549487039513 
512 572 748 1549487039531 
512 546 748 1549487039548 
512 524 748 1549487039564 
512 509 748 1549487039581 
512 506 748 1549487039597 
512 505 747 1549487039613 
512 504 746 1549487039631 
512 503 745 1549487039648 
512 502 744 1549487039664 
512 500 742 1549487039681 
512 498 739 1549487039698 
512 497 735 1549487039713 
512 495 729 1549487039731 
512 495 722 1549487039748 
512 498 717 1549487039764 
512 506 710 1549487039781 
512 510 707 1549487039797 
512 512 706 1549487039813 
512 513 705 1549487039831 
512 514 704 1549487039848 
512 515 701 1549487039865 
512 518 697 1549487039881 
512 519 692 1549487039897 
512 520 690 1549487039913 
512 524 683 1549487039931 
512 529 678 1549487039948 
512 532 675 1549487039964 
512 536 673 1549487039981 
512 538 671 1549487039997 
512 538 671 1549487040013 
512 540 670 1549487040031 
512 541 670 1549487040098 
512 542 667 1549487040131 
512 543 666 1549487040148 
512 545 664 1549487040164 
512 546 661 1549487040181 
512 550 654 1549487040197 
512 553 651 1549487040213 
512 556 646 1549487040230 
512 557 644 1549487040248 
512 557 643 1549487040264 
512 557 642 1549487040281 
512 558 641 1549487040298 
512 558 640 1549487040314 
513 558 640 1549487040475 
514 558 640 1549487040607 
512 559 639 1549487040648 
512 562 637 1549487040664 
512 566 631 1549487040681 
512 578 623 1549487040698 
512 589 614 1549487040713 
512 603 597 1549487040731 
512 618 577 1549487040748 
512 634 553 1549487040764 
512 652 526 1549487040781 
512 668 498 1549487040797 
512 681 474 1549487040813 
512 688 449 1549487040831 
512 688 438 1549487040847 
512 687 426 1549487040864 
512 686 415 1549487040881 
512 685 402 1549487040898 
512 685 386 1549487040913 
512 683 360 1549487040931 
512 678 342 1549487040948 
512 672 324 1549487040965 
512 670 309 1549487040981 
512 668 296 1549487040997 
512 668 286 1549487041013 
512 668 280 1549487041031 
512 668 274 1549487041047 
512 668 269 1549487041064 
512 669 265 1549487041082 
512 669 262 1549487041097 
512 669 260 1549487041113 
512 669 259 1549487041131 
512 669 258 1549487041147 
512 668 255 1549487041231 
512 668 253 1549487041248 
512 669 251 1549487041264 
512 671 248 1549487041281 
512 676 243 1549487041297 
512 683 237 1549487041314 
512 690 230 1549487041331 
512 697 223 1549487041347 
512 701 218 1549487041364 
512 702 214 1549487041381 
512 702 212 1549487041398 
512 704 208 1549487041414 
512 705 206 1549487041431 
512 705 205 1549487041448 
512 705 204 1549487041481 
512 704 204 1549487041531 
512 703 204 1549487041563 
513 703 204 1549487041666 
514 703 204 1549487041774 
