512 705 212 1549487067080 
512 705 213 1549487067131 
512 706 215 1549487067147 
512 706 221 1549487067164 
512 707 230 1549487067181 
512 714 250 1549487067199 
512 726 270 1549487067214 
512 736 292 1549487067230 
512 745 317 1549487067247 
512 753 342 1549487067264 
512 766 378 1549487067280 
512 777 401 1549487067299 
512 788 420 1549487067314 
512 795 438 1549487067330 
512 798 450 1549487067346 
512 803 465 1549487067364 
512 810 489 1549487067381 
512 814 502 1549487067398 
512 818 513 1549487067413 
512 819 522 1549487067431 
512 822 533 1549487067446 
512 823 544 1549487067464 
512 824 562 1549487067480 
512 824 571 1549487067498 
512 824 578 1549487067514 
512 824 582 1549487067531 
512 824 587 1549487067546 
512 825 589 1549487067565 
512 826 591 1549487067580 
512 827 594 1549487067598 
512 829 595 1549487067614 
512 830 599 1549487067631 
512 831 604 1549487067647 
512 833 608 1549487067664 
512 834 613 1549487067681 
512 835 618 1549487067698 
512 837 622 1549487067713 
512 838 623 1549487067731 
512 838 626 1549487067746 
512 838 630 1549487067764 
512 837 632 1549487067781 
512 836 634 1549487067799 
512 836 636 1549487067814 
512 836 637 1549487067830 
512 836 638 1549487067846 
512 836 639 1549487067864 
512 836 641 1549487067881 
512 836 642 1549487067898 
512 836 642 1549487067914 
513 836 642 1549487068015 
514 836 642 1549487068161 
512 837 642 1549487068198 
512 838 641 1549487068214 
512 839 639 1549487068230 
512 839 638 1549487068246 
512 841 637 1549487068265 
512 842 634 1549487068299 
512 844 634 1549487068313 
512 846 631 1549487068332 
512 846 630 1549487068346 
512 849 626 1549487068365 
512 849 625 1549487068380 
512 849 623 1549487068399 
512 849 622 1549487068414 
512 846 613 1549487068432 
512 844 607 1549487068447 
512 827 583 1549487068465 
512 807 566 1549487068480 
512 772 546 1549487068498 
512 722 521 1549487068514 
512 646 495 1549487068531 
512 566 475 1549487068546 
512 481 455 1549487068564 
512 459 449 1549487068580 
512 450 441 1549487068598 
512 446 434 1549487068613 
512 445 430 1549487068631 
512 442 426 1549487068646 
512 438 419 1549487068663 
512 438 417 1549487068681 
512 436 413 1549487068697 
512 434 410 1549487068713 
512 434 408 1549487068730 
512 434 407 1549487068748 
512 434 406 1549487068764 
512 434 406 1549487068830 
512 437 402 1549487068849 
512 442 398 1549487068863 
512 450 392 1549487068880 
512 460 386 1549487068896 
512 470 381 1549487068914 
512 476 379 1549487068931 
512 478 378 1549487068947 
512 478 378 1549487068964 
512 478 378 1549487068980 
512 478 377 1549487069014 
512 478 376 1549487069031 
512 478 374 1549487069046 
512 478 374 1549487069064 
512 478 373 1549487069080 
512 476 370 1549487069098 
512 474 370 1549487069114 
512 473 368 1549487069131 
512 472 367 1549487069146 
512 470 366 1549487069164 
512 469 366 1549487069180 
512 468 365 1549487069198 
513 468 365 1549487069321 
512 470 365 1549487069443 
514 470 365 1549487069443 
512 475 365 1549487069466 
512 481 364 1549487069480 
512 489 362 1549487069499 
512 500 361 1549487069514 
512 514 358 1549487069531 
512 533 355 1549487069546 
512 582 348 1549487069564 
512 652 338 1549487069580 
512 705 331 1549487069598 
512 753 321 1549487069613 
512 766 320 1549487069631 
512 769 320 1549487069646 
512 770 322 1549487069699 
512 770 324 1549487069714 
512 772 331 1549487069730 
512 772 336 1549487069747 
512 771 341 1549487069764 
512 769 345 1549487069781 
512 765 350 1549487069799 
512 758 355 1549487069814 
512 748 361 1549487069830 
512 720 374 1549487069846 
512 701 380 1549487069864 
512 680 387 1549487069880 
512 661 390 1549487069898 
512 644 392 1549487069914 
512 621 392 1549487069931 
512 612 394 1549487069946 
512 585 394 1549487069964 
512 566 391 1549487069980 
512 553 388 1549487069998 
512 546 384 1549487070014 
512 545 379 1549487070030 
512 544 378 1549487070046 
512 543 377 1549487070063 
512 542 375 1549487070080 
512 540 374 1549487070098 
512 536 372 1549487070114 
512 532 370 1549487070130 
512 528 366 1549487070146 
512 517 363 1549487070164 
512 510 362 1549487070180 
512 504 362 1549487070199 
512 500 362 1549487070214 
512 498 362 1549487070230 
512 498 363 1549487070246 
512 495 365 1549487070263 
512 493 365 1549487070313 
512 490 365 1549487070330 
512 489 365 1549487070364 
512 487 366 1549487070380 
512 486 367 1549487070398 
512 484 369 1549487070414 
512 483 370 1549487070430 
512 482 370 1549487070446 
512 482 371 1549487070463 
512 481 372 1549487070481 
512 480 372 1549487070498 
512 479 373 1549487070563 
513 479 373 1549487070617 
514 479 373 1549487070741 
512 480 373 1549487070832 
512 482 372 1549487070847 
512 483 371 1549487070865 
512 489 370 1549487070882 
512 496 369 1549487070900 
512 510 366 1549487070915 
512 530 366 1549487070932 
512 550 366 1549487070946 
512 569 367 1549487070965 
512 610 375 1549487070982 
512 664 373 1549487070998 
512 731 362 1549487071015 
512 801 341 1549487071030 
512 834 321 1549487071048 
512 845 306 1549487071065 
512 840 293 1549487071081 
512 830 284 1549487071097 
512 822 272 1549487071114 
512 816 258 1549487071129 
512 811 242 1549487071148 
512 810 230 1549487071164 
512 807 222 1549487071181 
512 806 221 1549487071197 
512 805 219 1549487071214 
512 804 218 1549487071230 
512 800 218 1549487071247 
512 793 220 1549487071264 
512 770 222 1549487071280 
512 748 225 1549487071297 
512 725 225 1549487071314 
512 704 222 1549487071330 
512 693 222 1549487071348 
512 690 220 1549487071364 
512 690 219 1549487071381 
512 689 218 1549487071398 
512 689 217 1549487071414 
512 689 216 1549487071429 
512 689 214 1549487071447 
512 689 213 1549487071463 
512 689 212 1549487071480 
512 689 211 1549487071497 
512 690 210 1549487071514 
512 691 209 1549487071530 
512 692 208 1549487071547 
512 693 207 1549487071564 
512 694 206 1549487071580 
512 697 206 1549487071598 
512 698 206 1549487071614 
513 698 206 1549487071769 
514 698 206 1549487071893 
512 698 206 1549487071947 
512 702 210 1549487071964 
512 703 214 1549487071981 
512 705 218 1549487071997 
512 706 223 1549487072014 
512 708 229 1549487072030 
512 712 245 1549487072047 
512 713 258 1549487072064 
512 715 274 1549487072081 
512 717 292 1549487072097 
512 723 310 1549487072114 
512 730 322 1549487072130 
512 750 335 1549487072147 
512 773 344 1549487072164 
512 804 353 1549487072180 
512 845 357 1549487072197 
512 875 359 1549487072214 
512 894 363 1549487072230 
512 902 367 1549487072248 
512 904 370 1549487072263 
512 905 371 1549487072281 
512 906 372 1549487072297 
512 908 373 1549487072314 
512 909 373 1549487072330 
512 910 374 1549487072347 
512 910 374 1549487072364 
512 911 375 1549487072464 
512 916 376 1549487072481 
512 918 376 1549487072497 
512 918 376 1549487072514 
512 920 376 1549487072530 
513 920 376 1549487072741 
514 920 376 1549487072881 
512 921 376 1549487072914 
512 919 378 1549487072997 
512 914 382 1549487073014 
512 904 388 1549487073029 
512 892 394 1549487073047 
512 882 400 1549487073064 
512 873 404 1549487073080 
512 848 414 1549487073097 
512 826 421 1549487073113 
512 792 432 1549487073129 
512 755 443 1549487073147 
512 733 451 1549487073163 
512 720 458 1549487073180 
512 706 468 1549487073197 
512 698 478 1549487073213 
512 690 491 1549487073231 
512 677 509 1549487073247 
512 662 530 1549487073264 
512 645 551 1549487073280 
512 628 572 1549487073297 
512 608 596 1549487073314 
512 598 608 1549487073330 
512 594 615 1549487073347 
512 591 620 1549487073364 
512 590 624 1549487073380 
512 589 625 1549487073397 
512 588 627 1549487073414 
512 586 629 1549487073431 
512 585 630 1549487073447 
512 584 630 1549487073464 
512 581 632 1549487073547 
512 577 634 1549487073563 
512 574 634 1549487073579 
512 570 636 1549487073597 
512 566 638 1549487073614 
512 565 638 1549487073630 
512 564 638 1549487073647 
513 564 638 1549487073811 
512 564 637 1549487073963 
514 564 637 1549487073964 
512 564 636 1549487073979 
512 566 632 1549487073997 
512 567 628 1549487074014 
512 571 620 1549487074031 
512 576 610 1549487074047 
512 578 605 1549487074063 
512 580 595 1549487074079 
512 582 589 1549487074097 
512 582 583 1549487074114 
512 583 578 1549487074130 
512 585 572 1549487074147 
512 590 561 1549487074164 
512 595 549 1549487074180 
512 609 534 1549487074197 
512 622 522 1549487074214 
512 628 518 1549487074230 
512 633 518 1549487074247 
512 651 521 1549487074263 
512 659 524 1549487074279 
512 688 532 1549487074297 
512 701 538 1549487074313 
512 714 546 1549487074331 
512 732 557 1549487074347 
512 752 565 1549487074363 
512 778 574 1549487074379 
512 789 579 1549487074397 
512 794 584 1549487074414 
512 796 588 1549487074430 
512 798 593 1549487074447 
512 803 598 1549487074463 
512 811 603 1549487074480 
512 822 608 1549487074497 
512 825 610 1549487074513 
512 826 610 1549487074530 
512 826 612 1549487074546 
512 827 614 1549487074563 
512 828 617 1549487074580 
512 830 619 1549487074597 
512 830 622 1549487074613 
512 832 625 1549487074630 
512 834 630 1549487074647 
512 835 634 1549487074663 
512 837 638 1549487074680 
512 838 646 1549487074696 
512 839 649 1549487074713 
512 841 651 1549487074730 
512 842 653 1549487074747 
512 842 654 1549487074764 
512 843 654 1549487074780 
512 844 655 1549487074797 
512 844 654 1549487074964 
512 842 651 1549487074980 
512 842 646 1549487074997 
512 842 644 1549487075013 
512 842 643 1549487075029 
512 842 642 1549487075047 
512 842 642 1549487075064 
512 842 641 1549487075080 
513 842 641 1549487075161 
512 842 641 1549487075197 
514 842 641 1549487075269 
512 841 641 1549487075347 
512 839 639 1549487075364 
512 836 638 1549487075380 
512 832 634 1549487075397 
512 828 633 1549487075414 
512 804 626 1549487075430 
512 767 624 1549487075447 
512 740 623 1549487075463 
512 729 621 1549487075480 
512 726 619 1549487075497 
512 726 616 1549487075513 
512 728 611 1549487075529 
512 738 600 1549487075547 
512 756 583 1549487075564 
512 806 551 1549487075580 
512 884 498 1549487075597 
512 949 466 1549487075613 
512 971 453 1549487075629 
512 980 439 1549487075647 
512 979 432 1549487075663 
512 978 420 1549487075680 
512 979 403 1549487075697 
512 982 387 1549487075714 
512 984 380 1549487075729 
512 986 372 1549487075747 
512 987 368 1549487075763 
512 989 363 1549487075781 
512 989 360 1549487075797 
512 988 358 1549487075814 
512 986 358 1549487075829 
512 978 357 1549487075847 
512 969 357 1549487075863 
512 958 358 1549487075880 
512 947 361 1549487075897 
512 937 362 1549487075913 
512 931 364 1549487075929 
512 929 366 1549487075947 
512 926 367 1549487075963 
512 926 368 1549487075981 
512 926 369 1549487075997 
512 925 370 1549487076049 
512 924 370 1549487076064 
512 922 372 1549487076080 
512 922 373 1549487076097 
512 921 374 1549487076114 
513 921 374 1549487076186 
514 921 374 1549487076295 
512 920 374 1549487076347 
512 917 376 1549487076363 
512 912 378 1549487076381 
512 903 386 1549487076397 
512 890 394 1549487076413 
512 881 402 1549487076429 
512 868 410 1549487076447 
512 846 421 1549487076463 
512 813 433 1549487076480 
512 796 442 1549487076497 
512 780 450 1549487076514 
512 762 459 1549487076530 
512 741 468 1549487076547 
512 720 474 1549487076564 
512 683 477 1549487076581 
512 664 477 1549487076597 
512 650 471 1549487076614 
512 634 466 1549487076629 
512 616 457 1549487076647 
512 596 448 1549487076663 
512 581 439 1549487076680 
512 570 428 1549487076696 
512 565 421 1549487076714 
512 562 418 1549487076730 
512 556 410 1549487076747 
512 554 406 1549487076764 
512 551 402 1549487076781 
512 545 398 1549487076797 
512 541 396 1549487076814 
512 538 394 1549487076829 
512 524 390 1549487076847 
512 512 386 1549487076864 
512 502 381 1549487076881 
512 498 378 1549487076897 
512 493 376 1549487076914 
512 489 375 1549487076930 
512 486 374 1549487076947 
512 485 373 1549487076980 
512 484 372 1549487076997 
512 482 371 1549487077014 
512 480 370 1549487077030 
512 479 369 1549487077047 
512 478 367 1549487077064 
512 477 367 1549487077097 
512 475 367 1549487077114 
512 474 368 1549487077147 
513 474 368 1549487077231 
514 474 368 1549487077346 
512 482 366 1549487077397 
512 505 358 1549487077414 
512 527 348 1549487077429 
512 555 334 1549487077447 
512 575 325 1549487077464 
512 593 314 1549487077480 
512 624 302 1549487077497 
512 666 280 1549487077514 
512 722 262 1549487077531 
512 733 260 1549487077547 
512 734 260 1549487077564 
512 738 279 1549487077647 
512 737 299 1549487077664 
512 726 324 1549487077679 
512 710 354 1549487077697 
512 690 384 1549487077714 
512 669 413 1549487077731 
512 626 466 1549487077747 
512 601 500 1549487077763 
512 590 517 1549487077779 
512 577 551 1549487077797 
512 576 569 1549487077814 
512 575 586 1549487077830 
512 574 601 1549487077847 
512 572 618 1549487077863 
512 571 623 1549487077879 
512 566 636 1549487077897 
512 564 642 1549487077913 
512 564 645 1549487077931 
512 564 646 1549487077947 
512 564 647 1549487077963 
512 564 648 1549487078014 
512 565 650 1549487078031 
512 565 650 1549487078047 
512 565 651 1549487078064 
512 563 648 1549487078147 
512 561 644 1549487078163 
512 559 641 1549487078180 
512 558 639 1549487078197 
512 558 638 1549487078214 
513 558 638 1549487078290 
512 558 639 1549487078331 
514 558 639 1549487078427 
512 560 638 1549487078479 
512 567 626 1549487078497 
512 570 618 1549487078514 
512 573 612 1549487078530 
512 579 601 1549487078547 
512 586 590 1549487078564 
512 594 584 1549487078579 
512 614 568 1549487078597 
512 646 551 1549487078614 
512 694 526 1549487078631 
512 738 506 1549487078647 
512 758 487 1549487078664 
512 766 472 1549487078680 
512 770 455 1549487078697 
512 773 423 1549487078713 
512 771 399 1549487078731 
512 765 378 1549487078747 
512 758 358 1549487078764 
512 750 341 1549487078779 
512 744 323 1549487078797 
512 734 298 1549487078814 
512 728 284 1549487078831 
512 726 277 1549487078847 
512 724 270 1549487078864 
512 724 265 1549487078879 
512 724 259 1549487078897 
512 724 249 1549487078914 
512 724 236 1549487078931 
512 724 230 1549487078947 
512 722 223 1549487078964 
512 719 217 1549487078980 
512 718 211 1549487078998 
512 716 207 1549487079014 
512 714 206 1549487079030 
512 714 204 1549487079047 
512 713 204 1549487079098 
512 711 204 1549487079114 
512 709 204 1549487079131 
512 707 204 1549487079147 
512 706 204 1549487079164 
512 705 204 1549487079180 
513 705 204 1549487079355 
512 704 204 1549487079380 
512 704 205 1549487079397 
514 704 205 1549487079455 
