512 706 215 1549897398581 
512 708 226 1549897398598 
512 714 244 1549897398615 
512 717 264 1549897398631 
512 722 296 1549897398648 
512 726 317 1549897398665 
512 730 339 1549897398681 
512 734 360 1549897398698 
512 740 382 1549897398714 
512 750 411 1549897398731 
512 768 461 1549897398748 
512 781 491 1549897398764 
512 790 512 1549897398781 
512 796 530 1549897398798 
512 799 544 1549897398815 
512 803 554 1549897398831 
512 807 563 1549897398847 
512 808 566 1549897398866 
512 809 570 1549897398881 
512 810 574 1549897398898 
512 810 579 1549897398915 
512 810 584 1549897398931 
512 810 593 1549897398948 
512 810 597 1549897398965 
512 810 602 1549897398982 
512 812 607 1549897398998 
512 813 611 1549897399014 
512 814 615 1549897399031 
512 819 623 1549897399048 
512 824 629 1549897399064 
512 830 636 1549897399082 
512 836 643 1549897399097 
512 838 647 1549897399114 
512 839 648 1549897399131 
513 839 648 1549897399457 
514 839 648 1549897399567 
512 838 646 1549897399714 
512 837 642 1549897399731 
512 836 639 1549897399748 
512 835 636 1549897399765 
512 834 630 1549897399781 
512 833 629 1549897399797 
512 832 628 1549897399815 
512 830 626 1549897399832 
512 827 622 1549897399848 
512 821 614 1549897399864 
512 810 603 1549897399881 
512 786 587 1549897399898 
512 755 574 1549897399914 
512 714 555 1549897399931 
512 662 534 1549897399947 
512 598 506 1549897399964 
512 536 476 1549897399981 
512 490 448 1549897399998 
512 475 434 1549897400015 
512 467 424 1549897400031 
512 462 415 1549897400048 
512 457 408 1549897400065 
512 451 401 1549897400081 
512 447 396 1549897400098 
512 446 395 1549897400114 
512 446 394 1549897400131 
512 446 393 1549897400166 
512 446 392 1549897400181 
512 448 390 1549897400198 
512 450 389 1549897400214 
512 456 384 1549897400231 
512 458 382 1549897400248 
512 459 382 1549897400265 
512 460 381 1549897400281 
512 464 379 1549897400298 
512 470 378 1549897400315 
512 479 378 1549897400331 
512 479 378 1549897400464 
512 478 379 1549897400481 
512 477 379 1549897400498 
512 476 379 1549897400514 
512 474 379 1549897400531 
512 473 378 1549897400548 
512 472 378 1549897400564 
512 471 378 1549897400631 
512 471 377 1549897400648 
513 471 377 1549897400677 
514 471 377 1549897400826 
512 471 376 1549897400964 
512 474 374 1549897400981 
512 477 371 1549897400998 
512 478 370 1549897401015 
512 478 370 1549897401082 
512 486 364 1549897401098 
512 500 352 1549897401115 
512 518 337 1549897401131 
512 552 313 1549897401147 
512 592 292 1549897401165 
512 635 266 1549897401181 
512 653 254 1549897401198 
512 658 250 1549897401214 
512 658 250 1549897401231 
512 659 250 1549897401281 
512 662 244 1549897401298 
512 663 242 1549897401315 
512 664 241 1549897401331 
512 666 240 1549897401348 
512 666 238 1549897401364 
512 668 238 1549897401381 
512 670 236 1549897401398 
512 672 232 1549897401414 
512 676 228 1549897401431 
512 681 223 1549897401448 
512 684 218 1549897401464 
512 691 212 1549897401481 
512 693 210 1549897401498 
513 693 210 1549897401759 
514 693 210 1549897401885 
512 694 212 1549897401998 
512 697 215 1549897402015 
512 703 225 1549897402031 
512 709 232 1549897402048 
512 714 240 1549897402065 
512 718 247 1549897402081 
512 721 252 1549897402098 
512 724 256 1549897402115 
512 731 265 1549897402131 
512 748 275 1549897402148 
512 777 288 1549897402165 
512 816 299 1549897402181 
512 850 310 1549897402198 
512 873 321 1549897402214 
512 903 343 1549897402231 
512 922 357 1549897402248 
512 929 362 1549897402264 
512 935 368 1549897402281 
512 935 369 1549897402297 
512 935 370 1549897402398 
512 935 370 1549897402414 
512 934 373 1549897402431 
512 934 375 1549897402448 
512 934 377 1549897402465 
512 934 378 1549897402482 
512 931 380 1549897402531 
512 930 380 1549897402632 
512 930 379 1549897402681 
512 930 378 1549897402698 
512 929 378 1549897402714 
512 929 376 1549897402731 
512 929 375 1549897402765 
513 929 375 1549897402773 
514 929 375 1549897402910 
512 929 374 1549897402965 
512 927 369 1549897402981 
512 926 362 1549897402998 
512 924 356 1549897403015 
512 922 350 1549897403031 
512 921 343 1549897403048 
512 919 334 1549897403064 
512 912 317 1549897403081 
512 906 305 1549897403098 
512 898 293 1549897403114 
512 890 280 1549897403131 
512 879 267 1549897403148 
512 866 259 1549897403165 
512 858 254 1549897403181 
512 852 253 1549897403198 
512 846 257 1549897403214 
512 831 267 1549897403231 
512 806 288 1549897403247 
512 760 322 1549897403264 
512 702 375 1549897403281 
512 682 402 1549897403297 
512 668 428 1549897403315 
512 656 452 1549897403331 
512 642 478 1549897403348 
512 630 502 1549897403365 
512 618 531 1549897403381 
512 611 546 1549897403397 
512 606 554 1549897403415 
512 603 558 1549897403431 
512 602 563 1549897403447 
512 600 566 1549897403465 
512 598 572 1549897403481 
512 598 573 1549897403498 
512 596 577 1549897403515 
512 593 582 1549897403531 
512 587 590 1549897403548 
512 582 598 1549897403565 
512 577 606 1549897403581 
512 570 618 1549897403598 
512 566 625 1549897403614 
512 562 630 1549897403631 
512 561 634 1549897403647 
512 560 637 1549897403664 
512 558 638 1549897403681 
513 558 638 1549897403869 
512 558 637 1549897404007 
514 558 637 1549897404008 
512 556 624 1549897404031 
512 556 606 1549897404048 
512 558 588 1549897404065 
512 558 571 1549897404081 
512 566 546 1549897404097 
512 575 526 1549897404114 
512 587 500 1549897404131 
512 594 483 1549897404148 
512 602 466 1549897404164 
512 610 445 1549897404181 
512 613 430 1549897404197 
512 613 423 1549897404214 
512 614 414 1549897404231 
512 617 409 1549897404247 
512 622 405 1549897404265 
512 627 403 1549897404281 
512 638 402 1549897404297 
512 651 405 1549897404314 
512 678 424 1549897404331 
512 706 450 1549897404347 
512 739 494 1549897404365 
512 771 537 1549897404381 
512 796 573 1549897404398 
512 803 586 1549897404414 
512 808 599 1549897404431 
512 830 653 1549897404447 
512 832 658 1549897404464 
512 834 662 1549897404481 
512 835 663 1549897404497 
512 835 664 1549897404514 
512 837 666 1549897404531 
512 838 668 1549897404548 
512 838 669 1549897404565 
512 840 670 1549897404581 
512 840 671 1549897404598 
512 841 673 1549897404614 
512 842 673 1549897404631 
512 842 673 1549897404681 
512 842 672 1549897404731 
512 842 666 1549897404748 
512 842 656 1549897404764 
512 842 652 1549897404781 
512 842 651 1549897404798 
512 842 650 1549897404814 
512 841 648 1549897404831 
512 840 646 1549897404848 
512 840 644 1549897404864 
512 840 642 1549897404881 
512 840 642 1549897405015 
512 839 639 1549897405048 
513 839 639 1549897405103 
514 839 639 1549897405234 
512 839 638 1549897405280 
512 839 636 1549897405297 
512 839 631 1549897405314 
512 844 621 1549897405331 
512 846 611 1549897405347 
512 847 604 1549897405365 
512 848 598 1549897405381 
512 849 590 1549897405398 
512 849 584 1549897405416 
512 849 579 1549897405431 
512 848 573 1549897405447 
512 846 566 1549897405464 
512 843 558 1549897405481 
512 839 542 1549897405498 
512 839 530 1549897405514 
512 842 518 1549897405531 
512 846 506 1549897405548 
512 852 489 1549897405565 
512 859 469 1549897405581 
512 874 447 1549897405597 
512 902 418 1549897405614 
512 914 405 1549897405631 
512 922 398 1549897405648 
512 926 397 1549897405665 
512 926 397 1549897405681 
512 927 395 1549897405831 
512 928 391 1549897405848 
512 928 387 1549897405865 
512 929 383 1549897405881 
512 930 378 1549897405898 
512 930 375 1549897405915 
512 931 373 1549897405931 
512 932 371 1549897405947 
512 932 370 1549897405964 
512 932 368 1549897406049 
512 932 367 1549897406064 
513 932 367 1549897406124 
514 932 367 1549897406238 
512 930 369 1549897406298 
512 926 374 1549897406314 
512 926 374 1549897406331 
512 923 375 1549897406398 
512 919 378 1549897406415 
512 917 378 1549897406431 
512 912 381 1549897406447 
512 912 382 1549897406464 
512 913 382 1549897406648 
512 914 379 1549897406664 
512 917 377 1549897406680 
512 918 377 1549897406698 
512 919 376 1549897406781 
513 919 376 1549897406884 
514 919 376 1549897406988 
512 921 376 1549897407214 
512 922 376 1549897407231 
512 924 376 1549897407247 
512 927 378 1549897407265 
512 928 378 1549897407281 
512 929 378 1549897407297 
513 929 378 1549897407392 
512 930 378 1549897407448 
512 930 378 1549897407464 
514 930 378 1549897407537 
512 930 378 1549897407598 
512 929 378 1549897407614 
512 927 378 1549897407631 
512 926 378 1549897407648 
512 925 378 1549897407664 
512 924 378 1549897407681 
512 922 378 1549897407698 
512 920 377 1549897407716 
512 914 377 1549897407731 
512 906 379 1549897407748 
512 893 384 1549897407764 
512 878 390 1549897407781 
512 865 394 1549897407798 
512 846 402 1549897407814 
512 808 421 1549897407831 
512 746 453 1549897407848 
512 681 477 1549897407865 
512 616 498 1549897407881 
512 562 516 1549897407898 
512 526 526 1549897407914 
512 494 526 1549897407931 
512 480 520 1549897407948 
512 468 510 1549897407964 
512 453 497 1549897407981 
512 438 485 1549897407997 
512 428 474 1549897408014 
512 424 463 1549897408031 
512 424 451 1549897408048 
512 426 446 1549897408065 
512 429 442 1549897408081 
512 434 434 1549897408098 
512 442 423 1549897408115 
512 450 412 1549897408130 
512 468 395 1549897408148 
512 478 388 1549897408164 
512 483 383 1549897408181 
512 486 380 1549897408247 
512 486 378 1549897408264 
512 486 377 1549897408280 
512 486 376 1549897408297 
512 486 374 1549897408314 
512 486 374 1549897408331 
512 483 372 1549897408347 
512 483 371 1549897408364 
512 482 371 1549897408381 
512 481 371 1549897408414 
512 479 371 1549897408431 
512 478 371 1549897408448 
512 476 372 1549897408464 
512 475 372 1549897408481 
513 475 372 1549897408605 
512 475 373 1549897408631 
514 475 373 1549897408722 
512 482 371 1549897408780 
512 496 370 1549897408797 
512 505 370 1549897408814 
512 533 370 1549897408831 
512 561 366 1549897408847 
512 634 361 1549897408865 
512 741 362 1549897408881 
512 774 362 1549897408897 
512 789 362 1549897408915 
512 792 365 1549897408931 
512 792 366 1549897408948 
512 794 367 1549897408964 
512 796 373 1549897408981 
512 798 378 1549897408997 
512 797 386 1549897409014 
512 794 393 1549897409031 
512 766 427 1549897409047 
512 746 450 1549897409065 
512 716 501 1549897409081 
512 691 551 1549897409097 
512 677 592 1549897409114 
512 667 612 1549897409131 
512 661 622 1549897409148 
512 658 628 1549897409164 
512 655 630 1549897409181 
512 650 634 1549897409198 
512 646 635 1549897409214 
512 643 635 1549897409231 
512 640 635 1549897409248 
512 637 634 1549897409264 
512 633 633 1549897409281 
512 628 632 1549897409297 
512 626 631 1549897409314 
512 625 631 1549897409331 
512 623 631 1549897409348 
512 619 631 1549897409364 
512 613 631 1549897409381 
512 605 631 1549897409398 
512 598 632 1549897409414 
512 598 632 1549897409448 
512 595 633 1549897409464 
512 594 634 1549897409481 
512 592 634 1549897409498 
512 587 636 1549897409514 
512 581 638 1549897409530 
512 578 640 1549897409548 
512 577 640 1549897409564 
512 577 641 1549897409614 
512 575 641 1549897409631 
512 574 641 1549897409681 
512 571 642 1549897409698 
512 566 642 1549897409714 
512 564 643 1549897409731 
512 562 643 1549897409747 
512 562 643 1549897409764 
512 557 645 1549897409781 
512 554 646 1549897409797 
512 554 646 1549897409814 
513 554 646 1549897409935 
514 554 646 1549897410085 
512 554 645 1549897410097 
512 555 644 1549897410114 
512 559 640 1549897410131 
512 572 629 1549897410148 
512 579 620 1549897410164 
512 602 597 1549897410181 
512 638 551 1549897410198 
512 681 479 1549897410214 
512 704 427 1549897410231 
512 710 403 1549897410247 
512 714 374 1549897410264 
512 717 354 1549897410281 
512 720 332 1549897410298 
512 726 313 1549897410314 
512 737 291 1549897410331 
512 748 271 1549897410347 
512 756 255 1549897410365 
512 757 252 1549897410381 
512 757 251 1549897410397 
512 757 250 1549897410481 
512 752 250 1549897410497 
512 748 249 1549897410515 
512 747 248 1549897410531 
512 746 246 1549897410547 
512 743 245 1549897410565 
512 740 243 1549897410581 
512 739 242 1549897410597 
512 736 239 1549897410614 
512 734 237 1549897410631 
512 730 233 1549897410647 
512 728 227 1549897410664 
512 723 220 1549897410680 
512 718 213 1549897410698 
512 717 211 1549897410714 
512 715 210 1549897410731 
512 715 210 1549897410764 
512 714 207 1549897410781 
512 713 206 1549897410797 
512 712 206 1549897410814 
512 710 205 1549897410831 
512 710 204 1549897410848 
512 709 202 1549897410865 
512 708 202 1549897410881 
512 705 202 1549897410965 
512 704 202 1549897410980 
512 703 202 1549897410997 
513 703 202 1549897411191 
514 703 202 1549897411323 
