512 702 206 1549897490729 
512 702 208 1549897490746 
512 703 208 1549897490796 
512 704 208 1549897490813 
512 706 208 1549897490829 
512 710 215 1549897490963 
512 721 240 1549897490979 
512 735 274 1549897490996 
512 761 321 1549897491013 
512 786 366 1549897491029 
512 806 409 1549897491046 
512 822 452 1549897491063 
512 831 486 1549897491079 
512 842 518 1549897491096 
512 849 536 1549897491112 
512 855 554 1549897491129 
512 861 568 1549897491146 
512 863 582 1549897491163 
512 863 596 1549897491179 
512 864 613 1549897491196 
512 866 622 1549897491212 
512 866 629 1549897491229 
512 866 634 1549897491246 
512 866 636 1549897491263 
512 866 637 1549897491279 
512 865 638 1549897491362 
512 860 638 1549897491379 
512 856 638 1549897491395 
512 854 637 1549897491412 
512 850 635 1549897491429 
512 850 634 1549897491446 
512 848 634 1549897491462 
512 846 634 1549897491479 
512 844 634 1549897491496 
512 843 634 1549897491513 
512 842 635 1549897491529 
512 841 636 1549897491546 
512 840 638 1549897491562 
512 839 638 1549897491579 
512 839 639 1549897491596 
513 839 639 1549897491700 
514 839 639 1549897491851 
512 838 637 1549897492046 
512 838 635 1549897492062 
512 836 634 1549897492079 
512 835 632 1549897492096 
512 831 627 1549897492113 
512 820 614 1549897492129 
512 807 601 1549897492146 
512 786 582 1549897492163 
512 754 557 1549897492179 
512 706 531 1549897492196 
512 652 506 1549897492213 
512 601 489 1549897492229 
512 550 474 1549897492245 
512 527 464 1549897492263 
512 515 456 1549897492279 
512 508 450 1549897492296 
512 502 443 1549897492312 
512 496 438 1549897492329 
512 489 432 1549897492346 
512 486 430 1549897492363 
512 485 430 1549897492379 
512 483 429 1549897492395 
512 482 426 1549897492412 
512 481 425 1549897492429 
512 479 418 1549897492446 
512 478 414 1549897492463 
512 476 409 1549897492479 
512 476 405 1549897492495 
512 475 400 1549897492513 
512 475 396 1549897492529 
512 475 388 1549897492545 
512 475 383 1549897492563 
512 475 378 1549897492580 
512 474 377 1549897492596 
512 473 375 1549897492612 
512 471 374 1549897492629 
512 470 373 1549897492645 
512 470 371 1549897492663 
513 470 371 1549897492802 
514 470 371 1549897492924 
512 476 370 1549897492996 
512 486 368 1549897493012 
512 498 365 1549897493029 
512 506 362 1549897493046 
512 511 360 1549897493062 
512 514 359 1549897493079 
512 515 358 1549897493096 
512 521 357 1549897493113 
512 534 353 1549897493129 
512 550 347 1549897493145 
512 566 344 1549897493163 
512 591 341 1549897493179 
512 654 328 1549897493195 
512 705 309 1549897493212 
512 736 294 1549897493229 
512 740 289 1549897493246 
512 740 286 1549897493262 
512 740 282 1549897493279 
512 739 270 1549897493296 
512 742 259 1549897493313 
512 746 250 1549897493329 
512 748 246 1549897493345 
512 748 244 1549897493363 
512 748 243 1549897493379 
512 748 241 1549897493396 
512 748 239 1549897493413 
512 746 238 1549897493430 
512 746 237 1549897493446 
512 743 236 1549897493462 
512 738 234 1549897493479 
512 734 234 1549897493496 
512 726 231 1549897493512 
512 721 230 1549897493529 
512 717 228 1549897493546 
512 712 226 1549897493563 
512 709 225 1549897493580 
512 708 223 1549897493596 
512 707 222 1549897493612 
512 705 220 1549897493629 
512 704 218 1549897493646 
512 703 217 1549897493662 
512 702 216 1549897493679 
512 702 214 1549897493696 
512 702 214 1549897493712 
512 702 213 1549897493729 
512 702 211 1549897493746 
512 701 210 1549897493779 
513 701 210 1549897493875 
514 701 210 1549897493991 
512 700 210 1549897494046 
512 698 217 1549897494063 
512 695 226 1549897494079 
512 694 239 1549897494096 
512 692 256 1549897494113 
512 692 273 1549897494129 
512 691 298 1549897494146 
512 689 315 1549897494162 
512 687 336 1549897494179 
512 686 358 1549897494196 
512 687 380 1549897494212 
512 690 402 1549897494229 
512 693 424 1549897494246 
512 695 434 1549897494263 
512 700 444 1549897494279 
512 708 453 1549897494296 
512 724 463 1549897494313 
512 744 470 1549897494329 
512 769 471 1549897494345 
512 842 450 1549897494362 
512 905 438 1549897494379 
512 936 432 1549897494396 
512 951 428 1549897494413 
512 953 427 1549897494429 
512 953 426 1549897494446 
512 951 417 1549897494463 
512 949 410 1549897494479 
512 944 403 1549897494496 
512 941 398 1549897494512 
512 936 393 1549897494529 
512 930 388 1549897494546 
512 925 384 1549897494562 
512 916 381 1549897494579 
512 910 378 1549897494596 
512 905 375 1549897494612 
512 902 374 1549897494629 
512 902 373 1549897494646 
512 901 371 1549897494663 
512 900 370 1549897494679 
512 900 369 1549897494696 
512 908 367 1549897494779 
512 919 367 1549897494796 
512 929 367 1549897494812 
512 934 369 1549897494830 
512 936 370 1549897494846 
512 935 371 1549897494963 
512 934 371 1549897494979 
512 933 371 1549897495012 
512 931 371 1549897495030 
512 930 372 1549897495045 
512 930 372 1549897495063 
512 927 372 1549897495079 
512 926 372 1549897495146 
513 926 372 1549897495183 
514 926 372 1549897495311 
512 925 372 1549897495396 
512 922 374 1549897495412 
512 914 380 1549897495429 
512 909 384 1549897495445 
512 903 388 1549897495462 
512 894 394 1549897495480 
512 882 399 1549897495496 
512 870 405 1549897495513 
512 850 410 1549897495529 
512 821 414 1549897495546 
512 801 418 1549897495563 
512 782 424 1549897495579 
512 766 431 1549897495596 
512 754 441 1549897495613 
512 742 451 1549897495629 
512 716 471 1549897495646 
512 702 488 1549897495662 
512 691 504 1549897495679 
512 685 518 1549897495696 
512 680 526 1549897495712 
512 678 532 1549897495729 
512 673 543 1549897495746 
512 666 553 1549897495763 
512 659 563 1549897495779 
512 651 571 1549897495796 
512 640 581 1549897495812 
512 625 593 1549897495829 
512 596 611 1549897495846 
512 577 625 1549897495862 
512 563 636 1549897495879 
512 557 641 1549897495896 
512 555 643 1549897495913 
512 550 649 1549897495929 
512 546 653 1549897495946 
512 545 654 1549897495962 
512 544 654 1549897495979 
512 555 648 1549897496162 
512 566 642 1549897496179 
512 569 641 1549897496196 
513 569 641 1549897496401 
514 569 641 1549897496556 
512 567 641 1549897496696 
512 565 641 1549897496712 
512 564 642 1549897496729 
512 563 642 1549897496746 
512 562 642 1549897496780 
512 562 642 1549897496796 
512 559 644 1549897496812 
512 558 645 1549897496829 
512 558 645 1549897496846 
513 558 645 1549897496957 
514 558 645 1549897497090 
512 561 639 1549897497229 
512 567 630 1549897497245 
512 573 619 1549897497262 
512 579 606 1549897497279 
512 583 595 1549897497296 
512 590 579 1549897497313 
512 596 561 1549897497329 
512 613 534 1549897497346 
512 626 520 1549897497362 
512 652 506 1549897497379 
512 686 497 1549897497395 
512 725 491 1549897497413 
512 752 492 1549897497429 
512 776 506 1549897497445 
512 788 523 1549897497463 
512 798 546 1549897497478 
512 808 566 1549897497496 
512 817 583 1549897497512 
512 826 601 1549897497529 
512 830 618 1549897497546 
512 832 626 1549897497562 
512 834 631 1549897497579 
512 834 634 1549897497596 
512 834 635 1549897497629 
512 834 637 1549897497645 
512 835 639 1549897497713 
512 836 641 1549897497729 
512 837 642 1549897497746 
512 838 642 1549897497762 
513 838 642 1549897497907 
512 839 642 1549897497979 
512 840 642 1549897498023 
514 840 642 1549897498023 
512 841 642 1549897498046 
512 841 642 1549897498080 
512 841 640 1549897498096 
512 839 639 1549897498113 
512 838 638 1549897498129 
512 837 637 1549897498145 
512 836 636 1549897498162 
512 835 634 1549897498178 
512 833 632 1549897498196 
512 830 627 1549897498212 
512 828 620 1549897498229 
512 823 609 1549897498246 
512 817 597 1549897498262 
512 811 583 1549897498279 
512 806 561 1549897498295 
512 804 542 1549897498313 
512 804 516 1549897498329 
512 812 490 1549897498346 
512 832 459 1549897498362 
512 862 428 1549897498379 
512 906 399 1549897498396 
512 917 392 1549897498413 
512 918 391 1549897498429 
512 920 390 1549897498445 
512 921 389 1549897498463 
512 922 385 1549897498479 
512 924 382 1549897498495 
512 925 380 1549897498512 
512 925 378 1549897498546 
512 925 378 1549897498612 
512 925 376 1549897498629 
512 925 374 1549897498695 
513 925 374 1549897498757 
514 925 374 1549897498882 
512 925 375 1549897499095 
512 922 377 1549897499129 
512 917 378 1549897499146 
512 900 380 1549897499162 
512 866 382 1549897499179 
512 813 382 1549897499195 
512 743 385 1549897499212 
512 673 388 1549897499229 
512 594 388 1549897499246 
512 568 386 1549897499263 
512 550 382 1549897499279 
512 538 380 1549897499296 
512 530 378 1549897499312 
512 525 374 1549897499329 
512 520 370 1549897499345 
512 516 369 1549897499362 
512 514 367 1549897499379 
512 510 366 1549897499396 
512 509 366 1549897499412 
512 507 365 1549897499429 
512 505 362 1549897499446 
512 502 362 1549897499463 
512 498 362 1549897499479 
512 494 362 1549897499495 
512 490 365 1549897499513 
512 487 366 1549897499529 
512 484 368 1549897499545 
512 482 370 1549897499563 
512 481 371 1549897499579 
512 479 372 1549897499662 
512 478 373 1549897499746 
512 473 374 1549897499763 
512 470 374 1549897499779 
512 467 375 1549897499796 
512 466 376 1549897499812 
512 464 376 1549897499829 
513 464 376 1549897499965 
514 464 376 1549897500100 
512 465 376 1549897500179 
512 466 374 1549897500195 
512 472 373 1549897500212 
512 478 369 1549897500229 
512 485 366 1549897500245 
512 491 365 1549897500263 
512 502 362 1549897500278 
512 513 358 1549897500296 
512 525 353 1549897500312 
512 535 347 1549897500329 
512 546 340 1549897500346 
512 560 330 1549897500362 
512 590 317 1549897500379 
512 602 315 1549897500395 
512 605 315 1549897500412 
512 606 322 1549897500428 
512 608 337 1549897500446 
512 609 358 1549897500463 
512 609 386 1549897500479 
512 599 438 1549897500496 
512 590 478 1549897500512 
512 574 524 1549897500529 
512 560 564 1549897500545 
512 550 591 1549897500563 
512 543 610 1549897500580 
512 540 622 1549897500595 
512 538 630 1549897500612 
512 537 635 1549897500629 
512 534 641 1549897500646 
512 531 646 1549897500662 
512 530 647 1549897500679 
512 530 649 1549897500696 
512 530 653 1549897500712 
512 531 660 1549897500729 
512 532 661 1549897500746 
512 534 662 1549897500762 
512 534 662 1549897500779 
512 536 663 1549897500796 
512 541 663 1549897500813 
512 550 662 1549897500829 
512 560 660 1549897500846 
512 565 658 1549897500862 
512 569 656 1549897500879 
512 570 654 1549897500896 
512 572 652 1549897500912 
512 572 651 1549897500929 
512 572 649 1549897500946 
512 572 648 1549897500962 
512 572 646 1549897500979 
512 571 645 1549897500996 
512 570 644 1549897501012 
512 569 642 1549897501030 
513 569 642 1549897501269 
514 569 642 1549897501433 
512 569 641 1549897501479 
512 569 640 1549897501496 
512 569 639 1549897501512 
512 568 638 1549897501529 
512 568 637 1549897501546 
512 568 636 1549897501563 
512 567 634 1549897501646 
512 567 634 1549897501729 
512 564 638 1549897501812 
512 560 642 1549897501829 
512 557 646 1549897501846 
512 553 648 1549897501862 
512 552 649 1549897501879 
513 552 649 1549897502119 
514 552 649 1549897502250 
512 553 649 1549897502313 
512 559 646 1549897502329 
512 565 644 1549897502346 
512 570 642 1549897502362 
512 575 640 1549897502379 
512 583 635 1549897502396 
512 607 630 1549897502412 
512 632 628 1549897502429 
512 656 627 1549897502446 
512 671 627 1549897502463 
512 677 627 1549897502479 
512 678 629 1549897502496 
512 679 630 1549897502512 
512 684 628 1549897502529 
512 691 622 1549897502546 
512 695 614 1549897502562 
512 698 601 1549897502580 
512 697 584 1549897502595 
512 690 564 1549897502612 
512 677 541 1549897502629 
512 653 494 1549897502645 
512 642 458 1549897502662 
512 634 409 1549897502678 
512 633 362 1549897502696 
512 640 327 1549897502712 
512 647 297 1549897502729 
512 653 272 1549897502746 
512 666 238 1549897502762 
512 677 221 1549897502779 
512 681 214 1549897502795 
512 682 212 1549897502812 
512 684 210 1549897502829 
512 686 208 1549897502845 
512 689 206 1549897502862 
512 692 204 1549897502879 
512 692 203 1549897502896 
512 693 203 1549897502962 
512 694 204 1549897502979 
512 694 205 1549897502996 
513 694 205 1549897503185 
512 694 206 1549897503246 
514 694 206 1549897503308 
