512 695 215 1549919192577 
512 699 220 1549919192594 
512 705 226 1549919192610 
512 711 237 1549919192627 
512 723 263 1549919192644 
512 734 287 1549919192660 
512 744 316 1549919192677 
512 758 356 1549919192694 
512 771 394 1549919192710 
512 781 430 1549919192727 
512 783 462 1549919192743 
512 789 503 1549919192760 
512 793 528 1549919192777 
512 797 551 1549919192794 
512 801 572 1549919192810 
512 803 593 1549919192827 
512 803 610 1549919192844 
512 804 621 1549919192860 
512 806 633 1549919192877 
512 807 638 1549919192894 
512 808 645 1549919192910 
512 810 650 1549919192926 
512 810 655 1549919192944 
512 812 658 1549919192960 
512 812 660 1549919192976 
512 813 661 1549919192993 
512 815 657 1549919193110 
512 818 653 1549919193127 
512 819 649 1549919193143 
512 821 646 1549919193160 
512 824 644 1549919193177 
512 825 644 1549919193259 
512 828 644 1549919193277 
512 830 646 1549919193294 
512 832 646 1549919193310 
512 834 648 1549919193326 
512 835 649 1549919193343 
512 836 650 1549919193360 
512 839 651 1549919193377 
512 842 651 1549919193393 
512 845 651 1549919193410 
512 846 650 1549919193427 
512 848 650 1549919193444 
512 849 648 1549919193460 
512 849 647 1549919193477 
512 849 646 1549919193510 
512 849 646 1549919193561 
512 849 645 1549919193577 
512 848 644 1549919193593 
512 846 643 1549919193610 
512 846 643 1549919193626 
512 846 642 1549919193643 
512 845 642 1549919193711 
512 844 642 1549919193727 
513 844 642 1549919193741 
514 844 642 1549919193872 
512 843 642 1549919193927 
512 842 638 1549919193944 
512 841 634 1549919193961 
512 840 629 1549919193977 
512 839 620 1549919193993 
512 838 611 1549919194010 
512 834 594 1549919194026 
512 830 580 1549919194044 
512 822 560 1549919194060 
512 818 542 1549919194076 
512 811 523 1549919194093 
512 802 502 1549919194110 
512 793 479 1549919194127 
512 776 450 1549919194143 
512 759 432 1549919194160 
512 738 418 1549919194176 
512 714 410 1549919194193 
512 691 404 1549919194210 
512 663 399 1549919194227 
512 647 398 1549919194244 
512 630 398 1549919194260 
512 614 401 1549919194277 
512 597 403 1549919194293 
512 580 406 1549919194310 
512 564 410 1549919194327 
512 545 412 1549919194344 
512 539 414 1549919194360 
512 537 414 1549919194377 
512 534 413 1549919194443 
512 525 411 1549919194460 
512 513 408 1549919194477 
512 500 405 1549919194493 
512 489 402 1549919194510 
512 481 398 1549919194527 
512 474 394 1549919194543 
512 470 389 1549919194560 
512 468 387 1549919194577 
512 466 386 1549919194593 
512 465 385 1549919194610 
512 464 383 1549919194627 
512 464 382 1549919194860 
512 466 380 1549919194877 
512 466 379 1549919194893 
512 468 378 1549919194910 
512 469 377 1549919194927 
513 469 377 1549919195093 
514 469 377 1549919195225 
512 476 372 1549919195494 
512 514 358 1549919195511 
512 552 335 1549919195527 
512 612 271 1549919195544 
512 683 196 1549919195560 
512 748 131 1549919195577 
512 812 71 1549919195594 
512 850 40 1549919195612 
512 950 26 1549919195827 
512 937 47 1549919195844 
512 922 72 1549919195860 
512 909 95 1549919195878 
512 891 118 1549919195894 
512 875 144 1549919195911 
512 858 171 1549919195927 
512 830 202 1549919195944 
512 814 220 1549919195961 
512 800 232 1549919195977 
512 786 240 1549919195994 
512 775 244 1549919196010 
512 761 247 1549919196026 
512 747 247 1549919196043 
512 729 246 1549919196060 
512 705 243 1549919196077 
512 678 241 1549919196094 
512 660 236 1549919196110 
512 650 229 1549919196127 
512 642 221 1549919196143 
512 638 215 1549919196160 
512 638 211 1549919196177 
512 637 209 1549919196193 
512 638 205 1549919196210 
512 643 199 1549919196227 
512 663 186 1549919196244 
512 676 180 1549919196260 
512 686 178 1549919196277 
512 693 178 1549919196293 
512 698 178 1549919196310 
512 700 178 1549919196327 
512 701 179 1549919196343 
512 703 185 1549919196360 
512 705 189 1549919196377 
512 705 194 1549919196394 
512 705 198 1549919196410 
512 705 200 1549919196426 
512 704 201 1549919196493 
512 702 202 1549919196510 
512 702 202 1549919196527 
512 700 204 1549919196543 
512 699 205 1549919196560 
512 698 206 1549919196577 
512 697 206 1549919196677 
513 697 206 1549919196723 
514 697 206 1549919196853 
512 697 207 1549919196994 
512 697 210 1549919197010 
512 698 214 1549919197027 
512 698 223 1549919197044 
512 698 234 1549919197061 
512 701 257 1549919197077 
512 705 275 1549919197093 
512 710 294 1549919197110 
512 716 313 1549919197127 
512 726 333 1549919197143 
512 744 351 1549919197160 
512 769 366 1549919197177 
512 796 376 1549919197193 
512 837 382 1549919197210 
512 862 382 1549919197227 
512 883 379 1549919197243 
512 905 374 1549919197260 
512 924 367 1549919197277 
512 941 364 1549919197293 
512 960 360 1549919197310 
512 963 358 1549919197327 
512 964 358 1549919197343 
512 964 358 1549919197510 
512 958 363 1549919197527 
512 954 366 1549919197543 
512 952 367 1549919197560 
512 951 369 1549919197577 
512 950 370 1549919197593 
512 950 370 1549919197610 
512 948 372 1549919197627 
512 946 374 1549919197643 
512 945 375 1549919197660 
512 944 376 1549919197677 
512 942 377 1549919197694 
512 942 378 1549919197743 
512 940 378 1549919197760 
512 938 378 1549919197776 
512 935 378 1549919197793 
512 934 378 1549919197810 
512 932 378 1549919197827 
512 931 378 1549919197843 
512 930 378 1549919197860 
512 929 378 1549919197877 
512 928 378 1549919197893 
512 927 378 1549919197960 
513 927 378 1549919198005 
514 927 378 1549919198113 
512 926 378 1549919198227 
512 921 374 1549919198243 
512 912 368 1549919198260 
512 890 353 1549919198277 
512 874 343 1549919198293 
512 854 332 1549919198310 
512 834 323 1549919198327 
512 814 314 1549919198343 
512 794 305 1549919198360 
512 766 297 1549919198377 
512 742 297 1549919198394 
512 718 305 1549919198410 
512 698 318 1549919198426 
512 686 329 1549919198443 
512 672 344 1549919198460 
512 657 368 1549919198476 
512 637 407 1549919198493 
512 626 428 1549919198510 
512 617 450 1549919198526 
512 610 470 1549919198544 
512 608 490 1549919198560 
512 601 519 1549919198577 
512 594 538 1549919198593 
512 591 554 1549919198610 
512 590 564 1549919198627 
512 588 573 1549919198643 
512 586 577 1549919198660 
512 578 591 1549919198676 
512 570 602 1549919198693 
512 566 608 1549919198710 
512 561 615 1549919198727 
512 554 622 1549919198744 
512 546 630 1549919198760 
512 539 638 1549919198776 
512 536 643 1549919198794 
512 533 647 1549919198810 
512 530 650 1549919198826 
512 529 654 1549919198843 
512 529 657 1549919198861 
512 529 658 1549919198877 
512 530 657 1549919198976 
512 559 642 1549919198993 
512 575 636 1549919199010 
512 582 633 1549919199026 
512 582 632 1549919199127 
512 582 632 1549919199143 
512 581 632 1549919199160 
512 580 632 1549919199177 
512 579 632 1549919199194 
512 577 632 1549919199210 
512 574 633 1549919199226 
512 571 634 1549919199243 
512 566 636 1549919199261 
512 562 638 1549919199277 
512 559 638 1549919199294 
512 558 640 1549919199310 
512 556 642 1549919199327 
512 556 642 1549919199343 
512 555 643 1549919199477 
513 555 643 1549919199503 
514 555 643 1549919199643 
512 566 638 1549919199661 
512 574 634 1549919199678 
512 578 631 1549919199694 
512 582 628 1549919199710 
512 592 619 1549919199726 
512 599 613 1549919199743 
512 609 606 1549919199760 
512 624 594 1549919199777 
512 642 580 1549919199793 
512 670 565 1549919199811 
512 721 531 1549919199826 
512 734 524 1549919199843 
512 747 518 1549919199860 
512 748 517 1549919199877 
512 753 517 1549919199926 
512 776 523 1549919199943 
512 792 530 1549919199961 
512 806 542 1549919199977 
512 815 558 1549919199993 
512 821 570 1549919200010 
512 823 580 1549919200027 
512 827 588 1549919200044 
512 836 603 1549919200060 
512 841 614 1549919200077 
512 843 621 1549919200094 
512 845 626 1549919200109 
512 846 630 1549919200127 
512 846 632 1549919200144 
512 846 634 1549919200160 
512 846 635 1549919200176 
512 848 635 1549919200193 
512 849 635 1549919200227 
512 850 635 1549919200276 
512 849 637 1549919200310 
512 847 638 1549919200327 
512 846 638 1549919200344 
512 846 639 1549919200376 
512 845 639 1549919200444 
512 843 639 1549919200476 
512 842 639 1549919200510 
513 842 639 1549919200616 
514 842 639 1549919200739 
512 842 638 1549919200793 
512 840 637 1549919200810 
512 839 633 1549919200826 
512 838 629 1549919200843 
512 834 624 1549919200860 
512 830 619 1549919200877 
512 822 606 1549919200894 
512 807 592 1549919200910 
512 790 578 1549919200927 
512 771 562 1549919200943 
512 754 547 1549919200960 
512 743 536 1549919200976 
512 739 527 1549919200993 
512 738 510 1549919201010 
512 742 498 1549919201026 
512 751 485 1549919201044 
512 763 470 1549919201060 
512 780 453 1549919201076 
512 803 436 1549919201093 
512 826 426 1549919201110 
512 848 416 1549919201127 
512 854 411 1549919201144 
512 859 407 1549919201160 
512 862 406 1549919201176 
512 862 404 1549919201193 
512 864 403 1549919201210 
512 866 401 1549919201226 
512 866 399 1549919201243 
512 866 398 1549919201260 
512 866 397 1549919201277 
512 867 396 1549919201293 
512 868 395 1549919201310 
512 869 394 1549919201327 
512 870 393 1549919201343 
512 870 391 1549919201360 
512 875 390 1549919201377 
512 886 385 1549919201393 
512 904 380 1549919201410 
512 918 375 1549919201427 
512 926 374 1549919201444 
512 926 374 1549919201543 
513 926 374 1549919201713 
514 926 374 1549919201820 
512 926 376 1549919201893 
512 926 379 1549919201910 
512 925 384 1549919201927 
512 923 390 1549919201944 
512 922 402 1549919201960 
512 920 408 1549919201976 
512 918 416 1549919201993 
512 917 423 1549919202010 
512 914 431 1549919202027 
512 910 441 1549919202044 
512 908 447 1549919202060 
512 906 452 1549919202077 
512 901 446 1549919202143 
512 894 436 1549919202160 
512 880 423 1549919202177 
512 843 399 1549919202193 
512 790 374 1549919202210 
512 715 341 1549919202227 
512 637 314 1549919202243 
512 574 301 1549919202260 
512 524 295 1549919202276 
512 510 298 1549919202293 
512 506 300 1549919202310 
512 503 302 1549919202327 
512 501 306 1549919202343 
512 498 310 1549919202360 
512 495 317 1549919202377 
512 494 322 1549919202393 
512 492 326 1549919202410 
512 490 330 1549919202427 
512 490 335 1549919202443 
512 490 339 1549919202461 
512 490 344 1549919202476 
512 488 350 1549919202493 
512 486 355 1549919202510 
512 486 358 1549919202527 
512 484 360 1549919202543 
512 483 362 1549919202560 
512 479 368 1549919202577 
512 477 370 1549919202594 
512 475 371 1549919202610 
512 474 373 1549919202627 
512 473 373 1549919202643 
512 472 374 1549919202660 
512 471 374 1549919202693 
512 470 375 1549919202710 
512 470 376 1549919202726 
512 470 376 1549919202743 
512 470 377 1549919202811 
513 470 377 1549919202820 
514 470 377 1549919202942 
512 471 377 1549919202960 
512 477 375 1549919202977 
512 490 374 1549919202993 
512 508 368 1549919203010 
512 545 362 1549919203027 
512 563 362 1549919203043 
512 581 366 1549919203060 
512 597 369 1549919203077 
512 606 373 1549919203093 
512 614 376 1549919203110 
512 621 380 1549919203127 
512 631 387 1549919203143 
512 637 393 1549919203160 
512 640 397 1549919203177 
512 642 403 1549919203193 
512 642 410 1549919203211 
512 641 426 1549919203227 
512 641 433 1549919203243 
512 637 466 1549919203260 
512 633 490 1549919203277 
512 627 510 1549919203293 
512 625 525 1549919203310 
512 621 543 1549919203326 
512 618 554 1549919203343 
512 615 562 1549919203360 
512 614 569 1549919203377 
512 610 576 1549919203394 
512 608 582 1549919203410 
512 604 586 1549919203427 
512 598 592 1549919203444 
512 596 596 1549919203460 
512 594 598 1549919203477 
512 590 600 1549919203493 
512 586 603 1549919203510 
512 580 607 1549919203526 
512 570 614 1549919203543 
512 566 618 1549919203560 
512 562 622 1549919203576 
512 559 624 1549919203594 
512 558 626 1549919203610 
512 558 626 1549919203627 
512 558 628 1549919203643 
512 558 630 1549919203659 
512 558 630 1549919203677 
512 558 631 1549919203693 
512 558 632 1549919203710 
512 558 634 1549919203760 
512 558 634 1549919203777 
512 558 635 1549919203927 
512 559 636 1549919203944 
512 559 637 1549919203960 
513 559 637 1549919203983 
514 559 637 1549919204118 
512 560 637 1549919204160 
512 562 637 1549919204176 
512 571 634 1549919204194 
512 578 632 1549919204210 
512 584 630 1549919204227 
512 588 629 1549919204244 
512 596 623 1549919204260 
512 612 614 1549919204276 
512 615 611 1549919204293 
512 625 602 1549919204310 
512 630 595 1549919204327 
512 634 589 1549919204343 
512 639 580 1549919204360 
512 650 561 1549919204377 
512 660 538 1549919204393 
512 666 511 1549919204410 
512 666 487 1549919204427 
512 658 463 1549919204443 
512 651 433 1549919204460 
512 646 394 1549919204477 
512 645 359 1549919204493 
512 647 306 1549919204510 
512 650 277 1549919204526 
512 653 252 1549919204544 
512 658 232 1549919204561 
512 659 215 1549919204576 
512 663 199 1549919204594 
512 666 193 1549919204609 
512 667 188 1549919204627 
512 670 182 1549919204643 
512 675 176 1549919204660 
512 679 171 1549919204677 
512 682 168 1549919204693 
512 686 167 1549919204710 
512 689 168 1549919204743 
512 695 171 1549919204760 
512 701 176 1549919204777 
512 705 182 1549919204793 
512 708 190 1549919204810 
512 709 195 1549919204827 
512 709 199 1549919204843 
512 709 202 1549919204861 
512 709 202 1549919204877 
512 708 204 1549919204894 
512 707 205 1549919204910 
512 706 206 1549919204927 
512 706 206 1549919204943 
512 705 207 1549919204960 
512 705 208 1549919204976 
512 704 207 1549919205076 
512 704 206 1549919205093 
512 703 206 1549919205110 
513 703 206 1549919205151 
514 703 206 1549919205250 
