512 702 211 1550005339249 
512 711 217 1550005339266 
512 723 226 1550005339282 
512 736 240 1550005339299 
512 759 269 1550005339316 
512 778 290 1550005339332 
512 798 317 1550005339349 
512 812 343 1550005339366 
512 819 373 1550005339383 
512 830 417 1550005339399 
512 846 464 1550005339416 
512 855 484 1550005339433 
512 860 500 1550005339449 
512 862 513 1550005339465 
512 860 522 1550005339483 
512 858 532 1550005339500 
512 854 542 1550005339516 
512 846 561 1550005339532 
512 839 570 1550005339549 
512 833 576 1550005339565 
512 828 579 1550005339582 
512 825 582 1550005339599 
512 820 586 1550005339616 
512 817 590 1550005339633 
512 814 595 1550005339649 
512 812 600 1550005339666 
512 810 606 1550005339683 
512 810 611 1550005339699 
512 810 616 1550005339716 
512 810 620 1550005339733 
512 813 624 1550005339749 
512 814 626 1550005339766 
512 818 629 1550005339782 
512 822 632 1550005339800 
512 826 635 1550005339816 
512 830 637 1550005339833 
512 834 638 1550005339849 
512 834 639 1550005339866 
512 834 639 1550005339899 
512 835 639 1550005340111 
513 835 639 1550005340111 
512 836 641 1550005340149 
514 836 641 1550005340243 
512 836 638 1550005340316 
512 834 637 1550005340333 
512 833 634 1550005340350 
512 830 630 1550005340366 
512 823 619 1550005340383 
512 817 610 1550005340399 
512 810 594 1550005340416 
512 801 576 1550005340432 
512 795 566 1550005340450 
512 772 528 1550005340465 
512 746 502 1550005340482 
512 728 486 1550005340499 
512 708 472 1550005340516 
512 683 459 1550005340532 
512 647 442 1550005340550 
512 608 431 1550005340566 
512 562 425 1550005340583 
512 541 425 1550005340599 
512 527 424 1550005340616 
512 521 423 1550005340632 
512 516 422 1550005340649 
512 513 418 1550005340666 
512 506 412 1550005340683 
512 503 408 1550005340700 
512 502 406 1550005340716 
512 501 406 1550005340733 
512 500 404 1550005340750 
512 498 401 1550005340766 
512 496 394 1550005340783 
512 493 390 1550005340799 
512 491 386 1550005340816 
512 489 385 1550005340833 
512 488 383 1550005340849 
512 486 381 1550005340866 
512 485 378 1550005340883 
512 483 378 1550005340899 
512 482 376 1550005340916 
512 481 375 1550005340933 
512 480 374 1550005340950 
512 480 374 1550005340966 
512 479 374 1550005341032 
512 478 373 1550005341066 
512 477 372 1550005341083 
512 476 372 1550005341099 
513 476 372 1550005341231 
514 476 372 1550005341318 
512 476 371 1550005341366 
512 498 374 1550005341382 
512 526 379 1550005341399 
512 554 388 1550005341416 
512 582 403 1550005341433 
512 589 413 1550005341450 
512 598 426 1550005341466 
512 608 442 1550005341482 
512 622 462 1550005341499 
512 635 482 1550005341516 
512 653 509 1550005341533 
512 660 515 1550005341549 
512 664 518 1550005341565 
512 670 518 1550005341582 
512 676 515 1550005341600 
512 690 502 1550005341616 
512 705 479 1550005341633 
512 720 442 1550005341649 
512 720 430 1550005341666 
512 716 375 1550005341683 
512 714 346 1550005341699 
512 711 318 1550005341716 
512 708 278 1550005341733 
512 710 255 1550005341749 
512 714 235 1550005341767 
512 718 222 1550005341782 
512 719 214 1550005341800 
512 720 208 1550005341816 
512 720 204 1550005341833 
512 720 202 1550005341850 
512 720 201 1550005341866 
512 720 200 1550005341883 
512 720 198 1550005341899 
512 718 198 1550005341916 
512 717 197 1550005341932 
512 716 196 1550005341949 
512 714 197 1550005341965 
512 714 198 1550005341982 
512 706 205 1550005341999 
512 701 209 1550005342016 
512 698 212 1550005342033 
512 697 214 1550005342049 
512 697 214 1550005342066 
512 696 214 1550005342083 
513 696 214 1550005342229 
514 696 214 1550005342335 
512 697 217 1550005342383 
512 702 224 1550005342399 
512 710 235 1550005342416 
512 722 250 1550005342432 
512 740 268 1550005342449 
512 755 286 1550005342465 
512 766 304 1550005342483 
512 776 334 1550005342499 
512 780 359 1550005342516 
512 782 386 1550005342532 
512 789 415 1550005342549 
512 797 438 1550005342566 
512 809 458 1550005342582 
512 816 468 1550005342599 
512 826 474 1550005342615 
512 844 477 1550005342632 
512 875 477 1550005342649 
512 920 471 1550005342665 
512 959 457 1550005342682 
512 970 444 1550005342699 
512 974 434 1550005342716 
512 976 423 1550005342733 
512 976 416 1550005342749 
512 975 405 1550005342766 
512 974 389 1550005342783 
512 973 382 1550005342799 
512 971 378 1550005342816 
512 970 376 1550005342832 
512 969 375 1550005342849 
512 968 374 1550005342866 
512 966 372 1550005342883 
512 960 370 1550005342900 
512 955 369 1550005342916 
512 950 369 1550005342932 
512 943 369 1550005342949 
512 942 369 1550005342966 
512 941 369 1550005342983 
512 940 369 1550005343016 
512 939 368 1550005343032 
512 937 368 1550005343049 
512 934 368 1550005343066 
512 934 368 1550005343082 
512 933 367 1550005343099 
512 930 366 1550005343115 
512 930 366 1550005343132 
512 929 366 1550005343150 
512 928 366 1550005343166 
513 928 366 1550005343263 
514 928 366 1550005343379 
512 926 366 1550005343482 
512 905 370 1550005343499 
512 870 379 1550005343516 
512 814 398 1550005343532 
512 762 419 1550005343549 
512 733 429 1550005343565 
512 708 436 1550005343582 
512 682 445 1550005343598 
512 654 452 1550005343615 
512 634 453 1550005343633 
512 622 453 1550005343649 
512 622 453 1550005343665 
512 622 452 1550005343732 
512 619 448 1550005343749 
512 619 444 1550005343766 
512 621 439 1550005343782 
512 626 434 1550005343799 
512 638 426 1550005343815 
512 648 420 1550005343832 
512 701 410 1550005343849 
512 726 411 1550005343866 
512 754 416 1550005343882 
512 779 420 1550005343899 
512 797 423 1550005343916 
512 812 423 1550005343932 
512 824 422 1550005343949 
512 830 420 1550005343966 
512 832 418 1550005343982 
512 834 418 1550005343999 
512 842 413 1550005344016 
512 856 406 1550005344032 
512 872 399 1550005344048 
512 884 393 1550005344066 
512 893 390 1550005344082 
512 901 387 1550005344099 
512 934 375 1550005344149 
512 938 374 1550005344166 
512 938 374 1550005344182 
512 938 374 1550005344249 
512 937 375 1550005344466 
512 936 376 1550005344482 
512 935 376 1550005344499 
512 934 377 1550005344532 
512 934 377 1550005344549 
513 934 377 1550005344631 
514 934 377 1550005344742 
512 927 377 1550005344832 
512 922 377 1550005344849 
512 914 376 1550005344866 
512 908 374 1550005344882 
512 902 374 1550005344898 
512 900 374 1550005344915 
512 898 374 1550005344965 
512 893 380 1550005344982 
512 864 463 1550005344999 
512 879 554 1550005345016 
512 921 599 1550005345032 
512 1020 663 1550005345062 
512 1181 714 1550005345395 
512 1164 647 1550005345399 
512 1142 641 1550005345416 
512 1130 649 1550005345433 
512 1125 679 1550005345449 
512 1123 702 1550005345464 
512 1220 706 1550005346016 
512 1230 694 1550005346032 
512 1255 676 1550005346049 
512 1308 642 1550005346066 
512 1454 547 1550005346083 
512 1535 492 1550005346100 
512 1535 464 1550005346116 
512 1535 442 1550005346133 
512 1535 414 1550005346150 
512 1535 378 1550005346166 
512 1531 300 1550005346183 
512 1510 238 1550005346199 
512 1479 188 1550005346216 
512 1455 167 1550005346232 
512 1432 161 1550005346250 
512 1402 165 1550005346266 
512 1362 188 1550005346283 
512 1336 221 1550005346299 
512 1318 258 1550005346316 
512 1296 293 1550005346332 
512 1257 338 1550005346349 
512 1222 385 1550005346366 
512 1212 418 1550005346382 
512 1211 432 1550005346399 
512 1210 444 1550005346416 
512 1206 458 1550005346433 
512 1198 475 1550005346449 
512 1188 492 1550005346466 
512 1154 518 1550005346482 
512 1109 545 1550005346499 
512 1053 570 1550005346515 
512 991 589 1550005346532 
512 926 604 1550005346549 
512 850 618 1550005346565 
512 802 625 1550005346583 
512 786 626 1550005346599 
512 785 626 1550005346616 
512 780 627 1550005346683 
512 774 628 1550005346699 
512 774 628 1550005346716 
512 770 628 1550005346732 
512 762 629 1550005346749 
512 745 631 1550005346766 
512 718 635 1550005346783 
512 686 638 1550005346799 
512 644 646 1550005346815 
512 562 657 1550005346832 
512 521 659 1550005346849 
512 502 659 1550005346866 
512 486 657 1550005346882 
512 474 655 1550005346899 
512 466 654 1550005346916 
512 473 654 1550005347082 
512 490 656 1550005347099 
512 507 658 1550005347115 
512 521 658 1550005347132 
512 525 658 1550005347149 
512 526 658 1550005347166 
512 526 658 1550005347215 
512 528 657 1550005347233 
512 529 655 1550005347249 
512 530 655 1550005347299 
512 531 654 1550005347316 
512 542 648 1550005347333 
512 548 645 1550005347349 
512 555 640 1550005347366 
512 562 638 1550005347382 
512 565 637 1550005347399 
512 567 637 1550005347415 
512 568 637 1550005347432 
512 570 637 1550005347449 
512 569 637 1550005347616 
512 568 638 1550005347633 
512 568 638 1550005347832 
512 559 643 1550005347848 
512 555 646 1550005347865 
513 555 646 1550005348004 
514 555 646 1550005348136 
512 555 644 1550005348182 
512 565 630 1550005348199 
512 578 611 1550005348216 
512 593 592 1550005348232 
512 612 564 1550005348248 
512 634 533 1550005348265 
512 657 507 1550005348282 
512 691 485 1550005348299 
512 715 474 1550005348315 
512 732 472 1550005348332 
512 738 472 1550005348349 
512 749 480 1550005348366 
512 761 495 1550005348382 
512 782 537 1550005348398 
512 792 570 1550005348415 
512 795 586 1550005348432 
512 809 634 1550005348449 
512 812 651 1550005348466 
512 814 662 1550005348482 
512 815 668 1550005348499 
512 817 670 1550005348515 
512 819 667 1550005348648 
512 823 663 1550005348665 
512 836 650 1550005348682 
512 841 645 1550005348698 
512 842 642 1550005348716 
512 843 642 1550005348732 
512 843 642 1550005348749 
512 844 638 1550005348765 
512 844 638 1550005348782 
512 845 638 1550005348963 
513 845 638 1550005348963 
514 845 638 1550005349078 
512 845 636 1550005349116 
512 845 635 1550005349131 
512 844 632 1550005349149 
512 842 627 1550005349165 
512 839 620 1550005349182 
512 836 609 1550005349199 
512 828 594 1550005349215 
512 820 577 1550005349232 
512 806 547 1550005349249 
512 801 527 1550005349266 
512 798 502 1550005349283 
512 795 475 1550005349299 
512 795 436 1550005349315 
512 802 394 1550005349333 
512 815 365 1550005349348 
512 834 342 1550005349366 
512 852 330 1550005349382 
512 870 326 1550005349399 
512 881 325 1550005349416 
512 892 326 1550005349433 
512 906 330 1550005349449 
512 921 337 1550005349466 
512 926 339 1550005349482 
512 929 342 1550005349499 
512 930 343 1550005349515 
512 931 344 1550005349532 
512 932 345 1550005349549 
512 932 351 1550005349565 
512 930 355 1550005349582 
512 928 361 1550005349599 
512 925 366 1550005349615 
512 923 371 1550005349632 
512 922 373 1550005349649 
512 922 376 1550005349832 
513 922 376 1550005349869 
514 922 376 1550005349984 
512 913 385 1550005350049 
512 900 395 1550005350066 
512 888 406 1550005350082 
512 863 428 1550005350098 
512 849 444 1550005350116 
512 836 462 1550005350132 
512 820 482 1550005350149 
512 799 503 1550005350166 
512 758 537 1550005350182 
512 727 563 1550005350199 
512 706 578 1550005350216 
512 690 586 1550005350232 
512 678 590 1550005350249 
512 672 591 1550005350266 
512 665 580 1550005350299 
512 648 558 1550005350315 
512 634 539 1550005350332 
512 618 520 1550005350349 
512 601 497 1550005350365 
512 578 470 1550005350382 
512 552 443 1550005350399 
512 541 434 1550005350416 
512 536 430 1550005350432 
512 534 425 1550005350449 
512 531 422 1550005350466 
512 530 420 1550005350483 
512 526 417 1550005350499 
512 518 412 1550005350516 
512 511 410 1550005350532 
512 499 406 1550005350549 
512 488 401 1550005350565 
512 479 395 1550005350583 
512 474 391 1550005350598 
512 468 388 1550005350615 
512 466 386 1550005350632 
512 465 385 1550005350648 
512 464 383 1550005350666 
512 464 382 1550005350682 
512 464 381 1550005350699 
512 464 380 1550005350715 
512 464 379 1550005350799 
512 465 379 1550005350815 
512 466 378 1550005350832 
512 466 377 1550005350849 
512 467 377 1550005350866 
512 467 376 1550005350883 
512 468 375 1550005350916 
512 469 374 1550005350949 
513 469 374 1550005351021 
514 469 374 1550005351108 
512 475 374 1550005351166 
512 497 381 1550005351182 
512 509 386 1550005351199 
512 567 417 1550005351216 
512 590 430 1550005351232 
512 617 450 1550005351248 
512 634 466 1550005351266 
512 651 485 1550005351282 
512 670 502 1550005351299 
512 684 512 1550005351315 
512 697 519 1550005351333 
512 704 523 1550005351349 
512 704 526 1550005351415 
512 692 533 1550005351432 
512 673 548 1550005351448 
512 628 572 1550005351466 
512 606 586 1550005351483 
512 598 592 1550005351499 
512 586 607 1550005351516 
512 582 612 1550005351532 
512 580 616 1550005351549 
512 579 618 1550005351565 
512 578 619 1550005351582 
512 577 621 1550005351599 
512 577 622 1550005351615 
512 575 623 1550005351632 
512 574 626 1550005351649 
512 573 627 1550005351665 
512 571 629 1550005351682 
512 570 630 1550005351699 
512 569 632 1550005351715 
512 567 634 1550005351732 
512 566 636 1550005351749 
512 563 638 1550005351765 
512 561 640 1550005351782 
512 556 642 1550005351799 
512 556 642 1550005351815 
512 555 642 1550005351832 
512 554 643 1550005351865 
512 554 644 1550005351916 
512 553 645 1550005351932 
513 553 645 1550005351993 
514 553 645 1550005352092 
512 567 635 1550005352132 
512 585 624 1550005352149 
512 599 615 1550005352165 
512 613 607 1550005352183 
512 636 589 1550005352198 
512 647 578 1550005352215 
512 660 563 1550005352232 
512 674 542 1550005352249 
512 688 518 1550005352265 
512 696 507 1550005352283 
512 701 500 1550005352299 
512 713 484 1550005352315 
512 724 470 1550005352332 
512 745 452 1550005352349 
512 770 434 1550005352366 
512 785 419 1550005352382 
512 789 407 1550005352398 
512 789 392 1550005352416 
512 786 384 1550005352433 
512 762 324 1550005352449 
512 751 304 1550005352465 
512 739 287 1550005352482 
512 733 270 1550005352499 
512 729 258 1550005352516 
512 726 249 1550005352533 
512 726 246 1550005352549 
512 725 246 1550005352565 
512 724 246 1550005352666 
512 721 243 1550005352682 
512 718 242 1550005352699 
512 716 240 1550005352715 
512 711 237 1550005352749 
512 692 223 1550005352765 
512 686 218 1550005352782 
512 681 213 1550005352799 
512 677 208 1550005352815 
512 676 205 1550005352832 
512 675 203 1550005352848 
512 675 202 1550005352865 
512 675 199 1550005352883 
512 675 198 1550005352899 
512 675 198 1550005352915 
512 675 197 1550005352932 
512 676 195 1550005352948 
512 677 195 1550005352966 
512 678 194 1550005352982 
512 679 193 1550005352999 
512 682 193 1550005353016 
512 688 194 1550005353032 
512 698 199 1550005353049 
512 702 201 1550005353065 
512 702 202 1550005353082 
512 702 203 1550005353199 
512 702 204 1550005353216 
512 702 206 1550005353232 
512 701 206 1550005353249 
512 701 206 1550005353265 
513 701 206 1550005353329 
512 701 207 1550005353412 
514 701 207 1550005353412 
