512 698 211 1550069912473 
512 697 216 1550069912490 
512 694 225 1550069912507 
512 692 238 1550069912523 
512 686 254 1550069912539 
512 684 278 1550069912556 
512 683 316 1550069912573 
512 689 341 1550069912589 
512 699 366 1550069912607 
512 712 392 1550069912623 
512 722 418 1550069912640 
512 732 442 1550069912656 
512 741 470 1550069912673 
512 754 504 1550069912690 
512 762 524 1550069912706 
512 766 544 1550069912723 
512 770 557 1550069912740 
512 774 567 1550069912756 
512 775 573 1550069912773 
512 776 575 1550069912790 
512 776 578 1550069912807 
512 777 578 1550069912823 
512 790 586 1550069912906 
512 796 590 1550069912923 
512 823 614 1550069912939 
512 837 626 1550069912956 
512 848 634 1550069912972 
512 857 640 1550069912990 
512 860 644 1550069913007 
512 862 648 1550069913022 
512 863 650 1550069913039 
512 864 652 1550069913057 
512 858 652 1550069913206 
512 852 650 1550069913223 
512 850 648 1550069913240 
512 849 646 1550069913256 
512 847 646 1550069913273 
512 846 646 1550069913290 
512 846 645 1550069913357 
512 846 644 1550069913506 
512 844 643 1550069913523 
512 843 642 1550069913539 
512 842 642 1550069913557 
513 842 642 1550069913628 
514 842 642 1550069913749 
512 843 638 1550069913856 
512 846 627 1550069913873 
512 847 616 1550069913890 
512 850 599 1550069913906 
512 852 581 1550069913923 
512 851 562 1550069913940 
512 846 538 1550069913957 
512 838 506 1550069913973 
512 832 489 1550069913989 
512 822 475 1550069914006 
512 806 458 1550069914023 
512 782 446 1550069914039 
512 737 432 1550069914057 
512 631 411 1550069914073 
512 562 404 1550069914089 
512 521 405 1550069914106 
512 500 406 1550069914123 
512 492 406 1550069914139 
512 491 406 1550069914157 
512 490 406 1550069914223 
512 487 403 1550069914240 
512 486 402 1550069914256 
512 482 398 1550069914273 
512 480 396 1550069914290 
512 479 395 1550069914307 
512 478 394 1550069914323 
512 478 391 1550069914340 
512 476 389 1550069914356 
512 474 386 1550069914373 
512 471 382 1550069914390 
512 470 380 1550069914406 
512 470 379 1550069914422 
512 469 378 1550069914439 
512 468 378 1550069914456 
512 467 377 1550069914473 
512 467 376 1550069914490 
513 467 376 1550069914605 
514 467 376 1550069914729 
512 468 375 1550069914823 
512 478 371 1550069914840 
512 485 368 1550069914856 
512 494 363 1550069914873 
512 506 358 1550069914890 
512 518 352 1550069914906 
512 540 350 1550069914923 
512 560 348 1550069914939 
512 586 348 1550069914956 
512 610 347 1550069914973 
512 633 342 1550069914989 
512 641 337 1550069915006 
512 642 333 1550069915023 
512 642 326 1550069915040 
512 642 314 1550069915057 
512 648 296 1550069915073 
512 653 278 1550069915090 
512 654 262 1550069915106 
512 656 246 1550069915123 
512 658 241 1550069915140 
512 661 234 1550069915156 
512 664 227 1550069915173 
512 668 222 1550069915190 
512 671 218 1550069915207 
512 677 211 1550069915223 
512 686 206 1550069915239 
512 696 200 1550069915256 
512 702 198 1550069915273 
512 705 198 1550069915290 
512 706 198 1550069915306 
512 706 198 1550069915323 
512 707 198 1550069915339 
512 708 198 1550069915357 
512 710 200 1550069915373 
512 710 201 1550069915390 
512 710 202 1550069915406 
512 710 202 1550069915456 
512 709 203 1550069915473 
512 706 206 1550069915490 
512 698 209 1550069915506 
512 694 210 1550069915523 
512 691 211 1550069915540 
512 690 211 1550069915556 
513 690 211 1550069915760 
514 690 211 1550069915849 
512 693 211 1550069915923 
512 697 210 1550069915940 
512 700 210 1550069915956 
512 700 209 1550069915973 
513 700 209 1550069916214 
514 700 209 1550069916344 
512 701 210 1550069916423 
512 702 211 1550069916440 
512 702 212 1550069916457 
512 702 214 1550069916473 
512 703 217 1550069916490 
512 703 218 1550069916506 
512 704 220 1550069916573 
512 712 244 1550069916590 
512 726 278 1550069916607 
512 757 349 1550069916622 
512 772 387 1550069916639 
512 793 416 1550069916657 
512 814 432 1550069916673 
512 834 443 1550069916690 
512 854 449 1550069916706 
512 885 450 1550069916723 
512 901 443 1550069916740 
512 904 440 1550069916756 
512 904 438 1550069916772 
512 904 433 1550069916789 
512 904 426 1550069916806 
512 902 410 1550069916823 
512 900 399 1550069916840 
512 898 390 1550069916856 
512 897 382 1550069916873 
512 895 373 1550069916890 
512 895 369 1550069916907 
512 895 367 1550069916939 
512 901 362 1550069916956 
512 914 356 1550069916973 
512 922 354 1550069916990 
512 928 352 1550069917006 
512 930 352 1550069917023 
512 930 352 1550069917039 
512 931 354 1550069917057 
512 934 358 1550069917073 
512 937 361 1550069917090 
512 938 364 1550069917107 
512 938 365 1550069917123 
512 936 366 1550069917239 
512 932 367 1550069917256 
512 928 370 1550069917274 
512 927 372 1550069917389 
512 927 374 1550069917406 
512 927 374 1550069917423 
512 927 376 1550069917439 
513 927 376 1550069917560 
514 927 376 1550069917665 
512 917 382 1550069917740 
512 903 390 1550069917756 
512 891 400 1550069917773 
512 865 417 1550069917789 
512 846 427 1550069917806 
512 824 440 1550069917823 
512 798 454 1550069917840 
512 779 464 1550069917857 
512 766 470 1550069917874 
512 758 476 1550069917890 
512 740 482 1550069917906 
512 726 485 1550069917923 
512 707 488 1550069917940 
512 689 494 1550069917956 
512 674 498 1550069917973 
512 669 504 1550069917990 
512 661 514 1550069918006 
512 654 528 1550069918023 
512 647 548 1550069918039 
512 644 565 1550069918056 
512 639 582 1550069918073 
512 632 599 1550069918090 
512 622 613 1550069918106 
512 606 631 1550069918123 
512 595 644 1550069918140 
512 582 654 1550069918156 
512 569 662 1550069918173 
512 556 668 1550069918190 
512 544 674 1550069918207 
512 529 680 1550069918223 
512 526 681 1550069918239 
512 525 679 1550069918323 
512 525 677 1550069918340 
512 526 674 1550069918356 
512 530 669 1550069918373 
512 535 663 1550069918390 
512 542 659 1550069918406 
512 550 656 1550069918423 
512 550 655 1550069918439 
512 552 653 1550069918523 
512 553 652 1550069918540 
512 553 650 1550069918557 
512 553 650 1550069918574 
512 553 648 1550069918589 
512 553 647 1550069918607 
512 553 646 1550069918623 
512 553 644 1550069918640 
512 554 643 1550069918657 
512 554 642 1550069918673 
512 555 642 1550069918689 
512 555 641 1550069918724 
513 555 641 1550069918794 
514 555 641 1550069918917 
512 556 640 1550069918956 
512 559 636 1550069918973 
512 562 632 1550069918989 
512 566 624 1550069919007 
512 575 610 1550069919023 
512 582 597 1550069919039 
512 586 584 1550069919056 
512 589 556 1550069919073 
512 595 536 1550069919089 
512 607 518 1550069919107 
512 616 502 1550069919123 
512 622 493 1550069919140 
512 626 486 1550069919156 
512 634 478 1550069919173 
512 641 476 1550069919190 
512 667 474 1550069919207 
512 708 478 1550069919223 
512 760 490 1550069919239 
512 814 518 1550069919256 
512 860 563 1550069919273 
512 878 590 1550069919290 
512 886 612 1550069919306 
512 890 630 1550069919323 
512 893 646 1550069919339 
512 894 661 1550069919356 
512 892 669 1550069919373 
512 890 671 1550069919389 
512 883 676 1550069919406 
512 880 676 1550069919423 
512 878 676 1550069919439 
512 874 675 1550069919456 
512 870 673 1550069919473 
512 868 672 1550069919489 
512 867 670 1550069919506 
512 866 667 1550069919523 
512 865 665 1550069919540 
512 862 660 1550069919557 
512 860 653 1550069919573 
512 858 645 1550069919589 
512 858 642 1550069919606 
512 858 641 1550069919623 
512 858 640 1550069919639 
512 857 639 1550069919723 
512 853 639 1550069919757 
512 850 639 1550069919773 
512 849 639 1550069919790 
512 847 639 1550069919990 
512 845 640 1550069920007 
512 844 640 1550069920023 
513 844 640 1550069920209 
514 844 640 1550069920323 
512 843 640 1550069920407 
512 842 638 1550069920423 
512 840 631 1550069920440 
512 838 626 1550069920456 
512 835 614 1550069920473 
512 831 598 1550069920490 
512 829 582 1550069920507 
512 826 562 1550069920523 
512 822 538 1550069920540 
512 821 523 1550069920556 
512 819 504 1550069920573 
512 820 482 1550069920589 
512 827 462 1550069920606 
512 838 445 1550069920623 
512 853 428 1550069920639 
512 876 409 1550069920656 
512 890 402 1550069920673 
512 898 396 1550069920690 
512 903 390 1550069920706 
512 906 389 1550069920723 
512 906 388 1550069920739 
512 906 387 1550069920756 
512 908 386 1550069920906 
512 917 383 1550069920923 
512 928 379 1550069920940 
512 934 378 1550069920957 
512 939 376 1550069920973 
512 939 375 1550069920989 
512 938 375 1550069921123 
512 938 376 1550069921139 
512 934 378 1550069921156 
512 926 379 1550069921173 
512 922 380 1550069921189 
512 922 380 1550069921206 
512 923 375 1550069921673 
512 924 374 1550069921690 
513 924 374 1550069921778 
514 924 374 1550069921900 
512 922 374 1550069921940 
512 908 374 1550069921956 
512 883 379 1550069921973 
512 858 382 1550069921990 
512 841 382 1550069922007 
512 826 382 1550069922023 
512 795 383 1550069922039 
512 770 387 1550069922056 
512 739 390 1550069922073 
512 713 393 1550069922089 
512 688 395 1550069922106 
512 671 400 1550069922123 
512 651 411 1550069922139 
512 639 418 1550069922156 
512 627 424 1550069922173 
512 614 426 1550069922189 
512 598 428 1550069922207 
512 580 430 1550069922223 
512 562 430 1550069922240 
512 550 426 1550069922257 
512 548 422 1550069922273 
512 543 417 1550069922290 
512 539 412 1550069922306 
512 534 406 1550069922323 
512 531 401 1550069922340 
512 530 397 1550069922356 
512 528 394 1550069922373 
512 526 393 1550069922390 
512 524 390 1550069922407 
512 521 389 1550069922423 
512 515 387 1550069922439 
512 510 386 1550069922457 
512 505 386 1550069922473 
512 501 386 1550069922490 
512 496 386 1550069922506 
512 491 386 1550069922523 
512 490 386 1550069922540 
512 488 385 1550069922556 
512 486 385 1550069922573 
512 485 385 1550069922590 
512 484 385 1550069922606 
512 483 385 1550069922623 
512 483 384 1550069922640 
512 482 383 1550069922657 
512 479 381 1550069922673 
512 476 377 1550069922690 
512 472 373 1550069922706 
512 470 371 1550069922723 
512 470 370 1550069922740 
512 469 370 1550069922756 
513 469 370 1550069922935 
514 469 370 1550069923044 
512 469 368 1550069923223 
512 473 365 1550069923239 
512 474 364 1550069923257 
512 480 360 1550069923273 
512 488 354 1550069923289 
512 502 347 1550069923306 
512 514 346 1550069923323 
512 518 350 1550069923339 
512 523 362 1550069923356 
512 531 386 1550069923373 
512 542 419 1550069923389 
512 555 465 1550069923406 
512 571 546 1550069923422 
512 576 580 1550069923440 
512 578 602 1550069923457 
512 578 618 1550069923473 
512 578 630 1550069923490 
512 578 637 1550069923506 
512 575 644 1550069923522 
512 574 644 1550069923540 
512 573 645 1550069923673 
512 572 645 1550069923690 
512 570 645 1550069923706 
512 567 644 1550069923723 
512 566 643 1550069923740 
512 565 642 1550069923756 
512 564 641 1550069923773 
512 562 640 1550069923790 
512 562 639 1550069923806 
512 561 638 1550069923823 
512 559 638 1550069923906 
512 558 638 1550069923957 
513 558 638 1550069923995 
514 558 638 1550069924134 
512 558 636 1550069924190 
512 560 634 1550069924206 
512 564 630 1550069924223 
512 569 622 1550069924239 
512 575 615 1550069924256 
512 585 602 1550069924272 
512 591 594 1550069924289 
512 635 560 1550069924306 
512 679 524 1550069924322 
512 719 503 1550069924340 
512 734 493 1550069924357 
512 741 484 1550069924373 
512 742 480 1550069924389 
512 743 474 1550069924406 
512 745 458 1550069924423 
512 746 439 1550069924440 
512 745 415 1550069924457 
512 739 380 1550069924473 
512 739 370 1550069924489 
512 737 338 1550069924506 
512 735 313 1550069924523 
512 728 290 1550069924540 
512 722 275 1550069924556 
512 715 262 1550069924573 
512 713 258 1550069924589 
512 711 255 1550069924606 
512 710 254 1550069924623 
512 709 252 1550069924639 
512 707 250 1550069924656 
512 706 248 1550069924673 
512 705 246 1550069924690 
512 703 245 1550069924706 
512 701 242 1550069924723 
512 699 238 1550069924739 
512 698 234 1550069924756 
512 696 230 1550069924773 
512 694 226 1550069924790 
512 694 220 1550069924806 
512 694 216 1550069924823 
512 695 210 1550069924840 
512 697 206 1550069924856 
512 698 204 1550069924873 
512 698 202 1550069924890 
512 698 202 1550069924906 
512 698 201 1550069924923 
512 698 200 1550069924940 
513 698 200 1550069925099 
514 698 200 1550069925238 
512 703 201 1550069925340 
512 710 206 1550069925356 
512 721 211 1550069925373 
512 730 216 1550069925389 
512 742 222 1550069925407 
512 760 235 1550069925422 
512 771 246 1550069925439 
512 784 258 1550069925456 
512 798 271 1550069925473 
512 810 283 1550069925489 
512 815 295 1550069925506 
512 821 308 1550069925523 
512 822 322 1550069925539 
512 826 347 1550069925557 
512 829 367 1550069925573 
512 829 381 1550069925589 
512 829 382 1550069925607 
512 827 382 1550069925640 
512 813 374 1550069925656 
512 795 363 1550069925673 
512 778 349 1550069925690 
512 758 330 1550069925706 
512 734 306 1550069925723 
512 706 269 1550069925739 
512 682 219 1550069925757 
512 678 203 1550069925773 
512 675 197 1550069925789 
512 674 195 1550069925807 
512 674 194 1550069925822 
512 674 194 1550069925839 
512 674 193 1550069925906 
512 675 192 1550069925923 
512 676 191 1550069925940 
512 677 191 1550069925956 
512 678 189 1550069925973 
512 680 189 1550069925989 
512 685 189 1550069926006 
512 689 191 1550069926023 
512 696 197 1550069926040 
512 701 202 1550069926056 
512 708 212 1550069926073 
512 710 216 1550069926089 
512 710 218 1550069926106 
512 711 219 1550069926123 
512 712 220 1550069926139 
512 710 218 1550069926323 
512 708 214 1550069926340 
512 707 213 1550069926356 
512 706 211 1550069926373 
512 706 211 1550069926389 
513 706 211 1550069926576 
514 706 211 1550069926668 
