512 703 210 1550091821792 
512 707 215 1550091821808 
512 710 218 1550091821825 
512 725 236 1550091821843 
512 737 247 1550091821859 
512 758 268 1550091821875 
512 774 286 1550091821892 
512 797 305 1550091821909 
512 823 326 1550091821926 
512 839 341 1550091821942 
512 890 410 1550091821959 
512 895 440 1550091821975 
512 894 463 1550091821992 
512 893 484 1550091822009 
512 888 504 1550091822025 
512 887 514 1550091822042 
512 880 551 1550091822059 
512 876 578 1550091822075 
512 874 594 1550091822092 
512 873 606 1550091822108 
512 872 617 1550091822126 
512 870 627 1550091822142 
512 869 632 1550091822158 
512 866 634 1550091822176 
512 866 634 1550091822192 
512 865 636 1550091822209 
512 863 637 1550091822226 
512 862 637 1550091822242 
512 860 637 1550091822275 
512 859 637 1550091822292 
512 857 637 1550091822309 
512 852 635 1550091822325 
512 850 634 1550091822342 
512 845 633 1550091822359 
512 842 633 1550091822375 
512 841 633 1550091822392 
512 838 634 1550091822409 
512 836 637 1550091822426 
512 834 638 1550091822442 
512 831 641 1550091822459 
512 829 644 1550091822475 
512 829 646 1550091822492 
513 829 646 1550091822639 
514 829 646 1550091822749 
512 830 645 1550091822775 
512 833 643 1550091822792 
512 833 642 1550091822875 
512 834 642 1550091822892 
513 834 642 1550091823007 
514 834 642 1550091823149 
512 834 638 1550091823325 
512 834 634 1550091823342 
512 834 628 1550091823359 
512 832 615 1550091823376 
512 830 598 1550091823392 
512 830 589 1550091823409 
512 821 560 1550091823425 
512 801 506 1550091823442 
512 659 328 1550091823492 
512 646 319 1550091823509 
512 564 276 1550091823525 
512 529 264 1550091823542 
512 478 248 1550091823559 
512 467 246 1550091823575 
512 464 245 1550091823591 
512 457 250 1550091823676 
512 452 254 1550091823692 
512 451 256 1550091823709 
512 448 263 1550091823725 
512 434 331 1550091823776 
512 434 337 1550091823791 
512 434 378 1550091823826 
512 435 384 1550091823842 
512 437 387 1550091823858 
512 438 390 1550091823875 
512 440 392 1550091823892 
512 442 394 1550091823908 
512 443 398 1550091823925 
512 446 403 1550091823942 
512 447 404 1550091823958 
512 449 405 1550091823975 
512 450 406 1550091823992 
512 452 406 1550091824008 
512 455 404 1550091824025 
512 460 398 1550091824042 
512 466 391 1550091824059 
512 472 381 1550091824075 
512 474 375 1550091824091 
512 474 372 1550091824108 
512 475 370 1550091824125 
512 475 370 1550091824158 
513 475 370 1550091824370 
512 475 370 1550091824392 
514 475 370 1550091824462 
512 477 370 1550091824508 
512 482 371 1550091824525 
512 490 372 1550091824542 
512 498 372 1550091824558 
512 512 373 1550091824575 
512 529 374 1550091824592 
512 542 375 1550091824609 
512 558 378 1550091824625 
512 566 378 1550091824642 
512 579 378 1550091824659 
512 598 373 1550091824675 
512 616 366 1550091824692 
512 625 362 1550091824708 
512 640 345 1550091824725 
512 642 330 1550091824742 
512 645 311 1550091824759 
512 652 290 1550091824775 
512 662 270 1550091824792 
512 670 250 1550091824809 
512 673 234 1550091824825 
512 673 225 1550091824842 
512 672 218 1550091824859 
512 671 214 1550091824875 
512 670 211 1550091824892 
512 670 210 1550091824909 
512 676 212 1550091825008 
512 683 214 1550091825026 
512 686 215 1550091825042 
512 687 216 1550091825075 
512 688 217 1550091825092 
512 690 217 1550091825108 
512 694 218 1550091825126 
512 694 218 1550091825142 
512 696 217 1550091825226 
512 697 216 1550091825242 
512 698 214 1550091825259 
512 698 213 1550091825275 
512 698 211 1550091825292 
512 698 210 1550091825325 
513 698 210 1550091825428 
514 698 210 1550091825528 
512 699 210 1550091825558 
512 710 217 1550091825575 
512 714 223 1550091825591 
512 719 229 1550091825608 
512 723 234 1550091825625 
512 734 253 1550091825642 
512 741 266 1550091825659 
512 750 294 1550091825675 
512 757 314 1550091825692 
512 762 334 1550091825709 
512 766 354 1550091825724 
512 774 371 1550091825741 
512 783 387 1550091825758 
512 794 408 1550091825775 
512 798 421 1550091825792 
512 801 431 1550091825808 
512 802 435 1550091825825 
512 802 436 1550091825842 
512 804 436 1550091825908 
512 808 435 1550091825942 
512 881 421 1550091825959 
512 911 418 1550091825974 
512 919 415 1550091825992 
512 921 414 1550091826008 
512 921 412 1550091826024 
512 922 409 1550091826041 
512 924 406 1550091826058 
512 929 398 1550091826075 
512 934 393 1550091826092 
512 937 388 1550091826108 
512 937 387 1550091826125 
512 937 386 1550091826141 
512 937 385 1550091826158 
512 937 382 1550091826174 
512 938 380 1550091826191 
512 938 378 1550091826208 
512 938 374 1550091826225 
512 938 372 1550091826258 
512 938 374 1550091826359 
512 937 374 1550091826374 
512 935 375 1550091826392 
512 934 376 1550091826409 
512 933 377 1550091826441 
512 932 377 1550091826458 
512 931 377 1550091826558 
513 931 377 1550091826596 
514 931 377 1550091826717 
512 929 377 1550091826758 
512 918 378 1550091826775 
512 911 378 1550091826791 
512 906 378 1550091826808 
512 899 380 1550091826825 
512 891 381 1550091826841 
512 884 382 1550091826858 
512 847 386 1550091826874 
512 822 388 1550091826891 
512 810 388 1550091826908 
512 747 386 1550091826924 
512 728 386 1550091826941 
512 711 386 1550091826958 
512 700 389 1550091826975 
512 694 391 1550091826991 
512 690 392 1550091827008 
512 666 406 1550091827024 
512 658 414 1550091827042 
512 654 421 1550091827058 
512 653 429 1550091827075 
512 650 434 1550091827092 
512 641 458 1550091827109 
512 632 480 1550091827125 
512 622 516 1550091827142 
512 611 560 1550091827174 
512 609 570 1550091827192 
512 606 578 1550091827208 
512 606 581 1550091827225 
512 602 592 1550091827241 
512 601 598 1550091827258 
512 599 602 1550091827275 
512 597 606 1550091827291 
512 596 607 1550091827308 
512 595 608 1550091827325 
512 594 609 1550091827341 
512 593 609 1550091827358 
512 591 610 1550091827408 
512 586 613 1550091827425 
512 578 618 1550091827441 
512 570 623 1550091827458 
512 568 626 1550091827475 
512 562 630 1550091827508 
512 562 631 1550091827575 
512 562 634 1550091827658 
512 562 634 1550091827675 
512 562 636 1550091827692 
512 562 638 1550091827708 
512 563 640 1550091827742 
512 563 641 1550091827758 
512 563 642 1550091827792 
513 563 642 1550091828007 
514 563 642 1550091828107 
512 563 641 1550091828158 
512 566 636 1550091828175 
512 569 631 1550091828191 
512 576 621 1550091828208 
512 583 609 1550091828224 
512 587 599 1550091828242 
512 591 584 1550091828258 
512 593 575 1550091828275 
512 605 545 1550091828291 
512 618 518 1550091828308 
512 622 513 1550091828324 
512 623 511 1550091828342 
512 624 510 1550091828358 
512 625 510 1550091828375 
512 654 508 1550091828408 
512 665 514 1550091828424 
512 677 520 1550091828441 
512 701 536 1550091828458 
512 710 542 1550091828474 
512 750 576 1550091828492 
512 778 599 1550091828508 
512 806 618 1550091828525 
512 817 624 1550091828541 
512 852 639 1550091828558 
512 861 642 1550091828575 
512 876 646 1550091828592 
512 880 649 1550091828625 
512 880 650 1550091828642 
512 884 653 1550091828658 
512 885 653 1550091828709 
512 886 653 1550091828741 
512 886 653 1550091828758 
512 885 652 1550091828775 
512 881 652 1550091828791 
512 875 650 1550091828808 
512 866 648 1550091828825 
512 860 646 1550091828841 
512 860 645 1550091828859 
512 854 642 1550091828908 
512 852 642 1550091828925 
512 850 642 1550091828941 
512 850 642 1550091828958 
512 849 642 1550091829008 
512 847 641 1550091829025 
512 846 641 1550091829092 
512 841 641 1550091829109 
512 838 640 1550091829125 
512 835 640 1550091829141 
513 835 640 1550091829241 
514 835 640 1550091829373 
512 835 639 1550091829442 
512 836 637 1550091829458 
512 837 634 1550091829475 
512 839 626 1550091829491 
512 840 623 1550091829509 
512 841 610 1550091829525 
512 841 582 1550091829542 
512 842 565 1550091829559 
512 851 530 1550091829575 
512 872 462 1550091829608 
512 879 419 1550091829642 
512 887 403 1550091829659 
512 896 393 1550091829675 
512 905 385 1550091829691 
512 911 381 1550091829709 
512 929 369 1550091829758 
512 930 361 1550091829775 
512 930 357 1550091829792 
512 930 353 1550091829809 
512 930 350 1550091829825 
512 930 348 1550091829842 
512 930 350 1550091829959 
512 930 354 1550091829975 
512 929 359 1550091829992 
512 928 362 1550091830009 
512 928 364 1550091830025 
512 928 365 1550091830042 
512 927 366 1550091830058 
512 926 367 1550091830075 
512 926 368 1550091830092 
512 925 369 1550091830109 
512 925 370 1550091830125 
512 924 370 1550091830141 
513 924 370 1550091830245 
512 924 371 1550091830292 
514 924 371 1550091830363 
512 923 371 1550091830425 
512 921 371 1550091830442 
512 916 372 1550091830458 
512 907 374 1550091830475 
512 895 375 1550091830492 
512 874 378 1550091830508 
512 838 381 1550091830525 
512 826 383 1550091830542 
512 770 389 1550091830558 
512 746 394 1550091830575 
512 719 402 1550091830592 
512 691 408 1550091830609 
512 646 413 1550091830624 
512 626 413 1550091830642 
512 619 410 1550091830659 
512 614 406 1550091830675 
512 611 405 1550091830692 
512 599 397 1550091830708 
512 581 388 1550091830725 
512 574 385 1550091830741 
512 560 377 1550091830758 
512 550 374 1550091830775 
512 542 372 1550091830792 
512 532 372 1550091830808 
512 517 372 1550091830824 
512 510 373 1550091830842 
512 498 376 1550091830858 
512 492 378 1550091830875 
512 490 378 1550091830892 
512 489 379 1550091830909 
512 488 379 1550091830925 
512 487 379 1550091830992 
512 486 379 1550091831008 
512 486 379 1550091831025 
512 484 378 1550091831041 
512 482 378 1550091831058 
512 482 378 1550091831075 
512 481 378 1550091831092 
512 478 377 1550091831108 
512 478 377 1550091831125 
512 476 377 1550091831142 
512 474 377 1550091831158 
512 466 374 1550091831192 
512 466 374 1550091831225 
512 466 374 1550091831242 
513 466 374 1550091831305 
514 466 374 1550091831446 
512 466 373 1550091831508 
512 470 372 1550091831525 
512 492 366 1550091831559 
512 500 363 1550091831575 
512 510 361 1550091831592 
512 526 355 1550091831608 
512 546 352 1550091831625 
512 562 351 1550091831642 
512 574 350 1550091831658 
512 590 349 1550091831675 
512 602 349 1550091831692 
512 606 349 1550091831708 
512 610 351 1550091831725 
512 611 355 1550091831741 
512 613 362 1550091831758 
512 614 366 1550091831775 
512 624 457 1550091831808 
512 626 477 1550091831825 
512 626 498 1550091831842 
512 625 514 1550091831858 
512 623 539 1550091831875 
512 622 554 1550091831891 
512 618 570 1550091831908 
512 616 578 1550091831925 
512 614 585 1550091831941 
512 613 591 1550091831958 
512 611 597 1550091831975 
512 606 606 1550091831991 
512 602 612 1550091832008 
512 598 616 1550091832025 
512 596 618 1550091832042 
512 595 618 1550091832059 
512 592 621 1550091832074 
512 588 622 1550091832092 
512 586 624 1550091832108 
512 583 624 1550091832125 
512 581 624 1550091832141 
512 577 625 1550091832158 
512 573 626 1550091832175 
512 569 628 1550091832192 
512 565 630 1550091832209 
512 562 631 1550091832225 
512 561 633 1550091832242 
512 560 634 1550091832259 
512 559 634 1550091832275 
512 558 635 1550091832292 
512 558 637 1550091832308 
512 557 638 1550091832325 
512 557 639 1550091832342 
513 557 639 1550091832517 
512 558 639 1550091832649 
514 558 639 1550091832649 
512 558 638 1550091832674 
512 563 630 1550091832708 
512 566 626 1550091832724 
512 570 620 1550091832742 
512 578 606 1550091832758 
512 587 590 1550091832775 
512 599 571 1550091832808 
512 635 515 1550091832825 
512 645 499 1550091832842 
512 665 468 1550091832858 
512 670 461 1550091832875 
512 686 434 1550091832892 
512 688 429 1550091832909 
512 692 417 1550091832925 
512 695 402 1550091832942 
512 698 394 1550091832959 
512 708 367 1550091832992 
512 739 282 1550091833009 
512 788 148 1550091833025 
512 794 106 1550091833042 
512 797 74 1550091833058 
512 799 44 1550091833108 
512 798 44 1550091833125 
512 797 44 1550091833141 
512 795 44 1550091833158 
512 793 44 1550091833175 
512 791 44 1550091833192 
512 788 46 1550091833208 
512 776 57 1550091833242 
512 768 69 1550091833258 
512 764 77 1550091833275 
512 762 83 1550091833291 
512 762 86 1550091833309 
512 758 98 1550091833325 
512 748 114 1550091833342 
512 732 140 1550091833358 
512 719 161 1550091833391 
512 718 166 1550091833407 
512 718 167 1550091833425 
512 717 168 1550091833442 
512 715 170 1550091833458 
512 714 171 1550091833475 
512 709 178 1550091833508 
512 707 181 1550091833525 
512 698 190 1550091833541 
512 695 194 1550091833558 
512 694 196 1550091833575 
512 694 198 1550091833592 
512 693 198 1550091833625 
512 693 199 1550091833642 
512 691 201 1550091833658 
512 690 203 1550091833674 
512 690 204 1550091833691 
512 691 207 1550091833725 
512 692 208 1550091833808 
512 693 209 1550091833825 
512 694 210 1550091833842 
512 702 212 1550091833858 
512 703 214 1550091833874 
512 705 214 1550091833892 
512 706 215 1550091833925 
512 708 216 1550091833941 
512 706 215 1550091834325 
512 706 214 1550091834342 
512 704 212 1550091834375 
513 704 212 1550091834433 
512 703 212 1550091834541 
514 703 212 1550091834565 
