512 700 210 1550091861774 
512 704 214 1550091861791 
512 706 222 1550091861807 
512 709 230 1550091861824 
512 715 244 1550091861841 
512 722 260 1550091861858 
512 736 289 1550091861874 
512 748 313 1550091861891 
512 761 345 1550091861908 
512 768 382 1550091861924 
512 772 423 1550091861941 
512 778 461 1550091861958 
512 785 503 1550091861974 
512 786 525 1550091861991 
512 788 542 1550091862007 
512 790 561 1550091862024 
512 792 580 1550091862041 
512 794 597 1550091862057 
512 799 616 1550091862075 
512 804 627 1550091862090 
512 809 636 1550091862107 
512 813 642 1550091862124 
512 816 646 1550091862140 
512 825 658 1550091862158 
512 831 664 1550091862174 
512 834 666 1550091862191 
512 835 666 1550091862207 
512 835 667 1550091862224 
512 837 667 1550091862274 
512 839 666 1550091862290 
512 841 663 1550091862307 
512 843 661 1550091862324 
512 844 657 1550091862341 
512 847 652 1550091862357 
512 850 648 1550091862374 
512 850 647 1550091862391 
512 850 646 1550091862408 
512 850 645 1550091862424 
512 850 643 1550091862441 
512 850 642 1550091862474 
512 850 642 1550091862608 
512 850 643 1550091862617 
513 850 643 1550091862617 
512 849 643 1550091862691 
514 849 643 1550091862794 
512 848 643 1550091862857 
512 847 643 1550091862874 
512 846 643 1550091862924 
512 845 643 1550091862941 
512 844 643 1550091862990 
512 842 643 1550091863024 
512 839 644 1550091863041 
512 835 645 1550091863057 
512 834 645 1550091863074 
512 834 645 1550091863108 
512 833 645 1550091863124 
513 833 645 1550091863233 
514 833 645 1550091863372 
512 837 645 1550091863507 
512 839 645 1550091863541 
512 840 644 1550091863558 
512 843 643 1550091863574 
512 847 642 1550091863591 
512 848 640 1550091863608 
512 848 634 1550091863641 
512 845 629 1550091863657 
512 833 617 1550091863674 
512 814 603 1550091863691 
512 790 586 1550091863708 
512 756 563 1550091863724 
512 728 546 1550091863741 
512 708 532 1550091863758 
512 682 517 1550091863774 
512 670 508 1550091863791 
512 659 502 1550091863808 
512 649 494 1550091863824 
512 635 486 1550091863841 
512 623 480 1550091863858 
512 615 474 1550091863874 
512 610 470 1550091863891 
512 605 467 1550091863908 
512 598 463 1550091863924 
512 590 459 1550091863941 
512 581 453 1550091863958 
512 563 443 1550091863974 
512 546 437 1550091863991 
512 527 430 1550091864007 
512 513 424 1550091864024 
512 504 418 1550091864041 
512 499 414 1550091864058 
512 496 406 1550091864073 
512 494 405 1550091864090 
512 494 403 1550091864108 
512 494 402 1550091864124 
512 493 402 1550091864141 
512 493 399 1550091864158 
512 494 395 1550091864173 
512 494 393 1550091864191 
512 494 391 1550091864208 
512 494 390 1550091864224 
512 493 389 1550091864241 
512 492 386 1550091864258 
512 487 381 1550091864274 
512 476 373 1550091864290 
512 469 371 1550091864308 
512 465 370 1550091864324 
512 464 370 1550091864341 
512 469 370 1550091864541 
512 474 370 1550091864558 
512 478 372 1550091864574 
512 478 372 1550091864591 
513 478 372 1550091864771 
514 478 372 1550091864902 
512 510 363 1550091865307 
512 631 301 1550091865324 
512 726 257 1550091865341 
512 765 224 1550091865358 
512 798 185 1550091865374 
512 803 177 1550091865391 
512 803 175 1550091865407 
512 803 172 1550091865424 
512 803 170 1550091865441 
512 803 170 1550091865458 
512 803 169 1550091865474 
512 802 169 1550091865541 
512 794 169 1550091865557 
512 775 173 1550091865574 
512 761 178 1550091865591 
512 755 180 1550091865608 
512 754 181 1550091865624 
512 754 182 1550091865674 
512 750 183 1550091865691 
512 746 185 1550091865708 
512 738 186 1550091865724 
512 726 190 1550091865740 
512 717 191 1550091865757 
512 714 192 1550091865774 
512 712 194 1550091865825 
512 710 194 1550091865841 
512 706 196 1550091865858 
512 706 196 1550091865874 
512 704 201 1550091865974 
512 702 203 1550091865991 
512 702 206 1550091866008 
512 701 206 1550091866024 
512 700 206 1550091866041 
513 700 206 1550091866185 
514 700 206 1550091866313 
512 706 214 1550091866708 
512 716 225 1550091866724 
512 730 236 1550091866740 
512 744 250 1550091866757 
512 758 266 1550091866774 
512 772 283 1550091866791 
512 786 298 1550091866808 
512 802 313 1550091866824 
512 818 328 1550091866841 
512 825 334 1550091866857 
512 829 339 1550091866874 
512 832 343 1550091866891 
512 833 344 1550091866908 
512 834 346 1550091866924 
512 835 346 1550091866940 
512 837 347 1550091866958 
512 838 348 1550091866974 
512 839 349 1550091866990 
512 840 350 1550091867008 
512 842 350 1550091867024 
512 842 351 1550091867041 
512 843 352 1550091867057 
512 846 352 1550091867074 
512 850 352 1550091867090 
512 856 354 1550091867108 
512 864 355 1550091867124 
512 877 356 1550091867141 
512 893 357 1550091867157 
512 923 360 1550091867174 
512 934 363 1550091867190 
512 938 365 1550091867208 
512 939 366 1550091867224 
512 940 366 1550091867241 
512 940 367 1550091867358 
512 940 369 1550091867424 
512 938 370 1550091867441 
512 938 371 1550091867458 
512 936 372 1550091867474 
512 935 373 1550091867574 
512 935 374 1550091867590 
512 934 374 1550091867607 
512 933 374 1550091867624 
512 932 374 1550091867641 
513 932 374 1550091867784 
514 932 374 1550091867895 
512 931 374 1550091867974 
512 930 374 1550091868008 
512 922 374 1550091868024 
512 912 375 1550091868041 
512 897 376 1550091868057 
512 886 378 1550091868074 
512 873 384 1550091868091 
512 847 391 1550091868108 
512 806 401 1550091868124 
512 770 409 1550091868141 
512 739 412 1550091868157 
512 724 415 1550091868174 
512 719 417 1550091868191 
512 718 418 1550091868207 
512 713 424 1550091868224 
512 705 435 1550091868241 
512 696 449 1550091868258 
512 689 466 1550091868274 
512 682 486 1550091868291 
512 675 506 1550091868307 
512 663 533 1550091868324 
512 656 549 1550091868340 
512 650 564 1550091868357 
512 644 576 1550091868374 
512 638 588 1550091868391 
512 632 598 1550091868408 
512 625 610 1550091868424 
512 622 613 1550091868441 
512 619 615 1550091868458 
512 617 616 1550091868474 
512 611 618 1550091868490 
512 607 621 1550091868507 
512 600 623 1550091868524 
512 598 625 1550091868541 
512 593 627 1550091868557 
512 586 630 1550091868574 
512 579 631 1550091868591 
512 576 632 1550091868608 
512 569 635 1550091868624 
512 565 638 1550091868641 
512 564 638 1550091868657 
512 562 640 1550091868674 
512 562 641 1550091868691 
512 562 642 1550091868707 
512 561 642 1550091868724 
512 560 644 1550091868740 
512 559 645 1550091868757 
512 558 645 1550091868774 
513 558 645 1550091868882 
514 558 645 1550091868982 
512 559 645 1550091868991 
512 560 644 1550091869091 
512 562 639 1550091869107 
512 563 636 1550091869124 
512 566 632 1550091869141 
512 567 629 1550091869157 
512 574 619 1550091869174 
512 578 613 1550091869190 
512 580 605 1550091869207 
512 582 598 1550091869224 
512 582 594 1550091869241 
512 586 590 1550091869258 
512 615 578 1550091869274 
512 652 570 1550091869290 
512 684 568 1550091869307 
512 705 573 1550091869323 
512 724 585 1550091869341 
512 742 598 1550091869357 
512 775 613 1550091869374 
512 797 624 1550091869390 
512 811 632 1550091869407 
512 820 636 1550091869424 
512 826 640 1550091869441 
512 830 642 1550091869457 
512 834 643 1550091869474 
512 834 643 1550091869524 
512 835 643 1550091869574 
512 836 643 1550091869591 
512 837 643 1550091869641 
512 838 643 1550091869657 
512 839 643 1550091869758 
513 839 643 1550091869784 
512 840 642 1550091869824 
512 841 642 1550091869874 
514 841 642 1550091869911 
512 841 642 1550091869940 
512 841 641 1550091869957 
512 841 640 1550091869974 
512 841 639 1550091869990 
512 842 638 1550091870008 
512 844 634 1550091870024 
512 846 629 1550091870040 
512 846 622 1550091870057 
512 846 613 1550091870074 
512 846 602 1550091870091 
512 846 592 1550091870108 
512 845 580 1550091870124 
512 845 567 1550091870140 
512 849 549 1550091870157 
512 858 521 1550091870174 
512 870 488 1550091870190 
512 890 453 1550091870207 
512 924 409 1550091870224 
512 936 392 1550091870241 
512 941 385 1550091870258 
512 942 382 1550091870274 
512 942 377 1550091870290 
512 941 372 1550091870308 
512 940 365 1550091870324 
512 940 362 1550091870340 
512 940 361 1550091870358 
512 939 361 1550091870391 
512 938 362 1550091870440 
512 936 366 1550091870457 
512 934 370 1550091870474 
512 932 373 1550091870491 
512 930 375 1550091870507 
512 930 376 1550091870524 
513 930 376 1550091870696 
514 930 376 1550091870804 
512 930 377 1550091870873 
512 928 377 1550091870907 
512 928 378 1550091870924 
512 926 378 1550091870940 
512 924 380 1550091870957 
512 913 382 1550091870973 
512 896 386 1550091870991 
512 869 389 1550091871007 
512 824 389 1550091871024 
512 762 392 1550091871040 
512 697 392 1550091871057 
512 618 385 1550091871074 
512 577 379 1550091871090 
512 549 374 1550091871107 
512 528 374 1550091871124 
512 514 372 1550091871141 
512 510 371 1550091871157 
512 509 370 1550091871174 
512 509 369 1550091871191 
512 507 369 1550091871324 
512 504 372 1550091871341 
512 499 376 1550091871358 
512 495 378 1550091871374 
512 493 378 1550091871391 
512 491 377 1550091871407 
512 490 376 1550091871424 
512 490 374 1550091871440 
512 489 374 1550091871457 
512 487 372 1550091871474 
512 486 372 1550091871491 
512 484 370 1550091871507 
512 484 370 1550091871524 
512 482 370 1550091871540 
512 482 370 1550091871557 
512 480 370 1550091871574 
512 475 370 1550091871591 
512 466 370 1550091871608 
512 457 373 1550091871624 
512 454 374 1550091871641 
512 454 374 1550091871824 
512 457 374 1550091871874 
512 461 374 1550091871891 
512 466 374 1550091871908 
512 466 374 1550091871924 
512 467 374 1550091871974 
512 468 373 1550091872058 
512 469 372 1550091872074 
512 470 372 1550091872124 
513 470 372 1550091872148 
512 470 372 1550091872224 
514 470 372 1550091872264 
512 476 374 1550091872340 
512 494 378 1550091872357 
512 509 383 1550091872374 
512 526 387 1550091872391 
512 542 390 1550091872407 
512 560 393 1550091872424 
512 577 398 1550091872441 
512 593 406 1550091872457 
512 618 419 1550091872474 
512 633 431 1550091872491 
512 650 450 1550091872507 
512 663 468 1550091872524 
512 672 484 1550091872540 
512 678 500 1550091872557 
512 680 518 1550091872574 
512 680 529 1550091872591 
512 677 540 1550091872607 
512 671 552 1550091872624 
512 665 562 1550091872641 
512 662 567 1550091872657 
512 656 574 1550091872674 
512 649 580 1550091872691 
512 642 584 1550091872707 
512 634 587 1550091872724 
512 623 590 1550091872741 
512 609 595 1550091872757 
512 590 603 1550091872774 
512 586 605 1550091872791 
512 583 606 1550091872808 
512 582 607 1550091872824 
512 578 610 1550091872841 
512 573 613 1550091872858 
512 567 618 1550091872874 
512 564 622 1550091872891 
512 562 624 1550091872907 
512 562 626 1550091872924 
512 562 627 1550091872941 
512 562 630 1550091872957 
512 562 632 1550091872974 
512 562 634 1550091872991 
512 562 635 1550091873007 
512 562 637 1550091873024 
512 561 638 1550091873040 
512 560 639 1550091873057 
512 559 639 1550091873074 
513 559 639 1550091873222 
514 559 639 1550091873330 
512 560 639 1550091873374 
512 561 639 1550091873407 
512 565 638 1550091873457 
512 575 632 1550091873474 
512 588 625 1550091873491 
512 606 613 1550091873507 
512 667 583 1550091873524 
512 730 558 1550091873541 
512 774 542 1550091873558 
512 794 538 1550091873574 
512 800 537 1550091873590 
512 799 526 1550091873624 
512 799 510 1550091873640 
512 799 483 1550091873657 
512 793 442 1550091873674 
512 776 383 1550091873690 
512 758 327 1550091873707 
512 737 265 1550091873723 
512 736 238 1550091873741 
512 736 218 1550091873757 
512 741 201 1550091873774 
512 743 190 1550091873791 
512 746 178 1550091873807 
512 748 166 1550091873824 
512 748 162 1550091873841 
512 748 160 1550091873858 
512 748 158 1550091873874 
512 748 158 1550091873891 
512 745 158 1550091873908 
512 738 159 1550091873924 
512 732 162 1550091873940 
512 725 170 1550091873957 
512 715 181 1550091873974 
512 704 193 1550091873990 
512 694 204 1550091874007 
512 690 213 1550091874024 
512 690 214 1550091874040 
512 690 215 1550091874057 
512 690 216 1550091874074 
512 690 217 1550091874090 
512 690 218 1550091874124 
512 690 218 1550091874290 
512 692 215 1550091874306 
512 694 211 1550091874324 
512 696 208 1550091874340 
512 697 206 1550091874357 
512 698 204 1550091874373 
512 698 204 1550091874490 
512 699 204 1550091874507 
513 699 204 1550091874534 
514 699 204 1550091874644 
