512 701 213 1553025647508 
512 701 215 1553025647525 
512 700 216 1553025647541 
512 700 217 1553025647559 
512 700 218 1553025647574 
512 700 220 1553025647591 
512 703 230 1553025647609 
512 706 236 1553025647625 
512 710 245 1553025647641 
512 718 255 1553025647658 
512 727 268 1553025647675 
512 750 294 1553025647692 
512 787 339 1553025647710 
512 818 383 1553025647725 
512 844 426 1553025647742 
512 859 470 1553025647758 
512 867 520 1553025647775 
512 868 567 1553025647792 
512 865 604 1553025647808 
512 860 628 1553025647826 
512 854 644 1553025647841 
512 850 653 1553025647859 
512 848 654 1553025647876 
512 847 654 1553025647892 
512 844 654 1553025647909 
512 842 654 1553025647926 
512 842 655 1553025647942 
512 840 653 1553025647992 
512 835 652 1553025648009 
512 833 652 1553025648025 
512 831 652 1553025648044 
512 828 653 1553025648058 
512 827 653 1553025648075 
512 826 652 1553025648091 
512 825 651 1553025648108 
512 825 650 1553025648125 
512 825 649 1553025648142 
512 828 644 1553025648159 
512 830 642 1553025648175 
512 830 641 1553025648192 
512 831 640 1553025648209 
512 832 640 1553025648226 
512 833 640 1553025648259 
513 833 640 1553025648313 
514 833 640 1553025648406 
512 833 641 1553025648509 
512 834 641 1553025648526 
512 835 642 1553025648593 
512 836 643 1553025648609 
512 835 640 1553025648676 
512 826 624 1553025648694 
512 803 587 1553025648709 
512 752 533 1553025648726 
512 698 493 1553025648743 
512 643 469 1553025648759 
512 603 453 1553025648776 
512 581 443 1553025648792 
512 560 431 1553025648809 
512 537 411 1553025648826 
512 509 385 1553025648843 
512 503 380 1553025648859 
512 503 379 1553025648893 
512 505 382 1553025648959 
512 509 386 1553025648976 
512 509 387 1553025648994 
512 509 388 1553025649010 
512 508 389 1553025649060 
512 496 387 1553025649076 
512 482 383 1553025649093 
512 473 381 1553025649109 
512 469 380 1553025649127 
512 468 379 1553025649143 
512 468 378 1553025649294 
513 468 378 1553025649344 
514 468 378 1553025649438 
512 467 378 1553025649493 
512 465 382 1553025649511 
512 461 390 1553025649526 
512 453 399 1553025649544 
512 446 407 1553025649561 
512 439 411 1553025649577 
512 431 411 1553025649593 
512 417 409 1553025649610 
512 402 406 1553025649626 
512 396 406 1553025649643 
512 396 405 1553025649660 
512 411 392 1553025649677 
512 440 352 1553025649693 
512 473 297 1553025649710 
512 499 242 1553025649726 
512 528 200 1553025649743 
512 562 175 1553025649760 
512 616 155 1553025649777 
512 651 151 1553025649793 
512 680 151 1553025649810 
512 702 154 1553025649827 
512 720 160 1553025649843 
512 732 165 1553025649860 
512 737 169 1553025649877 
512 739 171 1553025649893 
512 739 175 1553025649910 
512 736 180 1553025649927 
512 729 188 1553025649943 
512 718 194 1553025649961 
512 707 200 1553025649977 
512 699 204 1553025649995 
512 696 205 1553025650011 
512 695 205 1553025650027 
512 694 205 1553025650043 
512 693 205 1553025650078 
513 693 205 1553025650110 
514 693 205 1553025650204 
512 693 211 1553025650262 
512 694 216 1553025650277 
512 698 227 1553025650294 
512 704 240 1553025650312 
512 712 257 1553025650327 
512 717 272 1553025650344 
512 718 282 1553025650361 
512 717 290 1553025650378 
512 716 297 1553025650394 
512 716 300 1553025650411 
512 716 301 1553025650427 
512 718 303 1553025650444 
512 725 309 1553025650461 
512 752 332 1553025650478 
512 794 364 1553025650494 
512 861 405 1553025650511 
512 890 415 1553025650527 
512 908 417 1553025650544 
512 915 416 1553025650561 
512 918 413 1553025650578 
512 921 408 1553025650594 
512 924 402 1553025650611 
512 925 395 1553025650628 
512 925 388 1553025650644 
512 925 384 1553025650661 
512 925 383 1553025650678 
512 924 382 1553025650745 
512 924 380 1553025650761 
512 924 379 1553025650778 
512 924 378 1553025650828 
513 924 378 1553025650841 
514 924 378 1553025650920 
512 923 378 1553025650945 
512 923 379 1553025650962 
512 921 380 1553025650978 
512 916 382 1553025650994 
512 906 388 1553025651011 
512 895 392 1553025651029 
512 885 394 1553025651045 
512 870 392 1553025651061 
512 846 384 1553025651078 
512 823 377 1553025651095 
512 808 376 1553025651111 
512 798 378 1553025651128 
512 791 381 1553025651145 
512 782 388 1553025651161 
512 767 399 1553025651178 
512 726 444 1553025651195 
512 698 496 1553025651212 
512 680 542 1553025651228 
512 668 582 1553025651245 
512 661 606 1553025651261 
512 652 620 1553025651278 
512 642 627 1553025651296 
512 634 632 1553025651312 
512 623 636 1553025651328 
512 614 640 1553025651345 
512 605 643 1553025651362 
512 595 645 1553025651378 
512 589 646 1553025651395 
512 587 646 1553025651411 
512 586 646 1553025651429 
512 585 645 1553025651445 
512 584 645 1553025651462 
512 584 644 1553025651478 
512 583 644 1553025651495 
512 580 643 1553025651512 
512 576 643 1553025651528 
512 574 643 1553025651545 
512 573 643 1553025651612 
512 571 643 1553025651629 
512 570 643 1553025651645 
513 570 643 1553025651688 
512 569 643 1553025651712 
512 568 643 1553025651729 
514 568 643 1553025651774 
512 567 644 1553025651796 
512 566 644 1553025651879 
512 565 644 1553025651896 
513 565 644 1553025651981 
514 565 644 1553025652090 
512 565 646 1553025652112 
512 569 647 1553025652129 
512 575 648 1553025652145 
512 594 648 1553025652162 
512 632 648 1553025652180 
512 646 651 1553025652195 
512 655 655 1553025652212 
512 661 660 1553025652229 
512 669 668 1553025652246 
512 678 677 1553025652262 
512 682 684 1553025652279 
512 683 689 1553025652295 
512 685 693 1553025652312 
512 694 700 1553025652329 
512 724 709 1553025652346 
512 788 701 1553025652362 
512 810 693 1553025652379 
512 841 682 1553025652397 
512 873 671 1553025652412 
512 888 662 1553025652429 
512 894 651 1553025652446 
512 896 642 1553025652464 
512 894 636 1553025652479 
512 893 635 1553025652497 
512 893 634 1553025652514 
512 892 633 1553025652529 
512 890 632 1553025652546 
512 888 630 1553025652562 
512 883 628 1553025652579 
512 879 627 1553025652596 
512 872 628 1553025652613 
512 869 628 1553025652629 
512 861 631 1553025652646 
512 858 633 1553025652663 
512 853 637 1553025652679 
512 848 639 1553025652696 
512 843 641 1553025652713 
512 840 641 1553025652729 
512 839 641 1553025652746 
513 839 641 1553025652822 
514 839 641 1553025652914 
512 839 642 1553025652946 
512 840 643 1553025652963 
512 847 643 1553025652980 
512 854 643 1553025652996 
512 873 641 1553025653013 
512 883 636 1553025653030 
512 892 635 1553025653046 
512 894 604 1553025653246 
512 896 564 1553025653263 
512 905 531 1553025653280 
512 911 484 1553025653297 
512 910 451 1553025653314 
512 908 427 1553025653330 
512 904 392 1553025653347 
512 901 369 1553025653363 
512 901 357 1553025653380 
512 901 352 1553025653396 
512 901 350 1553025653413 
512 902 348 1553025653431 
512 902 347 1553025653446 
512 904 347 1553025653480 
512 908 347 1553025653497 
512 914 347 1553025653514 
512 917 347 1553025653530 
512 921 348 1553025653547 
512 926 354 1553025653563 
512 934 361 1553025653580 
512 938 365 1553025653597 
512 938 366 1553025653613 
512 939 368 1553025653630 
512 939 371 1553025653647 
512 939 374 1553025653663 
512 939 376 1553025653680 
512 939 377 1553025653747 
512 938 378 1553025653831 
512 936 380 1553025653847 
512 933 380 1553025653864 
512 932 380 1553025653897 
513 932 380 1553025653920 
512 931 380 1553025653963 
512 931 381 1553025653980 
514 931 381 1553025654030 
512 931 381 1553025654063 
512 931 382 1553025654114 
512 929 383 1553025654147 
512 928 383 1553025654164 
512 928 382 1553025654214 
512 928 380 1553025654230 
512 924 376 1553025654247 
512 906 369 1553025654264 
512 854 368 1553025654281 
512 813 389 1553025654298 
512 788 405 1553025654314 
512 742 437 1553025654331 
512 673 458 1553025654348 
512 637 458 1553025654364 
512 605 457 1553025654382 
512 583 454 1553025654398 
512 560 450 1553025654415 
512 537 447 1553025654432 
512 515 442 1553025654447 
512 498 435 1553025654464 
512 490 431 1553025654481 
512 488 428 1553025654497 
512 488 426 1553025654514 
512 492 416 1553025654531 
512 494 409 1553025654549 
512 495 404 1553025654565 
512 495 400 1553025654581 
512 495 396 1553025654598 
512 495 392 1553025654614 
512 492 389 1553025654631 
512 491 387 1553025654648 
512 489 386 1553025654665 
512 488 385 1553025654681 
512 486 384 1553025654697 
512 482 384 1553025654715 
512 481 384 1553025654731 
512 480 384 1553025654747 
512 478 384 1553025654765 
512 475 382 1553025654781 
512 471 381 1553025654798 
512 470 380 1553025654815 
512 470 379 1553025654848 
512 469 377 1553025654881 
512 468 376 1553025654898 
512 468 375 1553025654915 
513 468 375 1553025654932 
514 468 375 1553025655034 
512 468 376 1553025655098 
512 468 377 1553025655114 
512 469 380 1553025655131 
512 471 382 1553025655148 
512 483 394 1553025655166 
512 497 404 1553025655181 
512 514 413 1553025655198 
512 531 420 1553025655215 
512 539 423 1553025655232 
512 539 424 1553025655248 
512 539 430 1553025655266 
512 543 449 1553025655281 
512 552 488 1553025655299 
512 564 537 1553025655315 
512 573 579 1553025655332 
512 576 603 1553025655348 
512 576 631 1553025655365 
512 577 648 1553025655382 
512 580 664 1553025655398 
512 583 670 1553025655415 
512 583 671 1553025655432 
512 581 671 1553025655482 
512 577 671 1553025655498 
512 570 670 1553025655515 
512 563 669 1553025655532 
512 560 668 1553025655548 
512 559 668 1553025655565 
512 559 666 1553025655633 
512 559 665 1553025655682 
512 559 663 1553025655699 
512 561 661 1553025655715 
512 563 656 1553025655732 
512 563 654 1553025655749 
512 563 651 1553025655765 
512 563 650 1553025655782 
512 562 648 1553025655799 
512 561 647 1553025655815 
512 561 646 1553025655865 
513 561 646 1553025655870 
514 561 646 1553025655974 
512 561 647 1553025655998 
512 561 650 1553025656016 
512 561 653 1553025656032 
512 562 661 1553025656049 
512 565 671 1553025656066 
512 570 685 1553025656082 
512 577 699 1553025656099 
512 586 713 1553025656116 
512 597 724 1553025656132 
512 611 732 1553025656149 
512 623 735 1553025656166 
512 638 736 1553025656182 
512 664 717 1553025656199 
512 681 684 1553025656216 
512 687 641 1553025656232 
512 687 597 1553025656250 
512 679 535 1553025656266 
512 676 474 1553025656282 
512 678 415 1553025656299 
512 683 351 1553025656316 
512 691 297 1553025656333 
512 701 254 1553025656349 
512 710 232 1553025656366 
512 715 214 1553025656382 
512 715 202 1553025656399 
512 713 193 1553025656416 
512 713 190 1553025656433 
512 712 190 1553025656450 
512 710 190 1553025656466 
512 709 190 1553025656482 
512 709 191 1553025656499 
512 708 191 1553025656516 
512 708 193 1553025656533 
512 707 195 1553025656549 
512 706 196 1553025656566 
512 705 197 1553025656616 
512 705 202 1553025656633 
512 705 204 1553025656649 
512 705 205 1553025656666 
513 705 205 1553025656696 
512 705 207 1553025656782 
512 705 208 1553025656800 
512 705 209 1553025656806 
514 705 209 1553025656806 
