512 705 210 1553025656815 
512 705 213 1553025656933 
512 708 223 1553025656950 
512 710 233 1553025656967 
512 730 286 1553025656983 
512 751 334 1553025657000 
512 770 375 1553025657016 
512 790 417 1553025657033 
512 816 464 1553025657049 
512 842 521 1553025657067 
512 870 583 1553025657082 
512 888 626 1553025657100 
512 897 649 1553025657116 
512 901 657 1553025657134 
512 901 658 1553025657150 
512 901 659 1553025657166 
512 899 660 1553025657183 
512 898 662 1553025657200 
512 896 665 1553025657216 
512 892 668 1553025657233 
512 886 668 1553025657251 
512 875 667 1553025657267 
512 857 662 1553025657283 
512 842 658 1553025657300 
512 834 655 1553025657317 
512 831 653 1553025657334 
512 829 652 1553025657350 
512 829 651 1553025657368 
512 829 650 1553025657383 
512 829 648 1553025657401 
512 829 646 1553025657417 
512 829 645 1553025657433 
512 829 643 1553025657450 
512 829 642 1553025657483 
512 829 641 1553025657500 
512 832 640 1553025657516 
512 833 640 1553025657533 
512 834 639 1553025657550 
512 835 639 1553025657567 
513 835 639 1553025657619 
514 835 639 1553025657706 
512 834 637 1553025657902 
512 823 626 1553025657917 
512 796 604 1553025657935 
512 744 564 1553025657950 
512 642 503 1553025657967 
512 614 492 1553025657983 
512 578 480 1553025658000 
512 547 468 1553025658017 
512 544 464 1553025658034 
512 544 457 1553025658050 
512 543 447 1553025658067 
512 539 438 1553025658084 
512 535 431 1553025658100 
512 531 426 1553025658117 
512 527 423 1553025658134 
512 524 419 1553025658151 
512 524 418 1553025658167 
512 523 416 1553025658184 
512 520 412 1553025658201 
512 514 406 1553025658217 
512 504 399 1553025658234 
512 497 395 1553025658251 
512 491 392 1553025658267 
512 485 389 1553025658285 
512 483 388 1553025658301 
512 482 386 1553025658318 
512 481 385 1553025658334 
512 479 383 1553025658351 
512 478 382 1553025658367 
512 478 380 1553025658384 
512 477 379 1553025658451 
513 477 379 1553025658496 
514 477 379 1553025658604 
512 481 381 1553025658718 
512 493 385 1553025658735 
512 509 392 1553025658751 
512 530 397 1553025658768 
512 553 403 1553025658785 
512 593 409 1553025658801 
512 612 410 1553025658818 
512 655 410 1553025658835 
512 693 404 1553025658851 
512 700 394 1553025658868 
512 700 384 1553025658886 
512 693 371 1553025658901 
512 676 346 1553025658919 
512 661 320 1553025658935 
512 653 295 1553025658951 
512 650 274 1553025658968 
512 650 259 1553025658985 
512 650 251 1553025659001 
512 650 245 1553025659017 
512 651 240 1553025659034 
512 653 238 1553025659051 
512 656 236 1553025659068 
512 659 234 1553025659085 
512 664 231 1553025659101 
512 668 228 1553025659118 
512 674 228 1553025659135 
512 679 228 1553025659151 
512 683 228 1553025659168 
512 684 228 1553025659185 
512 685 228 1553025659201 
512 686 228 1553025659218 
512 687 227 1553025659268 
512 690 225 1553025659285 
512 694 222 1553025659302 
512 697 218 1553025659318 
512 699 216 1553025659335 
512 699 215 1553025659352 
512 699 214 1553025659385 
513 699 214 1553025659436 
514 699 214 1553025659538 
512 707 223 1553025659769 
512 733 249 1553025659786 
512 774 286 1553025659802 
512 815 316 1553025659819 
512 846 331 1553025659835 
512 867 340 1553025659852 
512 882 346 1553025659869 
512 892 350 1553025659886 
512 898 352 1553025659902 
512 899 352 1553025659920 
512 900 352 1553025659935 
512 901 352 1553025659952 
512 903 352 1553025659968 
512 908 352 1553025659985 
512 916 353 1553025660002 
512 930 358 1553025660019 
512 934 362 1553025660035 
512 939 367 1553025660052 
512 942 372 1553025660070 
512 944 376 1553025660087 
512 943 376 1553025660186 
512 939 376 1553025660202 
512 934 376 1553025660220 
512 930 376 1553025660236 
512 927 375 1553025660252 
512 926 375 1553025660270 
512 925 375 1553025660304 
512 924 375 1553025660336 
512 923 375 1553025660353 
513 923 375 1553025660366 
514 923 375 1553025660446 
512 921 375 1553025660636 
512 914 376 1553025660653 
512 897 381 1553025660669 
512 860 399 1553025660686 
512 788 452 1553025660703 
512 767 475 1553025660719 
512 713 556 1553025660736 
512 689 596 1553025660753 
512 676 628 1553025660769 
512 667 649 1553025660786 
512 659 661 1553025660803 
512 649 671 1553025660819 
512 639 679 1553025660836 
512 628 682 1553025660853 
512 618 682 1553025660869 
512 608 681 1553025660886 
512 597 678 1553025660903 
512 580 671 1553025660919 
512 566 666 1553025660936 
512 561 664 1553025660953 
512 561 662 1553025660970 
512 561 659 1553025660987 
512 560 656 1553025661003 
512 559 655 1553025661020 
512 559 653 1553025661069 
512 559 652 1553025661086 
512 560 648 1553025661103 
512 563 645 1553025661120 
512 566 641 1553025661136 
512 567 638 1553025661153 
512 568 636 1553025661170 
512 568 635 1553025661186 
512 568 634 1553025661203 
513 568 634 1553025661244 
514 568 634 1553025661340 
512 568 635 1553025661403 
512 568 637 1553025661453 
512 568 640 1553025661470 
512 568 642 1553025661486 
512 568 646 1553025661503 
512 568 648 1553025661520 
512 567 650 1553025661537 
512 566 651 1553025661554 
512 566 652 1553025661570 
513 566 652 1553025661590 
514 566 652 1553025661686 
512 564 652 1553025661737 
512 562 652 1553025661804 
512 561 652 1553025661837 
512 561 651 1553025661921 
512 563 651 1553025661954 
512 572 652 1553025661970 
512 590 653 1553025661987 
512 615 653 1553025662004 
512 653 653 1553025662021 
512 697 653 1553025662037 
512 728 653 1553025662054 
512 752 653 1553025662070 
512 769 653 1553025662087 
512 781 653 1553025662104 
512 795 654 1553025662121 
512 808 656 1553025662137 
512 820 658 1553025662154 
512 822 654 1553025662339 
512 824 651 1553025662354 
512 827 646 1553025662371 
512 831 641 1553025662388 
512 834 639 1553025662404 
512 835 638 1553025662422 
513 835 638 1553025662493 
514 835 638 1553025662588 
512 832 637 1553025662754 
512 826 637 1553025662771 
512 810 637 1553025662788 
512 785 637 1553025662806 
512 766 634 1553025662821 
512 759 630 1553025662838 
512 761 617 1553025662855 
512 793 547 1553025662871 
512 814 505 1553025662888 
512 836 472 1553025662904 
512 863 438 1553025662921 
512 889 406 1553025662939 
512 905 384 1553025662956 
512 914 369 1553025662972 
512 917 362 1553025662988 
512 919 357 1553025663004 
512 921 355 1553025663022 
512 923 353 1553025663038 
512 924 352 1553025663054 
512 924 353 1553025663104 
512 925 353 1553025663121 
512 925 354 1553025663205 
512 926 357 1553025663221 
512 928 361 1553025663238 
512 928 364 1553025663255 
512 928 365 1553025663272 
512 928 370 1553025663288 
512 928 377 1553025663305 
512 929 382 1553025663322 
513 929 382 1553025663357 
514 929 382 1553025663474 
512 929 383 1553025663504 
512 928 386 1553025663523 
512 922 390 1553025663538 
512 909 396 1553025663557 
512 885 407 1553025663572 
512 854 428 1553025663589 
512 837 445 1553025663605 
512 817 464 1553025663623 
512 791 485 1553025663638 
512 764 510 1553025663655 
512 737 531 1553025663672 
512 712 549 1553025663688 
512 688 564 1553025663705 
512 664 578 1553025663722 
512 639 588 1553025663738 
512 615 590 1553025663755 
512 593 582 1553025663772 
512 554 545 1553025663789 
512 537 528 1553025663805 
512 491 476 1553025663822 
512 452 437 1553025663839 
512 443 422 1553025663855 
512 438 408 1553025663872 
512 435 394 1553025663889 
512 432 377 1553025663906 
512 429 361 1553025663922 
512 425 346 1553025663939 
512 424 339 1553025663955 
512 425 339 1553025663971 
512 427 338 1553025663989 
512 433 337 1553025664005 
512 438 336 1553025664022 
512 439 336 1553025664038 
512 447 343 1553025664056 
512 453 349 1553025664072 
512 474 372 1553025664088 
512 481 377 1553025664105 
512 483 379 1553025664122 
512 483 381 1553025664156 
512 483 382 1553025664172 
512 482 384 1553025664190 
512 481 385 1553025664205 
513 481 385 1553025664284 
514 481 385 1553025664378 
512 480 385 1553025664489 
512 478 383 1553025664522 
512 474 379 1553025664539 
512 473 377 1553025664556 
512 472 376 1553025664572 
512 472 375 1553025664589 
512 471 375 1553025664623 
512 471 374 1553025664639 
512 470 373 1553025664656 
513 470 373 1553025664662 
512 470 372 1553025664672 
514 470 372 1553025664732 
512 470 372 1553025664756 
512 472 374 1553025664906 
512 480 375 1553025664923 
512 493 377 1553025664940 
512 519 385 1553025664956 
512 562 403 1553025664973 
512 586 415 1553025664989 
512 595 427 1553025665007 
512 596 450 1553025665023 
512 590 474 1553025665040 
512 584 510 1553025665056 
512 579 543 1553025665075 
512 577 568 1553025665090 
512 577 589 1553025665107 
512 578 601 1553025665123 
512 578 604 1553025665140 
512 578 605 1553025665190 
512 578 612 1553025665206 
512 578 619 1553025665223 
512 580 624 1553025665240 
512 580 625 1553025665256 
512 579 627 1553025665290 
512 577 630 1553025665306 
512 574 634 1553025665323 
512 572 635 1553025665341 
512 571 636 1553025665357 
512 570 636 1553025665373 
512 570 637 1553025665390 
512 569 638 1553025665407 
512 568 638 1553025665440 
512 566 638 1553025665457 
512 565 639 1553025665490 
512 565 640 1553025665508 
512 565 641 1553025665523 
512 564 643 1553025665574 
512 562 645 1553025665590 
512 561 648 1553025665607 
512 560 648 1553025665623 
513 560 648 1553025665645 
514 560 648 1553025665740 
512 560 650 1553025665806 
512 558 652 1553025665824 
512 554 655 1553025665840 
512 550 662 1553025665857 
512 545 670 1553025665874 
512 539 680 1553025665890 
512 534 687 1553025665907 
512 527 692 1553025665924 
512 519 698 1553025665941 
512 517 701 1553025665957 
512 528 687 1553025665991 
512 544 620 1553025666007 
512 557 530 1553025666024 
512 567 462 1553025666040 
512 592 405 1553025666057 
512 621 345 1553025666074 
512 650 299 1553025666091 
512 665 276 1553025666107 
512 677 264 1553025666124 
512 687 257 1553025666142 
512 695 251 1553025666157 
512 699 249 1553025666174 
512 700 249 1553025666191 
512 701 249 1553025666224 
512 702 249 1553025666257 
512 702 248 1553025666340 
512 701 243 1553025666358 
512 699 230 1553025666374 
512 699 221 1553025666391 
512 699 218 1553025666407 
512 699 217 1553025666424 
512 699 216 1553025666441 
512 699 215 1553025666491 
513 699 215 1553025666573 
514 699 215 1553025666658 
