512 703 213 1553105041761 
512 703 214 1553105041944 
512 705 220 1553105041977 
512 716 245 1553105041996 
512 733 290 1553105042010 
512 751 347 1553105042027 
512 796 428 1553105042044 
512 911 570 1553105042063 
512 960 616 1553105042077 
512 1025 688 1553105042094 
512 1055 734 1553105042111 
512 1053 745 1553105042127 
512 1043 752 1553105042144 
512 1027 755 1553105042161 
512 1005 752 1553105042177 
512 974 745 1553105042196 
512 937 733 1553105042210 
512 914 725 1553105042227 
512 898 722 1553105042244 
512 892 720 1553105042260 
512 891 720 1553105042277 
512 890 718 1553105042311 
512 882 706 1553105042327 
512 862 682 1553105042344 
512 850 673 1553105042361 
512 838 664 1553105042377 
512 830 655 1553105042394 
512 827 650 1553105042410 
512 824 646 1553105042427 
512 819 642 1553105042444 
512 816 638 1553105042460 
512 815 638 1553105042478 
512 819 638 1553105042578 
512 825 640 1553105042594 
512 828 641 1553105042611 
512 830 641 1553105042628 
512 830 642 1553105042644 
512 831 642 1553105042662 
512 839 648 1553105042678 
512 845 654 1553105042694 
512 848 657 1553105042711 
512 850 660 1553105042728 
512 856 663 1553105042744 
512 859 666 1553105042761 
512 861 667 1553105042778 
512 861 665 1553105042828 
512 862 665 1553105042833 
513 862 665 1553105042834 
514 862 665 1553105042934 
512 859 663 1553105042978 
512 849 655 1553105042995 
512 836 645 1553105043012 
512 830 641 1553105043028 
512 827 640 1553105043045 
512 826 637 1553105043061 
512 826 636 1553105043078 
513 826 636 1553105043106 
514 826 636 1553105043208 
512 825 636 1553105043229 
512 826 637 1553105043261 
512 827 638 1553105043278 
512 828 639 1553105043295 
512 832 641 1553105043311 
512 834 642 1553105043328 
512 835 643 1553105043345 
512 836 643 1553105043361 
513 836 643 1553105043365 
512 836 643 1553105043378 
514 836 643 1553105043474 
512 836 644 1553105043511 
512 834 640 1553105043612 
512 831 634 1553105043629 
512 820 607 1553105043646 
512 810 585 1553105043663 
512 794 560 1553105043679 
512 748 496 1553105043696 
512 673 416 1553105043712 
512 592 356 1553105043729 
512 553 329 1553105043746 
512 533 323 1553105043762 
512 527 320 1553105043779 
512 526 319 1553105043795 
512 526 318 1553105043829 
512 524 319 1553105043846 
512 521 323 1553105043862 
512 512 327 1553105043879 
512 507 332 1553105043896 
512 503 337 1553105043912 
512 501 345 1553105043930 
512 498 352 1553105043945 
512 493 359 1553105043962 
512 490 362 1553105043978 
512 485 361 1553105043995 
512 483 363 1553105044012 
512 482 366 1553105044029 
512 482 368 1553105044046 
512 481 369 1553105044062 
512 481 370 1553105044129 
512 481 372 1553105044146 
512 479 375 1553105044162 
512 478 379 1553105044179 
512 477 381 1553105044196 
512 476 382 1553105044212 
512 475 382 1553105044229 
513 475 382 1553105044330 
514 475 382 1553105044418 
512 477 382 1553105044530 
512 478 382 1553105044546 
512 479 382 1553105044563 
512 481 383 1553105044579 
512 482 383 1553105044597 
512 484 383 1553105044646 
512 492 383 1553105044663 
512 512 370 1553105044679 
512 544 330 1553105044696 
512 576 295 1553105044713 
512 592 281 1553105044729 
512 603 275 1553105044746 
512 609 269 1553105044762 
512 616 258 1553105044779 
512 624 244 1553105044796 
512 633 224 1553105044814 
512 639 217 1553105044830 
512 645 211 1553105044846 
512 651 207 1553105044863 
512 656 199 1553105044879 
512 664 193 1553105044896 
512 669 188 1553105044913 
512 675 187 1553105044930 
512 682 185 1553105044946 
512 689 184 1553105044964 
512 691 183 1553105044979 
512 691 185 1553105045013 
512 691 190 1553105045029 
512 693 196 1553105045046 
512 695 197 1553105045064 
512 697 197 1553105045080 
512 702 198 1553105045096 
512 706 200 1553105045113 
512 708 202 1553105045130 
512 709 202 1553105045147 
512 710 202 1553105045163 
512 711 202 1553105045213 
513 711 202 1553105045224 
514 711 202 1553105045336 
512 711 203 1553105045430 
512 710 204 1553105045481 
512 707 207 1553105045513 
512 707 209 1553105045530 
512 705 209 1553105045547 
512 705 208 1553105045556 
513 705 208 1553105045557 
514 705 208 1553105045658 
512 705 209 1553105045713 
512 704 209 1553105045729 
512 705 210 1553105045747 
512 705 214 1553105045763 
512 702 220 1553105045780 
512 700 226 1553105045797 
512 699 232 1553105045813 
512 695 260 1553105045830 
512 691 290 1553105045847 
512 685 322 1553105045865 
512 679 346 1553105045880 
512 672 365 1553105045898 
512 675 380 1553105045913 
512 681 399 1553105045930 
512 714 426 1553105045947 
512 776 452 1553105045964 
512 871 468 1553105045980 
512 969 473 1553105045997 
512 1041 470 1553105046013 
512 1053 469 1553105046030 
512 1056 464 1553105046047 
512 1056 460 1553105046064 
512 1054 454 1553105046080 
512 1048 446 1553105046097 
512 1041 436 1553105046114 
512 1037 431 1553105046131 
512 1036 429 1553105046146 
512 1033 425 1553105046165 
512 1015 413 1553105046180 
512 978 384 1553105046198 
512 943 358 1553105046213 
512 901 331 1553105046232 
512 889 327 1553105046248 
512 885 326 1553105046263 
512 884 328 1553105046280 
512 884 329 1553105046297 
512 884 331 1553105046314 
512 883 332 1553105046330 
512 885 332 1553105046397 
512 886 334 1553105046414 
512 887 335 1553105046430 
512 891 337 1553105046447 
512 900 342 1553105046464 
512 915 355 1553105046482 
512 919 355 1553105046497 
512 924 359 1553105046514 
512 925 362 1553105046531 
512 925 364 1553105046548 
512 927 367 1553105046564 
512 926 368 1553105046581 
512 930 371 1553105046649 
512 931 373 1553105046666 
512 932 373 1553105046681 
513 932 373 1553105046784 
514 932 373 1553105046902 
512 932 374 1553105046980 
512 932 375 1553105046999 
512 931 376 1553105047265 
512 925 379 1553105047281 
512 916 385 1553105047298 
512 902 395 1553105047317 
512 882 404 1553105047333 
512 862 408 1553105047348 
512 842 405 1553105047366 
512 823 398 1553105047381 
512 803 382 1553105047399 
512 784 368 1553105047415 
512 772 364 1553105047431 
512 769 363 1553105047449 
512 768 363 1553105047498 
512 764 362 1553105047514 
512 761 363 1553105047531 
512 756 378 1553105047549 
512 745 406 1553105047565 
512 730 442 1553105047581 
512 712 469 1553105047600 
512 701 487 1553105047615 
512 683 499 1553105047633 
512 666 526 1553105047648 
512 626 574 1553105047665 
512 614 583 1553105047681 
512 599 583 1553105047699 
512 598 583 1553105047715 
512 596 584 1553105047765 
512 594 585 1553105047781 
512 590 586 1553105047798 
512 586 587 1553105047815 
512 582 592 1553105047832 
512 575 605 1553105047848 
512 566 626 1553105047865 
512 561 637 1553105047881 
512 560 637 1553105047899 
512 559 637 1553105048066 
512 559 638 1553105048082 
512 558 639 1553105048099 
513 558 639 1553105048126 
512 558 638 1553105048166 
512 558 638 1553105048182 
514 558 638 1553105048204 
512 558 638 1553105048232 
512 556 639 1553105048250 
512 555 639 1553105048266 
512 554 640 1553105048283 
512 552 638 1553105048349 
512 541 630 1553105048367 
512 518 614 1553105048383 
512 499 601 1553105048399 
512 486 593 1553105048415 
512 484 592 1553105048433 
512 486 591 1553105048449 
512 504 593 1553105048466 
512 550 599 1553105048483 
512 642 619 1553105048499 
512 760 646 1553105048516 
512 861 676 1553105048533 
512 923 699 1553105048549 
512 951 710 1553105048565 
512 962 715 1553105048583 
512 963 716 1553105048599 
512 962 715 1553105048633 
512 958 712 1553105048649 
512 949 704 1553105048666 
512 940 699 1553105048683 
512 929 694 1553105048700 
512 907 684 1553105048716 
512 882 672 1553105048733 
512 861 662 1553105048749 
512 847 654 1553105048766 
512 840 648 1553105048783 
512 840 646 1553105048799 
512 840 645 1553105048816 
512 839 645 1553105048883 
512 837 644 1553105048899 
512 836 644 1553105048983 
513 836 644 1553105049007 
512 836 643 1553105049049 
512 836 643 1553105049066 
514 836 643 1553105049082 
512 836 643 1553105049099 
512 836 644 1553105049183 
512 832 645 1553105049200 
512 821 650 1553105049216 
512 803 655 1553105049233 
512 786 660 1553105049250 
512 773 658 1553105049266 
512 768 655 1553105049283 
512 766 652 1553105049300 
512 767 644 1553105049317 
512 784 624 1553105049334 
512 871 570 1553105049350 
512 952 521 1553105049368 
512 1013 483 1553105049384 
512 1037 463 1553105049400 
512 1041 449 1553105049416 
512 1035 436 1553105049434 
512 1023 425 1553105049450 
512 1003 413 1553105049467 
512 992 405 1553105049484 
512 988 402 1553105049500 
512 987 399 1553105049517 
512 985 397 1553105049535 
512 984 394 1553105049550 
512 983 394 1553105049566 
512 977 390 1553105049584 
512 973 386 1553105049601 
512 967 383 1553105049617 
512 963 380 1553105049635 
512 959 377 1553105049650 
512 957 376 1553105049667 
512 953 376 1553105049684 
512 947 375 1553105049701 
512 939 374 1553105049717 
512 932 372 1553105049733 
512 928 370 1553105049750 
512 926 370 1553105049767 
512 926 369 1553105049785 
512 925 369 1553105049800 
513 925 369 1553105049823 
514 925 369 1553105049932 
512 925 370 1553105050017 
512 924 370 1553105050034 
512 920 370 1553105050050 
512 914 370 1553105050068 
512 899 370 1553105050083 
512 879 367 1553105050101 
512 856 362 1553105050117 
512 837 357 1553105050134 
512 810 348 1553105050150 
512 789 340 1553105050168 
512 771 336 1553105050183 
512 756 339 1553105050200 
512 741 343 1553105050217 
512 721 345 1553105050235 
512 702 351 1553105050250 
512 684 351 1553105050267 
512 658 348 1553105050284 
512 632 353 1553105050301 
512 602 351 1553105050318 
512 565 349 1553105050333 
512 540 346 1553105050350 
512 525 347 1553105050368 
512 500 347 1553105050384 
512 484 345 1553105050401 
512 467 347 1553105050417 
512 455 349 1553105050434 
512 450 353 1553105050450 
512 449 355 1553105050467 
512 449 356 1553105050501 
512 451 359 1553105050517 
512 459 368 1553105050534 
512 467 378 1553105050551 
512 471 381 1553105050567 
512 474 383 1553105050584 
512 476 383 1553105050600 
512 480 385 1553105050619 
512 479 385 1553105050751 
512 477 383 1553105050768 
512 477 382 1553105050958 
513 477 382 1553105050958 
512 477 382 1553105050985 
514 477 382 1553105051053 
512 476 382 1553105051101 
512 474 385 1553105051117 
512 471 390 1553105051135 
512 467 394 1553105051151 
512 460 396 1553105051168 
512 450 400 1553105051185 
512 441 411 1553105051200 
512 426 422 1553105051218 
512 413 437 1553105051234 
512 401 448 1553105051250 
512 393 453 1553105051268 
512 393 452 1553105051284 
512 392 452 1553105051301 
512 396 460 1553105051334 
512 460 576 1553105051352 
512 538 668 1553105051368 
512 605 766 1553105051386 
512 634 783 1553105051401 
512 654 805 1553105051418 
512 654 806 1553105051434 
512 645 795 1553105051451 
512 636 771 1553105051469 
512 620 755 1553105051485 
512 616 745 1553105051502 
512 611 734 1553105051518 
512 608 724 1553105051535 
512 607 715 1553105051552 
512 607 707 1553105051568 
512 601 690 1553105051586 
512 592 678 1553105051601 
512 587 672 1553105051617 
512 586 672 1553105051634 
512 585 672 1553105051685 
512 582 671 1553105051701 
512 564 660 1553105051718 
512 556 655 1553105051735 
512 554 654 1553105051751 
512 554 653 1553105051768 
512 554 652 1553105051785 
512 554 651 1553105051819 
512 554 650 1553105051837 
512 554 649 1553105051852 
513 554 649 1553105051922 
512 553 649 1553105051985 
512 553 649 1553105051992 
514 553 649 1553105051992 
512 553 649 1553105052018 
512 552 649 1553105052103 
512 548 647 1553105052119 
512 539 641 1553105052136 
512 523 631 1553105052152 
512 486 597 1553105052170 
512 469 582 1553105052185 
512 469 575 1553105052202 
512 481 551 1553105052219 
512 500 527 1553105052236 
512 536 487 1553105052252 
512 592 448 1553105052268 
512 657 400 1553105052285 
512 719 360 1553105052302 
512 761 320 1553105052319 
512 783 302 1553105052335 
512 791 293 1553105052352 
512 793 288 1553105052369 
512 794 284 1553105052386 
512 793 279 1553105052402 
512 792 269 1553105052419 
512 789 257 1553105052437 
512 782 244 1553105052452 
512 777 237 1553105052469 
512 770 232 1553105052486 
512 759 227 1553105052502 
512 745 223 1553105052519 
512 731 217 1553105052536 
512 723 211 1553105052553 
512 721 210 1553105052569 
512 720 210 1553105052585 
512 719 210 1553105052603 
512 718 210 1553105052619 
512 716 210 1553105052636 
512 715 210 1553105052652 
512 713 210 1553105052669 
512 709 209 1553105052685 
512 703 207 1553105052703 
512 695 205 1553105052719 
512 693 204 1553105052736 
512 691 204 1553105052753 
513 691 204 1553105052783 
512 691 203 1553105052819 
512 691 203 1553105052836 
512 691 204 1553105052886 
514 691 204 1553105052886 
512 692 205 1553105052969 
512 693 206 1553105052986 
512 695 210 1553105053003 
512 699 220 1553105053021 
512 708 243 1553105053036 
512 721 272 1553105053053 
512 727 292 1553105053069 
512 727 297 1553105053086 
512 727 298 1553105053103 
512 727 299 1553105053119 
512 730 303 1553105053136 
512 737 308 1553105053153 
512 746 313 1553105053169 
512 746 312 1553105053186 
512 743 303 1553105053203 
512 738 288 1553105053220 
512 729 275 1553105053237 
512 715 257 1553105053254 
512 705 240 1553105053269 
512 705 233 1553105053287 
512 706 232 1553105053303 
512 705 230 1553105053320 
512 705 228 1553105053336 
512 704 227 1553105053353 
512 704 226 1553105053370 
513 704 226 1553105053412 
512 703 226 1553105053437 
512 702 225 1553105053453 
512 698 222 1553105053470 
512 697 222 1553105053486 
512 697 222 1553105053504 
514 697 222 1553105053538 
512 697 221 1553105053571 
512 696 219 1553105053586 
512 696 218 1553105053604 
513 696 218 1553105053629 
514 696 218 1553105053740 
