512 701 215 1553105096191 
512 706 228 1553105096207 
512 715 257 1553105096224 
512 722 291 1553105096243 
512 728 318 1553105096259 
512 733 340 1553105096275 
512 739 363 1553105096291 
512 745 386 1553105096308 
512 743 402 1553105096325 
512 741 407 1553105096342 
512 740 409 1553105096359 
512 742 414 1553105096375 
512 747 430 1553105096391 
512 758 453 1553105096408 
512 766 476 1553105096425 
512 780 507 1553105096443 
512 801 541 1553105096458 
512 825 578 1553105096474 
512 840 603 1553105096491 
512 848 618 1553105096508 
512 850 622 1553105096525 
512 850 623 1553105096542 
512 849 627 1553105096558 
512 849 628 1553105096575 
512 848 628 1553105096609 
512 846 629 1553105096625 
512 846 630 1553105096643 
512 846 632 1553105096659 
512 846 633 1553105096676 
512 845 633 1553105096742 
512 844 637 1553105096758 
512 842 640 1553105096777 
512 842 641 1553105096792 
513 842 641 1553105096843 
514 842 641 1553105096945 
512 841 641 1553105097009 
512 831 627 1553105097026 
512 821 619 1553105097041 
512 777 579 1553105097059 
512 730 540 1553105097075 
512 690 507 1553105097091 
512 658 481 1553105097109 
512 639 461 1553105097125 
512 628 442 1553105097142 
512 622 425 1553105097160 
512 617 412 1553105097175 
512 608 400 1553105097192 
512 596 391 1553105097208 
512 589 385 1553105097225 
512 582 381 1553105097243 
512 572 378 1553105097258 
512 540 372 1553105097276 
512 500 363 1553105097292 
512 478 365 1553105097308 
512 453 374 1553105097325 
512 438 380 1553105097342 
512 433 380 1553105097359 
512 434 379 1553105097408 
512 437 378 1553105097426 
512 443 376 1553105097443 
512 451 377 1553105097459 
512 456 376 1553105097476 
512 462 377 1553105097492 
512 464 375 1553105097510 
512 469 376 1553105097526 
512 476 377 1553105097542 
512 479 377 1553105097559 
512 479 377 1553105097576 
513 479 377 1553105097654 
514 479 377 1553105097732 
512 483 381 1553105097826 
512 496 392 1553105097842 
512 519 404 1553105097859 
512 557 422 1553105097877 
512 600 435 1553105097893 
512 648 448 1553105097909 
512 701 462 1553105097926 
512 745 475 1553105097943 
512 782 488 1553105097960 
512 797 494 1553105097976 
512 803 496 1553105097992 
512 803 494 1553105098009 
512 806 481 1553105098026 
512 803 445 1553105098042 
512 794 387 1553105098059 
512 795 343 1553105098078 
512 791 331 1553105098093 
512 788 319 1553105098110 
512 783 303 1553105098128 
512 780 288 1553105098143 
512 778 278 1553105098161 
512 775 271 1553105098176 
512 773 263 1553105098193 
512 758 245 1553105098211 
512 745 230 1553105098226 
512 732 219 1553105098243 
512 724 213 1553105098261 
512 714 208 1553105098276 
512 703 204 1553105098293 
512 691 196 1553105098309 
512 685 193 1553105098327 
512 685 192 1553105098343 
512 686 192 1553105098444 
512 687 194 1553105098460 
512 689 195 1553105098476 
512 690 195 1553105098493 
512 692 197 1553105098627 
512 694 199 1553105098643 
512 694 200 1553105098660 
513 694 200 1553105098715 
514 694 200 1553105098801 
512 694 201 1553105098810 
512 696 202 1553105098943 
512 697 204 1553105098961 
513 697 204 1553105099035 
512 697 205 1553105099060 
512 697 206 1553105099077 
512 697 206 1553105099095 
512 697 207 1553105099110 
512 698 208 1553105099119 
514 698 208 1553105099119 
512 698 208 1553105099143 
512 700 212 1553105099227 
512 704 222 1553105099246 
512 708 235 1553105099261 
512 712 248 1553105099277 
512 714 257 1553105099294 
512 719 273 1553105099312 
512 736 305 1553105099327 
512 778 370 1553105099344 
512 834 440 1553105099360 
512 884 484 1553105099377 
512 913 496 1553105099393 
512 934 498 1553105099411 
512 945 494 1553105099427 
512 946 481 1553105099445 
512 942 465 1553105099461 
512 927 432 1553105099478 
512 921 408 1553105099494 
512 919 398 1553105099510 
512 920 397 1553105099529 
512 922 394 1553105099545 
512 924 388 1553105099561 
512 924 386 1553105099579 
512 925 386 1553105099678 
512 927 386 1553105099696 
512 931 387 1553105099711 
512 934 386 1553105099727 
512 934 385 1553105099744 
512 935 384 1553105099761 
512 935 382 1553105099778 
513 935 382 1553105099826 
512 935 381 1553105099844 
512 935 381 1553105099861 
512 934 381 1553105099920 
514 934 381 1553105099921 
512 934 381 1553105099945 
512 934 382 1553105099977 
512 934 388 1553105100011 
512 934 402 1553105100028 
512 937 419 1553105100045 
512 938 432 1553105100061 
512 938 435 1553105100077 
512 936 435 1553105100129 
512 927 436 1553105100144 
512 914 445 1553105100161 
512 890 459 1553105100178 
512 850 475 1553105100195 
512 805 490 1553105100212 
512 749 537 1553105100228 
512 711 581 1553105100245 
512 695 602 1553105100262 
512 665 648 1553105100278 
512 655 660 1553105100294 
512 650 666 1553105100311 
512 646 669 1553105100327 
512 639 672 1553105100345 
512 626 675 1553105100361 
512 615 678 1553105100378 
512 605 676 1553105100394 
512 601 675 1553105100411 
512 598 672 1553105100427 
512 592 668 1553105100444 
512 589 659 1553105100461 
512 587 656 1553105100478 
512 585 655 1553105100494 
512 583 654 1553105100512 
512 581 653 1553105100595 
512 579 653 1553105100612 
512 577 653 1553105100629 
512 575 656 1553105100645 
512 572 658 1553105100662 
512 570 658 1553105100679 
512 563 657 1553105100695 
512 558 655 1553105100712 
512 551 652 1553105100728 
512 550 652 1553105100746 
512 551 652 1553105100862 
512 552 652 1553105100880 
512 553 651 1553105100895 
512 554 650 1553105100912 
512 554 649 1553105100946 
512 555 647 1553105100980 
512 556 646 1553105100996 
513 556 646 1553105101037 
514 556 646 1553105101096 
512 557 645 1553105101212 
512 567 628 1553105101229 
512 578 594 1553105101246 
512 595 551 1553105101262 
512 608 513 1553105101279 
512 613 490 1553105101295 
512 605 464 1553105101313 
512 597 434 1553105101329 
512 599 415 1553105101345 
512 602 405 1553105101362 
512 607 403 1553105101380 
512 618 405 1553105101395 
512 667 429 1553105101412 
512 797 527 1553105101429 
512 841 572 1553105101446 
512 957 705 1553105101463 
512 983 750 1553105101479 
512 991 764 1553105101496 
512 988 766 1553105101512 
512 982 764 1553105101529 
512 973 762 1553105101545 
512 954 754 1553105101562 
512 932 742 1553105101579 
512 907 731 1553105101595 
512 886 723 1553105101612 
512 869 716 1553105101630 
512 855 707 1553105101646 
512 840 694 1553105101662 
512 840 690 1553105101679 
512 838 685 1553105101696 
512 832 672 1553105101713 
512 825 658 1553105101729 
512 823 650 1553105101746 
512 821 649 1553105101764 
512 821 648 1553105101779 
512 822 645 1553105101797 
512 822 642 1553105101813 
512 823 640 1553105101831 
512 823 637 1553105101846 
512 825 635 1553105101862 
512 826 635 1553105101880 
512 829 636 1553105101896 
512 831 636 1553105101912 
512 833 636 1553105101930 
512 833 635 1553105101946 
512 834 635 1553105101964 
512 835 635 1553105102030 
512 837 638 1553105102046 
512 839 640 1553105102062 
513 839 640 1553105102141 
514 839 640 1553105102217 
512 836 643 1553105102396 
512 833 646 1553105102413 
512 830 648 1553105102431 
512 833 648 1553105102463 
512 846 646 1553105102479 
512 866 634 1553105102496 
512 893 603 1553105102514 
512 916 566 1553105102530 
512 934 525 1553105102546 
512 945 495 1553105102563 
512 950 480 1553105102580 
512 950 475 1553105102598 
512 950 473 1553105102613 
512 949 471 1553105102630 
512 947 465 1553105102647 
512 946 462 1553105102663 
512 945 461 1553105102679 
512 944 460 1553105102731 
512 943 456 1553105102746 
512 940 449 1553105102763 
512 937 439 1553105102781 
512 935 432 1553105102798 
512 933 423 1553105102815 
512 933 421 1553105102830 
512 934 416 1553105102846 
512 932 412 1553105102864 
512 930 407 1553105102880 
512 929 406 1553105102897 
512 928 406 1553105102913 
512 928 405 1553105102946 
512 928 404 1553105102980 
512 926 401 1553105102997 
512 926 398 1553105103014 
512 926 397 1553105103046 
512 926 396 1553105103063 
512 926 395 1553105103080 
512 926 392 1553105103113 
512 926 391 1553105103130 
512 926 390 1553105103147 
512 926 388 1553105103165 
512 925 386 1553105103180 
512 925 382 1553105103196 
512 925 379 1553105103213 
512 927 376 1553105103232 
512 927 373 1553105103247 
512 926 372 1553105103264 
513 926 372 1553105103282 
514 926 372 1553105103344 
512 908 371 1553105103597 
512 856 378 1553105103614 
512 779 392 1553105103630 
512 702 409 1553105103649 
512 627 408 1553105103664 
512 540 389 1553105103680 
512 483 372 1553105103698 
512 461 371 1553105103714 
512 455 369 1553105103731 
512 455 368 1553105103747 
512 454 368 1553105103781 
512 449 367 1553105103797 
512 449 366 1553105103816 
512 449 367 1553105103931 
512 450 367 1553105103965 
512 454 369 1553105103981 
512 463 373 1553105103999 
512 472 377 1553105104016 
512 477 380 1553105104031 
512 479 381 1553105104048 
513 479 381 1553105104151 
514 479 381 1553105104244 
512 479 382 1553105104314 
512 482 386 1553105104333 
512 484 399 1553105104348 
512 488 425 1553105104365 
512 491 450 1553105104380 
512 494 470 1553105104398 
512 496 487 1553105104414 
512 502 504 1553105104431 
512 516 545 1553105104449 
512 523 560 1553105104464 
512 533 588 1553105104481 
512 535 591 1553105104498 
512 536 593 1553105104514 
512 537 593 1553105104598 
512 539 593 1553105104615 
512 546 598 1553105104631 
512 564 610 1553105104649 
512 580 622 1553105104665 
512 588 630 1553105104682 
512 589 631 1553105104698 
512 590 633 1553105104715 
512 588 633 1553105104748 
512 585 634 1553105104766 
512 583 638 1553105104798 
512 581 642 1553105104815 
512 581 643 1553105104832 
512 580 643 1553105104849 
512 579 643 1553105104865 
512 578 643 1553105104898 
512 576 643 1553105104915 
512 573 643 1553105104932 
512 571 642 1553105104948 
512 570 642 1553105104982 
512 566 641 1553105104999 
512 562 640 1553105105015 
512 560 640 1553105105033 
512 560 641 1553105105048 
513 560 641 1553105105073 
514 560 641 1553105105174 
512 560 640 1553105105231 
512 561 639 1553105105248 
512 563 633 1553105105266 
512 567 621 1553105105282 
512 571 608 1553105105299 
512 574 601 1553105105317 
512 573 595 1553105105333 
512 571 589 1553105105349 
512 567 580 1553105105365 
512 566 576 1553105105382 
512 565 573 1553105105398 
512 566 564 1553105105416 
512 571 538 1553105105432 
512 587 475 1553105105449 
512 593 454 1553105105466 
512 606 405 1553105105482 
512 621 366 1553105105499 
512 639 324 1553105105516 
512 654 284 1553105105533 
512 664 261 1553105105549 
512 671 247 1553105105567 
512 674 237 1553105105582 
512 678 231 1553105105599 
512 680 225 1553105105616 
512 683 220 1553105105633 
512 685 218 1553105105649 
512 685 216 1553105105716 
512 686 216 1553105105783 
512 688 216 1553105105800 
512 692 215 1553105105816 
512 697 210 1553105105833 
512 704 208 1553105105849 
512 707 207 1553105105866 
513 707 207 1553105105935 
514 707 207 1553105106028 
