512 706 212 1553261517948 
512 714 222 1553261517966 
512 722 233 1553261517983 
512 727 238 1553261518000 
512 732 241 1553261518016 
512 747 250 1553261518036 
512 768 262 1553261518050 
512 795 274 1553261518066 
512 805 279 1553261518083 
512 823 284 1553261518100 
512 829 286 1553261518116 
512 832 291 1553261518132 
512 838 309 1553261518149 
512 844 341 1553261518166 
512 847 386 1553261518183 
512 849 423 1553261518200 
512 849 456 1553261518220 
512 849 468 1553261518234 
512 853 498 1553261518250 
512 857 530 1553261518267 
512 863 546 1553261518283 
512 864 548 1553261518300 
512 863 550 1553261518434 
512 861 552 1553261518450 
512 859 554 1553261518468 
512 852 564 1553261518486 
512 848 580 1553261518501 
512 846 595 1553261518517 
512 845 600 1553261518534 
512 844 601 1553261518549 
512 844 602 1553261518567 
512 844 605 1553261518584 
512 845 610 1553261518600 
512 847 612 1553261518618 
512 847 614 1553261518634 
512 847 615 1553261518667 
512 847 617 1553261518683 
512 847 623 1553261518701 
512 847 629 1553261518717 
512 847 630 1553261518734 
512 847 632 1553261518749 
512 846 632 1553261518767 
512 845 633 1553261518784 
512 844 634 1553261518883 
512 842 635 1553261518900 
512 841 636 1553261518917 
512 840 638 1553261518933 
512 839 639 1553261518950 
512 839 640 1553261518967 
512 839 642 1553261518983 
512 838 643 1553261519000 
512 838 644 1553261519017 
513 838 644 1553261519036 
512 837 644 1553261519050 
512 837 644 1553261519101 
514 837 644 1553261519104 
512 837 644 1553261519134 
512 833 642 1553261519184 
512 825 636 1553261519200 
512 814 628 1553261519217 
512 802 618 1553261519234 
512 787 604 1553261519250 
512 746 569 1553261519267 
512 706 546 1553261519284 
512 682 533 1553261519301 
512 664 523 1553261519317 
512 653 512 1553261519334 
512 643 495 1553261519350 
512 626 469 1553261519367 
512 609 446 1553261519384 
512 590 427 1553261519401 
512 574 414 1553261519416 
512 565 409 1553261519434 
512 561 407 1553261519450 
512 559 407 1553261519466 
512 557 406 1553261519484 
512 553 406 1553261519501 
512 548 406 1553261519517 
512 544 406 1553261519533 
512 542 407 1553261519550 
512 537 408 1553261519568 
512 530 408 1553261519584 
512 520 405 1553261519600 
512 511 401 1553261519618 
512 503 395 1553261519634 
512 495 391 1553261519650 
512 488 386 1553261519667 
512 483 383 1553261519684 
512 481 383 1553261519701 
512 479 382 1553261519717 
512 477 382 1553261519734 
512 475 381 1553261519751 
512 475 380 1553261519851 
512 473 380 1553261519868 
512 472 378 1553261519884 
512 472 377 1553261519900 
513 472 377 1553261519926 
514 472 377 1553261519998 
512 474 377 1553261520051 
512 482 378 1553261520068 
512 498 379 1553261520084 
512 526 379 1553261520101 
512 557 379 1553261520118 
512 603 374 1553261520134 
512 648 364 1553261520151 
512 691 348 1553261520168 
512 721 326 1553261520185 
512 741 297 1553261520200 
512 744 278 1553261520218 
512 745 260 1553261520235 
512 746 248 1553261520252 
512 744 234 1553261520268 
512 739 223 1553261520285 
512 735 218 1553261520301 
512 735 217 1553261520334 
512 735 216 1553261520352 
512 733 216 1553261520401 
512 729 216 1553261520418 
512 723 216 1553261520435 
512 714 218 1553261520452 
512 709 219 1553261520468 
512 706 220 1553261520485 
512 705 220 1553261520502 
512 704 220 1553261520535 
512 703 220 1553261520567 
512 703 218 1553261520586 
512 703 216 1553261520603 
512 703 215 1553261520618 
512 703 214 1553261520668 
513 703 214 1553261520676 
512 702 214 1553261520735 
514 702 214 1553261520756 
512 704 216 1553261520785 
512 711 224 1553261520802 
512 726 240 1553261520817 
512 751 273 1553261520834 
512 775 300 1553261520852 
512 790 317 1553261520867 
512 804 339 1553261520884 
512 822 376 1553261520902 
512 841 427 1553261520918 
512 859 462 1553261520935 
512 860 466 1553261520951 
512 859 467 1553261520968 
512 855 468 1553261520985 
512 850 472 1553261521002 
512 848 477 1553261521017 
512 851 477 1553261521052 
512 862 470 1553261521069 
512 875 455 1553261521084 
512 886 442 1553261521101 
512 896 431 1553261521119 
512 905 422 1553261521135 
512 911 415 1553261521153 
512 915 408 1553261521169 
512 920 399 1553261521185 
512 922 394 1553261521202 
512 923 391 1553261521219 
512 923 390 1553261521252 
512 923 389 1553261521268 
512 923 387 1553261521286 
512 923 386 1553261521419 
512 923 385 1553261521436 
512 923 384 1553261521451 
513 923 384 1553261521466 
512 923 383 1553261521536 
512 924 382 1553261521552 
514 924 382 1553261521555 
512 924 381 1553261521568 
512 924 380 1553261521736 
513 924 380 1553261521784 
514 924 380 1553261521840 
512 923 381 1553261521852 
512 915 382 1553261521869 
512 898 393 1553261521886 
512 865 418 1553261521903 
512 822 455 1553261521919 
512 788 490 1553261521936 
512 763 517 1553261521952 
512 744 528 1553261521970 
512 732 536 1553261521986 
512 722 543 1553261522003 
512 709 558 1553261522019 
512 706 562 1553261522035 
512 705 562 1553261522052 
512 704 562 1553261522102 
512 699 564 1553261522119 
512 695 565 1553261522136 
512 692 566 1553261522153 
512 681 568 1553261522169 
512 660 577 1553261522185 
512 636 594 1553261522203 
512 598 619 1553261522218 
512 568 637 1553261522235 
512 551 643 1553261522254 
512 540 646 1553261522270 
512 535 650 1553261522286 
512 533 652 1553261522303 
512 533 653 1553261522320 
512 533 654 1553261522352 
512 532 654 1553261522369 
512 532 653 1553261522436 
512 536 652 1553261522453 
512 544 649 1553261522471 
512 552 645 1553261522485 
512 557 642 1553261522503 
512 559 641 1553261522519 
512 559 640 1553261522537 
513 559 640 1553261522624 
514 559 640 1553261522710 
512 559 639 1553261522803 
512 559 627 1553261522820 
512 549 568 1553261522837 
512 533 535 1553261522854 
512 518 512 1553261522870 
512 509 498 1553261522886 
512 504 488 1553261522903 
512 501 473 1553261522920 
512 498 454 1553261522936 
512 494 439 1553261522954 
512 493 432 1553261522969 
512 493 431 1553261522986 
512 494 430 1553261523005 
512 497 429 1553261523021 
512 505 426 1553261523036 
512 511 424 1553261523053 
512 517 424 1553261523070 
512 541 438 1553261523087 
512 596 481 1553261523103 
512 673 528 1553261523120 
512 735 554 1553261523136 
512 772 563 1553261523154 
512 790 568 1553261523170 
512 800 573 1553261523187 
512 806 577 1553261523204 
512 810 580 1553261523221 
512 813 582 1553261523238 
512 815 584 1553261523253 
512 821 589 1553261523270 
512 836 603 1553261523287 
512 844 608 1553261523304 
512 847 610 1553261523321 
512 849 611 1553261523337 
512 849 612 1553261523353 
512 849 614 1553261523370 
512 849 617 1553261523386 
512 849 622 1553261523403 
512 849 626 1553261523420 
512 848 629 1553261523437 
512 846 633 1553261523454 
512 844 639 1553261523471 
512 843 649 1553261523487 
512 843 654 1553261523504 
512 843 655 1553261523521 
512 844 655 1553261523570 
513 844 655 1553261523578 
514 844 655 1553261523674 
512 843 651 1553261523870 
512 842 649 1553261523887 
513 842 649 1553261523922 
514 842 649 1553261524009 
512 841 649 1553261524120 
512 840 649 1553261524155 
512 837 648 1553261524170 
512 831 644 1553261524188 
512 818 636 1553261524205 
512 804 625 1553261524221 
512 797 617 1553261524237 
512 800 607 1553261524255 
512 846 574 1553261524271 
512 884 541 1553261524287 
512 922 504 1553261524304 
512 947 476 1553261524321 
512 959 463 1553261524338 
512 962 455 1553261524353 
512 962 452 1553261524371 
512 960 451 1553261524388 
512 956 448 1553261524405 
512 954 447 1553261524420 
512 951 445 1553261524438 
512 949 443 1553261524454 
512 947 441 1553261524470 
512 944 437 1553261524488 
512 936 427 1553261524505 
512 928 419 1553261524522 
512 919 411 1553261524537 
512 913 403 1553261524554 
512 909 396 1553261524572 
512 908 391 1553261524588 
512 906 386 1553261524604 
512 906 384 1553261524621 
512 906 382 1553261524638 
512 908 381 1553261524705 
512 911 381 1553261524721 
512 914 381 1553261524738 
512 917 380 1553261524754 
512 919 379 1553261524771 
512 922 379 1553261524787 
512 928 379 1553261524804 
512 932 379 1553261524821 
512 934 378 1553261524838 
512 935 378 1553261524855 
513 935 378 1553261524916 
512 935 378 1553261524971 
514 935 378 1553261525005 
512 934 379 1553261525054 
512 933 379 1553261525071 
512 932 380 1553261525189 
512 924 385 1553261525205 
512 912 390 1553261525222 
512 886 397 1553261525238 
512 850 408 1553261525255 
512 797 430 1553261525273 
512 739 449 1553261525288 
512 699 448 1553261525305 
512 664 433 1553261525322 
512 631 412 1553261525339 
512 614 402 1553261525355 
512 602 396 1553261525372 
512 595 392 1553261525389 
512 589 388 1553261525406 
512 580 385 1553261525422 
512 565 381 1553261525439 
512 558 380 1553261525456 
512 553 380 1553261525472 
512 548 379 1553261525489 
512 545 379 1553261525506 
512 541 379 1553261525522 
512 534 379 1553261525538 
512 524 379 1553261525555 
512 513 379 1553261525572 
512 506 380 1553261525589 
512 502 381 1553261525605 
512 498 382 1553261525623 
512 492 383 1553261525641 
512 489 383 1553261525656 
512 482 383 1553261525672 
512 476 383 1553261525689 
512 476 382 1553261525722 
512 476 381 1553261525822 
512 475 381 1553261525839 
512 473 379 1553261525856 
512 470 379 1553261525873 
512 469 379 1553261525889 
513 469 379 1553261525942 
512 469 378 1553261525973 
514 469 378 1553261526030 
512 469 378 1553261526055 
512 469 380 1553261526089 
512 472 388 1553261526106 
512 485 418 1553261526123 
512 503 466 1553261526138 
512 520 504 1553261526156 
512 530 522 1553261526173 
512 542 536 1553261526189 
512 557 551 1553261526206 
512 583 575 1553261526223 
512 603 591 1553261526239 
512 621 604 1553261526255 
512 632 608 1553261526274 
512 630 608 1553261526373 
512 625 610 1553261526406 
512 618 623 1553261526423 
512 615 633 1553261526439 
512 611 640 1553261526456 
512 609 642 1553261526473 
512 606 644 1553261526490 
512 603 647 1553261526507 
512 601 648 1553261526523 
512 599 649 1553261526540 
512 597 649 1553261526557 
512 592 649 1553261526573 
512 585 646 1553261526590 
512 576 644 1553261526607 
512 561 636 1553261526624 
512 548 630 1553261526639 
512 542 628 1553261526657 
512 534 626 1553261526674 
512 538 630 1553261526790 
512 543 633 1553261526806 
512 545 635 1553261526823 
512 546 636 1553261526840 
512 546 637 1553261526857 
512 547 639 1553261526873 
512 551 642 1553261526890 
512 551 643 1553261526907 
512 552 643 1553261526923 
512 553 644 1553261526957 
512 554 644 1553261526974 
512 553 644 1553261527024 
512 552 643 1553261527040 
513 552 643 1553261527158 
512 552 641 1553261527174 
514 552 641 1553261527236 
512 552 641 1553261527257 
512 553 638 1553261527324 
512 554 624 1553261527342 
512 558 605 1553261527358 
512 558 579 1553261527374 
512 558 552 1553261527391 
512 562 527 1553261527407 
512 566 504 1553261527424 
512 569 480 1553261527441 
512 569 457 1553261527457 
512 569 436 1553261527474 
512 569 416 1553261527490 
512 572 393 1553261527506 
512 575 371 1553261527524 
512 577 347 1553261527540 
512 584 324 1553261527557 
512 595 303 1553261527574 
512 609 286 1553261527591 
512 629 269 1553261527607 
512 637 263 1553261527623 
512 644 259 1553261527640 
512 648 256 1553261527657 
512 655 253 1553261527675 
512 661 250 1553261527691 
512 668 247 1553261527708 
512 676 243 1553261527725 
512 685 240 1553261527740 
512 694 236 1553261527757 
512 697 233 1553261527774 
512 700 229 1553261527791 
512 701 225 1553261527806 
512 702 221 1553261527824 
512 706 216 1553261527841 
512 708 213 1553261527857 
512 709 211 1553261527874 
512 709 210 1553261527890 
512 708 209 1553261528008 
512 704 208 1553261528024 
512 701 208 1553261528041 
512 698 208 1553261528058 
513 698 208 1553261528130 
514 698 208 1553261528218 
