512 704 213 1553025607505 
512 707 220 1553025607523 
512 712 235 1553025607539 
512 727 272 1553025607557 
512 743 299 1553025607574 
512 754 315 1553025607589 
512 758 321 1553025607606 
512 759 322 1553025607623 
512 759 323 1553025607656 
512 759 324 1553025607673 
512 759 330 1553025607690 
512 761 347 1553025607707 
512 763 371 1553025607723 
512 772 413 1553025607740 
512 800 500 1553025607757 
512 854 616 1553025607773 
512 915 713 1553025607790 
512 920 723 1553025607806 
512 918 725 1553025607824 
512 909 725 1553025607839 
512 898 726 1553025607856 
512 890 728 1553025607873 
512 888 728 1553025607890 
512 887 728 1553025607923 
512 886 727 1553025607941 
512 881 721 1553025607957 
512 870 706 1553025607973 
512 859 688 1553025607990 
512 851 673 1553025608007 
512 848 664 1553025608023 
512 848 656 1553025608040 
512 846 641 1553025608057 
512 842 633 1553025608074 
512 842 631 1553025608090 
512 842 632 1553025608307 
512 843 638 1553025608324 
512 844 640 1553025608340 
513 844 640 1553025608427 
514 844 640 1553025608527 
512 844 639 1553025608657 
512 843 636 1553025608674 
512 837 629 1553025608691 
512 835 626 1553025608707 
512 833 625 1553025608725 
512 827 620 1553025608741 
512 813 607 1553025608757 
512 792 588 1553025608775 
512 752 562 1553025608790 
512 721 547 1553025608808 
512 700 537 1553025608824 
512 678 526 1553025608840 
512 650 505 1553025608857 
512 632 490 1553025608874 
512 624 484 1553025608891 
512 621 481 1553025608907 
512 617 478 1553025608924 
512 604 470 1553025608941 
512 589 461 1553025608957 
512 564 452 1553025608974 
512 527 442 1553025608992 
512 509 438 1553025609008 
512 497 434 1553025609024 
512 491 431 1553025609041 
512 476 426 1553025609058 
512 455 417 1553025609091 
512 454 416 1553025609107 
512 454 415 1553025609124 
512 454 413 1553025609142 
512 454 409 1553025609158 
512 454 403 1553025609175 
512 454 400 1553025609191 
512 454 396 1553025609208 
512 454 390 1553025609224 
512 450 380 1553025609241 
512 449 377 1553025609258 
512 448 377 1553025609276 
512 448 376 1553025609291 
512 453 376 1553025609375 
512 461 377 1553025609391 
512 466 377 1553025609408 
512 468 377 1553025609425 
512 468 376 1553025609441 
512 469 376 1553025609508 
512 470 376 1553025609525 
512 471 376 1553025609542 
513 471 376 1553025609578 
512 471 375 1553025609591 
514 471 375 1553025609671 
512 471 375 1553025609676 
512 471 376 1553025609775 
512 470 377 1553025609808 
512 469 379 1553025609825 
512 468 382 1553025609841 
512 467 383 1553025609858 
512 468 383 1553025609926 
512 471 379 1553025609941 
512 495 362 1553025609959 
512 513 346 1553025609974 
512 531 331 1553025609991 
512 547 320 1553025610009 
512 562 310 1553025610025 
512 578 299 1553025610042 
512 595 287 1553025610058 
512 612 274 1553025610075 
512 626 263 1553025610092 
512 639 250 1553025610108 
512 647 239 1553025610125 
512 653 231 1553025610143 
512 654 227 1553025610158 
512 656 224 1553025610192 
512 662 216 1553025610209 
512 667 210 1553025610225 
512 669 207 1553025610242 
512 670 207 1553025610342 
512 672 207 1553025610359 
512 676 207 1553025610375 
512 682 207 1553025610392 
512 692 208 1553025610409 
512 694 210 1553025610425 
512 696 211 1553025610442 
513 696 211 1553025610535 
514 696 211 1553025610645 
512 696 214 1553025610725 
512 691 224 1553025610742 
512 685 240 1553025610758 
512 680 256 1553025610776 
512 678 269 1553025610792 
512 678 274 1553025610809 
512 678 278 1553025610826 
512 681 283 1553025610842 
512 695 295 1553025610859 
512 729 315 1553025610875 
512 793 335 1553025610892 
512 824 337 1553025610909 
512 848 341 1553025610926 
512 868 343 1553025610942 
512 875 343 1553025610959 
512 884 344 1553025610975 
512 887 344 1553025610993 
512 888 344 1553025611009 
512 889 344 1553025611142 
512 901 353 1553025611159 
512 914 361 1553025611176 
512 922 365 1553025611193 
512 926 365 1553025611209 
512 928 366 1553025611226 
512 932 368 1553025611242 
512 935 369 1553025611259 
512 936 370 1553025611276 
512 937 372 1553025611326 
512 937 373 1553025611343 
512 938 374 1553025611359 
512 938 375 1553025611443 
512 936 377 1553025611460 
512 934 379 1553025611476 
512 930 381 1553025611493 
512 929 382 1553025611509 
512 928 382 1553025611526 
512 927 382 1553025611576 
513 927 382 1553025611607 
512 927 383 1553025611685 
514 927 383 1553025611686 
512 927 383 1553025611709 
512 926 381 1553025611761 
512 921 376 1553025611776 
512 910 363 1553025611793 
512 888 346 1553025611810 
512 852 323 1553025611827 
512 818 304 1553025611843 
512 802 294 1553025611859 
512 797 286 1553025611877 
512 796 277 1553025611893 
512 796 266 1553025611910 
512 795 259 1553025611927 
512 792 256 1553025611943 
512 787 256 1553025611960 
512 772 260 1553025611976 
512 732 290 1553025611993 
512 692 324 1553025612010 
512 653 370 1553025612026 
512 620 414 1553025612043 
512 598 447 1553025612060 
512 590 463 1553025612077 
512 584 471 1553025612094 
512 582 476 1553025612110 
512 579 479 1553025612127 
512 577 483 1553025612144 
512 572 488 1553025612160 
512 567 497 1553025612177 
512 565 510 1553025612194 
512 566 522 1553025612210 
512 574 539 1553025612227 
512 580 549 1553025612243 
512 585 566 1553025612260 
512 587 589 1553025612277 
512 587 609 1553025612293 
512 585 620 1553025612310 
512 580 625 1553025612327 
512 576 627 1553025612343 
512 573 629 1553025612360 
512 572 631 1553025612377 
512 570 632 1553025612393 
512 568 632 1553025612410 
512 565 632 1553025612427 
512 563 632 1553025612444 
512 562 633 1553025612460 
512 561 634 1553025612477 
512 561 636 1553025612560 
512 561 640 1553025612577 
512 561 645 1553025612594 
512 561 651 1553025612612 
512 561 654 1553025612627 
513 561 654 1553025612657 
514 561 654 1553025612754 
512 561 655 1553025612777 
512 561 656 1553025612793 
512 561 658 1553025612810 
512 561 659 1553025612827 
512 561 661 1553025612844 
512 559 662 1553025612861 
512 558 664 1553025612877 
512 556 665 1553025612894 
512 556 666 1553025612911 
512 555 666 1553025612927 
512 555 667 1553025612944 
512 555 668 1553025612960 
512 556 667 1553025612994 
512 560 658 1553025613011 
512 565 641 1553025613027 
512 573 622 1553025613044 
512 576 617 1553025613061 
512 576 615 1553025613078 
513 576 615 1553025613105 
514 576 615 1553025613208 
512 576 616 1553025613227 
512 576 618 1553025613245 
512 575 626 1553025613260 
512 570 636 1553025613278 
512 566 645 1553025613294 
512 562 650 1553025613311 
512 561 651 1553025613327 
513 561 651 1553025613380 
514 561 651 1553025613489 
512 561 652 1553025613613 
512 562 654 1553025613628 
512 564 657 1553025613645 
512 569 661 1553025613661 
512 574 664 1553025613679 
512 580 667 1553025613695 
512 598 676 1553025613711 
512 634 686 1553025613728 
512 704 698 1553025613744 
512 744 701 1553025613763 
512 772 700 1553025613778 
512 789 694 1553025613795 
512 796 687 1553025613813 
512 798 680 1553025613828 
512 801 673 1553025613845 
512 803 670 1553025613861 
512 809 666 1553025613878 
512 813 659 1553025613894 
512 817 652 1553025613912 
512 819 648 1553025613928 
512 822 644 1553025613945 
512 826 642 1553025613962 
512 830 639 1553025613978 
512 832 639 1553025613994 
512 834 639 1553025614028 
512 837 639 1553025614044 
512 841 639 1553025614061 
513 841 639 1553025614101 
514 841 639 1553025614220 
512 841 640 1553025614244 
512 842 642 1553025614278 
512 843 647 1553025614295 
512 845 655 1553025614311 
512 847 666 1553025614328 
512 855 680 1553025614345 
512 860 693 1553025614362 
512 864 700 1553025614378 
512 864 701 1553025614395 
512 864 700 1553025614428 
512 867 686 1553025614445 
512 875 655 1553025614462 
512 890 603 1553025614478 
512 903 564 1553025614495 
512 908 526 1553025614512 
512 908 499 1553025614530 
512 908 487 1553025614545 
512 908 476 1553025614562 
512 906 465 1553025614579 
512 905 454 1553025614596 
512 905 443 1553025614611 
512 905 431 1553025614629 
512 905 422 1553025614646 
512 905 419 1553025614662 
512 905 416 1553025614678 
512 906 414 1553025614695 
512 911 406 1553025614713 
512 916 395 1553025614728 
512 921 383 1553025614745 
512 924 375 1553025614762 
512 927 372 1553025614778 
512 927 370 1553025614796 
513 927 370 1553025614855 
514 927 370 1553025614957 
512 927 371 1553025614996 
512 927 372 1553025615012 
512 927 374 1553025615029 
512 927 382 1553025615046 
512 928 399 1553025615062 
512 928 407 1553025615081 
512 928 412 1553025615096 
512 926 416 1553025615112 
512 921 420 1553025615130 
512 906 426 1553025615146 
512 880 433 1553025615162 
512 840 435 1553025615179 
512 778 418 1553025615196 
512 678 376 1553025615214 
512 604 351 1553025615229 
512 576 348 1553025615246 
512 565 348 1553025615263 
512 562 348 1553025615279 
512 561 348 1553025615296 
512 559 348 1553025615312 
512 554 354 1553025615330 
512 547 360 1553025615346 
512 539 367 1553025615362 
512 531 376 1553025615380 
512 528 382 1553025615396 
512 526 386 1553025615413 
512 523 387 1553025615429 
512 517 387 1553025615447 
512 507 387 1553025615464 
512 498 386 1553025615479 
512 495 386 1553025615496 
512 494 386 1553025615530 
512 493 385 1553025615564 
512 491 384 1553025615580 
512 489 383 1553025615596 
513 489 383 1553025615633 
512 488 383 1553025615698 
514 488 383 1553025615725 
512 488 383 1553025615746 
512 486 382 1553025615797 
512 483 381 1553025615813 
512 482 380 1553025615830 
512 480 380 1553025615846 
512 478 379 1553025615865 
512 476 378 1553025615880 
513 476 378 1553025615889 
512 476 379 1553025615999 
514 476 379 1553025616000 
512 477 383 1553025616029 
512 483 391 1553025616046 
512 498 406 1553025616063 
512 530 427 1553025616080 
512 570 445 1553025616096 
512 603 454 1553025616113 
512 625 458 1553025616130 
512 643 462 1553025616147 
512 647 464 1553025616164 
512 648 464 1553025616180 
512 647 464 1553025616213 
512 643 467 1553025616230 
512 634 483 1553025616247 
512 624 515 1553025616263 
512 615 546 1553025616280 
512 603 571 1553025616298 
512 590 592 1553025616314 
512 578 621 1553025616330 
512 577 628 1553025616347 
512 576 632 1553025616364 
512 575 632 1553025616430 
512 574 632 1553025616447 
512 574 633 1553025616463 
512 573 633 1553025616480 
512 572 633 1553025616497 
512 569 633 1553025616514 
512 566 633 1553025616530 
512 564 633 1553025616547 
512 563 634 1553025616564 
512 563 635 1553025616580 
513 563 635 1553025616616 
512 563 634 1553025616646 
512 563 635 1553025616713 
514 563 635 1553025616717 
512 563 636 1553025616730 
512 564 641 1553025616748 
512 566 650 1553025616763 
512 572 664 1553025616780 
512 580 675 1553025616797 
512 587 683 1553025616814 
512 608 695 1553025616831 
512 633 705 1553025616847 
512 658 714 1553025616864 
512 676 719 1553025616880 
512 678 720 1553025616899 
512 668 710 1553025616931 
512 652 697 1553025616947 
512 638 691 1553025616964 
512 625 686 1553025616981 
512 611 678 1553025616997 
512 602 672 1553025617016 
512 597 668 1553025617031 
512 594 665 1553025617048 
512 592 662 1553025617064 
512 586 658 1553025617081 
512 583 655 1553025617097 
512 580 653 1553025617115 
512 579 652 1553025617131 
512 577 649 1553025617147 
512 574 648 1553025617165 
512 572 647 1553025617181 
512 570 646 1553025617214 
512 566 644 1553025617232 
512 559 643 1553025617247 
512 554 642 1553025617265 
513 554 642 1553025617343 
512 554 641 1553025617366 
514 554 641 1553025617438 
512 560 646 1553025617465 
512 574 655 1553025617480 
512 592 665 1553025617497 
512 624 680 1553025617514 
512 646 691 1553025617531 
512 666 704 1553025617547 
512 685 714 1553025617564 
512 699 724 1553025617582 
512 704 729 1553025617598 
512 707 732 1553025617615 
512 707 733 1553025617631 
512 708 734 1553025617648 
512 711 736 1553025617664 
512 712 735 1553025617681 
512 716 717 1553025617698 
512 716 677 1553025617714 
512 704 619 1553025617732 
512 680 557 1553025617748 
512 643 498 1553025617765 
512 620 454 1553025617781 
512 607 410 1553025617798 
512 606 352 1553025617815 
512 610 293 1553025617831 
512 628 243 1553025617848 
512 645 207 1553025617865 
512 654 187 1553025617882 
512 661 168 1553025617899 
512 665 161 1553025617914 
512 667 157 1553025617931 
512 669 155 1553025617948 
512 671 153 1553025617965 
512 672 153 1553025617981 
512 673 153 1553025618015 
512 674 153 1553025618031 
512 679 155 1553025618048 
512 683 158 1553025618064 
512 689 163 1553025618082 
512 697 175 1553025618097 
512 708 190 1553025618115 
512 713 198 1553025618131 
512 715 202 1553025618148 
512 715 203 1553025618165 
512 715 205 1553025618182 
512 715 207 1553025618198 
512 714 209 1553025618215 
512 713 210 1553025618232 
512 712 210 1553025618248 
512 711 210 1553025618282 
512 709 210 1553025618299 
512 705 210 1553025618315 
512 701 210 1553025618332 
512 696 210 1553025618349 
512 695 212 1553025618366 
512 694 212 1553025618398 
513 694 212 1553025618464 
512 694 211 1553025618482 
514 694 211 1553025618568 
