512 694 211 1553025618598 
512 697 217 1553025618849 
512 704 232 1553025618867 
512 748 340 1553025618882 
512 783 421 1553025618899 
512 818 489 1553025618917 
512 851 550 1553025618932 
512 869 589 1553025618950 
512 885 619 1553025618965 
512 893 636 1553025618983 
512 898 644 1553025618999 
512 898 645 1553025619016 
512 898 646 1553025619032 
512 897 647 1553025619048 
512 896 650 1553025619065 
512 896 655 1553025619082 
512 896 657 1553025619100 
512 893 658 1553025619115 
512 888 659 1553025619132 
512 881 659 1553025619149 
512 875 659 1553025619166 
512 869 659 1553025619183 
512 863 656 1553025619200 
512 858 655 1553025619216 
512 855 654 1553025619232 
512 852 651 1553025619250 
512 849 649 1553025619266 
512 848 647 1553025619282 
512 847 646 1553025619299 
512 846 646 1553025619316 
512 845 644 1553025619382 
512 843 642 1553025619400 
512 841 641 1553025619416 
513 841 641 1553025619455 
514 841 641 1553025619550 
512 842 642 1553025619616 
512 844 642 1553025619632 
512 839 644 1553025619716 
512 832 649 1553025619733 
512 820 656 1553025619750 
512 805 659 1553025619767 
512 787 656 1553025619783 
512 766 643 1553025619800 
512 723 595 1553025619816 
512 680 534 1553025619833 
512 647 490 1553025619849 
512 626 464 1553025619866 
512 600 434 1553025619883 
512 581 416 1553025619900 
512 570 410 1553025619917 
512 569 409 1553025619950 
512 567 409 1553025619966 
512 564 409 1553025619983 
512 559 409 1553025619999 
512 554 409 1553025620016 
512 547 410 1553025620033 
512 541 410 1553025620050 
512 535 409 1553025620067 
512 523 404 1553025620083 
512 505 398 1553025620100 
512 489 393 1553025620116 
512 478 389 1553025620133 
512 473 387 1553025620150 
512 472 385 1553025620166 
512 470 383 1553025620200 
512 470 382 1553025620216 
512 471 382 1553025620334 
512 471 381 1553025620383 
512 471 379 1553025620400 
513 471 379 1553025620468 
514 471 379 1553025620562 
512 471 380 1553025620600 
512 473 383 1553025620616 
512 476 387 1553025620634 
512 479 392 1553025620650 
512 484 399 1553025620667 
512 491 407 1553025620684 
512 496 411 1553025620700 
512 501 414 1553025620717 
512 504 416 1553025620734 
512 505 416 1553025620751 
512 506 417 1553025620769 
512 507 417 1553025620784 
512 525 421 1553025620800 
512 551 414 1553025620818 
512 587 377 1553025620834 
512 619 324 1553025620850 
512 632 280 1553025620868 
512 638 257 1553025620884 
512 642 243 1553025620901 
512 647 229 1553025620917 
512 655 212 1553025620934 
512 665 194 1553025620951 
512 672 180 1553025620967 
512 675 176 1553025620985 
512 678 176 1553025621001 
512 681 175 1553025621017 
512 685 172 1553025621034 
512 688 170 1553025621051 
512 689 170 1553025621068 
512 690 172 1553025621100 
512 694 182 1553025621118 
512 699 192 1553025621135 
512 703 198 1553025621151 
512 706 206 1553025621168 
512 709 216 1553025621184 
512 713 227 1553025621201 
512 714 230 1553025621217 
512 714 229 1553025621285 
512 712 227 1553025621318 
512 708 222 1553025621334 
512 700 214 1553025621351 
512 691 209 1553025621368 
512 690 208 1553025621385 
512 690 207 1553025621401 
513 690 207 1553025621445 
512 689 207 1553025621484 
514 689 207 1553025621531 
512 689 207 1553025621550 
512 689 208 1553025621601 
512 691 211 1553025621618 
512 692 213 1553025621635 
512 694 215 1553025621653 
512 694 216 1553025621668 
512 694 215 1553025621701 
512 695 215 1553025621770 
513 695 215 1553025621809 
514 695 215 1553025621917 
512 695 221 1553025622085 
512 697 236 1553025622102 
512 698 257 1553025622118 
512 701 276 1553025622135 
512 709 292 1553025622153 
512 721 309 1553025622169 
512 736 323 1553025622185 
512 751 331 1553025622202 
512 763 335 1553025622218 
512 773 335 1553025622235 
512 789 335 1553025622252 
512 806 335 1553025622268 
512 826 335 1553025622286 
512 846 335 1553025622302 
512 876 339 1553025622319 
512 891 339 1553025622335 
512 902 340 1553025622351 
512 906 340 1553025622369 
512 907 340 1553025622386 
512 907 339 1553025622402 
512 906 339 1553025622519 
512 905 344 1553025622535 
512 908 351 1553025622552 
512 911 354 1553025622568 
512 912 354 1553025622585 
512 914 355 1553025622603 
512 921 356 1553025622619 
512 928 359 1553025622636 
512 931 360 1553025622652 
512 932 360 1553025622685 
512 932 361 1553025622702 
512 932 362 1553025622754 
512 932 364 1553025622787 
512 931 367 1553025622803 
512 931 368 1553025622836 
512 931 370 1553025622852 
512 931 371 1553025622869 
512 931 374 1553025622886 
512 931 376 1553025622902 
513 931 376 1553025622956 
514 931 376 1553025623059 
512 931 377 1553025623118 
512 930 379 1553025623136 
512 928 382 1553025623152 
512 924 385 1553025623169 
512 917 391 1553025623186 
512 910 397 1553025623203 
512 904 403 1553025623219 
512 902 409 1553025623237 
512 900 412 1553025623253 
512 894 416 1553025623269 
512 879 423 1553025623286 
512 854 434 1553025623303 
512 825 450 1553025623320 
512 802 469 1553025623336 
512 784 489 1553025623353 
512 771 510 1553025623369 
512 759 532 1553025623386 
512 743 561 1553025623402 
512 729 587 1553025623419 
512 714 605 1553025623436 
512 700 611 1553025623453 
512 689 614 1553025623470 
512 671 616 1553025623486 
512 659 618 1553025623503 
512 648 618 1553025623520 
512 638 618 1553025623536 
512 628 617 1553025623553 
512 617 617 1553025623570 
512 610 617 1553025623586 
512 609 617 1553025623603 
512 608 617 1553025623620 
512 607 617 1553025623636 
512 603 617 1553025623653 
512 594 624 1553025623670 
512 579 635 1553025623687 
512 567 644 1553025623703 
512 557 652 1553025623720 
512 554 656 1553025623736 
512 554 658 1553025623753 
512 554 657 1553025623788 
512 555 655 1553025623803 
512 558 649 1553025623820 
512 562 644 1553025623836 
512 567 639 1553025623853 
512 574 634 1553025623870 
512 576 632 1553025623886 
512 576 633 1553025623971 
512 576 636 1553025623986 
512 574 638 1553025624002 
512 571 641 1553025624019 
512 569 644 1553025624036 
512 568 645 1553025624053 
512 568 646 1553025624086 
512 567 646 1553025624103 
512 567 647 1553025624121 
512 566 647 1553025624155 
513 566 647 1553025624165 
512 566 646 1553025624203 
514 566 646 1553025624276 
512 566 647 1553025624303 
512 566 649 1553025624320 
512 566 650 1553025624336 
512 566 652 1553025624353 
512 567 655 1553025624370 
512 570 659 1553025624386 
512 575 665 1553025624404 
512 584 673 1553025624420 
512 595 681 1553025624437 
512 604 686 1553025624454 
512 614 690 1553025624470 
512 626 694 1553025624487 
512 644 698 1553025624504 
512 677 697 1553025624520 
512 719 689 1553025624536 
512 760 678 1553025624553 
512 783 667 1553025624570 
512 795 661 1553025624587 
512 802 660 1553025624603 
512 807 658 1553025624620 
512 812 658 1553025624637 
512 820 654 1553025624654 
512 828 649 1553025624670 
512 832 648 1553025624688 
512 834 647 1553025624703 
512 837 645 1553025624720 
512 839 644 1553025624737 
512 841 643 1553025624753 
512 842 642 1553025624770 
513 842 642 1553025624892 
512 842 641 1553025624904 
514 842 641 1553025624983 
512 842 641 1553025625003 
512 842 642 1553025625055 
512 841 645 1553025625071 
512 839 652 1553025625089 
512 836 663 1553025625104 
512 834 677 1553025625121 
512 833 691 1553025625139 
512 833 702 1553025625154 
512 833 707 1553025625171 
512 833 705 1553025625205 
512 837 688 1553025625221 
512 847 632 1553025625237 
512 861 576 1553025625255 
512 874 534 1553025625271 
512 887 507 1553025625288 
512 898 480 1553025625306 
512 904 458 1553025625321 
512 907 442 1553025625337 
512 907 428 1553025625354 
512 908 417 1553025625371 
512 908 412 1553025625388 
512 908 410 1553025625404 
512 908 406 1553025625421 
512 910 402 1553025625438 
512 913 398 1553025625454 
512 915 392 1553025625471 
512 920 385 1553025625488 
512 922 380 1553025625504 
512 922 379 1553025625521 
512 922 378 1553025625622 
513 922 378 1553025625656 
514 922 378 1553025625749 
512 921 378 1553025625888 
512 917 379 1553025625905 
512 914 379 1553025625922 
512 912 379 1553025625940 
512 910 379 1553025625955 
512 898 373 1553025625972 
512 868 364 1553025625988 
512 840 362 1553025626005 
512 808 366 1553025626022 
512 780 376 1553025626038 
512 753 379 1553025626055 
512 722 380 1553025626072 
512 681 381 1553025626089 
512 662 378 1553025626105 
512 614 366 1553025626122 
512 513 345 1553025626139 
512 466 346 1553025626155 
512 440 352 1553025626172 
512 429 355 1553025626188 
512 426 356 1553025626205 
512 427 358 1553025626273 
512 429 361 1553025626289 
512 432 364 1553025626305 
512 436 367 1553025626322 
512 445 373 1553025626340 
512 451 376 1553025626355 
512 468 383 1553025626372 
512 477 384 1553025626389 
512 481 384 1553025626406 
512 485 384 1553025626422 
512 484 384 1553025626589 
512 482 382 1553025626606 
512 480 380 1553025626622 
512 479 379 1553025626639 
512 478 379 1553025626657 
512 477 378 1553025626672 
512 476 378 1553025626706 
513 476 378 1553025626714 
512 475 378 1553025626739 
514 475 378 1553025626829 
512 475 378 1553025626855 
512 475 377 1553025626939 
512 476 372 1553025626955 
512 477 362 1553025626972 
512 476 352 1553025626989 
512 472 343 1553025627005 
512 465 336 1553025627023 
512 463 333 1553025627039 
512 462 334 1553025627072 
512 462 353 1553025627089 
512 475 389 1553025627105 
512 496 430 1553025627122 
512 526 474 1553025627139 
512 550 506 1553025627156 
512 567 527 1553025627172 
512 576 544 1553025627190 
512 578 556 1553025627206 
512 576 564 1553025627222 
512 572 574 1553025627239 
512 564 579 1553025627256 
512 558 583 1553025627273 
512 555 588 1553025627289 
512 555 596 1553025627306 
512 555 606 1553025627324 
512 553 609 1553025627339 
512 552 612 1553025627356 
512 552 616 1553025627372 
512 558 627 1553025627390 
512 569 637 1553025627406 
512 577 643 1553025627423 
512 581 645 1553025627439 
512 581 646 1553025627539 
512 580 647 1553025627558 
512 578 648 1553025627573 
512 574 650 1553025627590 
512 569 651 1553025627606 
512 565 652 1553025627622 
512 564 652 1553025627640 
512 563 652 1553025627690 
512 562 651 1553025627739 
513 562 651 1553025627776 
512 562 650 1553025627841 
514 562 650 1553025627862 
512 562 650 1553025627889 
512 561 651 1553025627923 
512 558 652 1553025627956 
512 554 655 1553025627973 
512 548 658 1553025627990 
512 541 663 1553025628007 
512 537 664 1553025628023 
512 530 665 1553025628040 
512 525 664 1553025628057 
512 518 659 1553025628073 
512 515 650 1553025628090 
512 517 627 1553025628106 
512 524 600 1553025628123 
512 534 560 1553025628140 
512 554 516 1553025628157 
512 577 457 1553025628173 
512 599 394 1553025628190 
512 619 336 1553025628207 
512 635 286 1553025628224 
512 651 253 1553025628240 
512 670 227 1553025628257 
512 682 215 1553025628274 
512 687 210 1553025628290 
512 702 192 1553025628307 
512 710 183 1553025628324 
512 715 179 1553025628340 
512 716 178 1553025628357 
512 716 179 1553025628475 
512 715 180 1553025628490 
512 712 185 1553025628507 
512 708 191 1553025628524 
512 704 198 1553025628541 
512 701 202 1553025628557 
512 701 203 1553025628573 
513 701 203 1553025628649 
512 701 205 1553025628757 
512 701 206 1553025628768 
514 701 206 1553025628768 
