512 697 208 1553277717471 
512 702 220 1553277717487 
512 708 237 1553277717504 
512 714 256 1553277717522 
512 722 274 1553277717537 
512 730 294 1553277717554 
512 739 313 1553277717571 
512 748 333 1553277717588 
512 754 349 1553277717604 
512 762 370 1553277717621 
512 771 400 1553277717637 
512 785 449 1553277717655 
512 795 489 1553277717671 
512 803 530 1553277717688 
512 806 555 1553277717704 
512 808 574 1553277717721 
512 808 584 1553277717737 
512 808 593 1553277717754 
512 808 602 1553277717771 
512 808 614 1553277717788 
512 809 626 1553277717805 
512 811 633 1553277717821 
512 813 635 1553277717837 
512 815 637 1553277717855 
512 817 637 1553277717888 
512 818 637 1553277717905 
512 820 637 1553277717921 
512 823 637 1553277717938 
512 824 637 1553277717954 
512 826 637 1553277717971 
512 827 637 1553277718004 
512 829 637 1553277718104 
512 833 637 1553277718122 
512 842 639 1553277718139 
512 849 640 1553277718154 
512 851 641 1553277718171 
512 849 641 1553277718306 
512 848 641 1553277718321 
512 846 642 1553277718340 
512 844 642 1553277718355 
512 842 642 1553277718371 
512 841 642 1553277718389 
512 840 642 1553277718404 
513 840 642 1553277718443 
514 840 642 1553277718522 
512 840 643 1553277718588 
512 837 643 1553277718605 
512 830 643 1553277718622 
512 811 645 1553277718638 
512 781 650 1553277718655 
512 748 654 1553277718672 
512 689 661 1553277718688 
512 609 666 1553277718706 
512 515 675 1553277718722 
512 411 681 1553277718739 
512 354 677 1553277718755 
512 327 656 1553277718772 
512 327 639 1553277718788 
512 331 613 1553277718805 
512 340 581 1553277718822 
512 352 538 1553277718840 
512 371 482 1553277718855 
512 390 420 1553277718873 
512 398 380 1553277718889 
512 401 361 1553277718905 
512 403 353 1553277718922 
512 404 351 1553277718938 
512 404 350 1553277718956 
512 405 350 1553277718973 
512 406 350 1553277719056 
512 407 350 1553277719072 
512 409 351 1553277719088 
512 413 351 1553277719106 
512 416 351 1553277719122 
512 429 355 1553277719139 
512 437 357 1553277719156 
512 440 358 1553277719172 
512 441 358 1553277719189 
512 442 359 1553277719206 
512 443 360 1553277719222 
512 445 363 1553277719239 
512 448 364 1553277719256 
512 449 365 1553277719273 
512 450 366 1553277719288 
512 454 367 1553277719306 
512 461 370 1553277719322 
512 473 377 1553277719339 
512 483 382 1553277719356 
512 485 382 1553277719372 
512 483 382 1553277719623 
512 482 382 1553277719640 
512 481 382 1553277719656 
512 479 382 1553277719690 
512 478 382 1553277719706 
512 477 382 1553277719723 
512 476 382 1553277719740 
513 476 382 1553277719754 
514 476 382 1553277719848 
512 482 382 1553277720123 
512 493 378 1553277720140 
512 505 371 1553277720156 
512 519 360 1553277720173 
512 539 344 1553277720190 
512 575 318 1553277720207 
512 626 278 1553277720224 
512 671 242 1553277720240 
512 703 221 1553277720256 
512 723 209 1553277720274 
512 732 202 1553277720289 
512 732 200 1553277720307 
512 731 200 1553277720408 
512 727 200 1553277720424 
512 723 200 1553277720440 
512 720 200 1553277720456 
512 717 200 1553277720473 
512 715 201 1553277720490 
512 713 203 1553277720507 
512 710 206 1553277720524 
512 708 208 1553277720540 
512 706 211 1553277720557 
512 705 212 1553277720573 
512 702 215 1553277720590 
512 701 216 1553277720607 
512 701 217 1553277720623 
512 700 217 1553277720692 
512 699 217 1553277720724 
513 699 217 1553277720807 
512 699 216 1553277720858 
514 699 216 1553277720888 
512 699 216 1553277720890 
512 699 218 1553277721007 
512 701 223 1553277721024 
512 704 235 1553277721040 
512 710 256 1553277721057 
512 717 273 1553277721074 
512 721 281 1553277721090 
512 727 287 1553277721108 
512 738 298 1553277721124 
512 756 314 1553277721140 
512 778 332 1553277721157 
512 796 344 1553277721175 
512 816 353 1553277721191 
512 835 360 1553277721207 
512 854 364 1553277721224 
512 872 368 1553277721240 
512 882 368 1553277721257 
512 887 368 1553277721273 
512 891 368 1553277721290 
512 892 368 1553277721307 
512 894 369 1553277721424 
512 898 370 1553277721443 
512 900 371 1553277721457 
512 902 371 1553277721475 
512 903 371 1553277721492 
512 907 373 1553277721508 
512 917 376 1553277721524 
512 930 379 1553277721541 
512 935 379 1553277721557 
512 936 379 1553277721574 
512 935 379 1553277721708 
512 933 379 1553277721741 
512 932 379 1553277721758 
512 931 379 1553277721776 
512 930 379 1553277721792 
512 929 379 1553277721823 
513 929 379 1553277721823 
512 928 379 1553277721842 
514 928 379 1553277721934 
512 928 379 1553277721941 
512 926 383 1553277722025 
512 924 389 1553277722041 
512 921 395 1553277722058 
512 912 405 1553277722075 
512 901 415 1553277722092 
512 886 427 1553277722108 
512 869 435 1553277722124 
512 852 444 1553277722142 
512 839 454 1553277722158 
512 825 467 1553277722175 
512 810 479 1553277722191 
512 792 492 1553277722208 
512 751 532 1553277722225 
512 720 563 1553277722241 
512 693 581 1553277722257 
512 671 594 1553277722274 
512 652 606 1553277722291 
512 639 614 1553277722308 
512 632 617 1553277722325 
512 630 617 1553277722341 
512 629 617 1553277722374 
512 628 617 1553277722441 
512 619 617 1553277722458 
512 610 618 1553277722475 
512 599 623 1553277722493 
512 589 628 1553277722508 
512 580 632 1553277722525 
512 574 637 1553277722543 
512 570 640 1553277722558 
512 570 641 1553277722575 
512 571 641 1553277722658 
512 572 641 1553277722676 
512 571 643 1553277722742 
512 567 644 1553277722758 
512 565 645 1553277722775 
512 563 645 1553277722792 
512 562 645 1553277722827 
512 561 645 1553277722842 
513 561 645 1553277722887 
514 561 645 1553277722974 
512 562 645 1553277723058 
512 563 645 1553277723158 
512 569 642 1553277723176 
512 588 634 1553277723192 
512 606 628 1553277723209 
512 631 628 1553277723225 
512 655 628 1553277723242 
512 682 628 1553277723259 
512 707 628 1553277723276 
512 729 628 1553277723292 
512 749 628 1553277723309 
512 769 628 1553277723327 
512 782 626 1553277723343 
512 791 625 1553277723359 
512 795 624 1553277723375 
512 797 624 1553277723392 
512 799 624 1553277723409 
512 802 624 1553277723426 
512 806 624 1553277723443 
512 809 624 1553277723459 
512 810 624 1553277723476 
512 810 625 1553277723510 
512 812 626 1553277723527 
512 817 629 1553277723542 
512 822 631 1553277723559 
512 826 632 1553277723575 
512 829 633 1553277723593 
512 833 634 1553277723609 
512 835 635 1553277723626 
512 835 636 1553277723676 
512 837 638 1553277723710 
512 839 639 1553277723726 
512 840 639 1553277723743 
513 840 639 1553277723876 
514 840 639 1553277723962 
512 841 640 1553277724043 
512 844 641 1553277724061 
512 847 641 1553277724076 
512 849 641 1553277724093 
512 850 642 1553277724110 
512 850 637 1553277724159 
512 856 625 1553277724178 
512 867 610 1553277724193 
512 881 590 1553277724209 
512 902 557 1553277724226 
512 922 520 1553277724244 
512 937 485 1553277724260 
512 941 458 1553277724276 
512 944 438 1553277724293 
512 944 429 1553277724310 
512 943 425 1553277724327 
512 942 423 1553277724343 
512 941 422 1553277724360 
512 939 416 1553277724377 
512 939 411 1553277724394 
512 939 404 1553277724410 
512 939 394 1553277724427 
512 939 386 1553277724443 
512 939 375 1553277724460 
512 938 368 1553277724477 
512 938 365 1553277724494 
512 937 362 1553277724510 
512 935 356 1553277724527 
512 932 351 1553277724544 
512 932 350 1553277724560 
512 931 350 1553277724576 
512 930 351 1553277724644 
512 929 354 1553277724660 
512 928 359 1553277724676 
512 927 364 1553277724694 
512 926 366 1553277724710 
512 926 368 1553277724760 
512 927 371 1553277724778 
512 928 373 1553277724793 
513 928 373 1553277724853 
514 928 373 1553277724949 
512 926 373 1553277725027 
512 923 373 1553277725044 
512 918 373 1553277725061 
512 906 373 1553277725077 
512 889 369 1553277725094 
512 854 359 1553277725111 
512 831 358 1553277725127 
512 812 361 1553277725144 
512 790 369 1553277725160 
512 764 378 1553277725177 
512 725 389 1553277725194 
512 677 401 1553277725211 
512 629 413 1553277725227 
512 584 416 1553277725244 
512 552 415 1553277725260 
512 524 407 1553277725277 
512 481 387 1553277725294 
512 470 384 1553277725310 
512 458 382 1553277725327 
512 453 382 1553277725345 
512 452 382 1553277725360 
512 454 382 1553277725394 
512 457 382 1553277725411 
512 463 383 1553277725429 
512 469 383 1553277725444 
512 475 384 1553277725461 
512 480 384 1553277725478 
512 483 384 1553277725494 
512 484 383 1553277725511 
512 484 382 1553277725527 
512 483 381 1553277725578 
512 480 379 1553277725611 
512 478 377 1553277725629 
512 477 377 1553277725644 
513 477 377 1553277725752 
514 477 377 1553277725831 
512 480 380 1553277725896 
512 490 386 1553277725911 
512 501 393 1553277725927 
512 525 408 1553277725944 
512 545 421 1553277725962 
512 565 434 1553277725977 
512 582 444 1553277725994 
512 599 451 1553277726012 
512 610 456 1553277726028 
512 615 459 1553277726044 
512 619 465 1553277726061 
512 624 474 1553277726079 
512 625 485 1553277726094 
512 625 499 1553277726112 
512 622 526 1553277726128 
512 614 562 1553277726144 
512 612 580 1553277726161 
512 603 617 1553277726179 
512 598 633 1553277726194 
512 593 642 1553277726211 
512 590 646 1553277726228 
512 588 647 1553277726245 
512 588 648 1553277726261 
512 587 648 1553277726278 
512 586 648 1553277726311 
512 585 648 1553277726328 
512 584 648 1553277726345 
512 581 648 1553277726361 
512 576 647 1553277726378 
512 565 645 1553277726395 
512 560 645 1553277726412 
512 559 645 1553277726428 
512 558 645 1553277726444 
512 557 645 1553277726495 
512 556 645 1553277726513 
513 556 645 1553277726553 
514 556 645 1553277726648 
512 556 644 1553277726728 
512 554 641 1553277726763 
512 553 637 1553277726779 
512 553 632 1553277726795 
512 553 622 1553277726812 
512 555 594 1553277726829 
512 556 564 1553277726845 
512 568 516 1553277726862 
512 592 478 1553277726879 
512 618 440 1553277726896 
512 651 391 1553277726914 
512 676 341 1553277726930 
512 698 297 1553277726948 
512 704 289 1553277726962 
512 710 269 1553277726979 
512 710 265 1553277726995 
512 711 258 1553277727013 
512 711 257 1553277727030 
512 710 256 1553277727095 
512 707 251 1553277727112 
512 704 246 1553277727128 
512 704 242 1553277727145 
512 704 238 1553277727162 
512 704 233 1553277727178 
512 704 223 1553277727197 
512 704 218 1553277727212 
512 704 213 1553277727230 
512 704 210 1553277727246 
512 704 207 1553277727263 
512 704 206 1553277727279 
513 704 206 1553277727395 
514 704 206 1553277727490 
