512 697 206 1553277745527 
512 697 216 1553277745544 
512 697 235 1553277745561 
512 697 261 1553277745577 
512 694 296 1553277745594 
512 688 332 1553277745611 
512 682 368 1553277745629 
512 676 409 1553277745644 
512 676 442 1553277745661 
512 676 471 1553277745678 
512 682 496 1553277745694 
512 691 514 1553277745711 
512 705 530 1553277745727 
512 719 542 1553277745744 
512 735 552 1553277745761 
512 758 571 1553277745779 
512 768 584 1553277745796 
512 775 594 1553277745811 
512 777 603 1553277745827 
512 778 613 1553277745844 
512 780 628 1553277745861 
512 784 643 1553277745879 
512 788 649 1553277745895 
512 789 651 1553277745911 
512 790 651 1553277745944 
512 798 654 1553277745961 
512 813 657 1553277745978 
512 829 658 1553277745995 
512 839 658 1553277746012 
512 843 655 1553277746028 
512 844 655 1553277746044 
512 844 654 1553277746095 
512 844 653 1553277746144 
512 842 651 1553277746161 
512 842 650 1553277746195 
512 842 649 1553277746228 
512 842 647 1553277746245 
512 842 645 1553277746262 
512 842 644 1553277746278 
513 842 644 1553277746287 
514 842 644 1553277746350 
512 841 644 1553277746428 
512 837 644 1553277746445 
512 826 644 1553277746462 
512 808 649 1553277746479 
512 765 664 1553277746495 
512 746 670 1553277746511 
512 693 676 1553277746528 
512 668 672 1553277746545 
512 644 653 1553277746561 
512 623 623 1553277746578 
512 601 590 1553277746595 
512 580 557 1553277746612 
512 559 525 1553277746628 
512 545 495 1553277746646 
512 531 467 1553277746662 
512 520 444 1553277746678 
512 509 427 1553277746695 
512 493 406 1553277746712 
512 489 397 1553277746728 
512 488 394 1553277746746 
512 487 390 1553277746762 
512 487 386 1553277746779 
512 486 381 1553277746795 
512 485 380 1553277746812 
512 485 379 1553277746828 
512 485 378 1553277746845 
512 485 377 1553277746861 
512 483 375 1553277746879 
512 480 372 1553277746897 
512 477 367 1553277746912 
512 475 365 1553277746929 
512 474 365 1553277747046 
512 472 365 1553277747062 
513 472 365 1553277747094 
514 472 365 1553277747181 
512 472 366 1553277747262 
512 473 368 1553277747279 
512 475 371 1553277747296 
512 476 373 1553277747313 
513 476 373 1553277747372 
514 476 373 1553277747467 
512 476 374 1553277747513 
512 477 377 1553277747529 
512 480 382 1553277747546 
512 495 399 1553277747563 
512 512 414 1553277747579 
512 527 425 1553277747595 
512 539 433 1553277747612 
512 546 440 1553277747630 
512 555 450 1553277747647 
512 571 467 1553277747662 
512 593 483 1553277747679 
512 616 491 1553277747696 
512 636 492 1553277747713 
512 649 488 1553277747729 
512 659 478 1553277747746 
512 666 465 1553277747763 
512 670 448 1553277747779 
512 677 422 1553277747797 
512 681 398 1553277747813 
512 681 371 1553277747829 
512 682 349 1553277747846 
512 685 335 1553277747862 
512 691 323 1553277747880 
512 695 311 1553277747897 
512 697 301 1553277747913 
512 698 292 1553277747930 
512 698 280 1553277747946 
512 698 266 1553277747964 
512 700 254 1553277747980 
512 702 242 1553277747996 
512 704 235 1553277748013 
512 704 227 1553277748031 
512 705 224 1553277748046 
512 705 218 1553277748064 
512 704 214 1553277748079 
512 703 212 1553277748097 
512 703 211 1553277748113 
513 703 211 1553277748268 
514 703 211 1553277748349 
512 705 218 1553277748380 
512 711 232 1553277748397 
512 721 254 1553277748413 
512 735 275 1553277748431 
512 750 293 1553277748447 
512 763 303 1553277748463 
512 771 309 1553277748479 
512 774 311 1553277748497 
512 774 315 1553277748530 
512 778 325 1553277748546 
512 785 340 1553277748563 
512 795 355 1553277748580 
512 804 362 1553277748598 
512 813 365 1553277748614 
512 819 365 1553277748630 
512 831 365 1553277748647 
512 841 365 1553277748663 
512 852 365 1553277748680 
512 863 365 1553277748697 
512 874 365 1553277748714 
512 884 365 1553277748730 
512 893 366 1553277748747 
512 899 366 1553277748765 
512 902 368 1553277748781 
512 904 369 1553277748797 
512 908 370 1553277748814 
512 913 374 1553277748831 
512 922 379 1553277748846 
512 931 382 1553277748864 
512 932 383 1553277748881 
512 934 382 1553277748997 
513 934 382 1553277749079 
512 933 382 1553277749150 
514 933 382 1553277749150 
512 933 382 1553277749180 
512 932 382 1553277749264 
512 931 382 1553277749298 
512 930 382 1553277749313 
512 927 385 1553277749331 
512 925 386 1553277749348 
512 920 391 1553277749364 
512 904 408 1553277749381 
512 884 427 1553277749397 
512 851 459 1553277749414 
512 814 498 1553277749431 
512 765 541 1553277749448 
512 710 585 1553277749464 
512 655 622 1553277749481 
512 610 651 1553277749497 
512 580 670 1553277749514 
512 567 678 1553277749532 
512 563 679 1553277749547 
512 562 675 1553277749631 
512 562 672 1553277749647 
512 561 669 1553277749665 
512 561 667 1553277749681 
512 562 664 1553277749697 
512 564 661 1553277749714 
512 565 656 1553277749731 
512 565 653 1553277749749 
512 565 651 1553277749764 
513 565 651 1553277749845 
514 565 651 1553277749940 
512 566 649 1553277750165 
512 569 648 1553277750198 
512 581 648 1553277750215 
512 601 648 1553277750232 
512 628 650 1553277750248 
512 660 655 1553277750265 
512 694 665 1553277750282 
512 719 668 1553277750298 
512 753 670 1553277750315 
512 771 670 1553277750332 
512 792 667 1553277750348 
512 808 666 1553277750365 
512 819 664 1553277750381 
512 824 662 1553277750398 
512 825 661 1553277750415 
512 825 660 1553277750431 
512 825 659 1553277750449 
512 825 658 1553277750532 
512 827 654 1553277750549 
512 833 651 1553277750565 
512 841 648 1553277750583 
512 844 645 1553277750598 
512 845 643 1553277750615 
513 845 643 1553277750677 
514 845 643 1553277750762 
512 844 643 1553277750848 
512 842 644 1553277750866 
512 839 644 1553277750882 
512 837 646 1553277750898 
512 831 648 1553277750916 
512 823 650 1553277750932 
512 814 652 1553277750948 
512 812 652 1553277750965 
512 819 651 1553277751000 
512 831 647 1553277751016 
512 845 642 1553277751033 
512 857 635 1553277751049 
512 864 626 1553277751065 
512 869 612 1553277751082 
512 872 598 1553277751100 
512 876 582 1553277751116 
512 883 557 1553277751133 
512 890 540 1553277751149 
512 897 519 1553277751166 
512 899 502 1553277751182 
512 899 485 1553277751199 
512 897 469 1553277751216 
512 896 457 1553277751232 
512 895 447 1553277751248 
512 895 440 1553277751266 
512 895 436 1553277751282 
512 898 427 1553277751300 
512 903 414 1553277751316 
512 909 400 1553277751332 
512 912 386 1553277751349 
512 912 378 1553277751366 
512 912 372 1553277751382 
512 912 370 1553277751400 
512 913 370 1553277751499 
512 914 370 1553277751516 
512 917 370 1553277751532 
512 923 370 1553277751550 
512 926 370 1553277751566 
512 927 370 1553277751582 
512 928 370 1553277751600 
512 929 370 1553277751616 
513 929 370 1553277751731 
514 929 370 1553277751810 
512 928 370 1553277751832 
512 927 370 1553277751849 
512 924 371 1553277751866 
512 919 375 1553277751882 
512 908 382 1553277751901 
512 889 393 1553277751916 
512 864 405 1553277751933 
512 827 420 1553277751950 
512 780 427 1553277751966 
512 727 427 1553277751983 
512 670 419 1553277751999 
512 632 415 1553277752016 
512 606 415 1553277752034 
512 581 415 1553277752049 
512 553 415 1553277752066 
512 504 415 1553277752083 
512 489 415 1553277752100 
512 464 414 1553277752116 
512 438 412 1553277752133 
512 429 412 1553277752150 
512 425 412 1553277752166 
512 425 411 1553277752216 
512 427 409 1553277752250 
512 431 405 1553277752266 
512 438 401 1553277752284 
512 448 394 1553277752301 
512 452 391 1553277752317 
512 461 386 1553277752333 
512 465 383 1553277752351 
512 469 380 1553277752367 
512 469 379 1553277752400 
512 470 378 1553277752484 
513 470 378 1553277752509 
514 470 378 1553277752594 
512 469 378 1553277752634 
512 468 378 1553277752649 
512 468 383 1553277752666 
512 468 385 1553277752683 
512 475 397 1553277752700 
512 488 415 1553277752717 
512 490 416 1553277752733 
512 493 419 1553277752850 
512 496 428 1553277752867 
512 501 446 1553277752884 
512 505 464 1553277752900 
512 507 481 1553277752917 
512 511 500 1553277752934 
512 516 520 1553277752950 
512 520 540 1553277752967 
512 520 546 1553277752984 
512 520 550 1553277753001 
512 520 553 1553277753017 
512 520 556 1553277753034 
512 521 563 1553277753050 
512 523 573 1553277753068 
512 529 582 1553277753083 
512 534 588 1553277753102 
512 538 593 1553277753118 
512 542 598 1553277753133 
512 545 603 1553277753150 
512 546 606 1553277753167 
512 546 607 1553277753183 
512 546 609 1553277753200 
512 547 614 1553277753217 
512 549 616 1553277753233 
512 549 618 1553277753301 
512 549 624 1553277753317 
512 549 630 1553277753334 
512 550 635 1553277753351 
512 552 638 1553277753367 
512 552 639 1553277753384 
512 553 641 1553277753501 
512 553 642 1553277753517 
513 553 642 1553277753531 
514 553 642 1553277753610 
512 553 641 1553277753634 
512 552 639 1553277753652 
512 548 632 1553277753668 
512 536 617 1553277753684 
512 518 596 1553277753701 
512 485 560 1553277753718 
512 450 527 1553277753734 
512 425 506 1553277753752 
512 412 497 1553277753767 
512 405 491 1553277753784 
512 402 485 1553277753803 
512 402 476 1553277753817 
512 409 459 1553277753835 
512 422 442 1553277753851 
512 441 418 1553277753868 
512 476 371 1553277753884 
512 555 261 1553277753901 
512 602 176 1553277753918 
512 638 119 1553277753934 
512 663 90 1553277753951 
512 683 73 1553277753968 
512 700 60 1553277753985 
512 713 52 1553277754001 
512 718 49 1553277754018 
512 720 48 1553277754035 
512 722 50 1553277754069 
512 727 54 1553277754086 
512 732 61 1553277754101 
512 735 70 1553277754119 
512 734 78 1553277754134 
512 731 91 1553277754152 
512 727 105 1553277754170 
512 722 120 1553277754185 
512 717 137 1553277754202 
512 710 147 1553277754218 
512 705 154 1553277754236 
512 702 161 1553277754251 
512 701 166 1553277754270 
512 700 169 1553277754285 
512 700 171 1553277754302 
512 699 173 1553277754318 
512 699 174 1553277754335 
512 699 176 1553277754352 
512 701 179 1553277754370 
512 702 183 1553277754384 
512 703 187 1553277754401 
512 703 189 1553277754419 
512 703 190 1553277754436 
512 703 191 1553277754452 
512 701 193 1553277754469 
512 700 197 1553277754485 
512 700 202 1553277754501 
512 700 207 1553277754518 
512 700 209 1553277754535 
513 700 209 1553277754575 
514 700 209 1553277754678 
