512 707 216 1554126348323 
512 708 217 1554126348340 
512 708 218 1554126348356 
512 708 219 1554126348373 
512 709 224 1554126348473 
512 713 240 1554126348489 
512 723 274 1554126348506 
512 737 323 1554126348523 
512 749 372 1554126348540 
512 763 421 1554126348557 
512 785 491 1554126348574 
512 805 569 1554126348590 
512 817 635 1554126348606 
512 820 657 1554126348623 
512 820 659 1554126348640 
512 822 658 1554126348723 
512 822 654 1554126348740 
512 822 650 1554126348757 
512 822 644 1554126348774 
512 822 640 1554126348790 
512 822 636 1554126348807 
512 823 634 1554126348840 
512 825 634 1554126348891 
512 826 634 1554126348957 
512 827 635 1554126349007 
512 829 635 1554126349023 
512 829 636 1554126349040 
512 831 636 1554126349057 
512 831 637 1554126349074 
512 833 638 1554126349090 
512 836 640 1554126349107 
512 838 640 1554126349124 
512 839 640 1554126349140 
513 839 640 1554126349157 
512 839 641 1554126349268 
514 839 641 1554126349268 
512 839 641 1554126349291 
512 838 641 1554126349323 
512 837 641 1554126349341 
512 826 636 1554126349358 
512 821 633 1554126349374 
512 797 612 1554126349391 
512 763 577 1554126349407 
512 722 533 1554126349424 
512 699 512 1554126349441 
512 679 501 1554126349457 
512 673 498 1554126349474 
512 671 498 1554126349491 
512 666 496 1554126349507 
512 655 492 1554126349524 
512 638 486 1554126349541 
512 616 476 1554126349558 
512 592 467 1554126349574 
512 538 441 1554126349591 
512 501 418 1554126349608 
512 461 386 1554126349624 
512 412 342 1554126349641 
512 378 315 1554126349658 
512 373 311 1554126349674 
512 373 310 1554126349690 
512 378 310 1554126349757 
512 393 316 1554126349774 
512 420 329 1554126349791 
512 443 336 1554126349807 
512 461 342 1554126349824 
512 481 352 1554126349841 
512 491 356 1554126349858 
512 497 361 1554126349874 
512 499 362 1554126349891 
512 499 363 1554126349907 
512 500 364 1554126349924 
512 499 364 1554126349941 
512 498 365 1554126349958 
512 494 366 1554126349975 
512 491 368 1554126349991 
512 487 371 1554126350008 
512 482 373 1554126350025 
512 480 374 1554126350041 
512 478 374 1554126350058 
512 477 374 1554126350075 
512 476 374 1554126350091 
513 476 374 1554126350188 
514 476 374 1554126350284 
512 477 374 1554126350308 
512 484 378 1554126350325 
512 499 384 1554126350341 
512 520 388 1554126350357 
512 557 396 1554126350375 
512 606 404 1554126350391 
512 643 405 1554126350408 
512 665 405 1554126350425 
512 673 405 1554126350441 
512 676 405 1554126350458 
512 676 404 1554126350491 
512 677 402 1554126350509 
512 679 400 1554126350525 
512 681 395 1554126350541 
512 684 388 1554126350559 
512 689 372 1554126350575 
512 689 358 1554126350592 
512 690 338 1554126350608 
512 690 316 1554126350625 
512 690 295 1554126350642 
512 693 277 1554126350659 
512 695 261 1554126350675 
512 695 246 1554126350692 
512 696 234 1554126350708 
512 698 227 1554126350725 
512 700 224 1554126350742 
512 702 222 1554126350759 
512 703 221 1554126350775 
512 703 220 1554126350791 
512 703 219 1554126350808 
513 703 219 1554126350936 
514 703 219 1554126351016 
512 704 219 1554126351042 
512 704 220 1554126351142 
512 705 222 1554126351159 
512 706 222 1554126351208 
512 706 221 1554126351226 
512 706 220 1554126351293 
513 706 220 1554126351348 
514 706 220 1554126351436 
512 706 219 1554126351459 
512 706 217 1554126351526 
512 706 215 1554126351542 
512 706 212 1554126351559 
512 706 211 1554126351575 
512 706 210 1554126351609 
513 706 210 1554126351622 
514 706 210 1554126351727 
512 706 211 1554126351759 
512 709 212 1554126351875 
512 723 215 1554126351892 
512 741 218 1554126351909 
512 767 232 1554126351926 
512 808 262 1554126351943 
512 861 304 1554126351960 
512 908 340 1554126351976 
512 942 358 1554126351992 
512 949 359 1554126352009 
512 948 359 1554126352109 
512 948 360 1554126352126 
512 948 363 1554126352143 
512 948 364 1554126352160 
512 945 364 1554126352193 
512 942 364 1554126352209 
512 939 367 1554126352226 
512 936 372 1554126352242 
512 936 373 1554126352259 
512 935 373 1554126352327 
512 934 373 1554126352343 
512 933 373 1554126352359 
513 933 373 1554126352363 
512 933 374 1554126352376 
512 933 375 1554126352460 
514 933 375 1554126352467 
512 933 375 1554126352476 
512 933 376 1554126352576 
512 932 377 1554126352609 
512 932 378 1554126352626 
512 932 379 1554126352643 
512 932 380 1554126352660 
512 931 381 1554126352676 
512 930 381 1554126352693 
512 923 381 1554126352710 
512 908 385 1554126352726 
512 876 402 1554126352743 
512 853 418 1554126352760 
512 825 438 1554126352777 
512 776 469 1554126352793 
512 719 519 1554126352809 
512 661 579 1554126352827 
512 619 630 1554126352842 
512 590 647 1554126352859 
512 577 648 1554126352876 
512 575 648 1554126352894 
512 575 649 1554126352943 
512 574 648 1554126352961 
512 574 647 1554126352976 
512 573 646 1554126353010 
512 571 645 1554126353026 
512 570 644 1554126353078 
512 568 642 1554126353093 
512 565 641 1554126353110 
512 560 640 1554126353127 
512 555 641 1554126353143 
512 552 643 1554126353160 
512 552 644 1554126353177 
513 552 644 1554126353227 
514 552 644 1554126353330 
512 553 644 1554126353343 
512 555 644 1554126353360 
512 557 644 1554126353377 
512 561 644 1554126353394 
512 563 644 1554126353411 
512 566 644 1554126353427 
512 567 644 1554126353444 
512 568 644 1554126353527 
512 574 645 1554126353544 
512 586 648 1554126353561 
512 611 652 1554126353577 
512 657 664 1554126353594 
512 705 676 1554126353611 
512 740 683 1554126353628 
512 760 683 1554126353644 
512 784 683 1554126353661 
512 799 683 1554126353677 
512 807 683 1554126353693 
512 809 683 1554126353710 
512 809 681 1554126353744 
512 809 676 1554126353760 
512 809 669 1554126353777 
512 809 661 1554126353794 
512 809 659 1554126353810 
512 808 655 1554126353827 
512 808 653 1554126353844 
512 808 652 1554126353862 
512 808 650 1554126353877 
512 810 648 1554126353894 
512 819 647 1554126353911 
512 831 647 1554126353928 
512 843 647 1554126353944 
512 851 647 1554126353961 
512 852 646 1554126353978 
512 853 646 1554126354095 
513 853 646 1554126354130 
514 853 646 1554126354224 
512 852 646 1554126354245 
512 851 646 1554126354261 
512 849 646 1554126354278 
512 845 646 1554126354293 
512 841 646 1554126354312 
512 838 646 1554126354328 
512 836 646 1554126354345 
513 836 646 1554126354380 
514 836 646 1554126354466 
512 834 641 1554126354578 
512 823 624 1554126354595 
512 818 616 1554126354611 
512 807 599 1554126354628 
512 794 579 1554126354645 
512 786 564 1554126354661 
512 779 547 1554126354678 
512 775 530 1554126354695 
512 772 515 1554126354712 
512 772 505 1554126354728 
512 775 500 1554126354744 
512 792 497 1554126354762 
512 830 492 1554126354779 
512 862 483 1554126354795 
512 886 469 1554126354812 
512 905 458 1554126354829 
512 927 445 1554126354844 
512 934 438 1554126354861 
512 936 436 1554126354879 
512 938 431 1554126354896 
512 936 426 1554126354911 
512 932 421 1554126354928 
512 928 417 1554126354945 
512 927 415 1554126354962 
512 926 413 1554126354978 
512 926 412 1554126354995 
512 926 410 1554126355013 
512 926 407 1554126355028 
512 926 405 1554126355045 
512 926 401 1554126355062 
512 926 398 1554126355080 
512 926 396 1554126355094 
512 926 395 1554126355112 
512 926 393 1554126355129 
512 926 390 1554126355146 
512 926 389 1554126355162 
512 926 387 1554126355178 
512 926 385 1554126355196 
512 926 384 1554126355228 
512 926 383 1554126355246 
512 926 382 1554126355262 
512 926 381 1554126355272 
513 926 381 1554126355272 
514 926 381 1554126355368 
512 926 382 1554126355446 
512 925 382 1554126355630 
512 920 384 1554126355645 
512 896 384 1554126355662 
512 858 380 1554126355680 
512 805 370 1554126355695 
512 756 363 1554126355712 
512 715 363 1554126355729 
512 676 368 1554126355747 
512 672 371 1554126355763 
512 659 374 1554126355779 
512 649 374 1554126355796 
512 638 374 1554126355813 
512 635 376 1554126355829 
512 633 380 1554126355846 
512 628 383 1554126355863 
512 617 388 1554126355879 
512 597 391 1554126355896 
512 571 391 1554126355912 
512 554 393 1554126355930 
512 546 394 1554126355945 
512 541 395 1554126355962 
512 538 395 1554126355980 
512 534 395 1554126355997 
512 521 394 1554126356012 
512 514 392 1554126356028 
512 500 389 1554126356047 
512 496 388 1554126356062 
512 493 385 1554126356129 
512 486 382 1554126356146 
512 480 379 1554126356163 
512 478 377 1554126356179 
512 478 376 1554126356231 
512 477 375 1554126356246 
512 474 372 1554126356263 
512 473 370 1554126356280 
513 473 370 1554126356352 
512 473 369 1554126356362 
514 473 369 1554126356432 
512 477 372 1554126356496 
512 491 378 1554126356513 
512 507 383 1554126356530 
512 511 383 1554126356546 
512 519 386 1554126356563 
512 519 387 1554126356597 
512 517 388 1554126356612 
512 517 392 1554126356629 
512 515 395 1554126356647 
512 515 401 1554126356663 
512 519 413 1554126356680 
512 525 431 1554126356698 
512 532 457 1554126356714 
512 536 487 1554126356729 
512 544 551 1554126356746 
512 554 604 1554126356763 
512 568 648 1554126356780 
512 574 662 1554126356796 
512 576 664 1554126356813 
512 576 663 1554126356880 
512 576 662 1554126356897 
512 576 661 1554126356948 
512 574 660 1554126356964 
512 567 653 1554126356980 
512 564 650 1554126356997 
512 563 649 1554126357198 
512 562 648 1554126357247 
512 561 646 1554126357264 
512 559 643 1554126357280 
512 558 641 1554126357297 
512 557 640 1554126357314 
513 557 640 1554126357349 
514 557 640 1554126357428 
512 558 640 1554126357463 
512 559 639 1554126357497 
512 559 636 1554126357513 
512 560 627 1554126357530 
512 560 617 1554126357547 
512 556 604 1554126357565 
512 545 591 1554126357581 
512 534 583 1554126357597 
512 520 574 1554126357614 
512 503 566 1554126357632 
512 493 560 1554126357647 
512 493 557 1554126357664 
512 501 551 1554126357681 
512 518 535 1554126357697 
512 551 509 1554126357714 
512 608 475 1554126357730 
512 672 436 1554126357748 
512 752 394 1554126357763 
512 808 358 1554126357780 
512 828 328 1554126357798 
512 836 300 1554126357814 
512 837 285 1554126357830 
512 837 274 1554126357847 
512 835 262 1554126357864 
512 830 252 1554126357880 
512 826 242 1554126357897 
512 823 233 1554126357914 
512 822 227 1554126357931 
512 822 224 1554126357948 
512 816 220 1554126358015 
512 803 215 1554126358030 
512 785 209 1554126358048 
512 770 206 1554126358065 
512 762 206 1554126358081 
512 759 206 1554126358097 
512 755 206 1554126358114 
512 750 206 1554126358131 
512 743 206 1554126358147 
512 738 206 1554126358164 
512 736 207 1554126358181 
512 735 209 1554126358215 
512 731 210 1554126358231 
512 724 210 1554126358248 
512 717 210 1554126358265 
512 712 210 1554126358282 
512 710 210 1554126358299 
512 709 210 1554126358348 
512 708 210 1554126358365 
512 707 210 1554126358398 
512 706 210 1554126358514 
513 706 210 1554126358560 
512 706 209 1554126358598 
514 706 209 1554126358650 
