512 705 216 1554126380699 
512 705 218 1554126380716 
512 707 223 1554126380733 
512 711 231 1554126380750 
512 722 251 1554126380766 
512 736 281 1554126380783 
512 745 304 1554126380800 
512 759 341 1554126380817 
512 772 377 1554126380832 
512 784 406 1554126380850 
512 789 425 1554126380867 
512 790 437 1554126380882 
512 794 455 1554126380899 
512 806 484 1554126380917 
512 834 527 1554126380933 
512 863 568 1554126380949 
512 885 601 1554126380966 
512 903 630 1554126380983 
512 915 656 1554126380999 
512 925 681 1554126381016 
512 932 702 1554126381034 
512 932 711 1554126381050 
512 932 712 1554126381066 
512 927 712 1554126381083 
512 925 712 1554126381101 
512 918 710 1554126381116 
512 904 703 1554126381133 
512 876 688 1554126381150 
512 846 670 1554126381167 
512 835 664 1554126381183 
512 827 660 1554126381200 
512 824 658 1554126381217 
512 823 656 1554126381234 
512 823 655 1554126381249 
512 823 654 1554126381267 
512 823 653 1554126381284 
512 826 653 1554126381334 
512 830 653 1554126381351 
512 831 653 1554126381366 
512 831 652 1554126381417 
512 833 652 1554126381433 
512 836 652 1554126381450 
512 841 652 1554126381467 
512 842 651 1554126381483 
512 842 650 1554126381500 
512 842 649 1554126381517 
512 842 648 1554126381534 
512 840 646 1554126381551 
513 840 646 1554126381614 
514 840 646 1554126381694 
512 838 644 1554126381733 
512 836 642 1554126381750 
512 834 642 1554126381768 
512 833 642 1554126381783 
512 832 640 1554126381800 
512 827 636 1554126381817 
512 820 629 1554126381834 
512 804 615 1554126381850 
512 775 595 1554126381867 
512 752 583 1554126381884 
512 720 564 1554126381901 
512 680 539 1554126381917 
512 641 512 1554126381934 
512 613 492 1554126381951 
512 601 482 1554126381968 
512 598 477 1554126381984 
512 591 466 1554126382001 
512 581 451 1554126382018 
512 570 440 1554126382033 
512 563 436 1554126382050 
512 557 432 1554126382067 
512 541 425 1554126382084 
512 524 417 1554126382100 
512 510 409 1554126382117 
512 502 405 1554126382134 
512 496 403 1554126382150 
512 490 400 1554126382167 
512 483 398 1554126382184 
512 479 395 1554126382201 
512 478 395 1554126382217 
512 478 394 1554126382234 
512 478 391 1554126382251 
512 477 390 1554126382284 
512 475 390 1554126382351 
512 468 384 1554126382368 
512 464 381 1554126382384 
512 463 381 1554126382400 
513 463 381 1554126382492 
512 464 381 1554126382517 
514 464 381 1554126382573 
512 465 382 1554126382584 
512 469 383 1554126382601 
512 474 385 1554126382618 
512 476 385 1554126382634 
512 477 385 1554126382735 
512 476 385 1554126382768 
512 474 384 1554126382834 
512 472 382 1554126382852 
512 471 381 1554126382868 
512 471 380 1554126382901 
513 471 380 1554126382905 
512 471 379 1554126383001 
514 471 379 1554126383008 
512 471 379 1554126383035 
512 472 379 1554126383068 
512 474 379 1554126383085 
512 476 379 1554126383102 
512 481 379 1554126383117 
512 487 379 1554126383134 
512 491 379 1554126383152 
512 494 379 1554126383168 
512 499 379 1554126383184 
512 506 379 1554126383201 
512 527 377 1554126383219 
512 540 371 1554126383235 
512 557 362 1554126383251 
512 583 346 1554126383268 
512 631 319 1554126383286 
512 666 291 1554126383301 
512 675 276 1554126383318 
512 679 271 1554126383335 
512 680 270 1554126383353 
512 683 267 1554126383368 
512 687 265 1554126383385 
512 692 263 1554126383402 
512 701 260 1554126383419 
512 705 258 1554126383435 
512 710 253 1554126383452 
512 712 238 1554126383469 
512 713 230 1554126383486 
512 714 223 1554126383502 
512 714 218 1554126383519 
512 714 212 1554126383535 
512 713 206 1554126383551 
512 711 200 1554126383569 
512 708 197 1554126383586 
512 706 197 1554126383652 
512 704 197 1554126383685 
512 704 198 1554126383719 
513 704 198 1554126383719 
512 703 199 1554126383735 
512 703 200 1554126383752 
512 703 202 1554126383769 
512 703 205 1554126383784 
512 702 206 1554126383801 
512 702 207 1554126383818 
514 702 207 1554126383830 
512 702 207 1554126383836 
512 702 209 1554126383851 
512 702 210 1554126383869 
513 702 210 1554126383968 
512 702 209 1554126383985 
514 702 209 1554126384056 
512 701 210 1554126384102 
512 699 211 1554126384119 
512 696 214 1554126384136 
512 689 232 1554126384152 
512 682 251 1554126384169 
512 676 271 1554126384186 
512 671 281 1554126384203 
512 668 287 1554126384218 
512 668 289 1554126384235 
512 667 290 1554126384253 
512 667 292 1554126384270 
512 669 299 1554126384285 
512 688 325 1554126384302 
512 730 374 1554126384320 
512 779 419 1554126384335 
512 822 447 1554126384352 
512 866 461 1554126384370 
512 916 462 1554126384386 
512 941 459 1554126384402 
512 960 451 1554126384419 
512 968 436 1554126384436 
512 970 421 1554126384453 
512 970 412 1554126384469 
512 970 410 1554126384486 
512 970 409 1554126384503 
512 970 407 1554126384518 
512 968 403 1554126384536 
512 964 398 1554126384553 
512 955 389 1554126384570 
512 948 384 1554126384585 
512 945 382 1554126384603 
512 943 381 1554126384637 
512 942 381 1554126384652 
512 940 381 1554126384669 
512 939 381 1554126384686 
512 938 381 1554126384702 
512 938 380 1554126384803 
512 935 380 1554126384819 
512 933 380 1554126384836 
512 933 379 1554126384870 
512 931 378 1554126384886 
512 926 376 1554126384903 
512 926 375 1554126384920 
513 926 375 1554126384974 
514 926 375 1554126385054 
512 925 375 1554126385103 
512 921 375 1554126385120 
512 912 375 1554126385136 
512 900 375 1554126385153 
512 884 375 1554126385170 
512 867 375 1554126385186 
512 859 374 1554126385203 
512 857 372 1554126385220 
512 856 370 1554126385237 
512 849 361 1554126385253 
512 833 350 1554126385270 
512 820 346 1554126385287 
512 815 346 1554126385304 
512 806 353 1554126385321 
512 797 364 1554126385337 
512 774 404 1554126385354 
512 736 476 1554126385369 
512 694 553 1554126385387 
512 665 613 1554126385404 
512 648 640 1554126385421 
512 637 653 1554126385436 
512 634 657 1554126385453 
512 632 659 1554126385471 
512 631 659 1554126385487 
512 624 657 1554126385503 
512 608 647 1554126385520 
512 591 638 1554126385537 
512 581 634 1554126385553 
512 581 633 1554126385570 
512 581 634 1554126385637 
512 579 635 1554126385654 
512 577 636 1554126385669 
512 576 637 1554126385686 
512 575 639 1554126385721 
512 570 640 1554126385736 
512 564 640 1554126385753 
512 559 638 1554126385771 
512 557 638 1554126385788 
513 557 638 1554126385948 
512 558 638 1554126385971 
514 558 638 1554126386022 
512 558 638 1554126386053 
512 559 638 1554126386071 
512 562 638 1554126386088 
512 566 641 1554126386103 
512 573 643 1554126386120 
512 577 645 1554126386138 
512 581 645 1554126386153 
512 583 645 1554126386170 
512 588 645 1554126386188 
512 602 643 1554126386205 
512 635 633 1554126386220 
512 682 608 1554126386237 
512 710 593 1554126386254 
512 735 591 1554126386271 
512 761 591 1554126386287 
512 781 596 1554126386304 
512 783 598 1554126386321 
512 786 601 1554126386336 
512 791 611 1554126386354 
512 804 626 1554126386371 
512 819 636 1554126386388 
512 822 638 1554126386403 
512 824 638 1554126386537 
512 825 637 1554126386555 
512 825 636 1554126386572 
512 826 636 1554126386654 
512 828 636 1554126386671 
512 836 637 1554126386688 
512 850 638 1554126386704 
512 852 639 1554126386721 
512 851 639 1554126386771 
512 850 639 1554126386822 
512 848 639 1554126386837 
512 845 639 1554126386855 
512 845 640 1554126386921 
513 845 640 1554126386975 
514 845 640 1554126387046 
512 848 635 1554126387105 
512 855 625 1554126387122 
512 872 615 1554126387137 
512 914 595 1554126387155 
512 934 580 1554126387172 
512 935 566 1554126387338 
512 935 546 1554126387355 
512 930 538 1554126387371 
512 918 522 1554126387388 
512 901 500 1554126387405 
512 880 470 1554126387422 
512 864 442 1554126387438 
512 853 421 1554126387455 
512 846 411 1554126387472 
512 845 409 1554126387489 
512 844 409 1554126387504 
512 844 408 1554126387539 
512 845 408 1554126387554 
512 850 408 1554126387589 
512 860 403 1554126387606 
512 872 392 1554126387621 
512 886 383 1554126387638 
512 898 376 1554126387656 
512 908 372 1554126387671 
512 919 367 1554126387689 
512 923 363 1554126387705 
512 925 362 1554126387722 
512 925 363 1554126387939 
512 927 366 1554126387956 
512 928 368 1554126387973 
512 929 369 1554126387988 
512 930 372 1554126388006 
513 930 372 1554126388107 
514 930 372 1554126388202 
512 930 373 1554126388323 
512 931 373 1554126388372 
512 937 373 1554126388390 
512 941 373 1554126388405 
512 946 378 1554126388422 
512 945 385 1554126388440 
512 923 392 1554126388456 
512 887 392 1554126388472 
512 837 384 1554126388489 
512 800 382 1554126388506 
512 772 382 1554126388523 
512 738 383 1554126388539 
512 691 384 1554126388556 
512 634 384 1554126388573 
512 586 387 1554126388589 
512 559 390 1554126388606 
512 540 391 1554126388623 
512 528 391 1554126388640 
512 518 391 1554126388655 
512 508 391 1554126388673 
512 502 391 1554126388690 
512 493 391 1554126388705 
512 487 391 1554126388722 
512 485 391 1554126388740 
512 482 390 1554126388757 
512 475 389 1554126388773 
512 469 389 1554126388790 
512 467 389 1554126388807 
512 467 388 1554126388839 
512 467 387 1554126388873 
512 468 387 1554126388906 
512 469 386 1554126388923 
512 470 384 1554126388940 
512 470 383 1554126388956 
512 470 382 1554126389034 
513 470 382 1554126389034 
512 471 382 1554126389072 
514 471 382 1554126389108 
512 471 382 1554126389124 
512 471 383 1554126389139 
512 470 384 1554126389189 
512 468 386 1554126389206 
512 463 395 1554126389223 
512 454 410 1554126389240 
512 442 425 1554126389256 
512 433 439 1554126389273 
512 428 451 1554126389290 
512 424 457 1554126389307 
512 419 462 1554126389324 
512 417 478 1554126389340 
512 422 522 1554126389357 
512 429 544 1554126389372 
512 448 582 1554126389390 
512 468 604 1554126389407 
512 482 608 1554126389424 
512 508 617 1554126389439 
512 535 624 1554126389456 
512 546 626 1554126389474 
512 548 626 1554126389491 
512 552 632 1554126389640 
512 557 639 1554126389657 
512 557 640 1554126389724 
512 558 642 1554126389739 
512 561 645 1554126389756 
512 561 646 1554126389774 
512 562 646 1554126389791 
513 562 646 1554126389832 
514 562 646 1554126389929 
512 560 646 1554126389957 
512 559 644 1554126389974 
512 557 643 1554126389990 
512 553 639 1554126390007 
512 546 633 1554126390024 
512 539 626 1554126390040 
512 526 616 1554126390057 
512 493 582 1554126390074 
512 458 543 1554126390091 
512 436 524 1554126390107 
512 433 522 1554126390124 
512 435 519 1554126390158 
512 441 511 1554126390174 
512 451 499 1554126390191 
512 470 489 1554126390208 
512 510 477 1554126390223 
512 566 451 1554126390241 
512 628 415 1554126390258 
512 676 373 1554126390275 
512 700 333 1554126390290 
512 712 305 1554126390307 
512 715 284 1554126390325 
512 712 268 1554126390341 
512 705 251 1554126390357 
512 689 230 1554126390374 
512 680 220 1554126390391 
512 680 219 1554126390407 
512 680 218 1554126390441 
512 680 217 1554126390458 
512 680 216 1554126390558 
512 684 214 1554126390575 
512 690 210 1554126390591 
512 700 208 1554126390608 
512 706 206 1554126390625 
512 706 205 1554126390642 
512 706 204 1554126390657 
513 706 204 1554126390760 
512 706 203 1554126390808 
514 706 203 1554126390839 
