512 697 216 1556566518226
512 697 220 1556566518234
512 705 233 1556566518260
512 709 240 1556566518266
512 713 247 1556566518274
512 716 251 1556566518281
512 719 255 1556566518289
512 720 259 1556566518297
512 721 260 1556566518306
512 723 261 1556566518313
512 724 267 1556566518321
512 727 269 1556566518329
512 729 275 1556566518337
512 733 281 1556566518345
512 739 285 1556566518353
512 744 293 1556566518362
512 749 301 1556566518370
512 755 313 1556566518377
512 759 324 1556566518385
512 763 337 1556566518394
512 768 351 1556566518402
512 772 367 1556566518411
512 776 381 1556566518418
512 781 397 1556566518425
512 787 416 1556566518434
512 792 433 1556566518442
512 797 451 1556566518450
512 804 467 1556566518458
512 808 483 1556566518465
512 812 495 1556566518474
512 815 504 1556566518482
512 817 511 1556566518490
512 819 520 1556566518497
512 821 527 1556566518506
512 824 532 1556566518514
512 824 540 1556566518522
512 828 543 1556566518530
512 829 549 1556566518538
512 829 553 1556566518546
512 831 559 1556566518553
512 833 563 1556566518562
512 835 567 1556566518569
512 835 569 1556566518578
512 835 573 1556566518586
512 835 577 1556566518594
512 835 579 1556566518602
512 835 583 1556566518611
512 835 587 1556566518618
512 835 591 1556566518626
512 836 595 1556566518634
512 836 597 1556566518642
512 837 599 1556566518650
512 837 600 1556566518658
512 839 603 1556566518666
512 839 604 1556566518674
512 839 605 1556566518683
512 840 607 1556566518690
512 841 609 1556566518706
512 841 613 1556566518714
512 841 617 1556566518721
512 841 623 1556566518731
512 841 629 1556566518738
512 841 635 1556566518745
512 841 637 1556566518754
512 841 640 1556566518762
512 841 641 1556566518769
512 841 643 1556566518786
513 841 643 1556566518916
514 841 643 1556566518994
512 841 641 1556566519121
512 841 636 1556566519129
512 836 613 1556566519157
512 836 604 1556566519160
512 833 595 1556566519169
512 829 585 1556566519177
512 825 572 1556566519186
512 819 561 1556566519193
512 809 548 1556566519201
512 801 536 1556566519209
512 788 523 1556566519217
512 767 507 1556566519226
512 731 480 1556566519234
512 687 453 1556566519242
512 641 429 1556566519250
512 596 405 1556566519258
512 555 387 1556566519266
512 516 371 1556566519274
512 491 364 1556566519281
512 476 359 1556566519289
512 467 357 1556566519297
512 463 355 1556566519306
512 467 361 1556566519514
512 472 367 1556566519521
512 475 371 1556566519530
512 476 373 1556566519538
512 477 376 1556566519546
512 479 377 1556566519554
512 479 380 1556566519561
512 480 380 1556566519570
512 479 380 1556566519690
512 476 380 1556566519698
512 473 380 1556566519706
512 473 379 1556566519714
512 471 379 1556566519722
513 471 379 1556566519803
514 471 379 1556566519873
512 472 379 1556566520034
512 475 381 1556566520042
512 479 384 1556566520050
512 511 391 1556566520089
512 525 391 1556566520089
512 539 391 1556566520097
512 552 391 1556566520105
512 568 385 1556566520113
512 581 381 1556566520121
512 596 376 1556566520130
512 611 367 1556566520137
512 629 359 1556566520146
512 647 349 1556566520154
512 664 340 1556566520161
512 683 328 1556566520170
512 697 316 1556566520178
512 711 304 1556566520185
512 721 291 1556566520194
512 733 279 1556566520202
512 739 269 1556566520210
512 745 263 1556566520218
512 748 259 1556566520226
512 749 255 1556566520234
512 749 252 1556566520242
512 749 251 1556566520250
512 749 248 1556566520257
512 749 245 1556566520266
512 749 244 1556566520274
512 749 241 1556566520282
512 748 239 1556566520290
512 747 236 1556566520297
512 745 233 1556566520305
512 743 229 1556566520313
512 741 227 1556566520321
512 739 223 1556566520330
512 737 220 1556566520337
512 735 216 1556566520345
512 733 213 1556566520354
512 731 212 1556566520361
512 731 211 1556566520370
512 731 209 1556566520380
512 728 208 1556566520387
512 727 208 1556566520394
512 725 207 1556566520402
512 723 205 1556566520409
512 720 204 1556566520418
512 717 204 1556566520425
512 716 204 1556566520434
512 715 204 1556566520441
512 713 204 1556566520450
512 711 204 1556566520490
512 707 204 1556566520498
512 707 207 1556566520506
512 703 208 1556566520514
512 703 209 1556566520522
512 701 212 1556566520530
513 701 212 1556566520643
514 701 212 1556566520714
512 704 216 1556566520778
512 705 219 1556566520786
512 708 223 1556566520806
512 708 225 1556566520809
512 711 228 1556566520817
512 712 229 1556566520826
512 712 232 1556566520833
512 713 236 1556566520841
512 716 240 1556566520849
512 716 241 1556566520858
512 720 244 1556566520866
512 721 248 1556566520873
512 725 252 1556566520883
512 728 256 1556566520890
512 732 265 1556566520898
512 737 273 1556566520905
512 745 285 1556566520913
512 752 299 1556566520921
512 761 312 1556566520930
512 773 325 1556566520937
512 781 339 1556566520945
512 793 351 1556566520954
512 805 359 1556566520962
512 813 365 1556566520970
512 821 371 1556566520978
512 827 375 1556566520986
512 832 377 1556566520994
512 837 379 1556566521001
512 839 379 1556566521010
512 841 379 1556566521018
512 845 379 1556566521025
512 849 379 1556566521033
512 852 379 1556566521041
512 857 379 1556566521050
512 863 379 1556566521057
512 867 379 1556566521066
512 871 379 1556566521074
512 877 379 1556566521081
512 883 379 1556566521089
512 892 379 1556566521097
512 899 379 1556566521106
512 909 379 1556566521113
512 920 379 1556566521122
512 932 379 1556566521131
512 940 379 1556566521137
512 949 377 1556566521145
512 955 377 1556566521153
512 960 377 1556566521161
512 964 377 1556566521169
512 961 377 1556566521282
512 955 376 1556566521289
512 948 376 1556566521297
512 941 375 1556566521305
512 937 373 1556566521314
512 936 372 1556566521329
512 935 372 1556566521337
512 933 372 1556566521345
512 932 372 1556566521369
512 931 372 1556566521402
513 931 372 1556566521468
514 931 372 1556566521546
512 931 376 1556566521634
512 931 377 1556566521641
512 932 383 1556566521660
512 933 385 1556566521666
512 935 389 1556566521674
512 935 392 1556566521681
512 935 395 1556566521690
512 935 397 1556566521698
512 935 400 1556566521705
512 935 404 1556566521713
512 935 408 1556566521721
512 935 413 1556566521729
512 933 421 1556566521737
512 932 429 1556566521746
512 932 435 1556566521754
512 932 441 1556566521763
512 932 451 1556566521770
512 932 457 1556566521778
512 929 465 1556566521786
512 923 475 1556566521794
512 915 487 1556566521802
512 904 500 1556566521809
512 893 512 1556566521818
512 881 521 1556566521826
512 868 531 1556566521834
512 853 539 1556566521842
512 833 549 1556566521850
512 803 561 1556566521858
512 784 568 1556566521866
512 753 580 1556566521873
512 737 589 1556566521883
512 717 597 1556566521890
512 697 607 1556566521898
512 677 616 1556566521906
512 660 625 1556566521913
512 647 632 1556566521922
512 633 637 1556566521930
512 625 641 1556566521938
512 617 644 1556566521947
512 612 645 1556566521954
512 608 647 1556566521962
512 603 648 1556566521970
512 599 648 1556566521978
512 596 649 1556566521986
512 593 651 1556566521994
512 592 651 1556566522002
512 591 652 1556566522010
512 589 652 1556566522018
512 587 652 1556566522026
512 585 653 1556566522040
512 584 653 1556566522041
512 583 653 1556566522050
512 583 655 1556566522058
512 579 653 1556566522153
512 573 652 1556566522162
512 569 648 1556566522170
512 565 647 1556566522178
512 564 644 1556566522186
512 561 643 1556566522194
512 559 641 1556566522201
512 559 640 1556566522210
512 556 639 1556566522217
512 555 637 1556566522226
512 553 637 1556566522233
512 552 636 1556566522241
512 551 636 1556566522257
512 551 635 1556566522266
512 549 635 1556566522282
513 549 635 1556566522349
514 549 635 1556566522409
512 551 636 1556566522569
512 552 636 1556566522578
512 553 636 1556566522586
512 553 637 1556566522594
512 553 639 1556566522610
512 555 639 1556566522618
513 555 639 1556566522707
512 556 639 1556566522727
514 556 639 1556566522777
512 557 639 1556566522873
512 561 637 1556566522882
512 569 631 1556566522902
512 576 623 1556566522906
512 585 615 1556566522914
512 592 607 1556566522921
512 595 600 1556566522930
512 597 596 1556566522937
512 599 593 1556566522946
512 601 593 1556566523026
512 607 595 1556566523034
512 619 601 1556566523042
512 633 609 1556566523050
512 652 619 1556566523058
512 679 631 1556566523066
512 703 640 1556566523074
512 720 651 1556566523082
512 740 661 1556566523090
512 757 667 1556566523098
512 768 673 1556566523105
512 781 676 1556566523113
512 787 679 1556566523121
512 791 679 1556566523129
512 793 679 1556566523138
512 795 679 1556566523145
512 797 679 1556566523153
512 799 679 1556566523162
512 800 679 1556566523170
512 801 679 1556566523185
512 803 679 1556566523194
512 804 679 1556566523201
512 804 677 1556566523209
512 805 677 1556566523217
512 808 677 1556566523225
512 808 676 1556566523233
512 811 676 1556566523241
512 812 673 1556566523249
512 815 673 1556566523258
512 815 672 1556566523266
512 815 669 1556566523274
512 816 668 1556566523282
512 816 667 1556566523289
512 816 665 1556566523298
512 816 664 1556566523305
512 816 661 1556566523313
512 816 660 1556566523329
512 817 660 1556566523337
512 817 659 1556566523354
512 819 659 1556566523362
512 820 659 1556566523370
512 820 657 1556566523378
512 821 657 1556566523385
512 823 656 1556566523394
512 824 656 1556566523402
512 827 656 1556566523410
512 828 656 1556566523419
512 828 655 1556566523425
512 831 655 1556566523450
512 833 655 1556566523466
512 835 652 1556566523474
512 836 652 1556566523481
512 837 651 1556566523489
512 839 651 1556566523496
512 840 651 1556566523505
512 840 649 1556566523513
512 843 649 1556566523522
513 843 649 1556566523588
514 843 649 1556566523657
512 843 648 1556566523899
512 848 644 1556566523905
512 887 620 1556566523924
512 913 600 1556566523929
512 933 581 1556566523937
512 948 565 1556566523946
512 972 541 1556566523953
512 991 521 1556566523961
512 1001 503 1556566523970
512 1011 488 1556566523977
512 1017 475 1556566523986
512 1020 464 1556566523993
512 1023 456 1556566524002
512 1025 447 1556566524009
512 1025 439 1556566524027
512 1025 432 1556566524028
512 1025 425 1556566524033
512 1025 421 1556566524041
512 1025 417 1556566524050
512 1024 415 1556566524057
512 1024 411 1556566524065
512 1023 408 1556566524074
512 1023 405 1556566524082
512 1020 403 1556566524089
512 1019 401 1556566524106
512 1019 399 1556566524114
512 1016 399 1556566524130
512 1013 397 1556566524138
512 1009 395 1556566524146
512 1005 393 1556566524153
512 1001 392 1556566524161
512 997 391 1556566524171
512 992 388 1556566524177
512 987 388 1556566524186
512 983 385 1556566524194
512 979 384 1556566524202
512 977 384 1556566524210
512 976 384 1556566524226
512 975 384 1556566524242
512 973 384 1556566524258
512 971 383 1556566524266
512 968 383 1556566524274
512 967 383 1556566524282
512 964 383 1556566524290
512 960 381 1556566524297
512 956 380 1556566524305
512 955 380 1556566524322
512 953 380 1556566524337
512 951 379 1556566524345
512 949 379 1556566524353
512 948 379 1556566524361
512 944 377 1556566524369
512 941 377 1556566524377
512 940 377 1556566524385
512 937 376 1556566524394
512 936 375 1556566524401
513 936 375 1556566524595
512 935 375 1556566524665
514 935 375 1556566524690
512 933 375 1556566524922
512 928 375 1556566524930
512 836 385 1556566524950
512 771 391 1556566524953
512 691 396 1556566524961
512 607 399 1556566524969
512 513 399 1556566524977
512 423 399 1556566524985
512 347 397 1556566524993
512 288 392 1556566525001
512 251 391 1556566525009
512 236 385 1556566525017
512 233 385 1556566525026
512 233 384 1556566525058
512 233 383 1556566525074
512 235 379 1556566525083
512 235 375 1556566525090
512 235 372 1556566525098
512 235 368 1556566525105
512 235 367 1556566525113
512 235 364 1556566525121
512 236 363 1556566525129
512 236 361 1556566525138
512 237 360 1556566525154
512 239 359 1556566525162
512 239 357 1556566525170
512 240 357 1556566525178
512 241 356 1556566525186
512 243 355 1556566525193
512 247 355 1556566525203
512 255 355 1556566525210
512 264 353 1556566525218
512 275 353 1556566525225
512 288 353 1556566525234
512 307 353 1556566525242
512 321 353 1556566525249
512 335 353 1556566525257
512 341 353 1556566525265
512 348 353 1556566525273
512 352 353 1556566525282
512 355 353 1556566525289
512 360 353 1556566525297
512 364 353 1556566525306
512 369 355 1556566525314
512 372 355 1556566525321
512 375 356 1556566525329
512 376 356 1556566525338
512 377 356 1556566525370
512 379 356 1556566525450
512 384 357 1556566525458
512 391 357 1556566525466
512 395 360 1556566525474
512 399 361 1556566525483
512 403 363 1556566525490
512 411 365 1556566525498
512 420 369 1556566525506
512 435 373 1556566525513
512 449 377 1556566525522
512 465 380 1556566525530
512 473 384 1556566525538
512 481 385 1556566525546
512 485 389 1556566525554
512 487 389 1556566525562
512 488 389 1556566525570
512 485 388 1556566525690
512 483 384 1556566525698
512 480 381 1556566525706
512 477 379 1556566525713
512 475 377 1556566525722
512 473 376 1556566525730
512 472 376 1556566525737
512 471 375 1556566525746
512 469 375 1556566525794
512 468 375 1556566525802
512 467 373 1556566525834
512 465 373 1556566525850
513 465 373 1556566525886
514 465 373 1556566525946
512 467 373 1556566526018
512 468 373 1556566526026
512 469 373 1556566526034
512 471 376 1556566526042
512 473 376 1556566526075
512 475 376 1556566526129
512 479 375 1556566526137
512 481 375 1556566526145
512 487 371 1556566526153
512 491 371 1556566526161
512 496 371 1556566526170
512 503 375 1556566526178
512 511 385 1556566526186
512 523 405 1556566526194
512 536 429 1556566526202
512 549 455 1556566526210
512 559 480 1556566526218
512 567 504 1556566526226
512 572 520 1556566526234
512 573 532 1556566526241
512 576 545 1556566526250
512 576 555 1556566526258
512 576 560 1556566526266
512 576 564 1556566526273
512 576 567 1556566526282
512 576 569 1556566526297
512 576 571 1556566526313
512 576 572 1556566526321
512 576 573 1556566526329
512 577 573 1556566526353
512 577 576 1556566526360
512 577 577 1556566526369
512 577 579 1556566526394
512 577 580 1556566526402
512 577 584 1556566526409
512 577 589 1556566526417
512 575 597 1556566526425
512 572 603 1556566526433
512 571 609 1556566526442
512 568 613 1556566526451
512 568 616 1556566526458
512 568 619 1556566526467
512 568 621 1556566526475
512 568 625 1556566526482
512 568 628 1556566526490
512 568 631 1556566526498
512 568 632 1556566526506
512 568 633 1556566526514
512 568 637 1556566526522
512 567 639 1556566526530
512 567 640 1556566526537
512 565 643 1556566526545
512 563 645 1556566526553
512 563 647 1556566526570
513 563 647 1556566526669
514 563 647 1556566526737
512 561 647 1556566526761
512 561 645 1556566526865
512 564 640 1556566526873
512 576 624 1556566526897
512 581 613 1556566526897
512 591 603 1556566526906
512 595 592 1556566526914
512 601 580 1556566526921
512 608 568 1556566526929
512 616 552 1556566526937
512 624 540 1556566526945
512 632 524 1556566526954
512 649 508 1556566526961
512 664 492 1556566526969
512 677 473 1556566526977
512 689 457 1556566526985
512 700 443 1556566526994
512 708 429 1556566527002
512 713 419 1556566527010
512 720 403 1556566527017
512 724 392 1556566527026
512 727 381 1556566527034
512 727 372 1556566527043
512 727 363 1556566527050
512 725 353 1556566527057
512 721 344 1556566527066
512 716 336 1556566527074
512 709 325 1556566527082
512 704 317 1556566527090
512 697 309 1556566527098
512 691 300 1556566527106
512 684 295 1556566527114
512 677 289 1556566527121
512 672 281 1556566527129
512 667 273 1556566527137
512 659 267 1556566527145
512 655 260 1556566527153
512 652 255 1556566527161
512 648 251 1556566527169
512 648 249 1556566527178
512 645 245 1556566527185
512 645 244 1556566527201
512 645 243 1556566527210
512 645 241 1556566527217
512 645 240 1556566527226
512 648 239 1556566527235
512 649 236 1556566527241
512 652 233 1556566527251
512 655 232 1556566527258
512 659 232 1556566527267
512 659 229 1556566527274
512 661 229 1556566527282
512 664 229 1556566527289
512 665 229 1556566527298
512 668 227 1556566527306
512 671 227 1556566527313
512 673 225 1556566527321
512 675 224 1556566527329
512 677 224 1556566527337
512 680 223 1556566527346
512 681 223 1556566527354
512 683 223 1556566527361
512 684 220 1556566527451
512 687 217 1556566527458
512 688 216 1556566527467
512 689 213 1556566527474
512 692 212 1556566527482
512 692 211 1556566527490
512 693 209 1556566527498
512 695 209 1556566527514
512 696 208 1556566527593
512 699 208 1556566527601
512 699 207 1556566527633
513 699 207 1556566527659
514 699 207 1556566527730