512 704 215 1556566566530
512 704 221 1556566566538
512 705 255 1556566566577
512 705 264 1556566566585
512 705 269 1556566566594
512 707 280 1556566566601
512 707 291 1556566566609
512 711 300 1556566566617
512 713 311 1556566566626
512 716 325 1556566566633
512 720 339 1556566566641
512 727 353 1556566566649
512 732 369 1556566566657
512 737 384 1556566566665
512 745 403 1556566566673
512 752 420 1556566566681
512 759 435 1556566566689
512 764 447 1556566566698
512 772 460 1556566566704
512 779 473 1556566566712
512 783 485 1556566566721
512 788 497 1556566566729
512 793 505 1556566566737
512 796 515 1556566566744
512 800 523 1556566566752
512 804 531 1556566566762
512 807 539 1556566566770
512 809 543 1556566566778
512 811 547 1556566566787
512 812 553 1556566566794
512 813 557 1556566566802
512 815 564 1556566566810
512 816 571 1556566566818
512 816 575 1556566566826
512 816 577 1556566566834
512 816 581 1556566566842
512 816 584 1556566566850
512 816 589 1556566566858
512 816 593 1556566566866
512 817 599 1556566566873
512 819 603 1556566566882
512 819 607 1556566566889
512 819 611 1556566566898
512 819 613 1556566566906
512 819 617 1556566566914
512 820 619 1556566566922
512 820 620 1556566566930
512 820 621 1556566566938
512 820 623 1556566566954
512 820 625 1556566566962
512 821 628 1556566566970
512 821 631 1556566566978
512 821 633 1556566566986
512 823 636 1556566566994
512 824 637 1556566567002
512 824 639 1556566567010
512 825 640 1556566567018
512 827 640 1556566567026
512 828 640 1556566567042
512 829 640 1556566567058
512 829 641 1556566567066
512 832 643 1556566567074
512 833 643 1556566567081
512 835 643 1556566567090
512 836 643 1556566567122
512 837 643 1556566567138
513 837 643 1556566567210
514 837 643 1556566567313
512 836 643 1556566567393
512 836 641 1556566567401
512 835 639 1556566567410
512 835 636 1556566567417
512 835 625 1556566567435
512 833 619 1556566567442
512 833 611 1556566567450
512 832 605 1556566567457
512 829 601 1556566567465
512 829 595 1556566567473
512 827 588 1556566567481
512 825 581 1556566567489
512 824 576 1556566567497
512 821 567 1556566567505
512 820 560 1556566567514
512 815 552 1556566567522
512 808 543 1556566567530
512 797 531 1556566567538
512 777 517 1556566567546
512 752 504 1556566567554
512 728 492 1556566567562
512 697 477 1556566567570
512 668 467 1556566567578
512 640 456 1556566567586
512 611 445 1556566567594
512 588 439 1556566567602
512 572 435 1556566567609
512 560 431 1556566567618
512 548 428 1556566567626
512 539 425 1556566567634
512 532 424 1556566567642
512 524 423 1556566567650
512 515 423 1556566567658
512 505 421 1556566567666
512 497 420 1556566567674
512 489 419 1556566567682
512 481 416 1556566567690
512 476 413 1556566567698
512 469 411 1556566567706
512 465 409 1556566567715
512 463 408 1556566567722
512 461 408 1556566567730
512 460 407 1556566567738
512 460 405 1556566567769
512 460 404 1556566567777
512 459 401 1556566567785
512 457 397 1556566567793
512 457 396 1556566567801
512 457 393 1556566567809
512 457 392 1556566567818
512 457 391 1556566567825
512 457 389 1556566567841
512 457 388 1556566567851
512 459 387 1556566567857
512 460 385 1556566567865
512 461 384 1556566567878
512 461 381 1556566567881
512 464 380 1556566567889
512 464 379 1556566567897
512 467 377 1556566567905
512 468 377 1556566567914
512 469 376 1556566567922
512 471 375 1556566567930
512 472 373 1556566567946
513 472 373 1556566568044
514 472 373 1556566568121
512 475 373 1556566568202
512 476 373 1556566568210
512 479 375 1556566568218
512 493 377 1556566568255
512 497 377 1556566568256
512 503 379 1556566568265
512 509 380 1556566568273
512 516 380 1556566568281
512 525 381 1556566568289
512 535 384 1556566568297
512 547 388 1556566568305
512 559 391 1556566568313
512 573 391 1556566568321
512 592 391 1556566568329
512 608 391 1556566568338
512 623 387 1556566568345
512 633 383 1556566568354
512 644 377 1556566568361
512 651 372 1556566568369
512 656 368 1556566568377
512 660 364 1556566568386
512 664 356 1556566568394
512 668 348 1556566568401
512 673 339 1556566568409
512 681 329 1556566568417
512 687 319 1556566568425
512 693 309 1556566568433
512 697 301 1556566568441
512 701 295 1556566568449
512 705 287 1556566568457
512 707 283 1556566568465
512 707 279 1556566568474
512 709 275 1556566568482
512 711 271 1556566568490
512 711 268 1556566568499
512 711 264 1556566568506
512 711 261 1556566568513
512 711 260 1556566568522
512 711 257 1556566568529
512 711 255 1556566568538
512 711 252 1556566568546
512 711 251 1556566568554
512 711 248 1556566568562
512 713 241 1556566568569
512 713 240 1556566568578
512 713 237 1556566568586
512 713 236 1556566568594
512 713 232 1556566568601
512 713 228 1556566568610
512 713 225 1556566568618
512 713 224 1556566568626
512 713 223 1556566568634
512 713 220 1556566568642
512 713 219 1556566568657
512 713 217 1556566568673
512 713 216 1556566568690
512 713 215 1556566568705
512 713 213 1556566568713
512 712 213 1556566568721
512 712 212 1556566568729
512 711 212 1556566568898
512 709 212 1556566568906
512 708 212 1556566568930
512 705 212 1556566568938
512 705 211 1556566568946
513 705 211 1556566569070
514 705 211 1556566569146
512 705 212 1556566569234
512 707 217 1556566569241
512 712 225 1556566569263
512 715 228 1556566569266
512 716 232 1556566569274
512 719 236 1556566569282
512 720 239 1556566569289
512 723 241 1556566569298
512 724 243 1556566569306
512 725 243 1556566569313
512 725 244 1556566569328
512 725 247 1556566569337
512 728 251 1556566569345
512 735 257 1556566569354
512 741 269 1556566569362
512 751 283 1556566569369
512 760 297 1556566569378
512 769 312 1556566569386
512 783 324 1556566569393
512 792 336 1556566569402
512 801 345 1556566569410
512 811 353 1556566569417
512 819 357 1556566569425
512 823 361 1556566569434
512 827 363 1556566569441
512 831 364 1556566569449
512 836 367 1556566569457
512 840 369 1556566569465
512 844 369 1556566569473
512 851 369 1556566569483
512 857 371 1556566569490
512 864 372 1556566569498
512 867 372 1556566569506
512 872 373 1556566569513
512 879 373 1556566569522
512 884 373 1556566569530
512 891 375 1556566569538
512 900 375 1556566569546
512 909 376 1556566569554
512 921 377 1556566569562
512 931 379 1556566569570
512 941 380 1556566569578
512 951 380 1556566569585
512 959 381 1556566569594
512 963 383 1556566569602
512 964 383 1556566569610
512 965 383 1556566569618
512 963 383 1556566569754
512 960 381 1556566569762
512 957 381 1556566569777
512 953 380 1556566569778
512 951 380 1556566569786
512 949 380 1556566569793
512 948 380 1556566569803
512 947 380 1556566569818
512 945 379 1556566569826
512 944 379 1556566569834
512 943 377 1556566569842
512 940 377 1556566569850
512 937 377 1556566569858
512 936 377 1556566569867
512 935 377 1556566569873
512 933 377 1556566569883
512 931 377 1556566569890
512 929 377 1556566569898
512 928 379 1556566569906
512 927 379 1556566569914
513 927 379 1556566570028
514 927 379 1556566570097
512 925 384 1556566570218
512 921 401 1556566570239
512 916 409 1556566570241
512 911 417 1556566570249
512 907 423 1556566570257
512 903 428 1556566570265
512 900 432 1556566570273
512 896 435 1556566570281
512 891 437 1556566570289
512 880 443 1556566570297
512 868 449 1556566570305
512 855 457 1556566570313
512 839 464 1556566570321
512 819 473 1556566570329
512 788 488 1556566570337
512 764 500 1556566570346
512 741 511 1556566570353
512 724 520 1556566570361
512 703 532 1556566570369
512 685 540 1556566570377
512 676 548 1556566570385
512 668 553 1556566570393
512 661 559 1556566570402
512 660 560 1556566570410
512 656 563 1556566570418
512 655 567 1556566570426
512 652 568 1556566570433
512 648 571 1556566570441
512 645 571 1556566570449
512 643 573 1556566570457
512 637 575 1556566570466
512 631 577 1556566570473
512 621 581 1556566570481
512 612 585 1556566570489
512 603 588 1556566570497
512 597 592 1556566570505
512 593 593 1556566570514
512 591 597 1556566570522
512 591 599 1556566570529
512 591 601 1556566570538
512 588 605 1556566570545
512 588 608 1556566570554
512 588 611 1556566570562
512 588 613 1556566570569
512 588 617 1556566570578
512 587 619 1556566570586
512 584 621 1556566570593
512 583 623 1556566570602
512 580 624 1556566570610
512 576 625 1556566570618
512 575 627 1556566570626
512 573 628 1556566570634
512 572 631 1556566570642
512 571 632 1556566570651
512 568 632 1556566570658
512 568 633 1556566570666
512 567 633 1556566570721
512 567 635 1556566570738
512 567 636 1556566570962
512 565 637 1556566571002
512 565 640 1556566571010
513 565 640 1556566571038
514 565 640 1556566571113
512 564 640 1556566571145
512 564 639 1556566571258
512 564 637 1556566571266
512 564 635 1556566571274
512 575 615 1556566571311
512 579 609 1556566571313
512 583 604 1556566571321
512 587 600 1556566571330
512 595 596 1556566571338
512 603 592 1556566571345
512 608 591 1556566571354
512 611 591 1556566571361
512 615 589 1556566571369
512 616 589 1556566571393
512 619 589 1556566571402
512 623 589 1556566571409
512 625 591 1556566571418
512 628 591 1556566571425
512 632 592 1556566571433
512 636 595 1556566571441
512 649 596 1556566571450
512 661 597 1556566571457
512 677 601 1556566571465
512 692 604 1556566571474
512 711 609 1556566571481
512 727 612 1556566571489
512 744 616 1556566571497
512 763 621 1556566571506
512 779 625 1556566571514
512 795 627 1556566571522
512 804 631 1556566571530
512 808 632 1556566571538
512 812 633 1556566571546
512 816 633 1556566571554
512 817 635 1556566571562
512 819 635 1556566571570
512 823 636 1556566571578
512 824 637 1556566571594
512 827 637 1556566571602
512 827 639 1556566571610
512 828 639 1556566571619
512 831 639 1556566571626
512 832 639 1556566571698
512 833 640 1556566571722
512 835 640 1556566571731
512 836 640 1556566571754
512 837 640 1556566571826
513 837 640 1556566571868
514 837 640 1556566571946
512 835 640 1556566572106
512 833 639 1556566572131
512 829 635 1556566572138
512 824 631 1556566572160
512 824 629 1556566572161
512 823 627 1556566572170
512 821 624 1556566572177
512 820 617 1556566572185
512 820 607 1556566572193
512 820 596 1556566572202
512 820 585 1556566572209
512 819 576 1556566572217
512 819 565 1556566572225
512 825 553 1556566572233
512 831 540 1556566572242
512 836 529 1556566572250
512 840 516 1556566572258
512 844 505 1556566572266
512 852 493 1556566572274
512 857 480 1556566572282
512 863 471 1556566572290
512 868 461 1556566572298
512 873 449 1556566572306
512 877 443 1556566572314
512 881 436 1556566572321
512 884 432 1556566572329
512 887 427 1556566572337
512 888 423 1556566572345
512 892 417 1556566572353
512 893 413 1556566572361
512 893 412 1556566572369
512 895 409 1556566572377
512 896 407 1556566572385
512 897 403 1556566572394
512 899 400 1556566572402
512 900 399 1556566572409
512 900 396 1556566572418
512 901 392 1556566572426
512 903 389 1556566572433
512 904 385 1556566572441
512 905 383 1556566572449
512 907 381 1556566572457
512 907 380 1556566572465
512 907 379 1556566572473
512 909 377 1556566572489
512 911 377 1556566572505
512 913 376 1556566572514
512 916 376 1556566572530
512 916 375 1556566572538
512 917 375 1556566572554
512 919 375 1556566572698
512 920 375 1556566572722
512 921 375 1556566572746
512 923 375 1556566572770
512 924 375 1556566572786
512 925 375 1556566572794
513 925 375 1556566572890
514 925 375 1556566572994
512 924 375 1556566573170
512 916 375 1556566573178
512 864 380 1556566573204
512 841 381 1556566573209
512 808 381 1556566573218
512 769 381 1556566573225
512 724 381 1556566573233
512 691 379 1556566573241
512 660 375 1556566573249
512 644 375 1556566573257
512 635 373 1556566573265
512 625 373 1556566573274
512 623 373 1556566573282
512 621 372 1556566573289
512 620 372 1556566573314
512 619 372 1556566573322
512 616 372 1556566573329
512 615 372 1556566573338
512 609 372 1556566573346
512 604 372 1556566573354
512 591 372 1556566573362
512 579 371 1556566573369
512 564 369 1556566573378
512 549 367 1556566573386
512 537 367 1556566573394
512 527 365 1556566573403
512 521 364 1556566573410
512 517 364 1556566573418
512 516 364 1556566573489
512 511 364 1556566573497
512 507 364 1556566573506
512 501 364 1556566573514
512 496 364 1556566573522
512 492 364 1556566573530
512 489 364 1556566573538
512 487 365 1556566573545
512 485 365 1556566573554
512 485 367 1556566573594
512 484 367 1556566573603
512 481 369 1556566573610
512 479 369 1556566573618
512 476 372 1556566573626
512 473 373 1556566573633
512 471 375 1556566573642
512 471 376 1556566573650
512 469 376 1556566573658
512 468 377 1556566573665
512 468 379 1556566573713
513 468 379 1556566573796
514 468 379 1556566573858
512 468 380 1556566573962
512 469 380 1556566573970
512 471 381 1556566573986
512 472 381 1556566574003
512 475 384 1556566574010
512 509 397 1556566574047
512 525 401 1556566574049
512 548 404 1556566574058
512 580 412 1556566574065
512 617 425 1556566574073
512 649 444 1556566574081
512 664 457 1556566574089
512 680 468 1556566574096
512 691 476 1556566574105
512 695 484 1556566574113
512 697 492 1556566574121
512 699 497 1556566574129
512 699 501 1556566574138
512 695 508 1556566574146
512 691 512 1556566574154
512 685 519 1556566574161
512 677 527 1556566574170
512 671 536 1556566574177
512 665 545 1556566574187
512 657 555 1556566574194
512 651 561 1556566574203
512 643 568 1556566574210
512 636 576 1556566574219
512 628 583 1556566574226
512 619 592 1556566574234
512 607 599 1556566574242
512 597 603 1556566574250
512 585 609 1556566574258
512 580 612 1556566574266
512 572 615 1556566574274
512 568 617 1556566574282
512 561 620 1556566574290
512 555 624 1556566574298
512 552 624 1556566574306
512 549 627 1556566574314
512 547 629 1556566574322
512 545 631 1556566574329
512 544 635 1556566574338
512 544 639 1556566574346
512 543 643 1556566574353
512 543 647 1556566574362
512 543 649 1556566574369
512 541 652 1556566574377
512 540 655 1556566574386
512 540 657 1556566574394
512 540 660 1556566574402
512 539 663 1556566574418
512 539 664 1556566574426
512 541 663 1556566574538
512 543 663 1556566574545
512 544 663 1556566574553
512 545 661 1556566574562
512 545 660 1556566574570
512 547 660 1556566574588
512 547 659 1556566574594
512 548 659 1556566574602
512 548 657 1556566574610
512 549 657 1556566574618
512 551 657 1556566574626
512 552 656 1556566574634
512 553 656 1556566574642
512 553 655 1556566574650
512 555 655 1556566574658
512 556 655 1556566574666
512 556 653 1556566574674
512 557 653 1556566574681
512 557 652 1556566574690
512 559 651 1556566574698
513 559 651 1556566574763
514 559 651 1556566574857
512 561 649 1556566575034
512 564 648 1556566575042
512 575 641 1556566575062
512 583 636 1556566575065
512 591 627 1556566575073
512 601 617 1556566575082
512 609 604 1556566575089
512 619 591 1556566575097
512 625 576 1556566575105
512 628 563 1556566575113
512 633 547 1556566575122
512 639 533 1556566575130
512 643 521 1556566575137
512 645 509 1556566575146
512 649 497 1556566575154
512 652 487 1556566575162
512 655 475 1556566575171
512 656 464 1556566575178
512 656 452 1556566575186
512 656 437 1556566575193
512 657 423 1556566575202
512 657 409 1556566575211
512 657 396 1556566575218
512 657 385 1556566575226
512 655 375 1556566575234
512 653 360 1556566575242
512 652 349 1556566575250
512 651 341 1556566575257
512 649 336 1556566575266
512 648 331 1556566575273
512 648 327 1556566575282
512 648 323 1556566575290
512 648 320 1556566575298
512 649 312 1556566575306
512 651 307 1556566575314
512 652 303 1556566575322
512 655 296 1556566575330
512 657 291 1556566575338
512 660 283 1556566575346
512 664 276 1556566575352
512 667 271 1556566575361
512 671 264 1556566575369
512 675 259 1556566575377
512 676 256 1556566575386
512 677 253 1556566575393
512 679 251 1556566575402
512 681 249 1556566575410
512 684 247 1556566575418
512 687 244 1556566575426
512 687 243 1556566575433
512 691 240 1556566575442
512 691 237 1556566575449
512 693 235 1556566575465
512 693 233 1556566575473
512 693 232 1556566575481
512 695 231 1556566575488
512 695 227 1556566575497
512 695 225 1556566575505
512 695 224 1556566575513
512 695 223 1556566575521
512 695 221 1556566575530
512 695 220 1556566575538
512 695 219 1556566575602
512 695 216 1556566575609
512 695 213 1556566575617
512 695 212 1556566575626
512 695 211 1556566575634
512 696 211 1556566575642
513 696 211 1556566575764
514 696 211 1556566575849