512 693 212 1556630672919
512 693 216 1556630672927
512 699 231 1556630672953
512 700 235 1556630672958
512 703 241 1556630672967
512 705 245 1556630672975
512 709 251 1556630672983
512 711 253 1556630672991
512 713 256 1556630672999
512 715 257 1556630673007
512 716 259 1556630673015
512 719 261 1556630673031
512 719 264 1556630673039
512 720 269 1556630673048
512 724 280 1556630673056
512 728 293 1556630673063
512 732 308 1556630673071
512 736 324 1556630673080
512 740 340 1556630673088
512 743 355 1556630673096
512 743 371 1556630673103
512 745 387 1556630673111
512 748 403 1556630673119
512 749 417 1556630673129
512 753 432 1556630673136
512 761 445 1556630673144
512 765 456 1556630673153
512 769 467 1556630673159
512 775 479 1556630673168
512 779 489 1556630673175
512 784 501 1556630673183
512 791 511 1556630673191
512 793 520 1556630673199
512 797 531 1556630673208
512 800 539 1556630673215
512 803 548 1556630673224
512 805 556 1556630673232
512 808 561 1556630673239
512 808 565 1556630673248
512 809 568 1556630673255
512 811 568 1556630673263
512 811 571 1556630673271
512 811 572 1556630673280
512 811 573 1556630673287
512 811 576 1556630673295
512 812 579 1556630673305
512 815 581 1556630673310
512 816 585 1556630673319
512 817 589 1556630673327
512 819 592 1556630673335
512 821 600 1556630673343
512 825 603 1556630673352
512 827 608 1556630673359
512 828 612 1556630673368
512 829 617 1556630673376
512 829 623 1556630673383
512 832 627 1556630673392
512 832 631 1556630673399
512 832 633 1556630673407
512 832 636 1556630673416
512 833 640 1556630673424
512 833 641 1556630673431
512 835 643 1556630673440
512 835 644 1556630673456
512 836 644 1556630673464
512 836 645 1556630673488
513 836 645 1556630673618
514 836 645 1556630673703
512 837 645 1556630673718
512 837 641 1556630673743
512 835 637 1556630673751
512 832 631 1556630673772
512 831 627 1556630673774
512 828 623 1556630673783
512 824 616 1556630673791
512 819 608 1556630673798
512 816 601 1556630673807
512 812 596 1556630673815
512 808 588 1556630673823
512 805 581 1556630673831
512 801 573 1556630673838
512 796 565 1556630673847
512 793 559 1556630673855
512 791 551 1556630673863
512 787 543 1556630673872
512 784 536 1556630673881
512 780 528 1556630673887
512 776 521 1556630673896
512 775 515 1556630673903
512 769 508 1556630673912
512 761 504 1556630673920
512 752 497 1556630673928
512 736 489 1556630673936
512 721 481 1556630673944
512 707 477 1556630673952
512 693 472 1556630673959
512 676 468 1556630673968
512 661 464 1556630673975
512 644 459 1556630673984
512 629 456 1556630673992
512 616 453 1556630673999
512 607 451 1556630674007
512 595 448 1556630674016
512 587 445 1556630674024
512 577 444 1556630674031
512 568 440 1556630674039
512 559 439 1556630674047
512 549 435 1556630674055
512 541 432 1556630674064
512 531 428 1556630674072
512 520 427 1556630674079
512 511 421 1556630674087
512 500 416 1556630674095
512 492 412 1556630674103
512 484 407 1556630674112
512 481 404 1556630674121
512 477 401 1556630674129
512 475 400 1556630674137
512 472 397 1556630674144
512 469 395 1556630674152
512 467 392 1556630674160
512 463 389 1556630674167
512 461 384 1556630674175
512 459 381 1556630674184
512 456 379 1556630674192
512 453 375 1556630674200
512 452 371 1556630674208
512 449 371 1556630674216
512 449 367 1556630674224
512 449 365 1556630674231
512 448 365 1556630674240
512 448 364 1556630674248
512 455 365 1556630674336
512 459 367 1556630674345
512 463 368 1556630674351
512 467 371 1556630674360
512 469 371 1556630674367
512 473 373 1556630674376
512 475 373 1556630674383
512 477 375 1556630674391
512 479 375 1556630674416
513 479 375 1556630674507
514 479 375 1556630674599
512 480 376 1556630674856
512 483 377 1556630674863
512 487 377 1556630674872
512 500 372 1556630674893
512 509 368 1556630674894
512 519 357 1556630674903
512 527 351 1556630674911
512 535 345 1556630674920
512 543 339 1556630674927
512 549 331 1556630674935
512 556 324 1556630674943
512 561 316 1556630674950
512 569 311 1556630674958
512 573 307 1556630674967
512 581 301 1556630674975
512 588 299 1556630674983
512 596 293 1556630674991
512 608 285 1556630674999
512 619 281 1556630675007
512 629 276 1556630675015
512 639 271 1556630675023
512 648 265 1556630675031
512 656 261 1556630675039
512 664 259 1556630675047
512 672 253 1556630675056
512 676 249 1556630675063
512 679 249 1556630675072
512 681 247 1556630675079
512 683 245 1556630675087
512 685 245 1556630675095
512 687 244 1556630675104
512 688 243 1556630675111
512 691 241 1556630675120
512 692 240 1556630675128
512 695 240 1556630675135
512 696 237 1556630675144
512 699 236 1556630675151
512 701 233 1556630675159
512 704 233 1556630675167
512 705 231 1556630675175
512 707 229 1556630675184
512 708 227 1556630675192
512 709 227 1556630675199
512 711 225 1556630675207
512 711 224 1556630675224
512 711 223 1556630675231
512 711 221 1556630675239
512 711 220 1556630675247
512 711 219 1556630675256
512 709 219 1556630675264
512 709 216 1556630675271
512 708 215 1556630675279
512 705 213 1556630675383
512 704 212 1556630675391
513 704 212 1556630675441
514 704 212 1556630675526
512 704 213 1556630675616
512 704 216 1556630675624
512 704 220 1556630675632
512 708 240 1556630675667
512 715 251 1556630675671
512 724 259 1556630675679
512 728 264 1556630675686
512 740 272 1556630675694
512 753 280 1556630675704
512 767 288 1556630675710
512 781 297 1556630675719
512 801 308 1556630675727
512 823 323 1556630675735
512 841 335 1556630675743
512 855 344 1556630675751
512 865 351 1556630675759
512 873 355 1556630675767
512 877 356 1556630675776
512 880 356 1556630675784
512 883 356 1556630675791
512 883 357 1556630675800
512 884 357 1556630675807
512 884 359 1556630675823
512 885 359 1556630675832
512 887 359 1556630675839
512 888 359 1556630675848
512 891 360 1556630675855
512 893 361 1556630675871
512 893 363 1556630675880
512 896 363 1556630675888
512 900 365 1556630675896
512 903 367 1556630675904
512 905 369 1556630675911
512 908 371 1556630675920
512 909 372 1556630675927
512 911 373 1556630675935
512 912 373 1556630675943
512 913 373 1556630676007
512 916 375 1556630676015
512 920 376 1556630676024
512 921 377 1556630676031
512 924 379 1556630676039
512 927 380 1556630676047
512 928 380 1556630676063
513 928 380 1556630676154
514 928 380 1556630676255
512 927 380 1556630676310
512 925 381 1556630676319
512 920 381 1556630676327
512 892 393 1556630676363
512 885 396 1556630676367
512 879 399 1556630676376
512 875 401 1556630676383
512 868 405 1556630676392
512 860 408 1556630676399
512 852 413 1556630676407
512 845 417 1556630676415
512 840 421 1556630676423
512 833 427 1556630676431
512 827 435 1556630676438
512 820 441 1556630676447
512 815 448 1556630676455
512 808 452 1556630676463
512 805 456 1556630676471
512 803 459 1556630676480
512 799 463 1556630676488
512 796 464 1556630676496
512 791 469 1556630676504
512 787 472 1556630676512
512 783 476 1556630676519
512 775 481 1556630676527
512 768 485 1556630676536
512 759 495 1556630676544
512 748 504 1556630676552
512 736 513 1556630676559
512 723 520 1556630676567
512 712 531 1556630676575
512 700 536 1556630676583
512 683 548 1556630676591
512 669 553 1556630676599
512 657 561 1556630676608
512 644 572 1556630676615
512 632 580 1556630676624
512 617 587 1556630676631
512 605 592 1556630676640
512 597 601 1556630676648
512 588 608 1556630676655
512 579 612 1556630676664
512 571 619 1556630676673
512 561 625 1556630676680
512 557 628 1556630676688
512 555 629 1556630676696
512 552 633 1556630676703
512 551 633 1556630676712
512 549 635 1556630676720
512 551 635 1556630676831
512 553 635 1556630676840
512 557 635 1556630676856
512 560 635 1556630676863
512 563 635 1556630676871
512 564 635 1556630676880
512 565 635 1556630676889
512 567 635 1556630676895
512 568 635 1556630676904
513 568 635 1556630677002
512 567 635 1556630677079
512 564 635 1556630677095
514 564 635 1556630677095
512 564 636 1556630677103
512 563 637 1556630677111
512 561 637 1556630677131
512 561 639 1556630677135
512 561 640 1556630677158
512 561 641 1556630677175
512 561 643 1556630677183
512 561 644 1556630677207
512 561 645 1556630677224
512 561 647 1556630677232
512 561 648 1556630677240
512 561 649 1556630677248
513 561 649 1556630677305
514 561 649 1556630677367
512 563 648 1556630677473
512 564 648 1556630677487
512 564 647 1556630677495
512 567 645 1556630677502
512 576 636 1556630677522
512 584 629 1556630677526
512 592 623 1556630677535
512 603 611 1556630677543
512 609 601 1556630677551
512 617 593 1556630677559
512 625 581 1556630677567
512 632 575 1556630677574
512 640 569 1556630677583
512 644 565 1556630677591
512 648 565 1556630677599
512 651 565 1556630677607
512 652 565 1556630677616
512 653 565 1556630677624
512 655 565 1556630677632
512 657 565 1556630677639
512 660 567 1556630677647
512 668 572 1556630677656
512 675 576 1556630677664
512 688 580 1556630677671
512 695 585 1556630677680
512 704 591 1556630677687
512 716 599 1556630677695
512 727 604 1556630677703
512 737 611 1556630677711
512 747 616 1556630677719
512 756 620 1556630677727
512 764 624 1556630677736
512 772 627 1556630677744
512 776 629 1556630677752
512 784 631 1556630677759
512 789 632 1556630677768
512 793 632 1556630677776
512 796 632 1556630677783
512 799 632 1556630677791
512 801 632 1556630677800
512 805 633 1556630677807
512 807 633 1556630677816
512 809 635 1556630677823
512 811 635 1556630677832
512 815 636 1556630677839
512 817 636 1556630677848
512 820 636 1556630677856
512 823 636 1556630677863
512 824 636 1556630677872
512 827 636 1556630677880
512 828 636 1556630677896
512 829 636 1556630677952
512 831 636 1556630677968
512 832 636 1556630678008
513 832 636 1556630678058
514 832 636 1556630678142
512 831 636 1556630678239
512 832 636 1556630678512
512 833 636 1556630678528
512 835 636 1556630678536
513 835 636 1556630678570
512 836 636 1556630678647
514 836 636 1556630678687
512 833 635 1556630678800
512 833 632 1556630678807
512 831 628 1556630678816
512 824 616 1556630678841
512 823 611 1556630678846
512 820 605 1556630678855
512 817 597 1556630678863
512 816 592 1556630678871
512 813 587 1556630678878
512 813 583 1556630678886
512 812 580 1556630678895
512 811 577 1556630678903
512 809 571 1556630678911
512 809 563 1556630678919
512 809 551 1556630678927
512 815 537 1556630678936
512 817 525 1556630678943
512 821 512 1556630678951
512 827 500 1556630678959
512 829 493 1556630678967
512 835 481 1556630678975
512 843 468 1556630678983
512 848 459 1556630678992
512 852 452 1556630678999
512 857 447 1556630679007
512 863 440 1556630679016
512 867 435 1556630679024
512 872 428 1556630679032
512 877 424 1556630679040
512 880 420 1556630679047
512 881 416 1556630679055
512 884 413 1556630679063
512 888 409 1556630679072
512 889 404 1556630679079
512 893 400 1556630679087
512 895 397 1556630679096
512 899 393 1556630679103
512 900 389 1556630679111
512 903 387 1556630679120
512 904 383 1556630679129
512 907 380 1556630679135
512 907 379 1556630679144
512 908 377 1556630679151
512 909 377 1556630679172
512 909 376 1556630679174
512 911 375 1556630679182
512 912 375 1556630679191
512 915 373 1556630679199
512 916 372 1556630679207
512 917 371 1556630679215
512 919 371 1556630679222
512 921 369 1556630679231
512 923 369 1556630679239
512 924 368 1556630679247
512 925 368 1556630679312
512 928 368 1556630679319
512 931 368 1556630679327
512 933 367 1556630679335
512 935 367 1556630679351
513 935 367 1556630679468
514 935 367 1556630679534
512 935 368 1556630679542
512 933 371 1556630679550
512 932 372 1556630679567
513 932 372 1556630679730
514 932 372 1556630679792
512 928 375 1556630679864
512 927 377 1556630679871
512 920 380 1556630679894
512 916 384 1556630679894
512 911 387 1556630679902
512 897 393 1556630679910
512 880 404 1556630679918
512 863 413 1556630679926
512 840 423 1556630679935
512 823 429 1556630679943
512 807 437 1556630679951
512 795 441 1556630679959
512 785 445 1556630679967
512 779 448 1556630679976
512 773 451 1556630679984
512 772 451 1556630679992
512 769 451 1556630680047
512 765 451 1556630680055
512 756 448 1556630680064
512 743 447 1556630680071
512 721 445 1556630680079
512 700 441 1556630680087
512 673 439 1556630680095
512 645 433 1556630680103
512 617 429 1556630680111
512 600 427 1556630680119
512 583 424 1556630680128
512 569 423 1556630680136
512 559 421 1556630680143
512 552 419 1556630680151
512 547 417 1556630680160
512 545 416 1556630680168
512 543 416 1556630680176
512 541 416 1556630680191
512 539 415 1556630680200
512 537 415 1556630680208
512 535 413 1556630680225
512 533 413 1556630680231
512 531 412 1556630680240
512 529 411 1556630680247
512 527 411 1556630680256
512 523 408 1556630680264
512 520 407 1556630680272
512 519 407 1556630680279
512 517 407 1556630680287
512 516 404 1556630680295
512 515 404 1556630680303
512 513 401 1556630680319
512 511 401 1556630680327
512 508 397 1556630680335
512 507 397 1556630680343
512 504 395 1556630680351
512 501 395 1556630680360
512 500 392 1556630680367
512 497 391 1556630680375
512 495 388 1556630680383
512 492 385 1556630680400
512 491 384 1556630680408
512 489 383 1556630680416
512 488 381 1556630680423
512 487 380 1556630680431
512 485 379 1556630680439
512 484 379 1556630680448
512 483 377 1556630680456
512 481 377 1556630680471
512 481 376 1556630680487
512 480 376 1556630680504
513 480 376 1556630680594
514 480 376 1556630680679
512 480 377 1556630680735
512 481 379 1556630680743
512 483 381 1556630680750
512 487 387 1556630680768
512 488 389 1556630680774
512 491 393 1556630680783
512 493 396 1556630680790
512 495 399 1556630680799
512 497 401 1556630680807
512 503 409 1556630680815
512 509 416 1556630680823
512 515 424 1556630680830
512 524 433 1556630680839
512 536 441 1556630680847
512 548 452 1556630680855
512 559 463 1556630680863
512 575 471 1556630680872
512 585 479 1556630680880
512 595 484 1556630680887
512 600 485 1556630680896
512 603 488 1556630680904
512 604 489 1556630680911
512 605 491 1556630680919
512 607 495 1556630680927
512 608 500 1556630680936
512 608 505 1556630680943
512 608 512 1556630680952
512 608 520 1556630680959
512 608 527 1556630680967
512 608 535 1556630680976
512 605 543 1556630680983
512 604 548 1556630680992
512 603 553 1556630681000
512 599 565 1556630681008
512 596 569 1556630681015
512 593 577 1556630681024
512 592 581 1556630681031
512 592 585 1556630681039
512 591 588 1556630681048
512 589 592 1556630681056
512 588 595 1556630681063
512 588 599 1556630681071
512 587 601 1556630681080
512 585 604 1556630681087
512 585 605 1556630681096
512 585 608 1556630681103
512 585 609 1556630681111
512 585 611 1556630681120
512 584 613 1556630681128
512 584 616 1556630681135
512 584 617 1556630681143
512 584 620 1556630681151
512 583 621 1556630681159
512 583 625 1556630681168
512 581 627 1556630681176
512 581 629 1556630681184
512 580 632 1556630681192
512 579 633 1556630681199
512 577 636 1556630681208
512 577 637 1556630681215
512 576 639 1556630681224
512 575 640 1556630681231
512 575 643 1556630681239
512 575 645 1556630681247
512 572 645 1556630681256
512 572 647 1556630681263
512 572 648 1556630681271
512 571 649 1556630681312
512 569 649 1556630681319
512 568 649 1556630681327
512 567 649 1556630681344
512 567 651 1556630681359
512 565 651 1556630681368
512 564 651 1556630681415
512 563 651 1556630681431
512 561 651 1556630681439
512 560 649 1556630681448
512 557 648 1556630681456
512 557 647 1556630681464
512 556 647 1556630681495
513 556 647 1556630681546
514 556 647 1556630681624
512 556 645 1556630681712
512 557 645 1556630681735
512 559 644 1556630681743
512 559 643 1556630681751
512 560 640 1556630681768
512 568 627 1556630681793
512 572 617 1556630681799
512 577 609 1556630681807
512 583 601 1556630681814
512 587 593 1556630681823
512 589 585 1556630681830
512 593 576 1556630681839
512 597 567 1556630681847
512 603 557 1556630681855
512 605 549 1556630681863
512 611 536 1556630681871
512 613 525 1556630681879
512 615 515 1556630681887
512 615 505 1556630681895
512 616 495 1556630681903
512 619 484 1556630681912
512 620 471 1556630681920
512 621 460 1556630681927
512 621 447 1556630681936
512 624 433 1556630681944
512 624 421 1556630681952
512 624 408 1556630681960
512 624 395 1556630681968
512 624 384 1556630681976
512 624 371 1556630681984
512 624 363 1556630681992
512 625 353 1556630681999
512 625 344 1556630682008
512 625 339 1556630682016
512 625 331 1556630682024
512 627 324 1556630682031
512 628 315 1556630682040
512 629 309 1556630682047
512 632 301 1556630682055
512 635 295 1556630682063
512 636 288 1556630682072
512 641 281 1556630682080
512 643 277 1556630682088
512 647 271 1556630682096
512 649 264 1556630682103
512 653 259 1556630682112
512 656 252 1556630682119
512 657 248 1556630682129
512 660 241 1556630682136
512 661 239 1556630682144
512 663 237 1556630682151
512 664 233 1556630682160
512 665 231 1556630682168
512 667 229 1556630682184
512 668 229 1556630682192
512 669 229 1556630682208
512 672 228 1556630682224
512 673 228 1556630682232
512 675 228 1556630682239
512 677 227 1556630682247
512 680 225 1556630682264
512 683 224 1556630682272
512 685 224 1556630682279
512 685 223 1556630682287
512 688 223 1556630682295
512 689 223 1556630682303
512 689 220 1556630682336
512 692 220 1556630682343
512 695 219 1556630682351
512 697 217 1556630682359
512 700 216 1556630682367
512 700 215 1556630682377
512 703 213 1556630682383
512 703 212 1556630682399
512 704 212 1556630682407
512 704 211 1556630682423
513 704 211 1556630682553
512 705 211 1556630682598
514 705 211 1556630682631