512 697 209 1556630712655
512 697 219 1556630712664
512 695 229 1556630712684
512 695 243 1556630712687
512 695 259 1556630712695
512 695 275 1556630712703
512 697 287 1556630712711
512 701 300 1556630712718
512 705 311 1556630712726
512 711 324 1556630712735
512 717 337 1556630712743
512 725 347 1556630712750
512 732 359 1556630712759
512 739 369 1556630712767
512 745 381 1556630712776
512 753 395 1556630712782
512 765 412 1556630712790
512 772 428 1556630712799
512 781 445 1556630712807
512 793 467 1556630712815
512 804 487 1556630712823
512 813 501 1556630712832
512 821 516 1556630712840
512 829 528 1556630712848
512 837 537 1556630712856
512 844 547 1556630712863
512 849 551 1556630712871
512 853 556 1556630712880
512 855 560 1556630712888
512 856 561 1556630712896
512 857 564 1556630712903
512 859 564 1556630712912
512 859 565 1556630712920
512 861 567 1556630712936
512 860 568 1556630712992
512 859 569 1556630713000
512 855 572 1556630713007
512 851 575 1556630713016
512 848 577 1556630713023
512 843 580 1556630713031
512 840 583 1556630713040
512 837 587 1556630713047
512 835 589 1556630713056
512 831 592 1556630713063
512 829 596 1556630713071
512 828 600 1556630713079
512 827 601 1556630713088
512 825 605 1556630713096
512 825 607 1556630713103
512 824 611 1556630713112
512 824 613 1556630713120
512 824 616 1556630713135
512 824 619 1556630713144
512 825 620 1556630713151
512 825 621 1556630713159
512 827 624 1556630713167
512 827 625 1556630713175
512 829 627 1556630713183
512 831 628 1556630713192
512 832 628 1556630713207
512 833 629 1556630713217
512 835 629 1556630713224
512 836 629 1556630713231
512 836 631 1556630713245
512 839 631 1556630713247
512 839 632 1556630713255
512 840 632 1556630713271
512 841 632 1556630713287
513 841 632 1556630713369
512 839 633 1556630713463
514 839 633 1556630713463
512 837 633 1556630713487
512 837 635 1556630713495
512 835 635 1556630713519
512 835 640 1556630713555
512 835 641 1556630713574
513 835 641 1556630713658
514 835 641 1556630713735
512 835 640 1556630713750
512 833 639 1556630713759
512 833 637 1556630713767
512 833 636 1556630713774
512 833 635 1556630713793
512 833 633 1556630713799
512 832 631 1556630713807
512 831 627 1556630713815
512 828 621 1556630713823
512 825 612 1556630713831
512 820 601 1556630713839
512 816 592 1556630713847
512 811 579 1556630713855
512 805 565 1556630713863
512 801 555 1556630713871
512 797 547 1556630713879
512 795 537 1556630713887
512 792 528 1556630713896
512 789 519 1556630713903
512 785 509 1556630713911
512 783 501 1556630713919
512 780 495 1556630713927
512 776 485 1556630713936
512 771 477 1556630713943
512 761 468 1556630713951
512 748 457 1556630713960
512 735 447 1556630713966
512 715 433 1556630713975
512 689 420 1556630713983
512 663 409 1556630713992
512 632 392 1556630714001
512 601 380 1556630714007
512 568 367 1556630714016
512 548 361 1556630714024
512 532 356 1556630714032
512 521 355 1556630714040
512 519 355 1556630714048
512 517 355 1556630714056
512 516 355 1556630714063
512 515 355 1556630714111
512 512 355 1556630714119
512 507 359 1556630714127
512 504 361 1556630714135
512 503 364 1556630714144
512 500 367 1556630714151
512 497 372 1556630714160
512 497 373 1556630714167
512 496 375 1556630714176
512 496 376 1556630714184
512 495 377 1556630714191
512 493 379 1556630714200
512 492 379 1556630714207
512 492 380 1556630714216
512 491 381 1556630714224
512 489 381 1556630714231
512 488 383 1556630714240
512 487 383 1556630714248
512 484 384 1556630714256
512 483 384 1556630714263
512 480 385 1556630714271
512 479 385 1556630714279
512 476 385 1556630714296
512 475 385 1556630714311
512 473 385 1556630714320
512 472 385 1556630714327
512 471 385 1556630714335
513 471 385 1556630714402
514 471 385 1556630714463
512 471 384 1556630714511
512 472 384 1556630714527
512 473 384 1556630714535
512 475 384 1556630714551
512 477 384 1556630714560
512 491 383 1556630714586
512 496 383 1556630714591
512 501 383 1556630714599
512 511 383 1556630714607
512 519 383 1556630714614
512 528 383 1556630714623
512 539 383 1556630714631
512 553 383 1556630714639
512 561 383 1556630714647
512 569 383 1556630714655
512 575 383 1556630714663
512 583 381 1556630714672
512 589 381 1556630714680
512 596 381 1556630714687
512 603 381 1556630714695
512 607 381 1556630714703
512 609 381 1556630714711
512 611 381 1556630714719
512 612 381 1556630714728
512 612 380 1556630714775
512 611 379 1556630714783
512 604 376 1556630714791
512 596 372 1556630714800
512 584 368 1556630714807
512 568 364 1556630714815
512 551 361 1556630714823
512 537 359 1556630714832
512 524 357 1556630714840
512 513 357 1556630714847
512 508 357 1556630714855
512 505 357 1556630714864
512 504 357 1556630714871
512 503 357 1556630714880
512 503 359 1556630714888
512 501 359 1556630714896
512 500 359 1556630714904
512 497 361 1556630714919
512 497 363 1556630714927
512 496 363 1556630714936
512 495 364 1556630714944
512 495 365 1556630714952
512 495 368 1556630714968
512 493 368 1556630714976
512 493 369 1556630714984
512 493 371 1556630714992
512 493 372 1556630714999
512 493 375 1556630715007
512 493 377 1556630715015
512 493 379 1556630715023
512 492 381 1556630715031
512 491 384 1556630715038
512 489 387 1556630715046
512 488 387 1556630715055
512 488 388 1556630715063
512 487 389 1556630715071
512 485 389 1556630715079
512 484 388 1556630715104
512 481 388 1556630715111
512 479 385 1556630715120
512 477 384 1556630715128
512 475 381 1556630715141
512 473 381 1556630715143
512 471 380 1556630715151
512 471 379 1556630715159
512 471 377 1556630715176
513 471 377 1556630715235
512 471 376 1556630715281
512 472 376 1556630715286
512 473 376 1556630715294
514 473 376 1556630715326
512 475 376 1556630715383
512 475 377 1556630715391
512 477 377 1556630715399
512 481 381 1556630715421
512 485 381 1556630715422
512 487 384 1556630715431
512 489 384 1556630715439
512 493 387 1556630715447
512 497 388 1556630715454
512 503 389 1556630715462
512 509 391 1556630715470
512 516 392 1556630715479
512 520 392 1556630715486
512 523 392 1556630715495
512 524 392 1556630715503
512 525 392 1556630715528
512 528 389 1556630715585
512 535 381 1556630715592
512 543 368 1556630715600
512 553 353 1556630715608
512 563 340 1556630715615
512 575 328 1556630715624
512 584 316 1556630715631
512 592 305 1556630715639
512 603 296 1556630715648
512 615 284 1556630715656
512 623 279 1556630715663
512 627 275 1556630715672
512 628 273 1556630715679
512 631 271 1556630715688
512 632 268 1556630715703
512 633 268 1556630715711
512 636 265 1556630715719
512 639 264 1556630715727
512 641 261 1556630715735
512 644 260 1556630715743
512 645 259 1556630715750
512 647 257 1556630715759
512 651 256 1556630715767
512 651 255 1556630715775
512 652 255 1556630715791
512 652 253 1556630715799
512 653 251 1556630715823
512 655 251 1556630715832
512 656 248 1556630715839
512 657 248 1556630715848
512 660 247 1556630715855
512 660 245 1556630715863
512 664 244 1556630715871
512 667 241 1556630715880
512 668 241 1556630715888
512 669 240 1556630715896
512 671 239 1556630715903
512 672 237 1556630715911
512 675 237 1556630715919
512 676 236 1556630715927
512 677 235 1556630715943
512 677 233 1556630715952
512 679 232 1556630715959
512 680 232 1556630715968
512 681 231 1556630715975
512 684 228 1556630715983
512 687 227 1556630715992
512 688 225 1556630715999
512 691 223 1556630716007
512 692 223 1556630716015
512 693 221 1556630716023
512 695 221 1556630716032
512 697 220 1556630716040
512 699 220 1556630716047
512 699 219 1556630716056
512 700 219 1556630716063
512 700 217 1556630716103
513 700 217 1556630716161
514 700 217 1556630716247
512 699 221 1556630716335
512 697 224 1556630716342
512 696 229 1556630716364
512 696 232 1556630716366
512 696 236 1556630716374
512 696 240 1556630716382
512 696 243 1556630716391
512 696 248 1556630716398
512 696 253 1556630716407
512 699 259 1556630716414
512 700 265 1556630716422
512 704 273 1556630716430
512 708 279 1556630716439
512 713 291 1556630716447
512 723 301 1556630716455
512 735 317 1556630716462
512 747 336 1556630716471
512 761 352 1556630716478
512 788 372 1556630716487
512 807 385 1556630716495
512 817 393 1556630716503
512 828 400 1556630716510
512 835 403 1556630716519
512 839 404 1556630716526
512 840 404 1556630716535
512 840 405 1556630716542
512 841 405 1556630716551
512 843 405 1556630716590
512 845 405 1556630716598
512 848 405 1556630716607
512 853 405 1556630716615
512 857 404 1556630716623
512 861 403 1556630716631
512 865 401 1556630716639
512 871 400 1556630716647
512 875 400 1556630716656
512 879 397 1556630716663
512 880 396 1556630716672
512 881 396 1556630716679
512 883 395 1556630716687
512 884 395 1556630716696
512 885 393 1556630716703
512 888 393 1556630716711
512 889 392 1556630716719
512 891 389 1556630716728
512 893 389 1556630716736
512 895 389 1556630716743
512 899 388 1556630716753
512 901 387 1556630716759
512 904 387 1556630716767
512 907 387 1556630716775
512 908 385 1556630716783
512 911 384 1556630716792
512 912 384 1556630716800
512 913 384 1556630716808
512 915 384 1556630716816
512 915 383 1556630716823
512 916 381 1556630716832
512 919 381 1556630716848
512 919 380 1556630716856
512 921 380 1556630716864
512 923 377 1556630716871
512 924 377 1556630716880
512 925 377 1556630716896
512 925 376 1556630716903
512 925 375 1556630716912
512 927 375 1556630716944
513 927 375 1556630716978
514 927 375 1556630717095
512 924 375 1556630717143
512 924 376 1556630717152
512 923 376 1556630717159
512 921 377 1556630717168
512 920 379 1556630717207
512 917 380 1556630717215
512 917 381 1556630717223
512 916 383 1556630717231
512 915 385 1556630717238
512 915 388 1556630717247
512 913 391 1556630717255
512 912 395 1556630717263
512 911 399 1556630717272
512 909 405 1556630717280
512 907 411 1556630717287
512 903 419 1556630717295
512 899 428 1556630717303
512 891 440 1556630717310
512 879 452 1556630717318
512 865 464 1556630717327
512 845 477 1556630717335
512 816 496 1556630717343
512 788 509 1556630717350
512 765 520 1556630717359
512 731 536 1556630717368
512 711 545 1556630717376
512 691 553 1556630717384
512 675 561 1556630717391
512 661 568 1556630717400
512 653 572 1556630717407
512 647 579 1556630717416
512 644 581 1556630717423
512 641 584 1556630717431
512 640 587 1556630717439
512 636 588 1556630717447
512 636 589 1556630717455
512 633 591 1556630717463
512 633 592 1556630717471
512 631 593 1556630717480
512 628 595 1556630717487
512 624 595 1556630717495
512 623 596 1556630717503
512 620 599 1556630717511
512 619 599 1556630717528
512 616 600 1556630717537
512 615 601 1556630717552
512 615 603 1556630717583
512 613 605 1556630717591
512 613 609 1556630717600
512 612 612 1556630717607
512 611 616 1556630717615
512 608 619 1556630717623
512 604 623 1556630717631
512 603 625 1556630717639
512 600 627 1556630717647
512 596 631 1556630717656
512 595 632 1556630717663
512 592 635 1556630717672
512 589 636 1556630717679
512 589 637 1556630717688
512 587 640 1556630717695
512 584 641 1556630717703
512 583 641 1556630717711
512 580 643 1556630717719
512 577 643 1556630717728
512 576 644 1556630717736
512 573 644 1556630717743
512 571 644 1556630717752
512 569 644 1556630717768
512 565 645 1556630717776
512 564 647 1556630717799
512 563 647 1556630717815
512 561 647 1556630717832
512 560 647 1556630717847
512 559 647 1556630717880
513 559 647 1556630717962
514 559 647 1556630718023
512 560 647 1556630718104
512 560 645 1556630718112
512 563 645 1556630718128
512 564 645 1556630718143
512 584 641 1556630718180
512 593 639 1556630718182
512 605 632 1556630718190
512 615 628 1556630718199
512 627 624 1556630718207
512 639 616 1556630718215
512 653 608 1556630718223
512 665 597 1556630718230
512 675 589 1556630718239
512 687 584 1556630718247
512 700 577 1556630718255
512 715 573 1556630718263
512 727 573 1556630718271
512 737 572 1556630718280
512 744 572 1556630718287
512 751 572 1556630718295
512 753 573 1556630718304
512 755 573 1556630718312
512 756 575 1556630718320
512 757 576 1556630718327
512 757 579 1556630718335
512 759 581 1556630718343
512 761 585 1556630718351
512 761 589 1556630718360
512 765 596 1556630718367
512 768 600 1556630718376
512 772 605 1556630718383
512 775 609 1556630718391
512 779 615 1556630718399
512 781 617 1556630718407
512 785 619 1556630718415
512 788 620 1556630718423
512 789 621 1556630718431
512 791 623 1556630718439
512 792 623 1556630718448
512 793 623 1556630718472
512 793 624 1556630718480
512 795 624 1556630718487
512 796 625 1556630718504
512 799 627 1556630718512
512 800 627 1556630718520
512 803 627 1556630718527
512 804 629 1556630718536
512 805 629 1556630718544
512 808 629 1556630718552
512 811 629 1556630718559
512 813 629 1556630718568
512 815 631 1556630718575
512 817 632 1556630718584
512 820 632 1556630718591
512 821 633 1556630718607
512 823 633 1556630718615
512 824 635 1556630718631
512 825 635 1556630718655
512 827 635 1556630718664
512 828 635 1556630718672
512 829 636 1556630718687
512 831 636 1556630718695
512 832 636 1556630718704
512 833 636 1556630718720
513 833 636 1556630718819
514 833 636 1556630718910
512 832 637 1556630718919
512 831 637 1556630718951
512 829 639 1556630718991
512 829 635 1556630719143
512 831 625 1556630719151
512 841 576 1556630719187
512 843 564 1556630719190
512 844 552 1556630719199
512 844 541 1556630719207
512 844 529 1556630719214
512 844 515 1556630719223
512 844 503 1556630719230
512 844 496 1556630719238
512 844 489 1556630719246
512 845 483 1556630719255
512 849 475 1556630719263
512 852 468 1556630719271
512 856 460 1556630719279
512 860 455 1556630719287
512 864 448 1556630719295
512 869 440 1556630719303
512 875 433 1556630719311
512 877 428 1556630719319
512 881 423 1556630719327
512 885 419 1556630719335
512 888 413 1556630719343
512 891 411 1556630719351
512 891 407 1556630719359
512 893 403 1556630719368
512 896 400 1556630719376
512 896 397 1556630719384
512 897 395 1556630719392
512 899 392 1556630719399
512 901 389 1556630719408
512 903 388 1556630719416
512 903 385 1556630719423
512 905 385 1556630719431
512 907 383 1556630719439
512 908 383 1556630719448
512 909 381 1556630719456
512 911 380 1556630719463
512 912 377 1556630719471
512 913 375 1556630719487
512 915 373 1556630719495
512 915 372 1556630719505
512 916 371 1556630719511
512 917 371 1556630719520
512 917 369 1556630719528
512 920 368 1556630719543
512 921 368 1556630719559
512 921 367 1556630719567
512 923 367 1556630719654
513 923 367 1556630719711
514 923 367 1556630719791
512 923 369 1556630719863
512 923 371 1556630719879
512 923 373 1556630719888
512 923 377 1556630719924
512 923 379 1556630719926
512 921 380 1556630719935
512 920 383 1556630719943
512 919 385 1556630719950
512 917 387 1556630719959
512 913 388 1556630719967
512 912 391 1556630719975
512 911 392 1556630719983
512 908 393 1556630719990
512 905 395 1556630719999
512 904 396 1556630720007
512 900 397 1556630720015
512 896 397 1556630720024
512 892 399 1556630720031
512 888 400 1556630720039
512 881 401 1556630720048
512 872 401 1556630720055
512 860 405 1556630720063
512 851 408 1556630720072
512 845 411 1556630720080
512 843 412 1556630720088
512 844 412 1556630720136
512 847 412 1556630720144
512 853 412 1556630720152
512 857 412 1556630720159
512 864 409 1556630720167
512 869 405 1556630720175
512 877 405 1556630720183
512 885 403 1556630720191
512 891 401 1556630720200
512 899 397 1556630720207
512 904 395 1556630720215
512 908 395 1556630720224
512 913 392 1556630720232
512 917 391 1556630720239
512 920 388 1556630720247
512 923 387 1556630720255
512 925 385 1556630720264
512 927 383 1556630720271
512 928 383 1556630720280
512 928 381 1556630720289
512 929 381 1556630720295
512 931 381 1556630720328
512 932 381 1556630720334
512 932 380 1556630720343
513 932 380 1556630720409
514 932 380 1556630720503
512 931 380 1556630720567
512 931 381 1556630720575
512 928 381 1556630720583
512 927 383 1556630720631
512 925 384 1556630720652
512 924 384 1556630720655
512 924 385 1556630720671
512 921 387 1556630720718
512 913 389 1556630720727
512 901 393 1556630720735
512 883 400 1556630720742
512 853 408 1556630720751
512 823 420 1556630720759
512 795 427 1556630720767
512 755 436 1556630720776
512 727 444 1556630720783
512 699 447 1556630720791
512 672 449 1556630720799
512 644 449 1556630720807
512 621 449 1556630720815
512 605 451 1556630720824
512 593 451 1556630720831
512 585 451 1556630720840
512 581 451 1556630720848
512 577 449 1556630720855
512 576 449 1556630720864
512 573 448 1556630720872
512 572 447 1556630720880
512 571 447 1556630720888
512 569 447 1556630720904
512 568 445 1556630720911
512 567 445 1556630720920
512 567 444 1556630720927
512 565 443 1556630720936
512 564 443 1556630720943
512 563 440 1556630720952
512 561 439 1556630720959
512 559 436 1556630720975
512 557 436 1556630720984
512 557 435 1556630720991
512 555 433 1556630721007
512 555 432 1556630721015
512 552 428 1556630721024
512 549 427 1556630721031
512 547 424 1556630721039
512 543 421 1556630721047
512 539 419 1556630721055
512 535 416 1556630721064
512 527 413 1556630721073
512 517 408 1556630721080
512 507 403 1556630721088
512 496 400 1556630721096
512 485 392 1556630721103
512 472 389 1556630721111
512 464 385 1556630721119
512 456 381 1556630721128
512 455 381 1556630721136
512 453 381 1556630721143
512 452 380 1556630721152
512 451 380 1556630721159
512 451 379 1556630721199
512 453 379 1556630721280
512 455 379 1556630721287
512 457 379 1556630721295
512 461 379 1556630721303
512 464 379 1556630721311
512 467 379 1556630721319
512 469 379 1556630721335
512 472 379 1556630721343
512 473 379 1556630721350
512 475 379 1556630721359
512 476 379 1556630721367
512 477 379 1556630721376
512 479 379 1556630721399
513 479 379 1556630721450
514 479 379 1556630721543
512 479 380 1556630721704
512 480 380 1556630721711
512 481 380 1556630721720
512 483 381 1556630721728
512 485 383 1556630721743
512 489 387 1556630721781
512 496 395 1556630721782
512 501 404 1556630721791
512 511 416 1556630721799
512 517 427 1556630721807
512 523 439 1556630721815
512 527 449 1556630721822
512 531 457 1556630721830
512 532 468 1556630721838
512 535 477 1556630721846
512 535 488 1556630721855
512 537 501 1556630721863
512 539 512 1556630721871
512 543 525 1556630721879
512 545 536 1556630721887
512 547 547 1556630721895
512 547 552 1556630721904
512 548 559 1556630721911
512 548 564 1556630721919
512 548 568 1556630721928
512 548 571 1556630721936
512 548 572 1556630721943
512 548 575 1556630721951
512 548 577 1556630721959
512 548 580 1556630721968
512 548 583 1556630721976
512 548 584 1556630721983
512 548 585 1556630721991
512 548 588 1556630721999
512 548 589 1556630722007
512 548 591 1556630722015
512 548 593 1556630722024
512 548 597 1556630722032
512 548 601 1556630722040
512 548 603 1556630722047
512 548 607 1556630722057
512 548 611 1556630722064
512 548 615 1556630722071
512 548 619 1556630722080
512 548 621 1556630722087
512 548 623 1556630722095
512 549 627 1556630722103
512 551 628 1556630722119
512 551 629 1556630722129
512 552 632 1556630722136
512 553 633 1556630722143
512 553 635 1556630722151
512 553 636 1556630722160
512 555 637 1556630722167
512 555 639 1556630722175
512 555 640 1556630722184
512 556 641 1556630722191
512 557 643 1556630722200
512 557 644 1556630722207
513 557 644 1556630722305
514 557 644 1556630722383
512 557 641 1556630722455
512 557 640 1556630722471
512 559 639 1556630722480
512 569 619 1556630722515
512 576 609 1556630722518
512 581 601 1556630722527
512 591 595 1556630722535
512 603 585 1556630722543
512 612 580 1556630722550
512 625 575 1556630722559
512 640 567 1556630722567
512 655 557 1556630722575
512 668 549 1556630722583
512 683 541 1556630722591
512 696 533 1556630722598
512 708 523 1556630722607
512 719 511 1556630722616
512 725 497 1556630722624
512 733 483 1556630722631
512 736 471 1556630722639
512 737 457 1556630722647
512 737 445 1556630722655
512 737 436 1556630722662
512 735 425 1556630722671
512 728 411 1556630722679
512 725 399 1556630722688
512 717 387 1556630722696
512 711 376 1556630722703
512 707 364 1556630722712
512 704 355 1556630722720
512 701 345 1556630722728
512 699 339 1556630722735
512 697 328 1556630722744
512 695 315 1556630722751
512 691 305 1556630722760
512 687 296 1556630722768
512 683 285 1556630722776
512 680 279 1556630722784
512 677 273 1556630722791
512 677 269 1556630722800
512 676 265 1556630722807
512 675 264 1556630722816
512 675 263 1556630722824
512 675 260 1556630722831
512 673 260 1556630722840
512 673 257 1556630722847
512 673 256 1556630722855
512 673 253 1556630722863
512 673 251 1556630722872
512 673 248 1556630722887
512 673 247 1556630722904
512 673 243 1556630722911
512 675 240 1556630722920
512 675 239 1556630722927
512 679 233 1556630722936
512 679 231 1556630722943
512 681 229 1556630722951
512 683 227 1556630722959
512 684 225 1556630722967
512 687 221 1556630722975
512 689 220 1556630722984
512 689 219 1556630722992
512 692 217 1556630722999
512 693 216 1556630723007
512 695 215 1556630723015
512 696 213 1556630723024
512 696 212 1556630723032
512 696 211 1556630723048
512 697 211 1556630723055
512 697 209 1556630723063
512 697 208 1556630723072
512 699 207 1556630723080
512 699 205 1556630723088
513 699 205 1556630723170
514 699 205 1556630723263
