512 700 216 1556655300301
512 700 219 1556655300310
512 701 223 1556655300332
512 701 224 1556655300335
512 701 225 1556655300358
512 701 227 1556655300366
512 701 228 1556655300374
512 701 229 1556655300390
512 705 231 1556655300398
512 705 232 1556655300406
512 707 236 1556655300413
512 709 240 1556655300422
512 712 244 1556655300430
512 716 251 1556655300438
512 720 260 1556655300446
512 729 272 1556655300454
512 739 291 1556655300461
512 745 308 1556655300470
512 755 329 1556655300478
512 763 349 1556655300486
512 769 371 1556655300493
512 776 393 1556655300502
512 783 415 1556655300510
512 791 432 1556655300518
512 797 453 1556655300526
512 803 465 1556655300534
512 807 480 1556655300542
512 808 489 1556655300550
512 809 503 1556655300558
512 811 515 1556655300566
512 811 525 1556655300574
512 811 537 1556655300582
512 809 547 1556655300589
512 807 556 1556655300599
512 804 563 1556655300606
512 803 567 1556655300613
512 801 571 1556655300622
512 800 573 1556655300629
512 800 577 1556655300638
512 800 579 1556655300646
512 800 580 1556655300703
512 801 581 1556655300710
512 803 583 1556655300719
512 804 584 1556655300725
512 805 587 1556655300735
512 807 589 1556655300742
512 807 592 1556655300749
512 808 595 1556655300757
512 809 599 1556655300766
512 811 601 1556655300774
512 812 605 1556655300782
512 815 607 1556655300790
512 816 609 1556655300797
512 817 611 1556655300806
512 820 615 1556655300814
512 823 620 1556655300822
512 824 624 1556655300830
512 827 632 1556655300838
512 828 635 1556655300846
512 829 639 1556655300854
512 831 641 1556655300861
512 832 645 1556655300870
512 833 645 1556655300877
512 833 647 1556655300886
513 833 647 1556655301032
514 833 647 1556655301119
512 833 644 1556655301230
512 831 640 1556655301238
512 828 617 1556655301263
512 828 611 1556655301270
512 827 603 1556655301277
512 825 592 1556655301287
512 824 581 1556655301294
512 821 569 1556655301302
512 817 559 1556655301310
512 813 548 1556655301318
512 808 537 1556655301327
512 801 529 1556655301334
512 791 521 1556655301342
512 777 512 1556655301350
512 761 507 1556655301359
512 740 499 1556655301366
512 712 492 1556655301374
512 684 487 1556655301382
512 652 483 1556655301391
512 627 481 1556655301398
512 607 480 1556655301405
512 584 475 1556655301413
512 568 472 1556655301422
512 555 469 1556655301430
512 547 468 1556655301438
512 545 468 1556655301446
512 545 467 1556655301478
512 544 465 1556655301503
512 541 463 1556655301510
512 536 459 1556655301518
512 529 455 1556655301526
512 524 451 1556655301534
512 521 449 1556655301542
512 520 448 1556655301551
512 519 447 1556655301558
512 519 445 1556655301566
512 516 443 1556655301574
512 515 440 1556655301590
512 513 436 1556655301598
512 512 433 1556655301606
512 511 431 1556655301614
512 508 425 1556655301622
512 505 420 1556655301629
512 504 416 1556655301639
512 500 413 1556655301646
512 499 411 1556655301661
512 497 411 1556655301671
512 495 411 1556655301678
512 495 408 1556655301686
512 493 407 1556655301703
512 492 405 1556655301719
512 491 404 1556655301726
512 489 404 1556655301734
512 488 401 1556655301742
512 485 400 1556655301750
512 483 397 1556655301758
512 481 393 1556655301766
512 480 392 1556655301774
512 479 389 1556655301782
512 476 387 1556655301790
512 475 384 1556655301798
512 473 383 1556655301806
512 472 381 1556655301814
512 471 380 1556655301838
512 471 379 1556655301846
512 471 377 1556655301870
513 471 377 1556655301952
514 471 377 1556655302014
512 472 379 1556655302078
512 477 380 1556655302087
512 485 383 1556655302111
512 488 383 1556655302118
512 492 383 1556655302126
512 495 383 1556655302134
512 500 383 1556655302142
512 507 381 1556655302149
512 516 379 1556655302158
512 524 377 1556655302165
512 532 375 1556655302174
512 540 373 1556655302182
512 545 371 1556655302191
512 549 369 1556655302198
512 555 365 1556655302206
512 557 365 1556655302213
512 560 364 1556655302222
512 563 361 1556655302230
512 567 359 1556655302238
512 569 356 1556655302246
512 571 353 1556655302254
512 575 348 1556655302262
512 579 343 1556655302270
512 581 337 1556655302278
512 589 327 1556655302286
512 593 316 1556655302294
512 599 307 1556655302303
512 605 299 1556655302310
512 611 292 1556655302318
512 616 285 1556655302326
512 621 277 1556655302334
512 624 273 1556655302343
512 629 267 1556655302350
512 635 263 1556655302358
512 636 257 1556655302366
512 640 253 1556655302374
512 647 248 1556655302382
512 652 245 1556655302391
512 655 241 1556655302398
512 657 239 1556655302406
512 660 236 1556655302413
512 665 235 1556655302422
512 667 232 1556655302430
512 669 231 1556655302438
512 673 228 1556655302446
512 675 227 1556655302454
512 676 224 1556655302462
512 680 223 1556655302470
512 681 221 1556655302478
512 683 220 1556655302487
512 684 220 1556655302494
512 687 220 1556655302606
512 689 220 1556655302613
512 689 219 1556655302622
512 691 219 1556655302630
512 692 216 1556655302694
512 693 216 1556655302702
512 693 215 1556655302710
512 695 213 1556655302718
512 696 213 1556655302725
512 696 212 1556655302749
513 696 212 1556655302792
514 696 212 1556655302862
512 695 212 1556655302910
512 695 213 1556655302943
512 696 215 1556655302950
512 699 215 1556655302957
512 703 219 1556655302966
512 707 223 1556655302988
512 709 227 1556655302990
512 711 228 1556655302998
512 713 231 1556655303006
512 716 235 1556655303014
512 719 237 1556655303021
512 719 241 1556655303030
512 721 244 1556655303038
512 723 247 1556655303046
512 725 251 1556655303054
512 729 257 1556655303062
512 735 265 1556655303070
512 741 279 1556655303078
512 749 295 1556655303087
512 763 315 1556655303094
512 775 336 1556655303103
512 791 361 1556655303111
512 800 373 1556655303118
512 812 381 1556655303126
512 819 387 1556655303134
512 821 389 1556655303142
512 823 389 1556655303149
512 824 389 1556655303182
512 828 388 1556655303198
512 832 387 1556655303206
512 836 384 1556655303214
512 843 380 1556655303222
512 847 377 1556655303230
512 853 376 1556655303239
512 857 372 1556655303246
512 860 371 1556655303254
512 864 368 1556655303262
512 865 367 1556655303271
512 867 367 1556655303278
512 868 365 1556655303286
512 871 365 1556655303301
512 873 365 1556655303310
512 875 365 1556655303318
512 879 365 1556655303326
512 883 365 1556655303335
512 887 365 1556655303342
512 891 365 1556655303350
512 893 365 1556655303358
512 897 365 1556655303366
512 901 367 1556655303374
512 905 368 1556655303382
512 908 369 1556655303390
512 911 372 1556655303397
512 913 372 1556655303406
512 916 375 1556655303414
512 919 376 1556655303423
512 920 377 1556655303430
512 923 379 1556655303439
512 923 380 1556655303446
512 927 380 1556655303454
512 928 381 1556655303471
512 929 381 1556655303478
512 931 383 1556655303486
513 931 383 1556655303600
514 931 383 1556655303679
512 929 383 1556655303734
512 928 383 1556655303750
512 925 383 1556655303758
512 923 383 1556655303782
512 920 383 1556655303783
512 919 383 1556655303806
512 916 383 1556655303886
512 903 383 1556655303894
512 885 383 1556655303902
512 861 389 1556655303909
512 835 401 1556655303918
512 804 413 1556655303926
512 783 425 1556655303934
512 763 436 1556655303942
512 749 443 1556655303950
512 739 452 1556655303958
512 732 457 1556655303967
512 729 463 1556655303974
512 727 467 1556655303982
512 725 473 1556655303989
512 723 477 1556655303998
512 716 489 1556655304006
512 712 497 1556655304014
512 707 505 1556655304022
512 699 519 1556655304029
512 693 528 1556655304038
512 685 541 1556655304046
512 680 551 1556655304054
512 672 559 1556655304062
512 668 567 1556655304070
512 663 573 1556655304079
512 655 580 1556655304086
512 652 584 1556655304094
512 647 589 1556655304102
512 644 592 1556655304110
512 641 595 1556655304117
512 639 596 1556655304125
512 637 596 1556655304134
512 637 597 1556655304143
512 636 597 1556655304150
512 633 599 1556655304166
512 631 601 1556655304174
512 627 601 1556655304182
512 623 605 1556655304190
512 616 609 1556655304197
512 609 613 1556655304206
512 604 616 1556655304214
512 597 621 1556655304222
512 589 627 1556655304230
512 584 631 1556655304239
512 580 636 1556655304246
512 576 640 1556655304255
512 571 645 1556655304262
512 568 649 1556655304271
512 565 652 1556655304278
512 563 656 1556655304285
512 561 657 1556655304294
512 560 659 1556655304302
512 559 661 1556655304310
512 557 663 1556655304318
512 556 663 1556655304398
512 555 663 1556655304438
512 555 661 1556655304455
512 555 660 1556655304462
512 555 656 1556655304471
512 555 653 1556655304478
512 555 652 1556655304494
512 555 651 1556655304511
513 555 651 1556655304687
514 555 651 1556655304766
512 555 645 1556655304903
512 557 632 1556655304926
512 563 627 1556655304934
512 572 621 1556655304942
512 579 616 1556655304950
512 581 611 1556655304958
512 592 607 1556655304966
512 597 605 1556655304974
512 605 604 1556655304982
512 609 604 1556655304990
512 615 604 1556655304998
512 625 609 1556655305006
512 640 615 1556655305014
512 663 624 1556655305021
512 681 631 1556655305030
512 696 637 1556655305038
512 717 647 1556655305046
512 736 652 1556655305055
512 747 656 1556655305063
512 755 657 1556655305069
512 759 657 1556655305078
512 760 657 1556655305086
512 761 657 1556655305158
512 764 657 1556655305166
512 765 657 1556655305174
512 769 657 1556655305182
512 773 656 1556655305190
512 783 656 1556655305197
512 788 655 1556655305206
512 796 652 1556655305214
512 801 652 1556655305222
512 808 652 1556655305230
512 813 651 1556655305238
512 817 649 1556655305246
512 821 648 1556655305255
512 824 647 1556655305262
512 827 647 1556655305270
512 829 647 1556655305278
512 831 647 1556655305286
512 832 647 1556655305293
512 835 645 1556655305301
512 839 645 1556655305309
512 841 645 1556655305318
512 844 645 1556655305326
512 845 645 1556655305334
512 848 645 1556655305341
512 849 645 1556655305358
512 851 645 1556655305366
513 851 645 1556655305471
514 851 645 1556655305527
512 849 645 1556655305550
512 848 645 1556655305566
512 848 647 1556655305598
512 847 647 1556655305614
512 845 647 1556655305638
512 841 644 1556655305661
512 839 643 1556655305678
512 836 641 1556655305687
512 836 636 1556655305694
512 833 631 1556655305701
512 831 624 1556655305710
512 831 619 1556655305718
512 831 615 1556655305726
512 831 613 1556655305734
512 831 612 1556655305741
512 831 608 1556655305750
512 833 608 1556655305758
512 835 608 1556655305807
512 836 608 1556655305814
512 839 609 1556655305830
512 840 611 1556655305838
512 843 615 1556655305846
512 843 620 1556655305854
512 845 629 1556655305862
512 848 639 1556655305869
512 851 645 1556655305878
512 852 649 1556655305886
512 852 652 1556655305894
512 853 653 1556655305902
512 853 656 1556655305910
512 855 656 1556655305949
513 855 656 1556655306000
512 853 656 1556655306038
512 849 655 1556655306046
514 849 655 1556655306102
512 844 653 1556655306102
512 843 652 1556655306103
513 843 652 1556655306184
514 843 652 1556655306255
512 844 652 1556655306382
512 847 651 1556655306391
512 849 649 1556655306397
512 856 644 1556655306422
512 860 643 1556655306430
512 863 640 1556655306438
512 864 637 1556655306446
512 865 636 1556655306454
512 867 636 1556655306462
512 867 635 1556655306470
512 867 632 1556655306487
512 867 627 1556655306494
512 868 620 1556655306502
512 868 609 1556655306509
512 869 599 1556655306518
512 869 589 1556655306526
512 872 580 1556655306534
512 875 569 1556655306542
512 880 559 1556655306550
512 885 547 1556655306558
512 889 533 1556655306565
512 899 520 1556655306574
512 904 511 1556655306582
512 909 501 1556655306590
512 913 491 1556655306598
512 919 483 1556655306607
512 923 475 1556655306614
512 925 463 1556655306622
512 929 455 1556655306630
512 932 448 1556655306638
512 935 440 1556655306646
512 937 432 1556655306654
512 939 427 1556655306662
512 944 417 1556655306670
512 947 409 1556655306678
512 948 403 1556655306686
512 949 395 1556655306694
512 951 388 1556655306702
512 952 385 1556655306710
512 952 381 1556655306718
512 952 379 1556655306726
512 952 377 1556655306734
512 952 373 1556655306743
512 952 372 1556655306751
512 952 371 1556655306758
512 952 369 1556655306766
512 951 369 1556655306774
512 949 369 1556655306790
512 948 368 1556655306806
512 947 368 1556655306823
512 945 368 1556655306830
512 945 367 1556655306837
512 944 367 1556655306846
512 941 367 1556655306853
512 940 367 1556655306862
512 939 367 1556655306870
512 937 367 1556655306878
512 936 367 1556655306886
512 935 367 1556655306894
512 932 367 1556655306902
512 932 368 1556655306910
512 931 369 1556655306918
512 929 369 1556655306926
512 929 371 1556655306934
512 928 371 1556655306941
513 928 371 1556655307016
514 928 371 1556655307102
512 927 373 1556655307174
512 923 381 1556655307182
512 913 400 1556655307206
512 908 408 1556655307214
512 901 415 1556655307222
512 897 421 1556655307231
512 892 428 1556655307238
512 884 433 1556655307246
512 876 437 1556655307254
512 871 441 1556655307262
512 864 445 1556655307270
512 856 451 1556655307278
512 848 455 1556655307286
512 844 457 1556655307294
512 839 459 1556655307302
512 836 460 1556655307310
512 835 460 1556655307318
512 831 460 1556655307326
512 825 460 1556655307333
512 817 459 1556655307343
512 804 455 1556655307349
512 791 452 1556655307358
512 771 444 1556655307366
512 745 435 1556655307374
512 716 425 1556655307382
512 681 412 1556655307392
512 656 403 1556655307398
512 629 396 1556655307406
512 612 391 1556655307414
512 596 387 1556655307422
512 580 384 1556655307430
512 568 381 1556655307437
512 557 381 1556655307446
512 547 381 1556655307455
512 540 381 1556655307462
512 532 379 1556655307469
512 524 377 1556655307477
512 519 377 1556655307486
512 512 375 1556655307494
512 508 373 1556655307502
512 503 372 1556655307509
512 500 372 1556655307518
512 499 369 1556655307525
512 496 369 1556655307533
512 495 369 1556655307542
512 493 369 1556655307638
512 492 369 1556655307646
512 491 369 1556655307654
512 489 369 1556655307661
512 488 369 1556655307669
512 485 369 1556655307678
512 484 369 1556655307686
512 483 369 1556655307694
512 481 369 1556655307710
512 480 372 1556655307726
512 479 372 1556655307733
512 477 372 1556655307750
512 477 373 1556655307766
512 476 373 1556655307774
512 475 373 1556655307798
512 473 373 1556655307814
513 473 373 1556655307872
514 473 373 1556655307943
512 472 373 1556655307966
512 472 375 1556655307974
512 472 376 1556655307982
512 473 377 1556655307990
512 475 377 1556655307997
512 476 380 1556655308006
512 483 383 1556655308030
512 485 385 1556655308038
512 489 385 1556655308046
512 496 387 1556655308053
512 501 387 1556655308062
512 509 389 1556655308070
512 517 389 1556655308078
512 529 389 1556655308086
512 541 389 1556655308094
512 553 389 1556655308101
512 567 388 1556655308110
512 576 387 1556655308118
512 583 385 1556655308127
512 587 385 1556655308134
512 589 385 1556655308144
512 591 385 1556655308149
512 592 385 1556655308158
512 595 388 1556655308174
512 596 393 1556655308182
512 600 404 1556655308191
512 604 413 1556655308198
512 607 425 1556655308206
512 609 439 1556655308214
512 611 451 1556655308222
512 611 461 1556655308231
512 611 475 1556655308239
512 611 488 1556655308247
512 609 501 1556655308254
512 607 512 1556655308262
512 600 523 1556655308270
512 596 535 1556655308277
512 591 548 1556655308285
512 585 559 1556655308294
512 580 568 1556655308302
512 577 576 1556655308310
512 576 583 1556655308319
512 575 587 1556655308327
512 573 592 1556655308333
512 572 593 1556655308342
512 572 596 1556655308350
512 572 597 1556655308358
512 569 599 1556655308366
512 569 600 1556655308375
512 569 601 1556655308382
512 568 603 1556655308391
512 567 604 1556655308398
512 567 607 1556655308414
512 567 608 1556655308422
512 565 612 1556655308430
512 565 613 1556655308437
512 565 615 1556655308447
512 565 616 1556655308454
512 565 617 1556655308462
512 565 619 1556655308469
512 565 620 1556655308478
512 567 621 1556655308494
512 568 624 1556655308502
512 568 625 1556655308511
512 569 627 1556655308517
512 569 629 1556655308526
512 569 632 1556655308533
512 569 635 1556655308542
512 568 636 1556655308550
512 567 639 1556655308558
512 564 641 1556655308566
512 564 643 1556655308575
512 563 645 1556655308582
512 561 645 1556655308590
512 560 645 1556655308629
512 560 647 1556655308638
512 560 648 1556655308670
512 559 648 1556655308678
513 559 648 1556655308712
514 559 648 1556655308775
512 559 647 1556655308902
512 560 645 1556655308910
512 563 643 1556655308917
512 571 633 1556655308940
512 575 624 1556655308942
512 583 617 1556655308950
512 591 611 1556655308959
512 600 604 1556655308966
512 617 596 1556655308975
512 635 587 1556655308982
512 649 576 1556655308991
512 664 567 1556655308998
512 676 555 1556655309006
512 688 544 1556655309015
512 696 529 1556655309022
512 703 517 1556655309030
512 708 505 1556655309037
512 711 489 1556655309046
512 713 472 1556655309054
512 713 453 1556655309062
512 713 429 1556655309069
512 713 407 1556655309078
512 713 381 1556655309086
512 713 360 1556655309094
512 713 340 1556655309101
512 712 320 1556655309109
512 709 300 1556655309118
512 705 284 1556655309126
512 703 265 1556655309134
512 699 252 1556655309143
512 696 241 1556655309150
512 695 231 1556655309158
512 692 225 1556655309166
512 691 216 1556655309174
512 691 212 1556655309182
512 689 209 1556655309190
512 689 208 1556655309206
512 691 208 1556655309342
512 692 208 1556655309350
512 696 208 1556655309358
512 697 208 1556655309367
512 699 208 1556655309382
513 699 208 1556655309439
514 699 208 1556655309510