512 699 211 1556655309583
512 699 213 1556655309589
512 699 228 1556655309616
512 703 237 1556655309622
512 707 244 1556655309630
512 711 249 1556655309637
512 715 257 1556655309646
512 717 263 1556655309653
512 720 267 1556655309662
512 727 272 1556655309669
512 729 273 1556655309678
512 732 279 1556655309686
512 735 283 1556655309694
512 739 289 1556655309702
512 745 292 1556655309710
512 751 303 1556655309718
512 755 312 1556655309725
512 761 323 1556655309733
512 768 336 1556655309743
512 773 351 1556655309750
512 780 372 1556655309758
512 787 397 1556655309766
512 793 420 1556655309774
512 803 443 1556655309782
512 809 461 1556655309790
512 815 477 1556655309798
512 820 491 1556655309806
512 825 504 1556655309815
512 828 515 1556655309821
512 832 524 1556655309830
512 835 533 1556655309838
512 836 543 1556655309846
512 837 551 1556655309854
512 837 561 1556655309862
512 837 568 1556655309870
512 839 575 1556655309878
512 840 580 1556655309886
512 841 585 1556655309894
512 841 591 1556655309902
512 843 595 1556655309909
512 843 599 1556655309918
512 843 601 1556655309926
512 844 603 1556655309934
512 844 604 1556655309942
512 844 608 1556655309950
512 844 609 1556655309959
512 844 612 1556655309966
512 844 613 1556655309974
512 844 616 1556655309982
512 844 617 1556655309990
512 843 619 1556655309998
512 843 621 1556655310007
512 843 623 1556655310038
512 841 623 1556655310046
512 841 624 1556655310054
512 841 625 1556655310062
512 841 627 1556655310070
512 841 629 1556655310078
512 841 633 1556655310085
512 841 636 1556655310094
512 841 639 1556655310102
512 841 640 1556655310110
512 841 641 1556655310118
512 841 643 1556655310143
513 841 643 1556655310199
514 841 643 1556655310279
512 840 643 1556655310318
512 839 643 1556655310326
512 839 640 1556655310333
512 839 639 1556655310358
512 839 637 1556655310366
512 839 632 1556655310388
512 839 627 1556655310390
512 840 615 1556655310398
512 843 604 1556655310406
512 844 593 1556655310414
512 844 581 1556655310422
512 844 571 1556655310430
512 844 561 1556655310438
512 844 553 1556655310446
512 844 549 1556655310454
512 843 545 1556655310461
512 843 541 1556655310469
512 840 540 1556655310477
512 840 536 1556655310486
512 839 532 1556655310494
512 837 527 1556655310502
512 835 520 1556655310510
512 829 512 1556655310518
512 824 508 1556655310526
512 815 500 1556655310534
512 807 497 1556655310542
512 799 492 1556655310549
512 789 487 1556655310558
512 779 481 1556655310566
512 767 477 1556655310574
512 755 472 1556655310582
512 740 464 1556655310590
512 724 459 1556655310598
512 705 452 1556655310606
512 692 447 1556655310614
512 673 440 1556655310622
512 656 436 1556655310630
512 639 427 1556655310637
512 620 419 1556655310646
512 604 412 1556655310654
512 589 407 1556655310662
512 577 403 1556655310670
512 565 397 1556655310678
512 560 393 1556655310685
512 553 391 1556655310694
512 549 387 1556655310702
512 545 387 1556655310710
512 541 384 1556655310718
512 539 383 1556655310726
512 536 381 1556655310734
512 533 380 1556655310742
512 529 379 1556655310750
512 525 379 1556655310758
512 521 376 1556655310766
512 517 373 1556655310774
512 513 372 1556655310782
512 511 372 1556655310790
512 509 371 1556655310798
512 508 371 1556655310814
512 507 371 1556655310830
512 505 371 1556655310838
512 504 371 1556655310846
512 503 371 1556655310854
512 501 371 1556655310862
512 500 371 1556655310870
512 497 371 1556655310878
512 496 371 1556655310886
512 493 373 1556655310895
512 492 373 1556655310902
512 489 373 1556655310910
512 488 373 1556655310918
512 487 375 1556655310926
512 485 375 1556655310933
512 483 375 1556655310942
512 481 376 1556655310950
512 480 377 1556655310959
512 477 377 1556655310982
512 476 380 1556655310989
512 475 380 1556655310998
513 475 380 1556655311072
514 475 380 1556655311135
512 476 381 1556655311182
512 479 383 1556655311190
512 480 383 1556655311198
512 488 385 1556655311222
512 489 385 1556655311230
512 493 387 1556655311238
512 496 388 1556655311246
512 500 389 1556655311253
512 501 389 1556655311262
512 505 389 1556655311270
512 509 389 1556655311278
512 513 389 1556655311286
512 519 389 1556655311295
512 521 389 1556655311302
512 527 388 1556655311311
512 532 385 1556655311318
512 536 385 1556655311326
512 539 383 1556655311334
512 543 380 1556655311342
512 545 377 1556655311350
512 553 373 1556655311357
512 561 371 1556655311366
512 569 367 1556655311374
512 579 360 1556655311382
512 587 355 1556655311390
512 595 349 1556655311397
512 603 344 1556655311406
512 609 337 1556655311414
512 616 333 1556655311422
512 623 327 1556655311430
512 627 321 1556655311438
512 632 316 1556655311446
512 635 312 1556655311453
512 639 305 1556655311462
512 644 300 1556655311470
512 649 295 1556655311478
512 652 288 1556655311486
512 656 284 1556655311494
512 661 280 1556655311502
512 664 276 1556655311510
512 667 272 1556655311518
512 668 271 1556655311527
512 671 267 1556655311534
512 671 265 1556655311542
512 673 264 1556655311550
512 673 263 1556655311558
512 676 260 1556655311566
512 677 257 1556655311574
512 679 255 1556655311582
512 680 252 1556655311590
512 683 249 1556655311597
512 684 248 1556655311606
512 685 244 1556655311614
512 687 241 1556655311622
512 687 240 1556655311630
512 689 237 1556655311637
512 691 233 1556655311645
512 691 232 1556655311655
512 692 232 1556655311662
512 692 229 1556655311670
512 693 227 1556655311678
512 693 225 1556655311686
512 695 223 1556655311694
512 696 220 1556655311702
512 696 217 1556655311710
512 696 215 1556655311726
512 696 213 1556655311735
512 696 211 1556655311750
512 696 209 1556655311766
513 696 209 1556655311904
514 696 209 1556655311982
512 699 216 1556655312046
512 707 236 1556655312071
512 711 244 1556655312078
512 713 248 1556655312086
512 716 252 1556655312094
512 717 256 1556655312102
512 724 263 1556655312110
512 728 271 1556655312118
512 735 281 1556655312126
512 741 292 1556655312133
512 748 305 1556655312142
512 756 315 1556655312150
512 764 325 1556655312158
512 771 336 1556655312166
512 777 344 1556655312174
512 783 349 1556655312182
512 787 353 1556655312190
512 791 356 1556655312198
512 793 360 1556655312206
512 800 365 1556655312214
512 805 371 1556655312222
512 813 375 1556655312230
512 823 380 1556655312238
512 833 385 1556655312247
512 845 389 1556655312254
512 857 393 1556655312262
512 868 395 1556655312270
512 883 397 1556655312278
512 896 399 1556655312286
512 907 400 1556655312294
512 916 401 1556655312302
512 923 404 1556655312310
512 927 404 1556655312318
512 929 404 1556655312327
512 931 404 1556655312342
512 932 403 1556655312422
512 935 401 1556655312431
512 936 400 1556655312438
512 939 396 1556655312446
512 940 395 1556655312453
512 943 392 1556655312462
512 944 389 1556655312469
512 944 387 1556655312486
512 944 385 1556655312502
512 944 384 1556655312582
512 943 384 1556655312590
512 941 383 1556655312598
512 939 383 1556655312605
512 937 383 1556655312615
512 936 380 1556655312622
512 933 380 1556655312630
512 932 380 1556655312638
512 931 379 1556655312654
512 929 379 1556655312678
513 929 379 1556655312744
514 929 379 1556655312822
512 929 381 1556655312886
512 927 387 1556655312895
512 920 403 1556655312918
512 919 408 1556655312926
512 917 413 1556655312934
512 916 417 1556655312942
512 916 420 1556655312951
512 915 421 1556655312958
512 915 424 1556655312965
512 915 428 1556655312974
512 911 432 1556655312983
512 911 436 1556655312990
512 909 440 1556655312998
512 907 443 1556655313005
512 905 447 1556655313014
512 901 453 1556655313021
512 899 460 1556655313030
512 893 469 1556655313038
512 885 477 1556655313046
512 877 484 1556655313053
512 867 492 1556655313062
512 853 499 1556655313070
512 840 508 1556655313079
512 824 515 1556655313085
512 808 523 1556655313095
512 791 528 1556655313102
512 772 540 1556655313110
512 756 547 1556655313118
512 735 555 1556655313126
512 707 565 1556655313133
512 680 580 1556655313142
512 648 599 1556655313150
512 620 613 1556655313158
512 592 629 1556655313166
512 564 643 1556655313174
512 544 653 1556655313182
512 527 663 1556655313190
512 515 669 1556655313198
512 508 676 1556655313206
512 503 679 1556655313214
512 497 681 1556655313222
512 495 685 1556655313230
512 493 687 1556655313238
512 491 689 1556655313246
512 489 691 1556655313253
512 487 692 1556655313262
512 485 692 1556655313278
512 484 692 1556655313286
512 484 693 1556655313294
512 483 693 1556655313302
512 484 693 1556655313366
512 487 688 1556655313374
512 493 681 1556655313382
512 503 675 1556655313390
512 511 669 1556655313398
512 519 667 1556655313406
512 524 663 1556655313414
512 529 660 1556655313422
512 533 660 1556655313430
512 537 657 1556655313438
512 539 655 1556655313446
512 541 653 1556655313454
512 544 652 1556655313462
512 547 651 1556655313470
512 549 649 1556655313478
512 552 648 1556655313485
512 555 647 1556655313494
512 557 645 1556655313501
512 559 645 1556655313514
512 560 644 1556655313517
512 563 644 1556655313534
513 563 644 1556655313640
514 563 644 1556655313718
512 561 644 1556655313742
512 560 644 1556655313758
512 559 644 1556655313782
512 557 644 1556655313789
512 557 645 1556655313815
512 559 645 1556655313838
512 560 645 1556655313854
512 561 645 1556655313862
512 563 644 1556655313870
512 565 643 1556655313879
512 568 641 1556655313886
512 572 637 1556655313894
512 576 635 1556655313902
512 581 631 1556655313909
512 589 627 1556655313918
512 599 621 1556655313926
512 608 613 1556655313934
512 620 609 1556655313942
512 631 603 1556655313950
512 641 600 1556655313957
512 657 600 1556655313966
512 672 600 1556655313973
512 683 604 1556655313982
512 696 609 1556655313990
512 705 615 1556655313998
512 716 619 1556655314006
512 724 624 1556655314014
512 733 629 1556655314022
512 743 635 1556655314031
512 751 640 1556655314038
512 757 644 1556655314047
512 763 647 1556655314054
512 765 648 1556655314062
512 769 648 1556655314070
512 771 649 1556655314078
512 772 649 1556655314086
512 772 651 1556655314094
512 773 651 1556655314110
512 775 651 1556655314118
512 776 651 1556655314126
512 779 651 1556655314134
512 781 651 1556655314142
512 785 651 1556655314150
512 789 651 1556655314158
512 793 651 1556655314166
512 796 651 1556655314173
512 799 651 1556655314182
512 801 649 1556655314190
512 803 648 1556655314198
512 804 648 1556655314206
512 805 648 1556655314214
512 808 647 1556655314222
512 811 645 1556655314230
512 813 645 1556655314245
512 816 645 1556655314254
512 819 643 1556655314262
512 821 643 1556655314270
512 823 641 1556655314278
512 827 641 1556655314285
512 828 640 1556655314295
512 829 639 1556655314302
512 831 637 1556655314309
512 833 636 1556655314318
512 835 636 1556655314374
512 835 635 1556655314382
512 836 635 1556655314398
512 837 635 1556655314422
513 837 635 1556655314463
512 839 633 1556655314491
514 839 633 1556655314535
512 839 635 1556655314622
512 837 635 1556655314630
512 836 633 1556655314686
512 835 629 1556655314695
512 828 611 1556655314719
512 825 607 1556655314726
512 824 605 1556655314734
512 823 605 1556655314742
512 821 605 1556655314798
512 821 604 1556655314805
512 819 603 1556655314813
512 820 605 1556655314879
512 823 611 1556655314886
512 827 613 1556655314894
512 829 616 1556655314903
512 832 620 1556655314910
512 835 621 1556655314917
512 837 623 1556655314926
512 839 624 1556655314934
512 839 625 1556655314941
512 839 627 1556655314950
512 839 629 1556655314974
512 839 632 1556655314990
512 839 633 1556655314998
512 839 635 1556655315006
512 839 636 1556655315014
512 839 637 1556655315022
513 839 637 1556655315055
514 839 637 1556655315135
512 839 639 1556655315150
512 839 641 1556655315158
512 839 643 1556655315174
512 840 645 1556655315198
512 840 644 1556655315397
512 840 640 1556655315406
512 841 636 1556655315414
512 847 627 1556655315421
512 855 617 1556655315430
512 863 607 1556655315438
512 869 595 1556655315445
512 879 579 1556655315454
512 887 567 1556655315462
512 891 555 1556655315470
512 896 544 1556655315478
512 899 537 1556655315485
512 901 529 1556655315494
512 903 524 1556655315502
512 904 517 1556655315509
512 905 512 1556655315518
512 909 508 1556655315526
512 911 503 1556655315534
512 913 497 1556655315542
512 916 491 1556655315549
512 920 485 1556655315557
512 924 479 1556655315566
512 927 472 1556655315574
512 929 468 1556655315582
512 933 464 1556655315589
512 935 457 1556655315598
512 935 453 1556655315605
512 936 449 1556655315613
512 936 445 1556655315622
512 937 441 1556655315630
512 937 437 1556655315637
512 937 432 1556655315646
512 937 428 1556655315653
512 937 424 1556655315662
512 936 421 1556655315670
512 936 417 1556655315678
512 933 412 1556655315685
512 931 407 1556655315694
512 931 404 1556655315702
512 929 400 1556655315710
512 929 397 1556655315717
512 929 393 1556655315725
512 929 391 1556655315733
512 929 388 1556655315742
512 929 387 1556655315750
512 929 385 1556655315757
512 929 381 1556655315765
512 929 380 1556655315773
512 929 377 1556655315781
512 929 375 1556655315790
512 929 373 1556655315798
513 929 373 1556655315910
514 929 373 1556655315982
512 928 373 1556655316070
512 923 373 1556655316078
512 911 379 1556655316098
512 907 380 1556655316102
512 900 383 1556655316110
512 896 385 1556655316117
512 888 389 1556655316125
512 880 393 1556655316133
512 873 399 1556655316141
512 863 404 1556655316150
512 856 411 1556655316157
512 849 416 1556655316166
512 843 423 1556655316174
512 836 425 1556655316182
512 832 431 1556655316189
512 827 433 1556655316197
512 823 435 1556655316205
512 819 436 1556655316214
512 815 436 1556655316222
512 811 436 1556655316230
512 805 436 1556655316237
512 799 436 1556655316247
512 789 436 1556655316253
512 780 435 1556655316263
512 769 433 1556655316270
512 755 431 1556655316277
512 736 428 1556655316286
512 720 423 1556655316293
512 700 417 1556655316302
512 677 409 1556655316310
512 652 403 1556655316318
512 627 395 1556655316326
512 600 388 1556655316334
512 572 383 1556655316342
512 551 377 1556655316350
512 533 373 1556655316358
512 517 369 1556655316365
512 501 368 1556655316374
512 485 367 1556655316382
512 472 365 1556655316390
512 460 365 1556655316397
512 449 365 1556655316406
512 439 365 1556655316414
512 431 365 1556655316422
512 427 365 1556655316430
512 425 365 1556655316438
512 427 365 1556655316574
512 428 367 1556655316582
512 429 367 1556655316590
512 432 367 1556655316598
512 435 368 1556655316605
512 437 369 1556655316614
512 440 371 1556655316622
512 443 371 1556655316630
512 444 372 1556655316638
512 445 372 1556655316646
512 447 372 1556655316654
512 448 373 1556655316661
512 449 373 1556655316670
512 451 375 1556655316678
512 453 375 1556655316686
512 456 375 1556655316702
512 457 375 1556655316710
512 460 375 1556655316717
512 463 376 1556655316725
512 464 376 1556655316734
512 467 377 1556655316742
512 468 377 1556655316750
512 468 379 1556655316758
512 469 379 1556655316766
512 471 379 1556655316774
513 471 379 1556655316840
514 471 379 1556655316934
512 472 379 1556655317047
512 476 379 1556655317054
512 484 379 1556655317076
512 489 379 1556655317078
512 496 379 1556655317086
512 504 377 1556655317093
512 513 376 1556655317102
512 519 375 1556655317110
512 523 373 1556655317118
512 528 372 1556655317125
512 529 372 1556655317134
512 529 371 1556655317143
512 531 371 1556655317166
512 532 377 1556655317174
512 535 387 1556655317182
512 537 399 1556655317190
512 541 409 1556655317198
512 544 424 1556655317206
512 547 435 1556655317214
512 548 448 1556655317222
512 548 464 1556655317231
512 551 475 1556655317238
512 551 483 1556655317247
512 551 492 1556655317254
512 551 505 1556655317262
512 552 516 1556655317270
512 552 524 1556655317279
512 553 537 1556655317286
512 555 547 1556655317294
512 556 555 1556655317302
512 559 561 1556655317310
512 560 565 1556655317318
512 561 569 1556655317326
512 563 572 1556655317334
512 563 576 1556655317341
512 563 577 1556655317350
512 563 580 1556655317358
512 563 581 1556655317366
512 563 585 1556655317373
512 563 588 1556655317382
512 563 591 1556655317390
512 563 592 1556655317398
512 561 595 1556655317406
512 561 597 1556655317414
512 561 599 1556655317422
512 561 600 1556655317431
512 561 601 1556655317438
512 561 603 1556655317462
512 561 604 1556655317479
512 561 607 1556655317485
512 561 609 1556655317493
512 561 612 1556655317502
512 561 615 1556655317510
512 561 617 1556655317518
512 561 620 1556655317526
512 560 623 1556655317534
512 559 624 1556655317542
512 559 625 1556655317550
512 559 628 1556655317558
512 559 629 1556655317574
512 559 631 1556655317599
512 557 631 1556655317606
512 557 632 1556655317614
512 557 635 1556655317622
512 557 636 1556655317630
512 557 637 1556655317638
512 557 639 1556655317646
512 557 640 1556655317654
512 557 641 1556655317662
513 557 641 1556655317695
512 556 641 1556655317767
514 556 641 1556655317790
512 553 641 1556655317798
512 552 641 1556655317814
512 551 641 1556655317837
512 551 640 1556655317845
512 551 639 1556655317878
512 549 639 1556655317886
512 549 637 1556655317893
512 549 636 1556655317909
512 549 633 1556655317918
512 551 631 1556655317926
512 552 625 1556655317933
512 555 623 1556655317942
512 556 617 1556655317950
512 557 612 1556655317958
512 560 604 1556655317966
512 563 597 1556655317973
512 565 589 1556655317982
512 567 584 1556655317990
512 568 580 1556655317999
512 569 577 1556655318005
512 572 575 1556655318014
512 572 571 1556655318022
512 575 563 1556655318030
512 576 553 1556655318038
512 577 541 1556655318046
512 579 527 1556655318054
512 580 509 1556655318062
512 583 493 1556655318070
512 585 475 1556655318077
512 588 452 1556655318086
512 592 432 1556655318094
512 595 412 1556655318102
512 596 392 1556655318109
512 599 376 1556655318119
512 604 360 1556655318126
512 607 348 1556655318134
512 612 337 1556655318141
512 615 328 1556655318150
512 619 320 1556655318158
512 623 312 1556655318166
512 624 308 1556655318173
512 627 301 1556655318183
512 631 297 1556655318190
512 635 291 1556655318198
512 637 287 1556655318206
512 641 281 1556655318215
512 645 276 1556655318222
512 649 269 1556655318230
512 651 265 1556655318238
512 653 260 1556655318246
512 655 259 1556655318254
512 656 256 1556655318262
512 659 255 1556655318342
512 663 252 1556655318350
512 664 251 1556655318358
512 667 248 1556655318365
512 671 247 1556655318374
512 673 244 1556655318383
512 676 243 1556655318390
512 679 239 1556655318398
512 681 236 1556655318407
512 683 235 1556655318414
512 684 231 1556655318422
512 684 229 1556655318430
512 685 229 1556655318438
512 685 227 1556655318446
512 687 225 1556655318454
512 688 223 1556655318462
512 691 221 1556655318470
512 691 220 1556655318478
512 691 217 1556655318487
512 693 216 1556655318493
512 693 215 1556655318502
512 695 215 1556655318510
512 695 212 1556655318518
512 696 212 1556655318534
512 696 211 1556655318541
512 697 211 1556655318550
512 697 209 1556655318565
513 697 209 1556655318623
514 697 209 1556655318710