512 704 213 1556739858377
512 705 216 1556739858384
512 711 225 1556739858393
512 723 240 1556739858411
512 733 247 1556739858416
512 741 256 1556739858425
512 747 265 1556739858433
512 752 275 1556739858439
512 761 287 1556739858448
512 765 296 1556739858456
512 771 305 1556739858464
512 775 315 1556739858472
512 779 321 1556739858481
512 779 325 1556739858488
512 780 331 1556739858496
512 783 336 1556739858505
512 784 341 1556739858513
512 785 349 1556739858521
512 785 357 1556739858529
512 785 371 1556739858537
512 785 381 1556739858545
512 785 392 1556739858553
512 785 404 1556739858560
512 785 415 1556739858569
512 785 429 1556739858577
512 785 443 1556739858585
512 785 456 1556739858593
512 784 469 1556739858602
512 784 484 1556739858609
512 784 499 1556739858617
512 785 515 1556739858624
512 785 527 1556739858634
512 787 537 1556739858641
512 789 552 1556739858650
512 791 563 1556739858658
512 793 572 1556739858665
512 796 581 1556739858673
512 797 591 1556739858681
512 799 597 1556739858689
512 800 601 1556739858697
512 800 607 1556739858705
512 800 611 1556739858713
512 800 612 1556739858722
512 803 615 1556739858729
512 803 617 1556739858736
512 804 619 1556739858745
512 807 621 1556739858753
512 807 623 1556739858761
512 809 624 1556739858769
512 809 625 1556739858777
512 811 627 1556739858785
512 811 628 1556739858793
512 812 628 1556739858833
512 813 628 1556739858841
512 815 628 1556739858858
512 817 631 1556739858873
512 820 631 1556739858881
512 823 631 1556739858889
512 825 631 1556739858897
512 827 632 1556739858905
512 829 632 1556739858913
512 831 633 1556739858921
512 832 633 1556739858937
512 832 635 1556739859009
512 833 635 1556739859017
512 835 635 1556739859113
512 836 635 1556739859153
512 836 636 1556739859161
512 839 637 1556739859177
512 840 637 1556739859192
512 840 639 1556739859208
513 840 639 1556739859267
514 840 639 1556739859352
512 839 637 1556739859424
512 835 635 1556739859432
512 833 625 1556739859457
512 832 623 1556739859464
512 831 620 1556739859472
512 829 616 1556739859480
512 829 612 1556739859488
512 828 605 1556739859496
512 824 596 1556739859505
512 817 584 1556739859512
512 815 573 1556739859520
512 811 564 1556739859529
512 805 556 1556739859537
512 801 551 1556739859545
512 799 544 1556739859553
512 795 540 1556739859561
512 791 535 1556739859569
512 783 529 1556739859577
512 771 521 1556739859584
512 757 512 1556739859593
512 743 501 1556739859602
512 728 493 1556739859609
512 712 484 1556739859617
512 695 473 1556739859625
512 677 464 1556739859633
512 663 453 1556739859642
512 649 444 1556739859649
512 636 433 1556739859657
512 623 425 1556739859664
512 613 421 1556739859673
512 603 415 1556739859681
512 595 408 1556739859689
512 587 405 1556739859697
512 579 401 1556739859705
512 571 399 1556739859712
512 567 395 1556739859722
512 560 391 1556739859729
512 557 389 1556739859737
512 553 388 1556739859745
512 547 387 1556739859753
512 541 383 1556739859761
512 536 381 1556739859768
512 533 380 1556739859777
512 531 379 1556739859784
512 528 377 1556739859889
512 525 377 1556739859897
512 525 376 1556739859905
512 523 376 1556739859929
512 517 375 1556739859936
512 511 375 1556739859945
512 504 375 1556739859953
512 496 375 1556739859960
512 489 375 1556739859969
512 485 375 1556739859977
512 484 375 1556739859985
512 483 375 1556739859993
512 481 375 1556739860257
512 479 377 1556739860264
512 477 377 1556739860297
512 476 377 1556739860305
512 475 379 1556739860313
512 473 379 1556739860321
513 473 379 1556739860394
514 473 379 1556739860464
512 475 380 1556739860528
512 477 383 1556739860537
512 479 383 1556739860544
512 481 383 1556739860567
512 483 383 1556739860568
512 485 384 1556739860577
512 489 385 1556739860584
512 497 388 1556739860593
512 504 388 1556739860601
512 513 388 1556739860608
512 519 389 1556739860615
512 528 389 1556739860625
512 536 389 1556739860632
512 544 389 1556739860640
512 560 384 1556739860648
512 576 377 1556739860657
512 592 371 1556739860664
512 609 363 1556739860673
512 620 356 1556739860681
512 632 348 1556739860689
512 641 340 1556739860697
512 648 332 1556739860705
512 653 324 1556739860713
512 657 316 1556739860721
512 663 309 1556739860728
512 668 300 1556739860737
512 672 291 1556739860745
512 677 283 1556739860753
512 683 275 1556739860761
512 688 268 1556739860769
512 692 261 1556739860777
512 697 257 1556739860785
512 699 252 1556739860793
512 701 251 1556739860801
512 703 249 1556739860809
512 704 247 1556739860817
512 707 244 1556739860832
512 707 243 1556739860841
512 707 241 1556739860921
512 707 235 1556739860930
512 707 229 1556739860937
512 707 224 1556739860945
512 707 220 1556739860953
512 707 219 1556739860961
512 707 216 1556739860968
512 707 215 1556739860976
512 707 213 1556739860985
512 707 212 1556739860993
513 707 212 1556739861226
514 707 212 1556739861296
512 707 213 1556739861400
512 707 220 1556739861409
512 707 231 1556739861427
512 707 237 1556739861432
512 708 243 1556739861440
512 709 251 1556739861448
512 712 259 1556739861456
512 713 265 1556739861464
512 715 273 1556739861472
512 717 281 1556739861480
512 720 288 1556739861488
512 725 299 1556739861496
512 729 308 1556739861504
512 736 319 1556739861513
512 741 329 1556739861521
512 748 340 1556739861529
512 753 349 1556739861537
512 760 356 1556739861545
512 768 364 1556739861553
512 775 369 1556739861560
512 781 375 1556739861568
512 785 379 1556739861576
512 791 380 1556739861584
512 793 383 1556739861592
512 797 384 1556739861600
512 799 385 1556739861608
512 803 385 1556739861616
512 807 387 1556739861624
512 809 388 1556739861633
512 813 388 1556739861641
512 819 388 1556739861649
512 825 388 1556739861656
512 833 388 1556739861665
512 841 388 1556739861673
512 851 388 1556739861682
512 857 388 1556739861688
512 865 388 1556739861696
512 873 388 1556739861704
512 880 388 1556739861712
512 885 388 1556739861720
512 891 388 1556739861728
512 893 388 1556739861737
512 897 387 1556739861745
512 899 387 1556739861785
512 900 387 1556739861810
512 903 387 1556739861817
512 904 387 1556739861825
512 905 387 1556739861833
512 908 387 1556739861841
512 909 387 1556739861857
512 912 387 1556739861873
512 913 387 1556739861905
512 915 387 1556739861913
512 916 387 1556739861921
512 919 385 1556739861928
512 921 384 1556739861936
512 923 384 1556739861944
512 925 383 1556739861953
512 929 381 1556739861960
512 931 380 1556739861969
512 932 379 1556739861976
512 935 379 1556739861985
512 936 379 1556739862025
513 936 379 1556739862139
514 936 379 1556739862200
512 935 379 1556739862329
512 929 381 1556739862337
512 919 391 1556739862370
512 917 395 1556739862377
512 916 397 1556739862384
512 913 399 1556739862392
512 911 400 1556739862400
512 907 407 1556739862408
512 900 412 1556739862417
512 888 421 1556739862424
512 880 431 1556739862432
512 868 441 1556739862440
512 856 451 1556739862448
512 839 463 1556739862456
512 825 471 1556739862464
512 815 481 1556739862473
512 801 491 1556739862481
512 788 499 1556739862489
512 776 508 1556739862497
512 767 517 1556739862505
512 753 527 1556739862512
512 741 537 1556739862521
512 729 545 1556739862529
512 720 553 1556739862537
512 712 560 1556739862544
512 701 569 1556739862553
512 696 573 1556739862561
512 691 576 1556739862569
512 689 579 1556739862577
512 685 580 1556739862585
512 680 584 1556739862594
512 675 587 1556739862602
512 667 591 1556739862609
512 659 593 1556739862617
512 648 595 1556739862625
512 639 596 1556739862633
512 628 597 1556739862641
512 619 597 1556739862649
512 615 597 1556739862657
512 612 599 1556739862665
512 611 600 1556739862673
512 609 600 1556739862681
512 609 601 1556739862689
512 608 601 1556739862697
512 607 603 1556739862713
512 605 604 1556739862721
512 599 607 1556739862729
512 588 611 1556739862737
512 577 615 1556739862745
512 567 619 1556739862753
512 556 624 1556739862761
512 548 628 1556739862769
512 545 631 1556739862778
512 545 632 1556739862793
512 547 632 1556739862809
512 548 633 1556739862817
512 548 636 1556739862833
512 548 637 1556739862849
512 547 640 1556739862857
512 545 641 1556739862865
512 545 644 1556739862873
512 547 644 1556739862985
512 548 644 1556739863001
512 549 644 1556739863065
512 551 644 1556739863081
512 552 644 1556739863089
512 553 644 1556739863106
512 555 644 1556739863113
512 556 644 1556739863185
512 557 644 1556739863217
513 557 644 1556739863236
514 557 644 1556739863304
512 556 644 1556739863344
512 553 643 1556739863352
512 552 636 1556739863360
512 549 616 1556739863381
512 549 609 1556739863384
512 551 600 1556739863392
512 552 591 1556739863400
512 557 576 1556739863408
512 564 565 1556739863416
512 571 549 1556739863424
512 575 540 1556739863432
512 579 528 1556739863441
512 580 520 1556739863448
512 583 507 1556739863457
512 587 496 1556739863465
512 591 483 1556739863472
512 597 468 1556739863481
512 604 453 1556739863488
512 611 440 1556739863497
512 617 425 1556739863505
512 623 413 1556739863513
512 628 404 1556739863520
512 628 397 1556739863529
512 629 393 1556739863537
512 629 389 1556739863545
512 629 387 1556739863553
512 631 387 1556739863561
512 632 391 1556739863609
512 636 401 1556739863617
512 643 416 1556739863625
512 648 429 1556739863633
512 652 443 1556739863641
512 659 452 1556739863649
512 665 465 1556739863657
512 671 472 1556739863665
512 683 480 1556739863673
512 693 489 1556739863681
512 705 495 1556739863689
512 720 504 1556739863696
512 736 511 1556739863705
512 751 517 1556739863713
512 765 524 1556739863721
512 780 532 1556739863729
512 792 539 1556739863737
512 804 547 1556739863744
512 809 549 1556739863753
512 815 552 1556739863761
512 816 555 1556739863769
512 819 557 1556739863777
512 820 561 1556739863785
512 820 563 1556739863793
512 821 565 1556739863801
512 823 568 1556739863809
512 823 571 1556739863817
512 824 572 1556739863824
512 824 575 1556739863833
512 825 576 1556739863841
512 825 577 1556739863849
512 825 581 1556739863857
512 825 585 1556739863865
512 825 592 1556739863873
512 825 600 1556739863882
512 825 607 1556739863888
512 825 611 1556739863897
512 825 615 1556739863905
512 825 617 1556739863913
512 825 620 1556739863920
512 827 623 1556739863928
512 827 625 1556739863937
512 827 628 1556739863946
512 828 631 1556739863953
512 829 633 1556739863961
512 829 636 1556739863969
512 831 639 1556739863977
512 832 639 1556739863984
512 832 640 1556739863992
512 833 643 1556739864000
512 836 643 1556739864024
512 837 643 1556739864056
512 837 644 1556739864065
512 839 644 1556739864073
512 840 644 1556739864081
512 841 644 1556739864098
512 844 644 1556739864113
512 845 644 1556739864129
512 845 645 1556739864153
512 844 645 1556739864337
513 844 645 1556739864379
514 844 645 1556739864408
512 840 643 1556739864440
512 839 639 1556739864448
512 837 633 1556739864471
512 836 631 1556739864472
512 833 627 1556739864480
512 828 623 1556739864488
512 825 619 1556739864497
512 821 613 1556739864504
512 812 607 1556739864512
512 805 599 1556739864520
512 793 592 1556739864528
512 784 581 1556739864536
512 772 575 1556739864544
512 760 565 1556739864552
512 749 557 1556739864561
512 736 547 1556739864569
512 724 536 1556739864577
512 707 525 1556739864585
512 695 512 1556739864593
512 685 505 1556739864602
512 679 500 1556739864609
512 676 492 1556739864616
512 675 492 1556739864625
512 675 488 1556739864632
512 673 487 1556739864641
512 675 481 1556739864649
512 681 473 1556739864657
512 691 465 1556739864665
512 704 457 1556739864672
512 721 448 1556739864681
512 731 441 1556739864689
512 739 435 1556739864697
512 751 428 1556739864705
512 760 423 1556739864713
512 769 417 1556739864721
512 777 413 1556739864729
512 784 411 1556739864737
512 789 407 1556739864746
512 800 401 1556739864753
512 809 397 1556739864761
512 821 393 1556739864769
512 835 388 1556739864777
512 847 384 1556739864785
512 859 377 1556739864793
512 871 373 1556739864801
512 880 368 1556739864809
512 888 365 1556739864817
512 897 363 1556739864825
512 901 360 1556739864832
512 908 359 1556739864841
512 912 357 1556739864849
512 915 356 1556739864857
512 920 355 1556739864865
512 923 353 1556739864873
512 925 352 1556739864881
512 928 352 1556739864889
512 928 351 1556739864912
512 932 352 1556739865017
512 940 356 1556739865025
512 940 357 1556739865032
512 943 357 1556739865041
512 943 359 1556739865049
512 947 360 1556739865057
512 947 361 1556739865064
512 945 363 1556739865225
512 941 364 1556739865232
512 940 365 1556739865241
512 939 367 1556739865248
512 937 367 1556739865257
512 936 367 1556739865265
512 935 369 1556739865273
512 933 369 1556739865281
512 932 371 1556739865289
512 931 372 1556739865297
512 929 373 1556739865305
512 929 375 1556739865321
512 928 376 1556739865330
513 928 376 1556739865418
514 928 376 1556739865504
512 927 377 1556739865625
512 919 383 1556739865633
512 875 412 1556739865671
512 867 417 1556739865672
512 859 421 1556739865681
512 855 428 1556739865688
512 851 429 1556739865696
512 847 433 1556739865704
512 841 437 1556739865712
512 837 441 1556739865720
512 833 443 1556739865729
512 827 447 1556739865736
512 819 449 1556739865744
512 808 453 1556739865753
512 799 453 1556739865760
512 787 453 1556739865768
512 771 453 1556739865777
512 756 453 1556739865785
512 740 452 1556739865793
512 724 451 1556739865801
512 707 448 1556739865809
512 691 447 1556739865817
512 675 445 1556739865825
512 660 441 1556739865832
512 645 440 1556739865841
512 631 440 1556739865850
512 617 439 1556739865857
512 604 437 1556739865865
512 589 436 1556739865873
512 579 436 1556739865881
512 571 435 1556739865889
512 560 431 1556739865897
512 551 428 1556739865905
512 544 425 1556739865913
512 536 423 1556739865921
512 532 421 1556739865930
512 524 420 1556739865938
512 516 417 1556739865945
512 512 415 1556739865953
512 508 413 1556739865961
512 504 412 1556739865969
512 499 411 1556739865977
512 495 408 1556739865984
512 492 407 1556739865993
512 485 405 1556739866001
512 477 403 1556739866009
512 473 401 1556739866017
512 472 400 1556739866025
512 467 397 1556739866033
512 464 396 1556739866041
512 464 395 1556739866049
512 461 393 1556739866056
512 460 392 1556739866089
512 460 389 1556739866098
512 460 385 1556739866105
512 460 381 1556739866113
512 460 379 1556739866129
512 460 377 1556739866145
512 460 376 1556739866153
512 460 375 1556739866161
512 460 373 1556739866169
512 461 372 1556739866177
512 463 371 1556739866185
512 464 368 1556739866193
512 465 368 1556739866201
512 468 367 1556739866217
512 471 367 1556739866225
512 473 365 1556739866233
512 476 365 1556739866241
512 477 365 1556739866257
512 479 365 1556739866265
512 480 367 1556739866273
512 481 367 1556739866281
512 481 369 1556739866497
512 477 373 1556739866514
512 475 376 1556739866521
512 473 379 1556739866537
512 472 379 1556739866545
512 471 380 1556739866553
513 471 380 1556739866650
514 471 380 1556739866736
512 472 380 1556739866793
512 473 380 1556739866817
512 475 380 1556739866825
512 475 381 1556739866842
512 476 381 1556739866857
512 488 387 1556739866874
512 504 396 1556739866880
512 531 404 1556739866888
512 584 416 1556739866896
512 659 432 1556739866904
512 740 445 1556739866913
512 828 459 1556739866920
512 913 469 1556739866928
512 991 480 1556739866937
512 1065 493 1556739866944
512 1132 504 1556739866952
512 1172 515 1556739866960
512 1192 524 1556739866968
512 1195 527 1556739866977
512 1196 527 1556739866985
512 1196 529 1556739866993
512 1189 537 1556739867001
512 1172 547 1556739867009
512 1155 557 1556739867017
512 1120 573 1556739867025
512 1092 587 1556739867033
512 1072 597 1556739867041
512 1056 604 1556739867049
512 1041 613 1556739867057
512 1029 620 1556739867065
512 1016 627 1556739867073
512 1008 632 1556739867081
512 999 637 1556739867089
512 987 643 1556739867098
512 976 651 1556739867104
512 964 655 1556739867112
512 951 657 1556739867120
512 939 663 1556739867129
512 925 667 1556739867137
512 908 672 1556739867144
512 893 676 1556739867153
512 879 679 1556739867160
512 867 681 1556739867169
512 855 684 1556739867176
512 843 687 1556739867184
512 833 689 1556739867192
512 823 691 1556739867201
512 813 693 1556739867209
512 801 696 1556739867217
512 792 699 1556739867225
512 785 699 1556739867233
512 777 699 1556739867240
512 769 699 1556739867249
512 747 699 1556739867264
512 736 697 1556739867273
512 719 697 1556739867281
512 703 695 1556739867290
512 684 692 1556739867298
512 668 689 1556739867305
512 652 684 1556739867313
512 639 683 1556739867321
512 629 680 1556739867329
512 620 677 1556739867337
512 617 676 1556739867346
512 616 675 1556739867353
512 613 673 1556739867432
512 607 671 1556739867440
512 604 671 1556739867449
512 601 669 1556739867456
512 600 669 1556739867464
512 600 668 1556739867473
512 599 668 1556739867513
512 599 667 1556739867521
512 597 665 1556739867529
512 596 663 1556739867537
512 595 660 1556739867545
512 592 657 1556739867552
512 589 655 1556739867561
512 588 651 1556739867568
512 585 649 1556739867576
512 585 648 1556739867585
512 581 645 1556739867593
512 580 644 1556739867601
512 579 644 1556739867609
512 579 643 1556739867616
512 577 643 1556739867624
512 576 643 1556739867633
512 575 641 1556739867648
512 571 640 1556739867657
512 569 640 1556739867673
512 569 639 1556739867681
512 568 639 1556739867697
512 567 639 1556739867825
512 565 639 1556739867865
512 564 639 1556739867889
513 564 639 1556739867956
514 564 639 1556739868017
512 565 639 1556739868129
512 592 636 1556739868145
512 623 631 1556739868163
512 641 629 1556739868168
512 663 621 1556739868176
512 692 611 1556739868184
512 719 601 1556739868192
512 749 587 1556739868201
512 772 580 1556739868208
512 787 573 1556739868216
512 801 563 1556739868225
512 815 553 1556739868233
512 829 545 1556739868240
512 841 533 1556739868249
512 852 523 1556739868256
512 856 515 1556739868265
512 859 508 1556739868273
512 863 497 1556739868282
512 864 491 1556739868289
512 864 483 1556739868297
512 864 472 1556739868307
512 864 459 1556739868312
512 864 447 1556739868320
512 861 435 1556739868328
512 857 420 1556739868336
512 853 405 1556739868344
512 848 387 1556739868352
512 844 373 1556739868361
512 839 356 1556739868368
512 831 341 1556739868376
512 824 327 1556739868385
512 816 312 1556739868393
512 807 299 1556739868401
512 800 287 1556739868409
512 793 276 1556739868417
512 787 269 1556739868424
512 777 259 1556739868432
512 768 251 1556739868440
512 757 243 1556739868448
512 748 235 1556739868456
512 737 228 1556739868464
512 732 225 1556739868473
512 729 224 1556739868482
512 729 223 1556739868489
512 729 220 1556739868664
512 727 216 1556739868672
512 727 212 1556739868681
512 725 211 1556739868688
512 725 209 1556739868696
512 724 209 1556739868808
512 716 208 1556739868816
512 713 207 1556739868824
512 712 205 1556739868840
512 709 205 1556739868889
512 707 205 1556739868897
512 705 205 1556739868905
512 703 205 1556739868921
512 701 205 1556739868945
513 701 205 1556739869051
514 701 205 1556739869136