512 698 212 1556801884992
512 698 215 1556801885001
512 698 216 1556801885007
512 698 217 1556801885016
512 696 221 1556801885025
512 695 224 1556801885032
512 695 228 1556801885040
512 694 232 1556801885048
512 694 236 1556801885055
512 694 239 1556801885063
512 694 244 1556801885072
512 694 250 1556801885081
512 694 254 1556801885088
512 694 259 1556801885095
512 694 266 1556801885104
512 694 273 1556801885111
512 694 280 1556801885119
512 696 289 1556801885127
512 700 301 1556801885135
512 706 317 1556801885144
512 714 337 1556801885152
512 723 362 1556801885160
512 729 384 1556801885168
512 741 405 1556801885176
512 748 427 1556801885184
512 757 448 1556801885192
512 762 467 1556801885200
512 775 488 1556801885209
512 789 512 1556801885216
512 799 533 1556801885224
512 809 549 1556801885232
512 818 565 1556801885240
512 826 578 1556801885248
512 834 591 1556801885256
512 841 604 1556801885264
512 848 614 1556801885273
512 853 624 1556801885280
512 857 629 1556801885288
512 858 632 1556801885296
512 859 633 1556801885304
512 859 634 1556801885312
512 859 635 1556801885329
512 859 636 1556801885336
512 859 637 1556801885368
512 857 638 1556801885384
512 856 639 1556801885392
512 854 641 1556801885400
512 853 642 1556801885408
512 852 644 1556801885417
512 852 645 1556801885424
512 851 646 1556801885432
512 851 647 1556801885440
512 850 648 1556801885448
512 850 649 1556801885464
512 849 649 1556801885551
512 847 649 1556801885632
512 846 649 1556801885640
512 845 649 1556801885648
512 844 649 1556801885665
513 844 649 1556801885747
514 844 649 1556801885800
512 842 649 1556801885831
512 841 649 1556801885840
512 841 648 1556801885847
512 841 647 1556801885855
512 841 645 1556801885865
512 839 644 1556801885872
512 836 635 1556801885903
512 834 630 1556801885903
512 828 624 1556801885912
512 826 618 1556801885919
512 822 610 1556801885928
512 819 602 1556801885936
512 815 593 1556801885944
512 813 585 1556801885951
512 809 578 1556801885960
512 802 569 1556801885967
512 797 561 1556801885976
512 788 553 1556801885983
512 779 545 1556801885992
512 768 536 1556801885999
512 756 525 1556801886007
512 739 512 1556801886016
512 711 491 1556801886024
512 684 474 1556801886031
512 652 457 1556801886041
512 618 441 1556801886048
512 583 428 1556801886056
512 549 416 1556801886065
512 522 406 1556801886071
512 497 398 1556801886080
512 473 392 1556801886088
512 452 384 1556801886096
512 437 381 1556801886104
512 425 377 1556801886112
512 417 376 1556801886120
512 414 374 1556801886128
512 413 374 1556801886136
512 413 372 1556801886240
512 412 370 1556801886249
512 412 368 1556801886257
512 412 367 1556801886265
512 414 365 1556801886273
512 415 363 1556801886281
512 418 363 1556801886289
512 424 361 1556801886296
512 429 360 1556801886305
512 436 360 1556801886312
512 441 359 1556801886320
512 446 359 1556801886328
512 450 359 1556801886336
512 453 359 1556801886344
512 455 359 1556801886354
512 457 359 1556801886361
512 460 359 1556801886368
512 462 359 1556801886375
512 464 361 1556801886384
512 467 362 1556801886392
512 469 364 1556801886400
512 470 365 1556801886407
512 471 367 1556801886416
512 473 368 1556801886423
512 473 369 1556801886440
512 473 371 1556801886449
512 474 371 1556801886456
512 472 373 1556801886512
512 469 374 1556801886520
512 467 376 1556801886527
512 466 378 1556801886535
512 464 381 1556801886543
512 463 383 1556801886551
512 462 386 1556801886559
512 461 386 1556801886567
512 461 387 1556801886664
512 462 386 1556801886681
512 463 385 1556801886696
512 467 383 1556801886704
512 468 382 1556801886712
512 469 381 1556801886721
512 470 380 1556801886729
512 471 379 1556801886735
513 471 379 1556801886818
514 471 379 1556801886887
512 470 379 1556801886951
512 472 378 1556801886967
512 476 376 1556801886976
512 497 368 1556801887011
512 504 366 1556801887016
512 512 365 1556801887024
512 519 364 1556801887031
512 526 363 1556801887039
512 534 362 1556801887047
512 541 361 1556801887056
512 547 361 1556801887063
512 554 359 1556801887071
512 558 358 1556801887079
512 564 358 1556801887088
512 567 356 1556801887095
512 573 355 1556801887104
512 578 352 1556801887112
512 584 348 1556801887120
512 589 345 1556801887128
512 594 342 1556801887137
512 596 340 1556801887144
512 598 336 1556801887152
512 601 332 1556801887160
512 602 327 1556801887168
512 605 320 1556801887176
512 607 314 1556801887184
512 612 306 1556801887192
512 615 294 1556801887200
512 622 282 1556801887208
512 627 273 1556801887216
512 632 265 1556801887223
512 639 255 1556801887232
512 647 242 1556801887240
512 652 234 1556801887248
512 657 228 1556801887255
512 659 223 1556801887264
512 663 220 1556801887272
512 665 217 1556801887280
512 665 216 1556801887288
512 667 214 1556801887296
512 669 212 1556801887312
512 669 211 1556801887320
512 670 211 1556801887327
512 671 210 1556801887336
512 672 210 1556801887343
512 674 210 1556801887352
512 674 209 1556801887360
512 676 209 1556801887367
512 678 208 1556801887376
512 680 208 1556801887384
512 682 208 1556801887392
512 684 208 1556801887400
512 685 208 1556801887408
512 687 208 1556801887416
512 689 208 1556801887424
512 691 209 1556801887432
512 694 211 1556801887440
512 696 212 1556801887449
512 698 213 1556801887456
512 699 214 1556801887464
512 700 216 1556801887472
512 701 216 1556801887481
512 702 216 1556801887487
512 703 217 1556801887496
513 703 217 1556801887667
514 703 217 1556801887728
512 702 217 1556801887768
512 700 217 1556801887776
512 700 219 1556801887784
512 699 219 1556801887794
512 699 221 1556801887801
512 699 222 1556801887808
512 701 226 1556801887817
512 703 228 1556801887825
512 704 231 1556801887833
512 706 233 1556801887841
512 707 236 1556801887849
512 709 241 1556801887856
512 711 245 1556801887865
512 714 253 1556801887873
512 715 261 1556801887880
512 718 268 1556801887887
512 722 276 1556801887896
512 726 285 1556801887905
512 729 293 1556801887912
512 733 302 1556801887920
512 738 309 1556801887928
512 744 319 1556801887936
512 752 327 1556801887944
512 763 337 1556801887952
512 774 346 1556801887960
512 788 355 1556801887968
512 800 359 1556801887976
512 812 365 1556801887984
512 824 367 1556801887991
512 835 368 1556801887999
512 846 368 1556801888007
512 854 368 1556801888016
512 863 368 1556801888024
512 867 368 1556801888032
512 870 368 1556801888040
512 873 367 1556801888047
512 874 366 1556801888063
512 874 365 1556801888087
512 875 364 1556801888096
512 876 363 1556801888103
512 879 362 1556801888111
512 880 362 1556801888120
512 881 361 1556801888127
512 883 360 1556801888136
512 885 360 1556801888144
512 886 359 1556801888153
512 887 359 1556801888160
512 888 358 1556801888169
512 890 358 1556801888176
512 891 358 1556801888184
512 893 358 1556801888192
512 895 358 1556801888200
512 897 358 1556801888208
512 899 360 1556801888217
512 900 360 1556801888224
512 904 362 1556801888232
512 906 364 1556801888240
512 907 366 1556801888248
512 910 371 1556801888256
512 912 373 1556801888264
512 914 376 1556801888271
512 916 379 1556801888280
512 917 380 1556801888288
512 918 381 1556801888297
512 920 382 1556801888304
512 920 383 1556801888312
512 921 383 1556801888376
512 922 383 1556801888392
512 923 383 1556801888408
512 924 383 1556801888504
512 925 383 1556801888512
512 926 382 1556801888528
513 926 382 1556801888584
514 926 382 1556801888656
512 925 382 1556801888719
512 925 383 1556801888728
512 921 384 1556801888736
512 919 386 1556801888755
512 918 387 1556801888759
512 917 387 1556801888768
512 916 388 1556801888776
512 914 389 1556801888783
512 911 390 1556801888792
512 910 391 1556801888800
512 909 392 1556801888807
512 906 393 1556801888815
512 904 393 1556801888824
512 900 396 1556801888831
512 892 399 1556801888840
512 881 403 1556801888847
512 862 411 1556801888855
512 846 415 1556801888864
512 830 420 1556801888872
512 809 423 1556801888880
512 791 425 1556801888888
512 774 427 1556801888895
512 757 428 1556801888903
512 743 430 1556801888912
512 729 435 1556801888920
512 717 440 1556801888929
512 703 446 1556801888937
512 692 453 1556801888944
512 681 461 1556801888952
512 673 468 1556801888961
512 665 477 1556801888968
512 660 487 1556801888976
512 656 495 1556801888984
512 652 501 1556801888992
512 649 505 1556801889001
512 645 512 1556801889009
512 643 518 1556801889017
512 638 523 1556801889024
512 635 527 1556801889032
512 634 532 1556801889040
512 633 536 1556801889049
512 632 541 1556801889056
512 630 546 1556801889064
512 628 552 1556801889072
512 626 560 1556801889080
512 625 567 1556801889088
512 624 572 1556801889096
512 622 576 1556801889104
512 622 579 1556801889112
512 621 582 1556801889120
512 619 585 1556801889127
512 619 587 1556801889135
512 618 589 1556801889144
512 616 590 1556801889153
512 615 592 1556801889159
512 614 593 1556801889167
512 612 595 1556801889175
512 610 598 1556801889184
512 607 602 1556801889192
512 604 607 1556801889201
512 600 613 1556801889208
512 595 618 1556801889216
512 590 624 1556801889224
512 586 630 1556801889232
512 584 632 1556801889240
512 582 635 1556801889249
512 579 637 1556801889256
512 577 640 1556801889264
512 576 641 1556801889272
512 576 642 1556801889280
512 573 644 1556801889288
512 569 646 1556801889296
512 566 649 1556801889303
512 562 652 1556801889311
512 560 654 1556801889319
512 558 656 1556801889328
512 557 658 1556801889336
512 555 658 1556801889344
512 553 659 1556801889352
512 552 659 1556801889376
512 552 660 1556801889383
512 551 660 1556801889407
512 550 660 1556801889424
512 551 658 1556801889520
512 553 656 1556801889528
512 555 655 1556801889536
512 557 653 1556801889544
512 558 651 1556801889552
512 560 649 1556801889559
512 561 648 1556801889576
512 562 647 1556801889583
513 562 647 1556801889658
514 562 647 1556801889744
512 562 646 1556801889872
512 563 646 1556801889896
512 563 645 1556801889904
512 564 644 1556801889912
512 565 643 1556801889921
512 567 642 1556801889928
512 581 633 1556801889965
512 586 630 1556801889967
512 592 628 1556801889975
512 603 626 1556801889984
512 613 625 1556801889991
512 623 624 1556801890000
512 630 623 1556801890007
512 634 621 1556801890015
512 638 621 1556801890023
512 644 621 1556801890031
512 649 621 1556801890040
512 653 621 1556801890047
512 658 621 1556801890055
512 661 621 1556801890063
512 662 621 1556801890072
512 664 622 1556801890079
512 666 622 1556801890088
512 672 624 1556801890096
512 679 627 1556801890104
512 688 630 1556801890112
512 699 636 1556801890120
512 712 638 1556801890128
512 725 641 1556801890136
512 739 645 1556801890144
512 752 645 1556801890152
512 764 647 1556801890160
512 773 649 1556801890168
512 779 649 1556801890176
512 783 649 1556801890185
512 786 650 1556801890192
512 789 650 1556801890200
512 791 650 1556801890208
512 793 650 1556801890216
512 795 650 1556801890224
512 796 650 1556801890231
512 797 650 1556801890240
512 799 649 1556801890248
512 800 649 1556801890264
512 801 648 1556801890272
512 802 648 1556801890297
512 804 648 1556801890304
512 806 646 1556801890313
512 807 645 1556801890320
512 808 645 1556801890328
512 810 644 1556801890336
512 811 643 1556801890344
512 812 642 1556801890352
512 814 641 1556801890368
512 816 640 1556801890385
512 817 640 1556801890401
512 819 640 1556801890408
512 822 640 1556801890417
512 824 640 1556801890424
512 826 640 1556801890432
512 828 640 1556801890440
512 830 641 1556801890448
512 832 641 1556801890455
512 834 641 1556801890464
512 836 642 1556801890481
512 838 642 1556801890488
512 839 642 1556801890496
512 840 642 1556801890513
512 841 642 1556801890520
513 841 642 1556801890627
514 841 642 1556801890696
512 839 641 1556801890793
512 838 641 1556801890800
512 836 639 1556801890810
512 832 634 1556801890828
512 830 630 1556801890831
512 828 628 1556801890840
512 826 623 1556801890847
512 823 620 1556801890856
512 821 617 1556801890863
512 819 614 1556801890871
512 818 612 1556801890880
512 817 610 1556801890887
512 815 608 1556801890896
512 814 606 1556801890904
512 813 605 1556801890912
512 813 603 1556801890920
512 812 598 1556801890928
512 811 592 1556801890936
512 812 582 1556801890944
512 814 571 1556801890953
512 816 560 1556801890960
512 818 551 1556801890969
512 822 539 1556801890976
512 825 526 1556801890984
512 828 517 1556801890992
512 831 508 1556801891000
512 834 500 1556801891008
512 837 494 1556801891016
512 841 488 1556801891024
512 847 482 1556801891032
512 851 478 1556801891040
512 858 469 1556801891048
512 867 463 1556801891056
512 874 456 1556801891064
512 883 450 1556801891072
512 889 444 1556801891081
512 895 440 1556801891088
512 901 436 1556801891096
512 903 434 1556801891104
512 906 432 1556801891113
512 909 430 1556801891120
512 911 428 1556801891128
512 912 427 1556801891135
512 915 425 1556801891143
512 918 423 1556801891151
512 919 420 1556801891160
512 922 419 1556801891168
512 924 416 1556801891175
512 926 414 1556801891183
512 927 413 1556801891192
512 928 411 1556801891200
512 929 410 1556801891208
512 930 409 1556801891216
512 930 407 1556801891224
512 931 406 1556801891232
512 932 404 1556801891240
512 932 403 1556801891249
512 932 400 1556801891256
512 933 396 1556801891264
512 933 393 1556801891272
512 933 390 1556801891280
512 933 388 1556801891289
512 933 386 1556801891304
512 933 383 1556801891312
512 932 382 1556801891328
512 932 379 1556801891335
512 931 379 1556801891351
512 931 377 1556801891360
512 931 376 1556801891368
512 931 375 1556801891376
512 931 374 1556801891383
512 931 373 1556801891392
512 930 372 1556801891399
512 929 371 1556801891415
512 929 370 1556801891432
513 929 370 1556801891483
514 929 370 1556801891560
512 928 370 1556801891656
512 925 372 1556801891664
512 922 373 1556801891672
512 913 378 1556801891707
512 911 378 1556801891712
512 907 380 1556801891720
512 904 382 1556801891727
512 899 383 1556801891736
512 895 385 1556801891743
512 889 388 1556801891753
512 881 390 1556801891760
512 867 391 1556801891767
512 849 391 1556801891775
512 817 391 1556801891784
512 786 391 1556801891792
512 753 387 1556801891800
512 717 386 1556801891808
512 677 380 1556801891816
512 639 377 1556801891823
512 602 373 1556801891832
512 568 368 1556801891840
512 537 365 1556801891847
512 511 360 1556801891857
512 490 356 1556801891864
512 478 354 1556801891872
512 466 354 1556801891880
512 456 354 1556801891889
512 451 353 1556801891896
512 447 353 1556801891904
512 445 353 1556801891912
512 444 353 1556801892000
512 443 354 1556801892040
512 443 356 1556801892048
512 444 359 1556801892056
512 445 361 1556801892064
512 446 364 1556801892072
512 448 366 1556801892080
512 450 367 1556801892088
512 452 369 1556801892096
512 454 371 1556801892104
512 457 372 1556801892112
512 458 372 1556801892119
512 459 373 1556801892128
512 460 373 1556801892297
512 462 373 1556801892304
512 464 373 1556801892320
512 465 373 1556801892328
512 466 373 1556801892344
512 467 373 1556801892353
512 468 373 1556801892360
512 469 373 1556801892384
513 469 373 1556801892458
514 469 373 1556801892520
512 471 371 1556801892583
512 476 370 1556801892591
512 481 365 1556801892610
512 484 365 1556801892615
512 487 362 1556801892624
512 488 361 1556801892631
512 491 359 1556801892639
512 492 359 1556801892648
512 493 358 1556801892656
512 494 358 1556801892663
512 495 357 1556801892671
512 496 356 1556801892679
512 497 355 1556801892688
512 498 354 1556801892696
512 499 351 1556801892704
512 502 346 1556801892712
512 506 341 1556801892721
512 508 337 1556801892728
512 511 334 1556801892737
512 513 334 1556801892745
512 514 333 1556801892752
512 516 333 1556801892760
512 518 333 1556801892768
512 523 337 1556801892776
512 530 346 1556801892785
512 535 353 1556801892793
512 541 364 1556801892800
512 544 372 1556801892808
512 544 384 1556801892816
512 544 395 1556801892824
512 544 406 1556801892833
512 541 417 1556801892841
512 540 427 1556801892848
512 539 438 1556801892856
512 537 449 1556801892864
512 537 462 1556801892872
512 535 473 1556801892880
512 534 485 1556801892888
512 534 496 1556801892896
512 534 506 1556801892904
512 534 514 1556801892912
512 534 521 1556801892920
512 534 525 1556801892928
512 534 529 1556801892937
512 534 533 1556801892944
512 535 539 1556801892952
512 535 545 1556801892960
512 536 550 1556801892969
512 538 555 1556801892976
512 538 559 1556801892984
512 540 564 1556801892992
512 541 567 1556801893001
512 544 570 1556801893009
512 545 573 1556801893016
512 548 577 1556801893024
512 550 581 1556801893032
512 551 585 1556801893040
512 553 590 1556801893048
512 555 595 1556801893057
512 558 600 1556801893064
512 561 604 1556801893072
512 565 612 1556801893080
512 568 617 1556801893088
512 570 623 1556801893096
512 573 630 1556801893104
512 576 638 1556801893113
512 579 643 1556801893120
512 581 652 1556801893128
512 584 656 1556801893136
512 585 660 1556801893144
512 586 663 1556801893152
512 587 665 1556801893160
512 587 666 1556801893168
512 588 667 1556801893184
512 588 668 1556801893192
512 586 668 1556801893248
512 585 668 1556801893256
512 583 668 1556801893264
512 581 667 1556801893273
512 579 665 1556801893281
512 577 664 1556801893288
512 576 662 1556801893295
512 574 660 1556801893305
512 573 659 1556801893311
512 572 658 1556801893320
512 572 657 1556801893327
512 572 656 1556801893336
512 571 654 1556801893343
512 570 653 1556801893352
512 569 651 1556801893360
512 569 650 1556801893368
512 568 648 1556801893376
512 568 647 1556801893384
512 567 646 1556801893392
513 567 646 1556801893530
514 567 646 1556801893600
512 566 646 1556801893607
512 565 646 1556801893671
512 565 645 1556801893680
512 565 644 1556801893769
512 565 643 1556801893784
512 569 640 1556801893792
512 589 613 1556801893829
512 594 602 1556801893831
512 600 589 1556801893840
512 603 578 1556801893847
512 609 567 1556801893856
512 612 555 1556801893864
512 613 543 1556801893871
512 618 529 1556801893879
512 624 502 1556801893888
512 630 481 1556801893895
512 633 455 1556801893903
512 636 434 1556801893911
512 638 414 1556801893920
512 639 399 1556801893928
512 639 386 1556801893936
512 639 374 1556801893944
512 639 362 1556801893952
512 639 350 1556801893961
512 639 338 1556801893969
512 639 328 1556801893976
512 638 321 1556801893984
512 638 311 1556801893992
512 636 301 1556801894000
512 634 292 1556801894008
512 634 284 1556801894016
512 633 276 1556801894024
512 633 269 1556801894033
512 633 264 1556801894040
512 633 261 1556801894048
512 634 257 1556801894057
512 635 252 1556801894064
512 635 250 1556801894072
512 636 247 1556801894080
512 637 245 1556801894089
512 638 244 1556801894096
512 638 243 1556801894105
512 639 243 1556801894113
512 639 242 1556801894120
512 641 242 1556801894128
512 642 242 1556801894136
512 643 242 1556801894144
512 645 242 1556801894152
512 647 241 1556801894160
512 650 241 1556801894168
512 653 241 1556801894176
512 655 241 1556801894184
512 658 240 1556801894192
512 660 240 1556801894201
512 664 239 1556801894208
512 670 237 1556801894217
512 673 235 1556801894224
512 678 232 1556801894232
512 683 229 1556801894240
512 684 228 1556801894249
512 686 226 1556801894256
512 688 224 1556801894265
512 690 221 1556801894272
512 692 220 1556801894280
512 692 217 1556801894288
512 693 215 1556801894297
512 694 214 1556801894305
512 694 212 1556801894312
512 695 212 1556801894320
512 695 211 1556801894328
512 696 211 1556801894336
512 696 210 1556801894344
513 696 210 1556801894492
514 696 210 1556801894560