512 703 213 1556801981143
512 703 215 1556801981152
512 703 217 1556801981159
512 703 220 1556801981168
512 703 222 1556801981176
512 703 225 1556801981184
512 704 227 1556801981192
512 708 231 1556801981200
512 712 235 1556801981208
512 715 240 1556801981216
512 718 245 1556801981224
512 725 251 1556801981232
512 733 256 1556801981240
512 742 264 1556801981248
512 749 272 1556801981256
512 757 279 1556801981264
512 763 287 1556801981271
512 770 295 1556801981279
512 775 303 1556801981288
512 781 314 1556801981296
512 786 325 1556801981303
512 792 336 1556801981312
512 797 348 1556801981320
512 803 359 1556801981327
512 806 372 1556801981336
512 811 381 1556801981344
512 813 392 1556801981352
512 817 403 1556801981360
512 819 413 1556801981368
512 821 424 1556801981377
512 824 434 1556801981384
512 825 444 1556801981393
512 826 453 1556801981400
512 826 465 1556801981408
512 826 477 1556801981416
512 826 488 1556801981424
512 826 498 1556801981432
512 826 509 1556801981441
512 826 520 1556801981448
512 828 532 1556801981456
512 829 544 1556801981464
512 829 554 1556801981472
512 830 563 1556801981480
512 830 571 1556801981488
512 830 575 1556801981496
512 830 580 1556801981504
512 830 586 1556801981512
512 830 588 1556801981521
512 830 590 1556801981528
512 830 591 1556801981536
512 830 593 1556801981544
512 829 593 1556801981552
512 829 594 1556801981559
512 829 595 1556801981575
512 829 597 1556801981591
512 829 598 1556801981600
512 829 600 1556801981607
512 829 601 1556801981615
512 829 603 1556801981624
512 829 604 1556801981632
512 829 606 1556801981640
512 829 607 1556801981647
512 829 609 1556801981656
512 829 611 1556801981663
512 830 612 1556801981672
512 830 614 1556801981680
512 830 615 1556801981688
512 831 617 1556801981703
512 831 619 1556801981711
512 832 621 1556801981720
512 832 623 1556801981727
512 832 624 1556801981736
512 833 627 1556801981743
512 833 629 1556801981752
512 834 631 1556801981760
512 834 632 1556801981769
512 834 633 1556801981776
512 834 634 1556801981792
512 835 635 1556801981849
512 836 636 1556801981864
512 837 636 1556801981888
512 838 636 1556801981897
513 838 636 1556801981923
514 838 636 1556801982023
512 838 634 1556801982120
512 838 631 1556801982128
512 835 619 1556801982164
512 832 613 1556801982168
512 830 606 1556801982175
512 826 597 1556801982183
512 823 590 1556801982191
512 820 583 1556801982199
512 816 576 1556801982207
512 813 567 1556801982215
512 808 564 1556801982224
512 806 560 1556801982231
512 802 554 1556801982239
512 797 549 1556801982247
512 792 543 1556801982256
512 789 536 1556801982263
512 783 529 1556801982271
512 777 520 1556801982280
512 771 513 1556801982289
512 766 506 1556801982296
512 760 501 1556801982304
512 754 496 1556801982312
512 746 491 1556801982320
512 739 486 1556801982328
512 730 480 1556801982336
512 723 475 1556801982344
512 713 471 1556801982352
512 705 465 1556801982360
512 693 460 1556801982368
512 681 454 1556801982376
512 668 447 1556801982384
512 651 441 1556801982392
512 635 436 1556801982400
512 620 429 1556801982409
512 606 425 1556801982416
512 595 421 1556801982424
512 586 417 1556801982432
512 582 414 1556801982440
512 576 412 1556801982448
512 570 410 1556801982455
512 567 408 1556801982463
512 563 407 1556801982472
512 559 403 1556801982480
512 555 402 1556801982489
512 552 401 1556801982496
512 548 399 1556801982505
512 543 397 1556801982512
512 539 395 1556801982520
512 535 394 1556801982528
512 531 392 1556801982536
512 529 391 1556801982544
512 526 390 1556801982553
512 524 389 1556801982560
512 522 388 1556801982568
512 521 388 1556801982576
512 520 387 1556801982584
512 517 386 1556801982592
512 516 386 1556801982608
512 514 385 1556801982631
512 512 385 1556801982640
512 509 384 1556801982647
512 506 384 1556801982655
512 502 382 1556801982664
512 499 381 1556801982671
512 494 379 1556801982679
512 490 378 1556801982688
512 488 377 1556801982695
512 484 376 1556801982704
512 484 375 1556801982712
512 483 375 1556801982720
512 481 375 1556801982744
512 481 374 1556801982752
512 480 374 1556801982760
512 479 374 1556801982768
512 477 373 1556801982784
512 475 372 1556801982792
512 474 372 1556801982800
512 473 372 1556801982808
512 472 372 1556801982815
513 472 372 1556801982893
514 472 372 1556801982975
512 475 372 1556801982999
512 475 373 1556801983008
512 477 373 1556801983023
512 478 374 1556801983044
512 479 375 1556801983048
512 480 375 1556801983063
512 481 376 1556801983071
512 482 377 1556801983079
512 484 378 1556801983087
512 486 378 1556801983095
512 487 378 1556801983104
512 490 378 1556801983111
512 492 378 1556801983120
512 496 378 1556801983127
512 500 378 1556801983136
512 506 378 1556801983144
512 512 376 1556801983152
512 517 374 1556801983160
512 523 372 1556801983169
512 531 368 1556801983176
512 538 365 1556801983184
512 544 358 1556801983192
512 550 353 1556801983200
512 556 347 1556801983208
512 564 341 1556801983216
512 570 333 1556801983224
512 576 327 1556801983232
512 584 322 1556801983240
512 588 318 1556801983248
512 597 310 1556801983256
512 604 305 1556801983264
512 612 296 1556801983274
512 618 290 1556801983280
512 624 286 1556801983289
512 629 281 1556801983296
512 634 276 1556801983304
512 638 273 1556801983312
512 641 269 1556801983320
512 644 266 1556801983328
512 646 263 1556801983336
512 651 259 1556801983343
512 656 256 1556801983352
512 660 252 1556801983360
512 662 251 1556801983368
512 662 248 1556801983376
512 664 246 1556801983384
512 666 244 1556801983392
512 668 242 1556801983400
512 670 241 1556801983408
512 671 239 1556801983416
512 674 237 1556801983425
512 675 236 1556801983432
512 678 234 1556801983440
512 679 232 1556801983448
512 681 230 1556801983456
512 683 229 1556801983464
512 684 227 1556801983473
512 685 224 1556801983480
512 686 223 1556801983489
512 686 222 1556801983497
512 687 220 1556801983504
512 688 219 1556801983512
512 688 218 1556801983520
512 689 215 1556801983528
512 689 214 1556801983536
512 690 213 1556801983544
512 690 212 1556801983553
512 690 211 1556801983576
512 691 210 1556801983584
512 692 210 1556801983592
512 692 209 1556801983600
512 692 208 1556801983615
513 692 208 1556801983664
514 692 208 1556801983760
512 693 208 1556801983824
512 694 210 1556801983832
512 696 212 1556801983840
512 697 214 1556801983848
512 699 216 1556801983856
512 700 219 1556801983864
512 704 223 1556801983873
512 710 234 1556801983880
512 719 241 1556801983888
512 725 248 1556801983896
512 732 254 1556801983904
512 738 262 1556801983912
512 743 269 1556801983920
512 747 275 1556801983928
512 750 280 1556801983936
512 754 285 1556801983944
512 757 291 1556801983952
512 760 297 1556801983960
512 763 305 1556801983967
512 766 315 1556801983976
512 769 323 1556801983983
512 774 333 1556801983992
512 778 341 1556801983999
512 781 348 1556801984007
512 786 353 1556801984015
512 790 359 1556801984024
512 793 362 1556801984032
512 798 364 1556801984039
512 801 365 1556801984047
512 806 368 1556801984055
512 812 370 1556801984063
512 817 372 1556801984072
512 822 373 1556801984079
512 827 375 1556801984088
512 832 377 1556801984095
512 836 377 1556801984104
512 839 377 1556801984111
512 843 377 1556801984120
512 845 378 1556801984128
512 848 378 1556801984136
512 850 378 1556801984143
512 852 378 1556801984152
512 853 378 1556801984160
512 855 377 1556801984168
512 857 377 1556801984176
512 859 376 1556801984184
512 860 376 1556801984191
512 861 375 1556801984200
512 863 375 1556801984216
512 864 375 1556801984232
512 865 375 1556801984248
512 867 375 1556801984256
512 868 375 1556801984264
512 870 375 1556801984273
512 872 375 1556801984280
512 875 375 1556801984288
512 878 375 1556801984296
512 880 375 1556801984303
512 883 375 1556801984312
512 887 376 1556801984320
512 889 376 1556801984328
512 892 376 1556801984336
512 893 376 1556801984344
512 894 377 1556801984352
512 896 377 1556801984360
512 898 377 1556801984368
512 900 378 1556801984376
512 901 378 1556801984384
512 903 378 1556801984392
512 905 378 1556801984400
512 906 378 1556801984416
512 908 378 1556801984423
512 909 379 1556801984432
512 911 379 1556801984440
512 912 379 1556801984448
512 913 379 1556801984457
512 914 379 1556801984464
512 916 379 1556801984472
512 917 379 1556801984496
512 918 379 1556801984512
512 918 378 1556801984520
512 920 378 1556801984544
512 921 378 1556801984560
513 921 378 1556801984633
514 921 378 1556801984711
512 919 379 1556801984801
512 915 380 1556801984809
512 896 391 1556801984842
512 889 394 1556801984847
512 879 400 1556801984856
512 869 402 1556801984863
512 858 408 1556801984871
512 845 413 1556801984879
512 832 417 1556801984887
512 817 424 1556801984895
512 795 431 1556801984903
512 771 444 1556801984911
512 748 455 1556801984920
512 722 466 1556801984928
512 694 478 1556801984937
512 667 487 1556801984944
512 641 497 1556801984952
512 618 509 1556801984960
512 599 521 1556801984968
512 585 531 1556801984977
512 575 539 1556801984984
512 565 547 1556801984992
512 555 553 1556801985001
512 548 560 1556801985008
512 544 565 1556801985016
512 541 569 1556801985024
512 539 575 1556801985031
512 538 582 1556801985039
512 538 586 1556801985047
512 538 590 1556801985055
512 538 594 1556801985063
512 538 597 1556801985071
512 538 601 1556801985079
512 538 604 1556801985087
512 538 607 1556801985095
512 538 611 1556801985103
512 539 613 1556801985111
512 539 616 1556801985119
512 539 619 1556801985127
512 539 621 1556801985135
512 539 623 1556801985143
512 539 626 1556801985151
512 539 627 1556801985159
512 539 629 1556801985167
512 542 630 1556801985224
512 543 630 1556801985240
512 544 630 1556801985264
512 544 631 1556801985280
512 545 631 1556801985288
512 546 631 1556801985304
512 547 632 1556801985360
512 548 633 1556801985368
512 550 633 1556801985376
512 550 635 1556801985384
512 552 636 1556801985392
512 553 638 1556801985400
512 554 639 1556801985408
512 555 640 1556801985424
512 556 641 1556801985488
512 557 641 1556801985495
512 558 642 1556801985504
512 560 644 1556801985520
512 562 644 1556801985528
512 562 645 1556801985536
512 563 646 1556801985544
513 563 646 1556801985603
514 563 646 1556801985696
512 564 644 1556801985825
512 567 641 1556801985832
512 589 626 1556801985867
512 596 621 1556801985871
512 603 617 1556801985880
512 612 612 1556801985887
512 620 608 1556801985895
512 630 604 1556801985904
512 641 599 1556801985911
512 649 598 1556801985919
512 655 596 1556801985927
512 661 596 1556801985935
512 667 596 1556801985943
512 674 595 1556801985952
512 680 595 1556801985959
512 687 595 1556801985967
512 695 598 1556801985976
512 705 601 1556801985984
512 712 604 1556801985992
512 719 607 1556801986000
512 726 609 1556801986008
512 732 612 1556801986016
512 736 614 1556801986024
512 742 616 1556801986032
512 746 617 1556801986041
512 750 620 1556801986049
512 754 622 1556801986056
512 757 623 1556801986064
512 760 625 1556801986072
512 762 626 1556801986080
512 765 627 1556801986088
512 770 629 1556801986096
512 773 630 1556801986105
512 775 631 1556801986112
512 777 632 1556801986120
512 778 632 1556801986128
512 779 633 1556801986136
512 781 633 1556801986144
512 782 633 1556801986160
512 784 635 1556801986168
512 786 636 1556801986176
512 788 638 1556801986184
512 791 639 1556801986192
512 794 641 1556801986200
512 797 642 1556801986208
512 800 644 1556801986216
512 804 646 1556801986225
512 807 646 1556801986232
512 811 647 1556801986240
512 812 648 1556801986248
512 815 648 1556801986256
512 818 648 1556801986264
512 821 648 1556801986273
512 822 649 1556801986279
512 826 649 1556801986287
512 829 649 1556801986296
512 831 649 1556801986304
512 833 649 1556801986312
512 835 649 1556801986319
512 838 650 1556801986327
512 841 650 1556801986335
512 843 650 1556801986343
512 844 650 1556801986351
512 845 650 1556801986368
512 846 649 1556801986385
513 846 649 1556801986506
514 846 649 1556801986583
512 845 649 1556801986664
512 842 646 1556801986672
512 841 643 1556801986679
512 837 635 1556801986699
512 832 629 1556801986704
512 825 620 1556801986711
512 820 609 1556801986720
512 812 599 1556801986728
512 806 592 1556801986735
512 801 586 1556801986744
512 793 578 1556801986751
512 788 572 1556801986759
512 782 567 1556801986767
512 778 562 1556801986776
512 774 556 1556801986784
512 770 549 1556801986791
512 763 538 1556801986800
512 755 528 1556801986807
512 751 522 1556801986815
512 748 516 1556801986823
512 748 511 1556801986831
512 748 507 1556801986839
512 748 503 1556801986848
512 749 498 1556801986856
512 752 494 1556801986864
512 755 489 1556801986872
512 759 484 1556801986880
512 763 478 1556801986888
512 768 474 1556801986896
512 772 470 1556801986904
512 779 464 1556801986912
512 784 460 1556801986920
512 788 456 1556801986928
512 793 452 1556801986936
512 799 448 1556801986944
512 806 443 1556801986952
512 814 438 1556801986960
512 820 434 1556801986968
512 827 429 1556801986975
512 836 426 1556801986984
512 840 423 1556801986992
512 846 420 1556801987001
512 852 417 1556801987009
512 858 414 1556801987016
512 863 412 1556801987025
512 867 410 1556801987032
512 872 407 1556801987040
512 878 404 1556801987049
512 882 402 1556801987056
512 887 398 1556801987064
512 890 396 1556801987072
512 896 393 1556801987080
512 901 389 1556801987088
512 905 388 1556801987095
512 911 385 1556801987104
512 916 382 1556801987112
512 917 382 1556801987121
512 919 381 1556801987128
512 919 380 1556801987144
513 919 380 1556801987403
514 919 380 1556801987567
512 918 380 1556801987695
512 917 380 1556801987703
512 916 380 1556801987720
512 916 379 1556801987912
512 918 379 1556801987976
512 919 379 1556801987985
512 920 379 1556801988000
512 921 379 1556801988008
512 921 378 1556801988016
512 922 378 1556801988032
512 923 378 1556801988040
513 923 378 1556801988091
512 924 378 1556801988129
512 925 378 1556801988135
512 926 378 1556801988143
512 927 378 1556801988151
512 928 378 1556801988223
514 928 378 1556801988265
512 926 378 1556801988279
512 923 379 1556801988288
512 920 380 1556801988296
512 916 381 1556801988303
512 910 384 1556801988312
512 905 385 1556801988319
512 896 386 1556801988327
512 888 390 1556801988335
512 878 394 1556801988344
512 868 397 1556801988351
512 859 400 1556801988359
512 851 403 1556801988367
512 843 405 1556801988377
512 838 405 1556801988384
512 832 405 1556801988393
512 826 405 1556801988400
512 819 405 1556801988408
512 811 405 1556801988416
512 800 407 1556801988424
512 791 407 1556801988432
512 780 409 1556801988440
512 769 411 1556801988448
512 761 413 1556801988456
512 755 415 1556801988463
512 747 417 1556801988472
512 742 418 1556801988480
512 738 419 1556801988488
512 735 419 1556801988497
512 731 420 1556801988504
512 726 420 1556801988512
512 720 420 1556801988519
512 713 420 1556801988529
512 705 420 1556801988536
512 695 419 1556801988543
512 685 418 1556801988552
512 671 417 1556801988560
512 655 417 1556801988568
512 638 416 1556801988576
512 623 415 1556801988584
512 611 415 1556801988593
512 599 414 1556801988600
512 590 414 1556801988608
512 583 413 1556801988616
512 576 413 1556801988624
512 573 411 1556801988632
512 571 410 1556801988640
512 570 409 1556801988648
512 569 409 1556801988656
512 568 409 1556801988736
512 562 407 1556801988744
512 557 406 1556801988751
512 548 403 1556801988759
512 540 400 1556801988767
512 533 398 1556801988776
512 523 395 1556801988784
512 515 393 1556801988792
512 507 389 1556801988799
512 501 387 1556801988808
512 495 386 1556801988816
512 491 385 1556801988824
512 486 383 1556801988832
512 483 382 1556801988840
512 482 382 1556801988848
512 480 381 1556801988856
512 478 381 1556801988864
512 477 381 1556801988872
512 476 381 1556801988880
512 475 381 1556801988888
512 473 381 1556801988895
512 472 381 1556801988912
512 472 380 1556801988920
513 472 380 1556801989019
514 472 380 1556801989111
512 474 380 1556801989159
512 475 381 1556801989168
512 476 382 1556801989175
512 478 383 1556801989184
512 483 385 1556801989216
512 485 385 1556801989223
512 486 385 1556801989231
512 489 385 1556801989239
512 494 385 1556801989248
512 501 384 1556801989255
512 507 384 1556801989264
512 512 384 1556801989271
512 515 384 1556801989279
512 519 384 1556801989287
512 521 384 1556801989295
512 524 385 1556801989303
512 526 385 1556801989312
512 527 386 1556801989320
512 528 386 1556801989328
512 529 387 1556801989336
512 530 387 1556801989343
512 530 388 1556801989352
512 530 390 1556801989360
512 533 395 1556801989368
512 537 405 1556801989375
512 540 416 1556801989384
512 543 428 1556801989392
512 547 444 1556801989399
512 549 459 1556801989408
512 550 472 1556801989416
512 551 485 1556801989423
512 551 498 1556801989431
512 551 510 1556801989439
512 551 521 1556801989447
512 551 532 1556801989455
512 551 542 1556801989464
512 552 552 1556801989472
512 552 558 1556801989480
512 552 565 1556801989488
512 553 571 1556801989497
512 554 576 1556801989504
512 554 579 1556801989512
512 554 581 1556801989520
512 554 584 1556801989528
512 554 586 1556801989536
512 555 588 1556801989544
512 556 592 1556801989552
512 557 595 1556801989560
512 557 598 1556801989569
512 557 600 1556801989576
512 557 602 1556801989584
512 557 603 1556801989600
512 557 604 1556801989616
512 557 606 1556801989632
512 557 607 1556801989640
512 557 608 1556801989648
512 557 610 1556801989656
512 557 612 1556801989664
512 557 613 1556801989672
512 558 614 1556801989680
512 558 615 1556801989689
512 559 616 1556801989696
512 559 617 1556801989704
512 559 618 1556801989720
512 559 619 1556801989727
512 559 620 1556801989735
512 559 622 1556801989743
512 559 624 1556801989751
512 559 625 1556801989760
512 559 627 1556801989767
512 559 629 1556801989775
512 559 630 1556801989783
512 559 631 1556801989792
512 559 632 1556801989799
512 559 633 1556801989808
512 560 633 1556801989943
512 561 634 1556801989952
513 561 634 1556801990002
514 561 634 1556801990096
512 560 634 1556801990127
512 560 633 1556801990136
512 562 630 1556801990143
512 563 628 1556801990151
512 565 625 1556801990177
512 567 623 1556801990184
512 568 620 1556801990192
512 571 616 1556801990200
512 573 613 1556801990207
512 576 608 1556801990215
512 578 601 1556801990223
512 582 595 1556801990231
512 585 588 1556801990239
512 588 582 1556801990247
512 591 577 1556801990256
512 593 574 1556801990264
512 593 571 1556801990272
512 596 568 1556801990280
512 598 564 1556801990288
512 598 561 1556801990296
512 599 556 1556801990305
512 600 552 1556801990312
512 601 543 1556801990320
512 602 538 1556801990328
512 603 531 1556801990336
512 603 528 1556801990344
512 604 525 1556801990352
512 604 528 1556801990408
512 601 535 1556801990416
512 599 542 1556801990424
512 596 549 1556801990432
512 594 555 1556801990440
512 591 562 1556801990448
512 587 571 1556801990456
512 585 578 1556801990464
512 581 586 1556801990472
512 579 593 1556801990480
512 577 602 1556801990488
512 576 606 1556801990496
512 575 610 1556801990504
512 574 613 1556801990512
512 573 615 1556801990520
512 573 618 1556801990528
512 573 620 1556801990536
512 572 621 1556801990561
512 572 622 1556801990568
512 571 622 1556801990576
512 571 624 1556801990664
512 570 624 1556801990672
512 569 625 1556801990689
512 568 626 1556801990696
512 568 627 1556801990704
512 568 629 1556801990711
512 567 631 1556801990720
512 566 632 1556801990726
512 565 635 1556801990735
512 564 636 1556801990744
512 563 639 1556801990752
512 562 642 1556801990759
512 561 644 1556801990768
512 561 647 1556801990775
512 561 648 1556801990783
512 560 650 1556801990792
512 559 652 1556801990800
512 559 653 1556801990817
513 559 653 1556801990883
514 559 653 1556801990992
512 558 652 1556801991048
512 554 652 1556801991056
512 518 652 1556801991077
512 488 652 1556801991079
512 460 654 1556801991087
512 441 666 1556801991095
512 429 675 1556801991104
512 438 673 1556801991456
512 451 671 1556801991464
512 461 669 1556801991472
512 467 668 1556801991480
512 474 668 1556801991488
512 481 668 1556801991496
512 488 668 1556801991504
512 493 668 1556801991512
512 499 671 1556801991520
512 505 672 1556801991529
512 512 674 1556801991536
512 520 674 1556801991544
512 531 677 1556801991552
512 540 678 1556801991560
512 548 678 1556801991568
512 554 679 1556801991576
512 556 679 1556801991584
512 559 679 1556801991592
512 560 679 1556801991600
512 563 679 1556801991608
512 565 679 1556801991616
512 568 678 1556801991624
512 569 677 1556801991632
512 570 677 1556801991640
512 571 677 1556801991664
512 576 673 1556801991672
512 586 668 1556801991680
512 596 665 1556801991688
512 604 660 1556801991696
512 611 658 1556801991704
512 617 656 1556801991712
512 619 656 1556801991720
512 621 656 1556801991727
512 623 656 1556801991767
512 626 656 1556801991775
512 631 656 1556801991784
512 639 656 1556801991792
512 658 658 1556801991800
512 693 659 1556801991808
512 742 659 1556801991817
512 796 659 1556801991823
512 856 659 1556801991833
512 918 659 1556801991841
512 970 658 1556801991848
512 1019 657 1556801991856
512 1060 655 1556801991864
512 1093 653 1556801991872
512 1122 647 1556801991880
512 1145 639 1556801991888
512 1159 633 1556801991896
512 1172 626 1556801991904
512 1181 619 1556801991912
512 1185 611 1556801991920
512 1188 603 1556801991929
512 1188 595 1556801991936
512 1188 586 1556801991944
512 1186 579 1556801991952
512 1184 572 1556801991960
512 1182 564 1556801991968
512 1180 554 1556801991976
512 1176 547 1556801991984
512 1174 541 1556801991992
512 1173 535 1556801992001
512 1171 531 1556801992008
512 1171 530 1556801992016
512 1171 529 1556801992024
512 1170 529 1556801992304
512 1168 529 1556801992320
512 1166 529 1556801992328
512 1164 527 1556801992336
512 1163 526 1556801992344
512 1162 525 1556801992352
512 1162 524 1556801992360
512 1160 523 1556801992368
512 1159 522 1556801992376
512 1155 522 1556801992384
512 1151 520 1556801992392
512 1143 519 1556801992400
512 1132 513 1556801992408
512 1121 510 1556801992416
512 1105 505 1556801992424
512 1094 502 1556801992432
512 1080 497 1556801992440
512 1064 492 1556801992448
512 1051 487 1556801992456
512 1035 480 1556801992464
512 1016 469 1556801992472
512 996 458 1556801992480
512 985 453 1556801992488
512 975 445 1556801992497
512 963 438 1556801992504
512 952 432 1556801992513
512 941 424 1556801992520
512 928 416 1556801992528
512 918 409 1556801992536
512 906 403 1556801992544
512 894 395 1556801992552
512 885 392 1556801992560
512 874 389 1556801992569
512 863 387 1556801992576
512 851 383 1556801992584
512 839 383 1556801992592
512 828 383 1556801992600
512 818 383 1556801992608
512 808 383 1556801992616
512 800 383 1556801992624
512 795 383 1556801992632
512 792 384 1556801992640
512 791 385 1556801992672
512 790 385 1556801992680
512 787 388 1556801992688
512 783 389 1556801992697
512 780 391 1556801992703
512 776 393 1556801992713
512 772 395 1556801992720
512 771 395 1556801992728
512 769 393 1556801992824
512 760 386 1556801992832
512 752 379 1556801992840
512 746 373 1556801992848
512 739 363 1556801992856
512 732 353 1556801992864
512 725 342 1556801992873
512 721 333 1556801992880
512 717 326 1556801992889
512 714 319 1556801992896
512 712 313 1556801992904
512 710 307 1556801992913
512 708 304 1556801992920
512 706 299 1556801992928
512 706 297 1556801992936
512 705 293 1556801992944
512 705 291 1556801992953
512 704 288 1556801992960
512 702 285 1556801992968
512 702 280 1556801992976
512 701 278 1556801992984
512 701 275 1556801992992
512 700 273 1556801993000
512 700 272 1556801993008
512 700 270 1556801993016
512 700 267 1556801993024
512 700 263 1556801993032
512 700 260 1556801993040
512 700 257 1556801993048
512 700 253 1556801993056
512 700 250 1556801993064
512 701 247 1556801993072
512 701 246 1556801993080
512 701 244 1556801993089
512 701 242 1556801993096
512 701 240 1556801993104
512 701 237 1556801993112
512 701 235 1556801993120
512 701 234 1556801993128
512 701 232 1556801993136
512 701 231 1556801993144
512 701 229 1556801993152
512 702 227 1556801993160
512 702 224 1556801993168
512 703 224 1556801993176
512 703 222 1556801993183
512 703 219 1556801993192
512 704 219 1556801993200
512 704 218 1556801993208
512 704 216 1556801993216
512 705 215 1556801993232
513 705 215 1556801993331
514 705 215 1556801993415
