512 704 209 1556825821571
512 704 211 1556825821577
512 704 215 1556825821585
512 704 219 1556825821593
512 705 223 1556825821601
512 706 229 1556825821610
512 708 233 1556825821617
512 711 239 1556825821625
512 714 248 1556825821634
512 719 255 1556825821641
512 722 262 1556825821649
512 727 271 1556825821657
512 734 281 1556825821665
512 741 289 1556825821673
512 747 297 1556825821682
512 753 305 1556825821689
512 759 314 1556825821697
512 765 322 1556825821705
512 771 331 1556825821713
512 776 341 1556825821722
512 781 351 1556825821729
512 784 362 1556825821738
512 786 373 1556825821745
512 789 385 1556825821753
512 793 396 1556825821762
512 797 410 1556825821769
512 804 425 1556825821777
512 808 439 1556825821785
512 815 456 1556825821793
512 820 470 1556825821802
512 824 482 1556825821809
512 827 495 1556825821818
512 831 507 1556825821826
512 834 520 1556825821833
512 839 533 1556825821841
512 842 545 1556825821849
512 844 557 1556825821857
512 847 570 1556825821865
512 852 580 1556825821873
512 854 590 1556825821881
512 857 599 1556825821889
512 860 606 1556825821897
512 862 612 1556825821905
512 864 616 1556825821913
512 864 618 1556825821921
512 865 619 1556825821929
512 865 620 1556825821937
512 866 622 1556825821945
512 866 623 1556825821954
512 866 624 1556825821962
512 865 625 1556825822001
512 864 625 1556825822009
512 863 626 1556825822018
512 861 626 1556825822025
512 859 626 1556825822033
512 856 626 1556825822041
512 854 626 1556825822049
512 852 626 1556825822057
512 851 626 1556825822065
512 850 626 1556825822073
512 848 626 1556825822081
512 848 628 1556825822089
512 845 628 1556825822097
512 845 630 1556825822105
512 843 632 1556825822113
512 842 634 1556825822121
512 841 636 1556825822128
512 841 637 1556825822138
512 840 639 1556825822145
512 840 641 1556825822154
512 840 643 1556825822161
512 840 645 1556825822169
512 840 648 1556825822177
512 840 649 1556825822193
512 840 650 1556825822209
512 840 651 1556825822242
513 840 651 1556825822266
512 841 650 1556825822294
514 841 650 1556825822338
512 840 648 1556825822354
512 839 645 1556825822361
512 836 638 1556825822382
512 835 634 1556825822384
512 833 629 1556825822394
512 833 626 1556825822402
512 833 625 1556825822408
512 833 622 1556825822417
512 834 620 1556825822425
512 835 616 1556825822433
512 837 613 1556825822441
512 838 610 1556825822449
512 840 608 1556825822457
512 840 605 1556825822466
512 842 603 1556825822474
512 843 602 1556825822481
512 843 600 1556825822489
512 843 598 1556825822497
512 844 596 1556825822505
512 844 594 1556825822513
512 844 590 1556825822522
512 844 586 1556825822528
512 844 578 1556825822537
512 842 569 1556825822544
512 839 560 1556825822554
512 837 550 1556825822560
512 832 541 1556825822569
512 825 526 1556825822577
512 817 515 1556825822586
512 806 503 1556825822593
512 796 494 1556825822601
512 781 484 1556825822609
512 762 472 1556825822617
512 740 463 1556825822624
512 709 449 1556825822634
512 676 439 1556825822642
512 644 432 1556825822650
512 604 423 1556825822657
512 573 420 1556825822665
512 550 419 1556825822674
512 531 419 1556825822681
512 516 417 1556825822689
512 506 417 1556825822697
512 500 417 1556825822705
512 498 417 1556825822713
512 497 417 1556825822769
512 496 413 1556825822842
512 496 409 1556825822849
512 496 404 1556825822860
512 494 400 1556825822865
512 493 396 1556825822873
512 491 391 1556825822881
512 491 389 1556825822890
512 489 388 1556825822898
512 489 387 1556825822905
512 488 384 1556825822913
512 486 384 1556825822921
512 486 383 1556825822929
512 484 381 1556825822937
512 483 381 1556825822954
512 482 380 1556825822961
512 480 379 1556825822969
512 477 377 1556825822977
512 476 376 1556825822985
512 474 375 1556825822993
512 472 372 1556825823002
512 470 371 1556825823009
512 469 371 1556825823016
513 469 371 1556825823091
514 469 371 1556825823146
512 470 371 1556825823201
512 472 371 1556825823209
512 476 372 1556825823218
512 482 374 1556825823240
512 486 375 1556825823241
512 488 376 1556825823250
512 491 376 1556825823257
512 494 376 1556825823264
512 498 376 1556825823273
512 501 376 1556825823281
512 505 376 1556825823289
512 509 374 1556825823297
512 513 374 1556825823313
512 517 373 1556825823321
512 523 373 1556825823329
512 528 373 1556825823338
512 534 373 1556825823345
512 539 374 1556825823353
512 545 375 1556825823361
512 550 375 1556825823370
512 556 375 1556825823377
512 560 375 1556825823386
512 562 373 1556825823393
512 566 370 1556825823402
512 568 367 1556825823409
512 571 363 1556825823417
512 573 360 1556825823425
512 576 356 1556825823433
512 579 347 1556825823440
512 582 339 1556825823449
512 586 326 1556825823458
512 593 315 1556825823465
512 597 307 1556825823473
512 604 298 1556825823481
512 608 291 1556825823489
512 614 283 1556825823497
512 620 276 1556825823505
512 625 270 1556825823513
512 629 264 1556825823521
512 634 259 1556825823529
512 638 253 1556825823537
512 640 248 1556825823544
512 643 244 1556825823553
512 646 240 1556825823561
512 647 237 1556825823569
512 650 233 1556825823577
512 652 231 1556825823585
512 655 229 1556825823593
512 656 227 1556825823602
512 658 226 1556825823609
512 662 223 1556825823617
512 664 222 1556825823625
512 666 220 1556825823633
512 668 220 1556825823641
512 671 218 1556825823649
512 674 217 1556825823657
512 676 216 1556825823665
512 677 216 1556825823673
512 679 215 1556825823681
512 681 215 1556825823689
512 683 214 1556825823697
512 684 214 1556825823713
512 685 214 1556825823777
512 686 214 1556825823786
512 687 215 1556825823793
512 688 215 1556825823802
512 690 215 1556825823818
512 692 214 1556825823882
512 693 213 1556825823890
512 695 211 1556825823897
512 696 209 1556825823912
512 698 209 1556825823922
512 699 207 1556825823929
512 700 207 1556825823938
513 700 207 1556825823988
514 700 207 1556825824073
512 699 207 1556825824138
512 698 208 1556825824145
512 697 211 1556825824153
512 696 213 1556825824161
512 696 215 1556825824170
512 694 218 1556825824178
512 693 220 1556825824186
512 693 224 1556825824194
512 692 229 1556825824201
512 691 233 1556825824209
512 690 239 1556825824217
512 689 243 1556825824226
512 689 249 1556825824233
512 691 254 1556825824241
512 695 260 1556825824249
512 702 268 1556825824257
512 711 274 1556825824265
512 722 282 1556825824273
512 732 290 1556825824280
512 747 299 1556825824290
512 765 309 1556825824298
512 784 320 1556825824305
512 803 334 1556825824314
512 815 340 1556825824321
512 823 346 1556825824330
512 829 349 1556825824337
512 834 350 1556825824345
512 835 352 1556825824353
512 837 353 1556825824362
512 840 354 1556825824370
512 843 355 1556825824378
512 847 357 1556825824386
512 852 358 1556825824393
512 856 360 1556825824401
512 859 360 1556825824410
512 863 360 1556825824417
512 865 360 1556825824425
512 867 360 1556825824433
512 869 360 1556825824441
512 870 360 1556825824449
512 871 360 1556825824458
512 872 360 1556825824465
512 874 360 1556825824473
512 875 360 1556825824480
512 876 360 1556825824489
512 879 360 1556825824497
512 882 359 1556825824505
512 885 359 1556825824513
512 888 359 1556825824522
512 891 358 1556825824528
512 893 358 1556825824538
512 894 358 1556825824545
512 895 358 1556825824554
512 898 358 1556825824562
512 899 358 1556825824577
512 900 358 1556825824585
512 902 358 1556825824593
512 904 358 1556825824610
512 905 359 1556825824617
512 907 360 1556825824625
512 907 363 1556825824632
512 909 363 1556825824641
512 910 365 1556825824649
512 911 365 1556825824657
512 911 366 1556825824673
512 912 366 1556825824681
512 914 367 1556825824705
512 915 368 1556825824723
512 916 368 1556825824729
512 917 368 1556825824738
512 918 369 1556825824745
512 919 370 1556825824761
512 920 370 1556825824770
512 921 371 1556825824785
512 922 371 1556825824793
512 923 371 1556825824801
512 924 371 1556825824810
512 925 371 1556825824818
512 925 372 1556825824825
512 926 372 1556825824833
512 926 373 1556825824841
513 926 373 1556825824899
514 926 373 1556825824987
512 925 373 1556825825041
512 921 373 1556825825057
512 913 374 1556825825077
512 905 375 1556825825081
512 894 378 1556825825089
512 884 380 1556825825097
512 875 384 1556825825105
512 864 387 1556825825113
512 853 390 1556825825121
512 841 394 1556825825129
512 824 400 1556825825138
512 807 406 1556825825146
512 791 411 1556825825154
512 773 418 1556825825162
512 757 422 1556825825169
512 744 423 1556825825177
512 732 423 1556825825185
512 710 424 1556825825193
512 688 424 1556825825201
512 669 424 1556825825210
512 651 424 1556825825217
512 629 424 1556825825226
512 610 424 1556825825233
512 596 427 1556825825242
512 580 433 1556825825249
512 570 437 1556825825258
512 559 441 1556825825265
512 555 445 1556825825273
512 551 449 1556825825282
512 549 453 1556825825289
512 547 460 1556825825297
512 547 467 1556825825305
512 547 476 1556825825313
512 547 491 1556825825321
512 547 507 1556825825329
512 547 522 1556825825338
512 547 536 1556825825345
512 547 548 1556825825354
512 547 561 1556825825361
512 547 571 1556825825370
512 547 579 1556825825377
512 547 586 1556825825386
512 547 591 1556825825393
512 548 597 1556825825401
512 548 603 1556825825409
512 548 610 1556825825417
512 549 614 1556825825425
512 549 620 1556825825433
512 551 623 1556825825441
512 551 624 1556825825449
512 552 626 1556825825457
512 553 626 1556825825465
512 554 627 1556825825473
512 555 628 1556825825481
512 556 628 1556825825498
512 556 629 1556825825506
512 556 631 1556825825513
512 556 632 1556825825521
512 556 633 1556825825529
512 556 634 1556825825537
512 556 635 1556825825546
512 556 636 1556825825554
512 556 637 1556825825561
512 556 638 1556825825570
512 556 639 1556825825633
512 556 640 1556825825657
512 556 641 1556825825665
513 556 641 1556825825739
514 556 641 1556825825818
512 556 640 1556825825825
512 556 639 1556825825833
512 556 638 1556825825842
512 555 637 1556825825849
512 555 635 1556825825857
512 555 634 1556825825879
512 555 633 1556825825889
512 555 632 1556825825906
512 556 630 1556825825913
512 557 629 1556825825922
512 558 627 1556825825929
512 561 625 1556825825937
512 564 624 1556825825946
512 569 621 1556825825954
512 573 618 1556825825961
512 578 614 1556825825969
512 583 611 1556825825978
512 590 608 1556825825986
512 602 605 1556825825994
512 620 600 1556825826001
512 641 596 1556825826009
512 665 590 1556825826017
512 695 583 1556825826025
512 721 578 1556825826033
512 746 577 1556825826041
512 771 577 1556825826049
512 787 577 1556825826057
512 797 579 1556825826066
512 802 581 1556825826073
512 804 582 1556825826081
512 804 583 1556825826114
512 804 586 1556825826121
512 804 590 1556825826130
512 804 595 1556825826137
512 807 602 1556825826145
512 808 609 1556825826153
512 810 616 1556825826161
512 811 620 1556825826169
512 813 626 1556825826177
512 814 629 1556825826185
512 816 632 1556825826193
512 817 636 1556825826201
512 819 637 1556825826210
512 821 639 1556825826217
512 823 642 1556825826226
512 824 644 1556825826232
512 825 645 1556825826241
512 826 646 1556825826249
512 827 647 1556825826257
512 827 648 1556825826265
512 829 648 1556825826273
512 829 649 1556825826281
512 830 650 1556825826298
512 832 652 1556825826313
512 833 653 1556825826321
512 835 654 1556825826329
512 836 655 1556825826338
512 837 656 1556825826346
512 839 656 1556825826354
512 840 656 1556825826369
512 841 656 1556825826402
512 842 656 1556825826417
512 843 656 1556825826425
512 843 654 1556825826545
512 843 651 1556825826553
512 843 650 1556825826561
512 843 648 1556825826569
513 843 648 1556825826627
514 843 648 1556825826722
512 842 647 1556825826793
512 841 646 1556825826801
512 840 644 1556825826826
512 839 643 1556825826833
512 836 640 1556825826853
512 835 638 1556825826857
512 832 636 1556825826865
512 828 633 1556825826873
512 825 631 1556825826881
512 820 628 1556825826889
512 817 624 1556825826896
512 812 623 1556825826905
512 807 619 1556825826913
512 803 616 1556825826922
512 798 614 1556825826929
512 797 613 1556825826937
512 797 612 1556825826945
512 796 611 1556825826953
512 796 608 1556825826961
512 798 602 1556825826969
512 803 590 1556825826977
512 812 577 1556825826985
512 821 566 1556825826993
512 829 554 1556825827001
512 835 546 1556825827009
512 842 536 1556825827017
512 846 529 1556825827025
512 850 521 1556825827032
512 852 514 1556825827041
512 855 507 1556825827049
512 856 500 1556825827057
512 857 495 1556825827065
512 858 490 1556825827073
512 859 485 1556825827081
512 861 479 1556825827089
512 864 474 1556825827097
512 867 468 1556825827105
512 871 462 1556825827113
512 875 455 1556825827121
512 878 449 1556825827130
512 882 443 1556825827137
512 886 438 1556825827146
512 887 434 1556825827153
512 891 429 1556825827162
512 893 427 1556825827169
512 894 425 1556825827178
512 896 424 1556825827184
512 896 422 1556825827193
512 898 420 1556825827201
512 899 420 1556825827209
512 900 418 1556825827217
512 901 418 1556825827225
512 903 417 1556825827233
512 903 416 1556825827241
512 904 414 1556825827249
512 905 414 1556825827257
512 907 412 1556825827265
512 908 411 1556825827273
512 910 409 1556825827281
512 914 407 1556825827290
512 916 405 1556825827297
512 919 405 1556825827306
512 921 402 1556825827314
512 925 400 1556825827322
512 925 398 1556825827329
512 927 398 1556825827337
512 928 395 1556825827345
512 929 395 1556825827353
512 929 394 1556825827362
512 930 394 1556825827370
512 930 393 1556825827378
512 930 392 1556825827385
512 931 391 1556825827393
512 931 388 1556825827401
512 932 387 1556825827409
512 933 385 1556825827417
512 933 384 1556825827426
512 934 381 1556825827433
512 935 381 1556825827442
512 935 380 1556825827449
512 935 378 1556825827457
512 935 377 1556825827474
513 935 377 1556825827556
514 935 377 1556825827625
512 934 377 1556825827690
512 924 377 1556825827705
512 909 377 1556825827730
512 901 377 1556825827737
512 896 379 1556825827744
512 889 381 1556825827753
512 885 384 1556825827761
512 880 386 1556825827769
512 877 388 1556825827777
512 871 390 1556825827784
512 864 393 1556825827793
512 858 394 1556825827801
512 853 396 1556825827809
512 844 397 1556825827817
512 836 396 1556825827825
512 824 392 1556825827833
512 807 389 1556825827842
512 781 386 1556825827849
512 754 386 1556825827857
512 723 385 1556825827865
512 693 385 1556825827873
512 661 385 1556825827881
512 628 385 1556825827890
512 601 385 1556825827897
512 576 385 1556825827905
512 559 385 1556825827913
512 546 386 1556825827922
512 533 386 1556825827930
512 523 386 1556825827937
512 515 386 1556825827945
512 510 387 1556825827953
512 502 387 1556825827961
512 496 387 1556825827969
512 492 387 1556825827977
512 487 387 1556825827985
512 483 387 1556825827993
512 479 387 1556825828001
512 476 387 1556825828009
512 472 387 1556825828017
512 467 387 1556825828025
512 463 387 1556825828033
512 459 387 1556825828041
512 455 387 1556825828049
512 451 387 1556825828057
512 449 387 1556825828065
512 447 387 1556825828073
512 446 387 1556825828081
512 444 387 1556825828097
512 443 387 1556825828130
512 443 385 1556825828161
512 443 384 1556825828177
512 444 384 1556825828185
512 446 382 1556825828194
512 448 382 1556825828201
512 451 382 1556825828210
512 456 381 1556825828217
512 459 381 1556825828225
512 461 381 1556825828233
512 464 381 1556825828241
512 466 381 1556825828249
512 467 380 1556825828257
512 468 380 1556825828264
512 469 380 1556825828273
512 470 379 1556825828281
512 471 379 1556825828290
512 472 379 1556825828306
512 473 379 1556825828313
512 473 378 1556825828329
513 473 378 1556825828386
514 473 378 1556825828458
512 473 379 1556825828529
512 473 380 1556825828546
512 474 380 1556825828561
512 475 380 1556825828569
512 476 380 1556825828585
512 477 381 1556825828594
512 479 382 1556825828601
512 484 387 1556825828626
512 485 389 1556825828633
512 488 390 1556825828641
512 489 393 1556825828649
512 491 395 1556825828658
512 493 397 1556825828665
512 498 401 1556825828673
512 503 407 1556825828681
512 508 414 1556825828689
512 516 426 1556825828697
512 523 438 1556825828706
512 528 449 1556825828713
512 535 466 1556825828722
512 544 484 1556825828729
512 553 502 1556825828736
512 559 516 1556825828746
512 563 527 1556825828753
512 565 541 1556825828761
512 568 550 1556825828770
512 568 560 1556825828777
512 569 568 1556825828785
512 569 575 1556825828793
512 569 581 1556825828801
512 569 588 1556825828810
512 569 592 1556825828818
512 569 598 1556825828825
512 567 601 1556825828833
512 566 604 1556825828841
512 565 607 1556825828849
512 565 609 1556825828858
512 564 613 1556825828865
512 564 614 1556825828874
512 563 615 1556825828890
512 562 616 1556825828905
512 560 616 1556825828913
512 559 618 1556825828921
512 557 619 1556825828928
512 555 621 1556825828938
512 553 624 1556825828945
512 551 625 1556825828953
512 550 627 1556825828962
512 549 627 1556825828968
512 549 628 1556825828986
512 549 630 1556825829026
512 549 632 1556825829033
512 549 634 1556825829041
512 549 635 1556825829049
512 549 637 1556825829058
512 550 637 1556825829065
512 550 639 1556825829074
512 551 639 1556825829090
512 552 639 1556825829170
512 553 639 1556825829178
512 554 640 1556825829193
512 555 640 1556825829209
512 556 640 1556825829217
512 557 641 1556825829225
513 557 641 1556825829307
514 557 641 1556825829377
512 556 641 1556825829394
512 555 641 1556825829401
512 554 639 1556825829409
512 554 638 1556825829417
512 552 637 1556825829425
512 552 636 1556825829447
512 552 635 1556825829449
512 551 633 1556825829457
512 551 631 1556825829465
512 551 629 1556825829473
512 551 627 1556825829481
512 551 624 1556825829490
512 552 621 1556825829498
512 552 617 1556825829505
512 554 611 1556825829514
512 559 602 1556825829521
512 561 595 1556825829530
512 562 589 1556825829537
512 563 582 1556825829545
512 564 576 1556825829554
512 565 569 1556825829562
512 565 564 1556825829569
512 566 555 1556825829577
512 566 547 1556825829585
512 570 536 1556825829593
512 572 528 1556825829601
512 575 516 1556825829610
512 578 505 1556825829617
512 582 495 1556825829625
512 587 483 1556825829633
512 596 468 1556825829641
512 604 453 1556825829649
512 613 437 1556825829657
512 622 417 1556825829665
512 630 396 1556825829674
512 638 381 1556825829681
512 642 369 1556825829689
512 645 360 1556825829697
512 648 353 1556825829705
512 649 349 1556825829713
512 650 345 1556825829720
512 651 339 1556825829730
512 651 335 1556825829737
512 652 330 1556825829746
512 653 325 1556825829753
512 655 319 1556825829762
512 657 315 1556825829771
512 658 308 1556825829777
512 660 301 1556825829785
512 662 294 1556825829793
512 663 285 1556825829801
512 665 280 1556825829809
512 667 274 1556825829818
512 667 268 1556825829825
512 667 264 1556825829832
512 667 261 1556825829841
512 667 257 1556825829849
512 667 255 1556825829858
512 667 253 1556825829923
512 669 249 1556825829930
512 670 246 1556825829937
512 672 241 1556825829946
512 674 237 1556825829953
512 677 233 1556825829962
512 679 229 1556825829969
512 681 226 1556825829977
512 683 223 1556825829985
512 684 222 1556825829994
512 686 220 1556825830001
512 687 218 1556825830009
512 688 218 1556825830017
512 689 216 1556825830025
512 690 216 1556825830033
512 690 213 1556825830042
512 692 212 1556825830049
512 692 211 1556825830058
512 693 211 1556825830065
512 695 211 1556825830075
512 696 210 1556825830081
512 697 209 1556825830098
512 697 208 1556825830105
513 697 208 1556825830203
514 697 208 1556825830275