512 703 213 1556825859306
512 703 214 1556825859322
512 703 215 1556825859330
512 703 218 1556825859337
512 704 221 1556825859346
512 706 226 1556825859353
512 708 231 1556825859362
512 713 239 1556825859369
512 716 247 1556825859377
512 720 254 1556825859386
512 726 264 1556825859392
512 732 275 1556825859401
512 740 285 1556825859409
512 746 297 1556825859418
512 751 306 1556825859425
512 756 315 1556825859434
512 762 324 1556825859440
512 765 331 1556825859450
512 768 339 1556825859457
512 772 349 1556825859465
512 777 357 1556825859474
512 780 368 1556825859481
512 784 378 1556825859489
512 787 389 1556825859498
512 792 400 1556825859506
512 794 410 1556825859513
512 797 419 1556825859521
512 799 429 1556825859529
512 801 437 1556825859537
512 802 447 1556825859545
512 803 453 1556825859554
512 803 463 1556825859562
512 804 471 1556825859569
512 804 478 1556825859576
512 804 487 1556825859586
512 804 498 1556825859593
512 804 507 1556825859602
512 804 516 1556825859610
512 804 526 1556825859617
512 804 534 1556825859625
512 804 540 1556825859633
512 804 548 1556825859641
512 804 557 1556825859649
512 804 565 1556825859657
512 804 571 1556825859665
512 804 577 1556825859673
512 806 583 1556825859681
512 806 587 1556825859689
512 809 591 1556825859697
512 810 596 1556825859705
512 811 600 1556825859714
512 812 603 1556825859722
512 812 606 1556825859730
512 814 610 1556825859737
512 816 612 1556825859745
512 816 615 1556825859753
512 817 617 1556825859762
512 818 618 1556825859769
512 820 618 1556825859778
512 820 619 1556825859785
512 821 619 1556825859800
512 823 620 1556825859809
512 824 622 1556825859817
512 826 622 1556825859825
512 826 624 1556825859834
512 827 624 1556825859841
512 828 624 1556825859882
512 829 624 1556825859889
512 830 625 1556825859898
512 832 625 1556825859905
512 835 627 1556825859914
512 837 628 1556825859921
512 839 630 1556825859930
512 840 631 1556825859937
512 842 632 1556825859945
512 843 633 1556825859962
512 843 634 1556825860017
512 843 635 1556825860033
512 843 636 1556825860050
512 843 637 1556825860057
513 843 637 1556825860131
514 843 637 1556825860226
512 841 637 1556825860281
512 841 636 1556825860474
512 841 635 1556825860481
512 840 634 1556825860489
512 838 629 1556825860498
512 833 618 1556825860519
512 830 612 1556825860521
512 826 606 1556825860529
512 820 598 1556825860537
512 814 589 1556825860546
512 807 581 1556825860553
512 797 572 1556825860561
512 789 564 1556825860569
512 778 555 1556825860577
512 763 545 1556825860585
512 749 534 1556825860592
512 730 521 1556825860601
512 715 509 1556825860609
512 700 500 1556825860617
512 682 485 1556825860625
512 669 477 1556825860634
512 652 466 1556825860641
512 636 457 1556825860649
512 625 449 1556825860657
512 615 442 1556825860666
512 604 434 1556825860673
512 593 429 1556825860682
512 583 424 1556825860689
512 573 420 1556825860698
512 565 417 1556825860705
512 556 413 1556825860714
512 547 409 1556825860722
512 537 406 1556825860729
512 527 403 1556825860738
512 519 400 1556825860745
512 511 398 1556825860754
512 503 398 1556825860761
512 497 396 1556825860769
512 492 394 1556825860777
512 489 391 1556825860785
512 487 390 1556825860793
512 485 389 1556825860801
512 484 388 1556825860817
512 482 388 1556825860825
512 482 387 1556825860833
512 480 387 1556825860841
512 480 385 1556825860849
512 478 384 1556825860858
512 476 382 1556825860865
512 473 382 1556825860873
512 470 380 1556825860882
512 468 379 1556825860889
512 466 377 1556825860897
512 464 377 1556825860914
512 463 376 1556825860922
512 462 375 1556825860929
512 462 374 1556825860970
513 462 374 1556825861028
514 462 374 1556825861106
512 463 374 1556825861242
512 464 374 1556825861249
512 465 374 1556825861257
512 467 375 1556825861265
513 467 375 1556825861411
512 468 375 1556825861457
514 468 375 1556825861482
512 468 376 1556825861513
512 470 377 1556825861522
512 474 379 1556825861529
512 477 380 1556825861552
512 479 381 1556825861554
512 481 382 1556825861562
512 483 383 1556825861569
512 486 385 1556825861577
512 489 385 1556825861586
512 494 387 1556825861593
512 502 389 1556825861601
512 513 390 1556825861609
512 526 391 1556825861617
512 541 392 1556825861624
512 558 395 1556825861633
512 576 397 1556825861641
512 589 399 1556825861650
512 600 400 1556825861658
512 609 401 1556825861666
512 613 401 1556825861673
512 619 401 1556825861682
512 621 402 1556825861689
512 623 402 1556825861698
512 624 402 1556825861705
512 626 402 1556825861713
512 627 402 1556825861722
512 630 402 1556825861729
512 633 400 1556825861737
512 637 396 1556825861745
512 644 391 1556825861753
512 651 385 1556825861761
512 658 379 1556825861770
512 664 374 1556825861777
512 670 367 1556825861785
512 676 360 1556825861793
512 680 350 1556825861802
512 683 341 1556825861809
512 686 333 1556825861818
512 688 326 1556825861825
512 690 319 1556825861833
512 691 313 1556825861841
512 691 308 1556825861850
512 692 304 1556825861857
512 692 298 1556825861866
512 692 293 1556825861874
512 692 287 1556825861881
512 692 283 1556825861890
512 692 280 1556825861897
512 692 277 1556825861905
512 692 274 1556825861913
512 692 271 1556825861921
512 692 269 1556825861930
512 692 265 1556825861937
512 691 263 1556825861946
512 691 261 1556825861953
512 690 259 1556825861961
512 690 258 1556825861969
512 690 257 1556825861977
512 690 256 1556825861985
512 690 255 1556825861993
512 690 254 1556825862001
512 690 251 1556825862010
512 690 249 1556825862018
512 690 247 1556825862025
512 690 245 1556825862033
512 690 241 1556825862041
512 690 236 1556825862050
512 690 230 1556825862057
512 690 226 1556825862066
512 690 222 1556825862073
512 690 219 1556825862082
512 691 215 1556825862089
512 692 213 1556825862097
512 693 211 1556825862105
512 693 210 1556825862114
512 693 209 1556825862121
513 693 209 1556825862243
514 693 209 1556825862322
512 695 210 1556825862393
512 697 212 1556825862402
512 698 213 1556825862409
512 699 216 1556825862417
512 700 219 1556825862424
512 702 223 1556825862434
512 704 226 1556825862442
512 707 231 1556825862449
512 710 238 1556825862457
512 714 244 1556825862465
512 718 251 1556825862473
512 723 258 1556825862482
512 731 270 1556825862490
512 736 279 1556825862497
512 744 289 1556825862505
512 752 301 1556825862514
512 758 312 1556825862521
512 764 322 1556825862529
512 771 333 1556825862537
512 778 346 1556825862545
512 784 357 1556825862553
512 791 369 1556825862560
512 798 384 1556825862569
512 803 395 1556825862577
512 809 405 1556825862585
512 812 414 1556825862593
512 816 420 1556825862601
512 820 424 1556825862608
512 822 427 1556825862617
512 823 427 1556825862625
512 825 428 1556825862633
512 826 428 1556825862658
512 829 428 1556825862665
512 831 428 1556825862673
512 834 425 1556825862681
512 839 423 1556825862689
512 842 421 1556825862696
512 845 419 1556825862705
512 850 417 1556825862714
512 853 416 1556825862721
512 857 414 1556825862729
512 859 412 1556825862737
512 862 410 1556825862746
512 864 409 1556825862753
512 867 407 1556825862760
512 868 406 1556825862769
512 870 403 1556825862776
512 873 401 1556825862786
512 876 398 1556825862793
512 878 396 1556825862801
512 882 393 1556825862809
512 884 392 1556825862818
512 886 390 1556825862825
512 890 388 1556825862834
512 893 387 1556825862841
512 895 386 1556825862850
512 897 385 1556825862858
512 899 384 1556825862866
512 899 383 1556825862882
512 900 383 1556825862889
512 901 383 1556825862938
512 902 380 1556825862945
512 905 380 1556825862954
512 905 377 1556825862961
512 909 377 1556825862969
512 911 375 1556825862985
512 912 375 1556825862993
512 913 375 1556825863009
512 914 375 1556825863074
512 915 375 1556825863081
512 916 375 1556825863089
512 918 375 1556825863098
512 920 375 1556825863105
512 922 375 1556825863113
512 923 375 1556825863121
512 924 375 1556825863130
512 925 374 1556825863137
512 926 374 1556825863145
512 927 374 1556825863154
513 927 374 1556825863226
514 927 374 1556825863330
512 926 374 1556825863377
512 923 374 1556825863386
512 919 375 1556825863393
512 912 378 1556825863413
512 907 380 1556825863417
512 904 381 1556825863425
512 903 383 1556825863433
512 901 383 1556825863441
512 899 385 1556825863449
512 897 386 1556825863457
512 896 390 1556825863466
512 892 393 1556825863473
512 888 398 1556825863481
512 886 402 1556825863490
512 882 408 1556825863498
512 879 414 1556825863506
512 876 420 1556825863513
512 874 424 1556825863521
512 870 430 1556825863529
512 866 437 1556825863538
512 861 443 1556825863546
512 854 449 1556825863554
512 847 458 1556825863560
512 839 464 1556825863569
512 835 473 1556825863577
512 827 481 1556825863585
512 822 489 1556825863593
512 818 496 1556825863601
512 812 504 1556825863609
512 808 510 1556825863617
512 802 517 1556825863625
512 796 525 1556825863633
512 788 532 1556825863641
512 781 541 1556825863650
512 770 553 1556825863658
512 759 565 1556825863666
512 742 579 1556825863673
512 730 587 1556825863681
512 719 594 1556825863689
512 707 601 1556825863697
512 695 608 1556825863706
512 687 612 1556825863713
512 678 615 1556825863721
512 671 619 1556825863729
512 664 621 1556825863737
512 660 623 1556825863745
512 654 625 1556825863754
512 646 627 1556825863761
512 640 628 1556825863769
512 633 629 1556825863777
512 628 629 1556825863785
512 622 629 1556825863793
512 618 630 1556825863802
512 613 632 1556825863809
512 611 632 1556825863817
512 610 633 1556825863825
512 609 633 1556825863833
512 607 633 1556825863898
512 605 632 1556825863906
512 603 630 1556825863913
512 601 630 1556825863921
512 599 630 1556825863929
512 596 630 1556825863937
512 595 630 1556825863954
512 593 630 1556825863962
512 592 630 1556825863977
512 591 631 1556825863986
512 589 631 1556825863992
512 585 633 1556825864001
512 583 634 1556825864009
512 579 637 1556825864017
512 576 638 1556825864025
512 572 639 1556825864033
512 570 641 1556825864041
512 569 641 1556825864050
512 569 642 1556825864057
512 568 642 1556825864067
512 567 642 1556825864112
512 567 643 1556825864121
512 566 643 1556825864129
512 564 644 1556825864146
512 564 645 1556825864153
512 563 645 1556825864169
512 563 646 1556825864185
513 563 646 1556825864259
514 563 646 1556825864346
512 562 646 1556825864353
512 562 645 1556825864409
512 562 644 1556825864417
512 562 643 1556825864425
512 565 642 1556825864434
512 566 639 1556825864441
512 572 632 1556825864466
512 575 629 1556825864473
512 579 625 1556825864482
512 582 624 1556825864489
512 586 621 1556825864497
512 590 617 1556825864506
512 593 613 1556825864513
512 597 608 1556825864521
512 601 604 1556825864530
512 605 600 1556825864537
512 611 593 1556825864545
512 621 587 1556825864553
512 631 579 1556825864561
512 642 576 1556825864569
512 653 573 1556825864577
512 663 571 1556825864585
512 674 571 1556825864593
512 684 574 1556825864602
512 692 577 1556825864609
512 697 580 1556825864618
512 704 583 1556825864625
512 710 586 1556825864634
512 715 588 1556825864641
512 717 590 1556825864649
512 718 592 1556825864657
512 721 594 1556825864665
512 722 595 1556825864673
512 726 598 1556825864681
512 731 602 1556825864689
512 737 607 1556825864697
512 747 612 1556825864706
512 757 618 1556825864713
512 769 623 1556825864721
512 780 628 1556825864729
512 793 632 1556825864737
512 805 635 1556825864745
512 816 638 1556825864754
512 825 639 1556825864761
512 829 639 1556825864769
512 831 640 1556825864778
512 833 640 1556825865009
512 834 640 1556825865026
512 835 640 1556825865033
512 836 640 1556825865041
513 836 640 1556825865099
514 836 640 1556825865177
512 836 639 1556825865330
512 835 637 1556825865338
512 833 632 1556825865345
512 827 621 1556825865368
512 825 617 1556825865370
512 824 610 1556825865378
512 823 605 1556825865386
512 823 600 1556825865392
512 823 591 1556825865401
512 824 580 1556825865409
512 829 569 1556825865418
512 833 558 1556825865425
512 838 547 1556825865433
512 842 537 1556825865441
512 846 530 1556825865449
512 852 520 1556825865457
512 858 513 1556825865465
512 862 504 1556825865474
512 866 498 1556825865481
512 871 492 1556825865489
512 876 483 1556825865497
512 880 475 1556825865505
512 885 464 1556825865513
512 890 455 1556825865521
512 894 448 1556825865529
512 897 441 1556825865537
512 900 434 1556825865545
512 902 428 1556825865554
512 904 422 1556825865561
512 907 418 1556825865569
512 909 413 1556825865577
512 911 408 1556825865585
512 913 404 1556825865593
512 914 399 1556825865602
512 916 394 1556825865609
512 918 387 1556825865618
512 920 383 1556825865625
512 922 380 1556825865633
512 922 377 1556825865644
512 924 376 1556825865650
512 924 375 1556825865658
512 924 374 1556825865665
512 924 373 1556825865673
512 925 373 1556825865681
512 925 372 1556825865690
512 925 371 1556825865697
512 926 369 1556825865706
512 927 367 1556825865721
512 929 365 1556825865729
512 930 364 1556825865737
512 931 362 1556825865745
512 932 361 1556825865753
512 933 361 1556825865770
512 933 360 1556825865785
512 933 361 1556825865921
512 933 364 1556825865929
512 933 367 1556825865938
512 933 368 1556825865945
512 933 370 1556825865953
512 932 372 1556825865961
512 932 373 1556825865977
512 931 373 1556825865986
513 931 373 1556825866068
514 931 373 1556825866154
512 929 373 1556825866250
512 927 373 1556825866257
512 923 375 1556825866265
512 898 384 1556825866290
512 885 389 1556825866297
512 875 391 1556825866305
512 861 396 1556825866314
512 849 398 1556825866321
512 835 400 1556825866329
512 822 402 1556825866338
512 812 406 1556825866344
512 801 408 1556825866353
512 793 411 1556825866361
512 786 415 1556825866369
512 776 418 1556825866377
512 770 419 1556825866386
512 765 420 1556825866393
512 762 420 1556825866402
512 758 420 1556825866409
512 755 420 1556825866417
512 751 420 1556825866426
512 745 419 1556825866433
512 738 417 1556825866442
512 731 417 1556825866449
512 722 417 1556825866457
512 713 417 1556825866465
512 701 416 1556825866473
512 687 416 1556825866482
512 674 416 1556825866489
512 660 416 1556825866497
512 644 416 1556825866505
512 626 415 1556825866512
512 607 415 1556825866521
512 592 413 1556825866529
512 577 413 1556825866537
512 565 413 1556825866545
512 555 413 1556825866553
512 549 412 1556825866561
512 543 411 1556825866569
512 541 410 1556825866577
512 540 410 1556825866601
512 538 408 1556825866641
512 535 407 1556825866649
512 533 406 1556825866657
512 531 405 1556825866665
512 529 405 1556825866674
512 528 404 1556825866681
512 527 404 1556825866689
512 526 403 1556825866697
512 525 401 1556825866706
512 523 399 1556825866713
512 522 393 1556825866722
512 520 390 1556825866729
512 518 387 1556825866737
512 516 383 1556825866745
512 513 381 1556825866753
512 511 380 1556825866761
512 509 378 1556825866778
512 508 378 1556825866786
512 507 378 1556825866793
512 505 376 1556825866802
512 503 375 1556825866809
512 500 374 1556825866817
512 497 373 1556825866825
512 492 371 1556825866833
512 487 370 1556825866842
512 482 369 1556825866849
512 480 368 1556825866857
512 477 368 1556825866865
512 475 366 1556825866873
512 474 366 1556825866881
512 473 366 1556825866889
512 472 366 1556825866905
512 471 366 1556825866930
512 469 366 1556825866954
513 469 366 1556825867027
514 469 366 1556825867113
512 469 367 1556825867129
512 470 367 1556825867137
512 470 369 1556825867145
512 471 369 1556825867154
512 471 370 1556825867194
512 472 370 1556825867202
512 472 372 1556825867322
512 473 372 1556825867346
512 473 373 1556825867354
512 473 374 1556825867370
512 474 374 1556825867377
513 474 374 1556825867453
514 474 374 1556825867521
512 474 375 1556825867585
512 475 376 1556825867594
512 476 378 1556825867602
512 477 378 1556825867609
512 477 380 1556825867618
512 479 381 1556825867639
512 480 381 1556825867641
512 482 382 1556825867650
512 483 383 1556825867658
512 486 383 1556825867665
512 489 385 1556825867673
512 493 386 1556825867681
512 501 389 1556825867690
512 509 391 1556825867697
512 520 394 1556825867705
512 530 396 1556825867713
512 538 400 1556825867722
512 544 403 1556825867729
512 550 405 1556825867738
512 552 407 1556825867744
512 554 408 1556825867753
512 554 411 1556825867761
512 556 414 1556825867770
512 559 420 1556825867777
512 561 428 1556825867785
512 564 436 1556825867794
512 569 447 1556825867801
512 572 458 1556825867809
512 574 469 1556825867818
512 576 479 1556825867825
512 576 488 1556825867833
512 576 495 1556825867841
512 577 504 1556825867850
512 577 512 1556825867857
512 577 522 1556825867865
512 577 532 1556825867873
512 578 542 1556825867881
512 579 551 1556825867890
512 579 558 1556825867897
512 579 567 1556825867906
512 579 574 1556825867913
512 579 581 1556825867921
512 579 586 1556825867928
512 579 590 1556825867937
512 579 594 1556825867945
512 579 597 1556825867953
512 579 600 1556825867961
512 579 603 1556825867970
512 579 606 1556825867978
512 579 609 1556825867985
512 579 611 1556825867993
512 579 612 1556825868010
512 579 613 1556825868019
512 579 614 1556825868033
512 579 615 1556825868042
512 579 616 1556825868058
512 577 617 1556825868064
512 577 618 1556825868074
512 575 619 1556825868081
512 573 621 1556825868089
512 572 621 1556825868097
512 572 623 1556825868106
512 571 626 1556825868113
512 569 628 1556825868121
512 568 629 1556825868128
512 567 632 1556825868137
512 566 633 1556825868145
512 565 634 1556825868154
512 565 635 1556825868161
512 565 636 1556825868233
512 565 637 1556825868297
512 565 638 1556825868313
513 565 638 1556825868435
512 563 638 1556825868513
514 563 638 1556825868515
512 562 638 1556825868545
512 562 637 1556825868569
512 562 636 1556825868585
512 562 635 1556825868593
512 562 634 1556825868601
512 563 633 1556825868609
512 566 629 1556825868635
512 569 628 1556825868642
512 570 626 1556825868649
512 571 624 1556825868658
512 572 622 1556825868666
512 574 619 1556825868673
512 576 615 1556825868681
512 577 611 1556825868689
512 579 608 1556825868696
512 582 600 1556825868705
512 585 594 1556825868713
512 589 587 1556825868721
512 593 579 1556825868729
512 601 564 1556825868738
512 617 540 1556825868745
512 638 512 1556825868753
512 655 483 1556825868761
512 668 454 1556825868769
512 682 426 1556825868777
512 692 407 1556825868785
512 698 390 1556825868793
512 703 379 1556825868802
512 706 369 1556825868809
512 706 363 1556825868816
512 706 355 1556825868825
512 706 346 1556825868833
512 705 338 1556825868841
512 704 328 1556825868849
512 703 319 1556825868858
512 702 311 1556825868865
512 702 303 1556825868873
512 702 298 1556825868881
512 701 291 1556825868890
512 701 287 1556825868897
512 701 280 1556825868907
512 701 273 1556825868913
512 701 268 1556825868921
512 702 262 1556825868929
512 703 258 1556825868938
512 704 252 1556825868946
512 705 246 1556825868954
512 706 240 1556825868961
512 708 231 1556825868970
512 708 223 1556825868977
512 709 216 1556825868985
512 710 209 1556825868994
512 711 206 1556825869001
512 711 204 1556825869009
512 712 202 1556825869017
512 712 201 1556825869033
512 712 199 1556825869041
512 712 198 1556825869049
512 711 198 1556825869186
512 707 200 1556825869194
512 702 202 1556825869201
512 699 205 1556825869209
512 696 208 1556825869217
512 694 210 1556825869225
512 692 212 1556825869233
512 690 213 1556825869242
513 690 213 1556825869339
514 690 213 1556825869402
512 692 213 1556825869489
512 694 212 1556825869497
512 695 212 1556825869505
512 697 211 1556825869514
512 698 211 1556825869530
512 698 210 1556825869546
512 699 210 1556825869562
513 699 210 1556825869626
514 699 210 1556825869698