512 703 216 1553544211575 
512 704 218 1553544211584 
512 706 220 1553544211591 
512 707 223 1553544211599 
512 709 228 1553544211607 
512 709 233 1553544211615 
512 709 239 1553544211623 
512 709 247 1553544211631 
512 709 255 1553544211639 
512 709 262 1553544211647 
512 708 270 1553544211656 
512 708 279 1553544211664 
512 708 286 1553544211671 
512 705 293 1553544211679 
512 704 301 1553544211687 
512 701 308 1553544211695 
512 699 317 1553544211703 
512 697 325 1553544211712 
512 695 333 1553544211720 
512 695 342 1553544211727 
512 695 353 1553544211735 
512 695 364 1553544211744 
512 695 378 1553544211751 
512 695 390 1553544211759 
512 696 402 1553544211767 
512 700 415 1553544211775 
512 703 427 1553544211783 
512 709 438 1553544211792 
512 713 449 1553544211800 
512 720 459 1553544211807 
512 727 473 1553544211816 
512 732 483 1553544211823 
512 737 494 1553544211832 
512 742 504 1553544211840 
512 745 514 1553544211847 
512 750 523 1553544211856 
512 753 531 1553544211863 
512 756 538 1553544211872 
512 759 544 1553544211879 
512 762 550 1553544211888 
512 764 553 1553544211896 
512 768 558 1553544211903 
512 773 562 1553544211912 
512 776 566 1553544211920 
512 781 570 1553544211928 
512 784 574 1553544211936 
512 788 577 1553544211943 
512 789 580 1553544211951 
512 791 582 1553544211959 
512 792 583 1553544211968 
512 792 585 1553544211975 
512 792 586 1553544211984 
512 792 587 1553544211992 
512 793 589 1553544212000 
512 794 590 1553544212007 
512 795 591 1553544212016 
512 795 592 1553544212024 
512 796 592 1553544212031 
512 796 594 1553544212039 
512 797 594 1553544212047 
512 797 596 1553544212055 
512 799 596 1553544212063 
512 800 598 1553544212071 
512 800 599 1553544212079 
512 801 602 1553544212087 
512 802 604 1553544212096 
512 803 607 1553544212103 
512 804 609 1553544212112 
512 805 610 1553544212120 
512 806 612 1553544212128 
512 807 615 1553544212136 
512 810 620 1553544212144 
512 812 625 1553544212151 
512 815 629 1553544212160 
512 818 635 1553544212168 
512 822 640 1553544212176 
512 825 644 1553544212184 
512 829 645 1553544212192 
512 831 647 1553544212200 
512 834 648 1553544212207 
512 835 649 1553544212216 
512 836 650 1553544212224 
512 836 651 1553544212240 
512 836 652 1553544212272 
512 838 652 1553544212344 
512 838 651 1553544212360 
512 838 650 1553544212376 
512 838 649 1553544212383 
512 838 648 1553544212392 
512 839 647 1553544212400 
512 839 646 1553544212407 
512 839 644 1553544212416 
512 839 643 1553544212440 
512 839 642 1553544212456 
513 839 642 1553544212514 
512 839 643 1553544212616 
514 839 643 1553544212632 
512 839 644 1553544212639 
512 837 644 1553544212759 
512 837 642 1553544212767 
512 836 641 1553544212776 
512 835 640 1553544212783 
512 833 638 1553544212791 
512 831 637 1553544212808 
512 825 636 1553544212809 
512 819 633 1553544212816 
512 809 627 1553544212824 
512 799 624 1553544212832 
512 791 619 1553544212840 
512 779 612 1553544212848 
512 767 606 1553544212855 
512 753 599 1553544212863 
512 740 592 1553544212872 
512 722 584 1553544212879 
512 704 574 1553544212887 
512 687 563 1553544212895 
512 666 553 1553544212903 
512 648 543 1553544212912 
512 633 535 1553544212919 
512 612 523 1553544212927 
512 600 516 1553544212935 
512 592 512 1553544212943 
512 585 507 1553544212951 
512 578 502 1553544212959 
512 571 497 1553544212967 
512 566 489 1553544212976 
512 562 483 1553544212984 
512 557 478 1553544212991 
512 553 473 1553544213000 
512 551 465 1553544213007 
512 547 462 1553544213016 
512 547 457 1553544213024 
512 545 457 1553544213032 
512 544 454 1553544213040 
512 542 452 1553544213047 
512 541 451 1553544213055 
512 540 448 1553544213063 
512 538 447 1553544213072 
512 536 446 1553544213079 
512 533 445 1553544213087 
512 531 443 1553544213095 
512 529 443 1553544213111 
512 529 442 1553544213120 
512 528 441 1553544213136 
512 528 440 1553544213144 
512 526 438 1553544213160 
512 524 437 1553544213176 
512 522 436 1553544213184 
512 519 434 1553544213192 
512 517 432 1553544213200 
512 515 430 1553544213208 
512 512 429 1553544213216 
512 511 429 1553544213224 
512 509 427 1553544213232 
512 507 425 1553544213239 
512 505 423 1553544213248 
512 503 422 1553544213256 
512 501 420 1553544213264 
512 498 418 1553544213272 
512 496 417 1553544213280 
512 493 414 1553544213288 
512 491 413 1553544213296 
512 489 412 1553544213304 
512 488 411 1553544213312 
512 486 410 1553544213320 
512 485 409 1553544213328 
512 485 408 1553544213336 
512 483 408 1553544213344 
512 483 407 1553544213352 
512 482 407 1553544213360 
512 482 406 1553544213368 
512 481 405 1553544213376 
512 481 404 1553544213392 
512 479 403 1553544213400 
512 479 402 1553544213408 
512 479 401 1553544213416 
512 478 399 1553544213424 
512 477 399 1553544213432 
512 476 398 1553544213440 
512 476 396 1553544213448 
512 474 395 1553544213464 
512 474 394 1553544213472 
512 474 393 1553544213496 
512 474 392 1553544213519 
512 473 391 1553544213527 
512 473 389 1553544213536 
512 473 388 1553544213544 
512 472 388 1553544213551 
512 471 386 1553544213560 
512 470 386 1553544213568 
512 469 384 1553544213575 
512 469 382 1553544213584 
512 467 382 1553544213592 
512 467 381 1553544213608 
513 467 381 1553544213619 
514 467 381 1553544213752 
512 469 382 1553544213824 
512 469 383 1553544213832 
512 470 383 1553544213839 
512 471 383 1553544213847 
512 473 384 1553544213864 
512 480 388 1553544213880 
512 486 391 1553544213888 
512 492 394 1553544213895 
512 498 400 1553544213903 
512 505 407 1553544213912 
512 511 411 1553544213920 
512 519 418 1553544213927 
512 525 424 1553544213935 
512 534 431 1553544213943 
512 540 437 1553544213951 
512 550 440 1553544213960 
512 559 441 1553544213968 
512 571 441 1553544213976 
512 586 439 1553544213983 
512 602 435 1553544213992 
512 627 427 1553544213999 
512 647 419 1553544214008 
512 662 412 1553544214015 
512 676 402 1553544214023 
512 686 392 1553544214031 
512 693 383 1553544214040 
512 699 372 1553544214047 
512 705 360 1553544214055 
512 710 348 1553544214064 
512 712 336 1553544214072 
512 713 322 1553544214080 
512 713 309 1553544214088 
512 713 298 1553544214095 
512 713 290 1553544214103 
512 713 281 1553544214112 
512 713 272 1553544214119 
512 713 264 1553544214127 
512 713 257 1553544214136 
512 713 249 1553544214144 
512 713 242 1553544214152 
512 713 237 1553544214160 
512 713 233 1553544214168 
512 713 230 1553544214176 
512 713 227 1553544214184 
512 713 224 1553544214192 
512 713 221 1553544214200 
512 713 218 1553544214207 
512 711 216 1553544214216 
512 711 215 1553544214224 
512 709 213 1553544214231 
512 708 213 1553544214239 
512 708 212 1553544214248 
512 707 212 1553544214255 
512 707 210 1553544214264 
512 707 209 1553544214271 
512 706 207 1553544214288 
512 705 204 1553544214296 
512 705 203 1553544214303 
512 704 201 1553544214312 
512 703 199 1553544214319 
512 702 198 1553544214327 
512 701 198 1553544214336 
512 701 197 1553544214352 
512 700 197 1553544214376 
512 699 197 1553544214400 
512 698 197 1553544214472 
512 698 198 1553544214480 
512 697 198 1553544214496 
512 697 199 1553544214503 
513 697 199 1553544214522 
514 697 199 1553544214656 
512 697 200 1553544214664 
512 697 201 1553544214695 
512 698 203 1553544214720 
512 698 204 1553544214727 
512 699 206 1553544214736 
512 700 207 1553544214743 
512 701 209 1553544214752 
512 701 211 1553544214759 
512 702 212 1553544214768 
512 703 214 1553544214775 
512 703 215 1553544214808 
512 703 216 1553544214824 
512 704 216 1553544214832 
512 704 217 1553544214847 
512 704 218 1553544214855 
512 704 217 1553544214983 
512 704 216 1553544214991 
512 703 216 1553544215007 
512 703 215 1553544215015 
513 703 215 1553544215032 
514 703 215 1553544215160 
512 704 217 1553544215288 
512 706 219 1553544215295 
512 708 222 1553544215304 
512 710 224 1553544215312 
512 711 228 1553544215320 
512 712 231 1553544215327 
512 713 234 1553544215335 
512 713 237 1553544215343 
512 713 241 1553544215351 
512 716 246 1553544215359 
512 718 254 1553544215368 
512 721 261 1553544215375 
512 723 269 1553544215384 
512 728 283 1553544215391 
512 730 295 1553544215399 
512 735 308 1553544215408 
512 743 326 1553544215415 
512 753 340 1553544215423 
512 763 361 1553544215431 
512 773 375 1553544215439 
512 781 382 1553544215448 
512 790 390 1553544215455 
512 799 393 1553544215463 
512 806 395 1553544215471 
512 816 396 1553544215479 
512 825 396 1553544215488 
512 833 396 1553544215495 
512 839 396 1553544215504 
512 843 396 1553544215512 
512 847 396 1553544215519 
512 849 396 1553544215527 
512 850 396 1553544215536 
512 852 396 1553544215543 
512 855 396 1553544215552 
512 857 395 1553544215568 
512 858 394 1553544215576 
512 860 393 1553544215584 
512 861 392 1553544215592 
512 864 391 1553544215600 
512 865 390 1553544215607 
512 868 389 1553544215615 
512 872 387 1553544215624 
512 873 386 1553544215632 
512 876 385 1553544215639 
512 879 384 1553544215647 
512 883 384 1553544215656 
512 889 383 1553544215664 
512 895 382 1553544215671 
512 903 381 1553544215679 
512 909 381 1553544215687 
512 915 380 1553544215695 
512 919 379 1553544215704 
512 925 378 1553544215712 
512 930 376 1553544215720 
512 932 376 1553544215728 
512 933 375 1553544215735 
512 934 374 1553544215744 
512 935 374 1553544215752 
512 936 374 1553544215816 
513 936 374 1553544215938 
514 936 374 1553544216048 
512 933 375 1553544216279 
512 929 378 1553544216287 
512 921 383 1553544216303 
512 910 387 1553544216304 
512 899 391 1553544216312 
512 882 400 1553544216320 
512 863 412 1553544216328 
512 840 423 1553544216336 
512 814 436 1553544216344 
512 787 453 1553544216352 
512 763 465 1553544216359 
512 736 482 1553544216367 
512 708 497 1553544216375 
512 685 515 1553544216384 
512 661 528 1553544216392 
512 637 544 1553544216400 
512 620 557 1553544216408 
512 608 566 1553544216416 
512 594 576 1553544216424 
512 585 585 1553544216431 
512 581 591 1553544216440 
512 578 595 1553544216448 
512 575 599 1553544216455 
512 574 602 1553544216464 
512 574 605 1553544216472 
512 573 607 1553544216480 
512 573 609 1553544216488 
512 573 610 1553544216496 
512 573 612 1553544216504 
512 573 613 1553544216512 
512 573 614 1553544216536 
512 572 615 1553544216552 
512 571 616 1553544216576 
512 570 617 1553544216592 
512 570 618 1553544216599 
512 570 619 1553544216608 
512 570 620 1553544216616 
512 569 621 1553544216624 
512 569 622 1553544216632 
512 569 623 1553544216639 
512 569 624 1553544216649 
512 567 626 1553544216656 
512 567 628 1553544216664 
512 567 629 1553544216672 
512 567 631 1553544216680 
512 566 634 1553544216688 
512 566 636 1553544216696 
512 566 638 1553544216704 
512 565 640 1553544216713 
512 564 642 1553544216720 
512 564 643 1553544216735 
512 563 644 1553544216744 
512 563 645 1553544216752 
513 563 645 1553544216873 
514 563 645 1553544216976 
512 562 645 1553544217119 
512 562 644 1553544217136 
512 562 643 1553544217143 
512 562 642 1553544217152 
512 562 639 1553544217160 
512 568 627 1553544217194 
512 571 622 1553544217200 
512 572 621 1553544217208 
512 576 618 1553544217215 
512 579 616 1553544217223 
512 585 614 1553544217231 
512 588 613 1553544217240 
512 592 612 1553544217247 
512 599 612 1553544217255 
512 606 612 1553544217264 
512 615 612 1553544217271 
512 626 614 1553544217280 
512 641 615 1553544217287 
512 656 618 1553544217295 
512 668 621 1553544217303 
512 679 624 1553544217311 
512 690 625 1553544217319 
512 698 628 1553544217328 
512 702 630 1553544217336 
512 709 632 1553544217343 
512 715 634 1553544217360 
512 721 636 1553544217368 
512 727 637 1553544217376 
512 732 638 1553544217384 
512 738 639 1553544217391 
512 742 639 1553544217400 
512 747 639 1553544217407 
512 752 639 1553544217416 
512 754 639 1553544217424 
512 756 639 1553544217431 
512 758 639 1553544217439 
512 760 639 1553544217456 
512 763 639 1553544217464 
512 766 639 1553544217472 
512 770 639 1553544217480 
512 774 639 1553544217488 
512 777 639 1553544217496 
512 779 639 1553544217504 
512 781 639 1553544217512 
512 782 637 1553544217520 
512 783 637 1553544217528 
512 784 637 1553544217568 
512 785 637 1553544217583 
512 787 637 1553544217592 
512 788 637 1553544217600 
512 789 637 1553544217608 
512 791 637 1553544217616 
512 792 637 1553544217624 
512 793 637 1553544217632 
512 794 637 1553544217639 
512 796 637 1553544217647 
512 797 637 1553544217664 
512 798 637 1553544217672 
512 800 637 1553544217680 
512 801 637 1553544217688 
512 803 637 1553544217696 
512 805 637 1553544217713 
512 806 637 1553544217720 
512 807 637 1553544217728 
512 809 637 1553544217736 
512 811 637 1553544217743 
512 812 637 1553544217752 
512 814 637 1553544217760 
512 816 636 1553544217768 
512 817 636 1553544217776 
512 818 636 1553544217792 
512 819 636 1553544217800 
512 821 636 1553544217807 
512 823 636 1553544217815 
512 824 636 1553544217824 
512 826 636 1553544217832 
512 827 636 1553544217840 
512 829 636 1553544217847 
512 830 637 1553544217856 
512 831 637 1553544217864 
512 833 638 1553544217872 
512 836 639 1553544217879 
512 840 640 1553544217887 
512 842 641 1553544217896 
512 846 642 1553544217904 
512 850 642 1553544217913 
512 850 643 1553544217920 
512 853 642 1553544217929 
512 854 642 1553544217936 
512 854 643 1553544217968 
513 854 643 1553544218074 
514 854 643 1553544218184 
512 853 643 1553544218264 
512 852 643 1553544218280 
512 852 644 1553544218312 
512 851 644 1553544218319 
512 850 644 1553544218344 
512 849 645 1553544218376 
512 848 645 1553544218410 
512 847 645 1553544218416 
513 847 645 1553544218457 
514 847 645 1553544218592 
512 846 645 1553544218632 
512 846 644 1553544218679 
512 845 644 1553544218687 
512 844 644 1553544218696 
512 844 643 1553544218704 
512 844 640 1553544218720 
512 836 629 1553544218755 
512 831 622 1553544218760 
512 826 616 1553544218768 
512 820 610 1553544218775 
512 818 604 1553544218783 
512 816 599 1553544218791 
512 816 592 1553544218799 
512 816 584 1553544218807 
512 820 571 1553544218816 
512 826 559 1553544218823 
512 830 548 1553544218832 
512 837 537 1553544218840 
512 844 524 1553544218848 
512 851 514 1553544218855 
512 857 502 1553544218864 
512 866 492 1553544218872 
512 874 482 1553544218880 
512 882 470 1553544218888 
512 890 462 1553544218896 
512 897 455 1553544218903 
512 901 448 1553544218912 
512 905 442 1553544218919 
512 908 437 1553544218927 
512 910 433 1553544218936 
512 912 429 1553544218944 
512 912 427 1553544218952 
512 912 426 1553544218959 
512 913 425 1553544218968 
512 913 424 1553544219000 
512 913 423 1553544219025 
512 914 423 1553544219032 
512 914 422 1553544219047 
512 914 421 1553544219056 
512 914 419 1553544219064 
512 914 417 1553544219072 
512 914 414 1553544219080 
512 915 412 1553544219088 
512 917 410 1553544219096 
512 917 408 1553544219104 
512 918 406 1553544219112 
512 920 403 1553544219119 
512 920 401 1553544219128 
512 920 399 1553544219135 
512 921 397 1553544219144 
512 921 395 1553544219151 
512 923 393 1553544219168 
512 923 392 1553544219183 
512 923 391 1553544219200 
512 924 390 1553544219216 
512 924 389 1553544219239 
512 924 388 1553544219248 
512 924 387 1553544219256 
512 925 386 1553544219264 
512 925 385 1553544219280 
512 926 384 1553544219289 
512 926 383 1553544219296 
512 926 382 1553544219304 
512 926 380 1553544219319 
512 926 379 1553544219328 
512 926 378 1553544219336 
512 926 376 1553544219344 
512 926 375 1553544219360 
512 925 374 1553544219368 
512 925 373 1553544219376 
512 925 372 1553544219392 
513 925 372 1553544219409 
514 925 372 1553544219519 
512 924 372 1553544219679 
512 923 372 1553544219687 
512 920 374 1553544219696 
512 908 379 1553544219713 
512 901 383 1553544219719 
512 891 388 1553544219727 
512 877 394 1553544219736 
512 860 399 1553544219743 
512 839 403 1553544219752 
512 810 408 1553544219759 
512 779 411 1553544219768 
512 748 414 1553544219776 
512 721 414 1553544219784 
512 691 416 1553544219791 
512 661 416 1553544219799 
512 639 416 1553544219807 
512 624 416 1553544219816 
512 609 413 1553544219823 
512 593 410 1553544219831 
512 580 406 1553544219839 
512 570 405 1553544219847 
512 562 402 1553544219855 
512 553 399 1553544219863 
512 545 397 1553544219871 
512 542 394 1553544219879 
512 536 391 1553544219887 
512 534 389 1553544219895 
512 533 388 1553544219904 
512 531 386 1553544219912 
512 528 385 1553544219919 
512 526 382 1553544219928 
512 525 381 1553544219936 
512 524 380 1553544219943 
512 524 379 1553544219951 
512 524 378 1553544219959 
512 523 377 1553544219968 
512 523 376 1553544219984 
512 523 375 1553544219992 
512 522 374 1553544220008 
512 520 374 1553544220016 
512 519 372 1553544220024 
512 517 372 1553544220032 
512 515 371 1553544220040 
512 514 371 1553544220048 
512 513 371 1553544220055 
512 510 371 1553544220071 
512 509 371 1553544220080 
512 508 371 1553544220088 
512 505 371 1553544220103 
512 503 372 1553544220112 
512 500 373 1553544220122 
512 499 375 1553544220128 
512 497 377 1553544220136 
512 491 378 1553544220144 
512 490 379 1553544220152 
512 488 380 1553544220159 
512 487 381 1553544220168 
512 485 382 1553544220176 
512 485 383 1553544220184 
512 483 383 1553544220191 
512 482 383 1553544220207 
512 482 384 1553544220224 
512 481 384 1553544220256 
512 479 384 1553544220296 
512 479 383 1553544220303 
512 478 382 1553544220312 
512 477 381 1553544220320 
512 476 381 1553544220327 
512 476 380 1553544220336 
512 475 380 1553544220352 
512 475 379 1553544220368 
512 474 378 1553544220375 
512 474 377 1553544220392 
512 473 377 1553544220408 
512 473 376 1553544220424 
513 473 376 1553544220434 
512 473 375 1553544220469 
512 473 374 1553544220479 
514 473 374 1553544220560 
512 474 374 1553544220592 
512 477 375 1553544220599 
512 479 376 1553544220607 
512 486 381 1553544220625 
512 494 384 1553544220631 
512 497 388 1553544220639 
512 500 393 1553544220647 
512 502 396 1553544220655 
512 507 403 1553544220663 
512 510 407 1553544220672 
512 512 411 1553544220679 
512 514 415 1553544220687 
512 516 417 1553544220695 
512 517 420 1553544220703 
512 519 425 1553544220712 
512 519 430 1553544220719 
512 521 438 1553544220727 
512 527 446 1553544220736 
512 532 453 1553544220743 
512 537 459 1553544220752 
512 540 466 1553544220759 
512 545 474 1553544220767 
512 549 479 1553544220775 
512 552 486 1553544220784 
512 555 490 1553544220791 
512 557 496 1553544220799 
512 559 501 1553544220808 
512 560 508 1553544220816 
512 560 512 1553544220823 
512 560 516 1553544220832 
512 560 520 1553544220839 
512 559 525 1553544220847 
512 558 530 1553544220855 
512 558 538 1553544220863 
512 557 545 1553544220871 
512 557 552 1553544220879 
512 555 558 1553544220887 
512 554 564 1553544220895 
512 552 571 1553544220903 
512 552 577 1553544220912 
512 551 582 1553544220919 
512 551 589 1553544220927 
512 551 595 1553544220935 
512 551 600 1553544220944 
512 552 608 1553544220952 
512 553 614 1553544220959 
512 554 616 1553544220967 
512 555 620 1553544220975 
512 555 626 1553544220984 
512 556 630 1553544220991 
512 556 631 1553544220999 
512 556 634 1553544221012 
512 555 637 1553544221016 
512 555 638 1553544221024 
512 555 639 1553544221032 
512 555 640 1553544221040 
512 555 641 1553544221048 
512 555 642 1553544221063 
512 555 643 1553544221079 
512 555 644 1553544221200 
512 554 644 1553544221248 
513 554 644 1553544221257 
514 554 644 1553544221352 
512 554 645 1553544221359 
512 554 643 1553544221439 
512 554 640 1553544221447 
512 554 637 1553544221455 
512 554 630 1553544221473 
512 554 625 1553544221480 
512 554 620 1553544221487 
512 554 615 1553544221495 
512 554 607 1553544221504 
512 554 600 1553544221511 
512 554 592 1553544221519 
512 554 584 1553544221527 
512 554 576 1553544221536 
512 553 566 1553544221543 
512 552 556 1553544221551 
512 552 545 1553544221559 
512 552 534 1553544221568 
512 552 525 1553544221575 
512 552 513 1553544221583 
512 554 506 1553544221592 
512 559 496 1553544221599 
512 564 486 1553544221607 
512 570 476 1553544221615 
512 576 467 1553544221623 
512 582 455 1553544221631 
512 589 445 1553544221640 
512 596 436 1553544221648 
512 599 426 1553544221655 
512 606 413 1553544221663 
512 612 402 1553544221671 
512 619 389 1553544221679 
512 626 375 1553544221688 
512 631 362 1553544221696 
512 637 351 1553544221704 
512 642 340 1553544221712 
512 649 329 1553544221719 
512 656 314 1553544221727 
512 661 305 1553544221735 
512 666 296 1553544221743 
512 670 286 1553544221751 
512 672 278 1553544221760 
512 674 272 1553544221767 
512 677 267 1553544221775 
512 677 263 1553544221783 
512 677 260 1553544221792 
512 677 258 1553544221800 
512 677 257 1553544221807 
512 677 256 1553544221815 
512 678 255 1553544221823 
512 678 254 1553544221871 
512 678 253 1553544221879 
512 678 252 1553544221887 
512 678 250 1553544221904 
512 678 249 1553544221919 
512 678 248 1553544221936 
512 679 246 1553544221944 
512 679 244 1553544221960 
512 681 242 1553544221968 
512 682 240 1553544221976 
512 682 238 1553544221984 
512 687 235 1553544221991 
512 688 232 1553544221999 
512 690 231 1553544222008 
512 690 228 1553544222016 
512 692 226 1553544222024 
512 693 224 1553544222032 
512 694 222 1553544222040 
512 694 220 1553544222047 
512 696 219 1553544222055 
512 697 217 1553544222063 
512 698 216 1553544222079 
512 698 214 1553544222088 
512 699 213 1553544222104 
512 699 211 1553544222144 
512 699 210 1553544222184 
512 700 209 1553544222200 
512 700 208 1553544222207 
512 700 207 1553544222240 
512 701 207 1553544222256 
513 701 207 1553544222274 
514 701 207 1553544222359 
