512 703 214 1553605720316 
512 703 222 1553605720332 
512 703 233 1553605720348 
512 705 263 1553605720365 
512 715 295 1553605720382 
512 722 324 1553605720398 
512 732 354 1553605720415 
512 746 384 1553605720432 
512 761 411 1553605720449 
512 776 433 1553605720466 
512 789 453 1553605720482 
512 800 474 1553605720499 
512 817 510 1553605720515 
512 841 552 1553605720533 
512 869 598 1553605720548 
512 895 636 1553605720565 
512 904 652 1553605720582 
512 907 659 1553605720598 
512 907 661 1553605720615 
512 907 663 1553605720632 
512 907 664 1553605720699 
512 905 664 1553605720715 
512 902 666 1553605720732 
512 895 666 1553605720748 
512 878 665 1553605720765 
512 867 663 1553605720783 
512 855 659 1553605720798 
512 843 657 1553605720815 
512 839 655 1553605720832 
512 834 651 1553605720848 
512 832 649 1553605720865 
512 831 649 1553605720882 
512 831 648 1553605720949 
512 831 646 1553605720966 
512 833 646 1553605720981 
512 835 646 1553605720999 
512 836 645 1553605721015 
512 837 645 1553605721032 
512 838 645 1553605721048 
512 839 644 1553605721065 
512 840 644 1553605721082 
512 841 644 1553605721150 
513 841 644 1553605721214 
514 841 644 1553605721309 
512 840 642 1553605721382 
512 839 641 1553605721399 
512 837 639 1553605721415 
512 836 637 1553605721432 
512 834 635 1553605721449 
512 830 629 1553605721466 
512 819 618 1553605721483 
512 802 603 1553605721499 
512 780 588 1553605721516 
512 739 569 1553605721533 
512 709 554 1553605721549 
512 647 516 1553605721566 
512 592 490 1553605721582 
512 545 464 1553605721599 
512 507 442 1553605721616 
512 489 423 1553605721632 
512 486 413 1553605721649 
512 475 394 1553605721665 
512 470 384 1553605721682 
512 468 377 1553605721699 
512 469 373 1553605721715 
512 469 372 1553605721732 
512 471 371 1553605721748 
512 473 371 1553605721765 
512 478 371 1553605721782 
512 481 371 1553605721799 
512 483 371 1553605721815 
512 486 371 1553605721832 
512 485 372 1553605721999 
512 483 373 1553605722015 
512 477 377 1553605722032 
512 475 379 1553605722050 
512 472 379 1553605722065 
512 472 380 1553605722082 
512 471 380 1553605722099 
512 469 380 1553605722149 
512 469 381 1553605722165 
513 469 381 1553605722205 
514 469 381 1553605722301 
512 470 381 1553605722398 
512 472 381 1553605722415 
512 473 381 1553605722431 
512 474 382 1553605722448 
512 475 384 1553605722465 
512 476 386 1553605722481 
512 478 391 1553605722498 
512 482 400 1553605722515 
512 488 412 1553605722532 
512 508 435 1553605722549 
512 531 446 1553605722565 
512 554 451 1553605722582 
512 591 436 1553605722599 
512 613 412 1553605722615 
512 626 394 1553605722632 
512 637 374 1553605722649 
512 644 351 1553605722665 
512 646 328 1553605722682 
512 648 305 1553605722698 
512 649 285 1553605722715 
512 652 264 1553605722732 
512 657 250 1553605722748 
512 662 238 1553605722765 
512 662 236 1553605722782 
512 663 236 1553605722798 
512 663 235 1553605722848 
512 665 235 1553605722865 
512 667 233 1553605722881 
512 669 232 1553605722899 
512 670 232 1553605722916 
512 672 231 1553605722931 
512 675 231 1553605722949 
512 679 230 1553605722965 
512 685 229 1553605722982 
512 690 225 1553605722999 
512 693 223 1553605723015 
512 695 221 1553605723032 
512 696 219 1553605723049 
512 698 218 1553605723065 
512 698 216 1553605723082 
512 699 215 1553605723099 
512 699 214 1553605723115 
512 699 213 1553605723148 
513 699 213 1553605723245 
514 699 213 1553605723349 
512 700 219 1553605723481 
512 700 237 1553605723499 
512 702 263 1553605723516 
512 708 289 1553605723532 
512 722 316 1553605723548 
512 746 358 1553605723565 
512 762 377 1553605723581 
512 782 392 1553605723598 
512 813 404 1553605723615 
512 839 405 1553605723632 
512 858 405 1553605723648 
512 877 405 1553605723665 
512 887 404 1553605723681 
512 890 403 1553605723698 
512 890 401 1553605723715 
512 890 399 1553605723731 
512 890 397 1553605723765 
512 891 394 1553605723798 
512 892 391 1553605723815 
512 893 389 1553605723831 
512 894 389 1553605723848 
512 895 388 1553605723865 
512 896 388 1553605723881 
512 899 387 1553605723898 
512 900 386 1553605723915 
512 903 386 1553605723931 
512 906 384 1553605723948 
512 912 382 1553605723965 
512 915 382 1553605723982 
512 918 382 1553605723999 
512 920 382 1553605724015 
512 921 382 1553605724064 
512 921 381 1553605724082 
512 923 380 1553605724099 
512 924 379 1553605724115 
512 925 379 1553605724132 
512 926 377 1553605724148 
512 927 375 1553605724165 
513 927 375 1553605724197 
514 927 375 1553605724341 
512 927 373 1553605724398 
512 925 373 1553605724548 
512 922 376 1553605724565 
512 918 382 1553605724582 
512 907 393 1553605724598 
512 887 409 1553605724615 
512 851 440 1553605724631 
512 810 484 1553605724648 
512 761 530 1553605724665 
512 726 567 1553605724681 
512 693 597 1553605724698 
512 673 619 1553605724715 
512 661 633 1553605724731 
512 653 641 1553605724748 
512 648 647 1553605724765 
512 645 647 1553605724782 
512 640 647 1553605724798 
512 635 647 1553605724815 
512 628 646 1553605724833 
512 621 642 1553605724848 
512 618 641 1553605724865 
512 614 640 1553605724882 
512 610 639 1553605724898 
512 603 639 1553605724915 
512 595 638 1553605724932 
512 587 638 1553605724948 
512 580 637 1553605724965 
512 575 637 1553605724982 
512 572 637 1553605724998 
512 569 637 1553605725015 
512 567 637 1553605725032 
512 565 637 1553605725048 
513 565 637 1553605725245 
514 565 637 1553605725349 
512 565 640 1553605725615 
512 573 644 1553605725632 
512 592 652 1553605725648 
512 626 659 1553605725665 
512 668 668 1553605725682 
512 716 677 1553605725699 
512 762 683 1553605725715 
512 789 685 1553605725732 
512 806 686 1553605725748 
512 817 685 1553605725764 
512 826 679 1553605725782 
512 829 678 1553605725798 
512 833 673 1553605725814 
512 834 670 1553605725831 
512 835 667 1553605725848 
512 837 666 1553605725865 
512 838 664 1553605725882 
512 840 661 1553605725898 
512 841 660 1553605725915 
512 842 658 1553605725932 
512 842 657 1553605725948 
512 843 656 1553605725981 
512 843 655 1553605725998 
512 844 652 1553605726015 
512 844 651 1553605726031 
512 845 649 1553605726048 
512 845 648 1553605726065 
512 846 647 1553605726081 
512 847 646 1553605726098 
513 847 646 1553605726229 
514 847 646 1553605726333 
512 847 643 1553605726598 
512 848 636 1553605726615 
512 855 619 1553605726632 
512 865 592 1553605726648 
512 880 551 1553605726665 
512 893 507 1553605726682 
512 903 464 1553605726698 
512 917 410 1553605726715 
512 927 379 1553605726732 
512 930 362 1553605726748 
512 932 356 1553605726765 
512 933 355 1553605726782 
512 934 356 1553605726849 
512 934 359 1553605726982 
512 934 360 1553605726999 
512 933 362 1553605727015 
512 931 363 1553605727032 
512 931 365 1553605727048 
512 930 366 1553605727065 
512 929 367 1553605727082 
512 929 369 1553605727099 
512 928 369 1553605727115 
512 928 372 1553605727132 
512 928 373 1553605727148 
513 928 373 1553605727302 
514 928 373 1553605727437 
512 926 373 1553605727665 
512 902 384 1553605727682 
512 861 398 1553605727699 
512 804 411 1553605727715 
512 720 422 1553605727732 
512 560 419 1553605727749 
512 511 419 1553605727765 
512 415 410 1553605727782 
512 392 403 1553605727798 
512 389 400 1553605727816 
512 389 398 1553605727831 
512 390 398 1553605727848 
512 392 397 1553605727865 
512 393 395 1553605727882 
512 395 394 1553605727898 
512 399 393 1553605727915 
512 404 393 1553605727931 
512 411 390 1553605727948 
512 419 388 1553605727965 
512 433 387 1553605727981 
512 443 387 1553605727998 
512 451 387 1553605728015 
512 456 387 1553605728031 
512 459 386 1553605728048 
512 460 386 1553605728064 
512 461 384 1553605728181 
512 462 383 1553605728198 
512 463 381 1553605728215 
512 463 380 1553605728232 
512 464 379 1553605728248 
512 466 378 1553605728265 
512 467 377 1553605728282 
513 467 377 1553605728334 
512 468 377 1553605728448 
514 468 377 1553605728478 
512 468 377 1553605728498 
512 468 376 1553605728615 
512 468 375 1553605728632 
512 468 374 1553605728648 
512 468 380 1553605728765 
512 468 392 1553605728782 
512 468 412 1553605728798 
512 470 438 1553605728814 
512 481 460 1553605728832 
512 492 482 1553605728849 
512 501 500 1553605728865 
512 509 515 1553605728882 
512 515 530 1553605728898 
512 520 548 1553605728915 
512 525 555 1553605728931 
512 525 564 1553605728948 
512 531 577 1553605728965 
512 535 585 1553605728981 
512 539 590 1553605728998 
512 540 593 1553605729015 
512 542 594 1553605729031 
512 543 598 1553605729048 
512 545 600 1553605729064 
512 546 602 1553605729081 
512 546 604 1553605729098 
512 548 606 1553605729115 
512 549 609 1553605729131 
512 550 612 1553605729148 
512 550 615 1553605729165 
512 550 618 1553605729181 
512 550 621 1553605729198 
512 550 623 1553605729214 
512 550 624 1553605729231 
512 550 626 1553605729248 
512 550 628 1553605729281 
512 550 629 1553605729298 
512 550 630 1553605729314 
512 550 631 1553605729331 
512 550 632 1553605729348 
512 550 633 1553605729364 
512 550 635 1553605729382 
512 550 637 1553605729398 
512 550 638 1553605729415 
512 550 640 1553605729432 
512 550 641 1553605729465 
512 550 642 1553605729532 
513 550 642 1553605729573 
514 550 642 1553605729677 
512 551 642 1553605729715 
512 552 642 1553605729982 
512 560 644 1553605729998 
512 576 651 1553605730015 
512 589 656 1553605730032 
512 598 659 1553605730048 
512 604 661 1553605730065 
512 604 662 1553605730082 
512 603 661 1553605730115 
512 601 661 1553605730131 
512 598 661 1553605730148 
512 593 660 1553605730165 
512 587 656 1553605730181 
512 583 652 1553605730198 
512 577 650 1553605730215 
512 575 649 1553605730231 
512 575 648 1553605730248 
512 574 646 1553605730265 
512 573 645 1553605730281 
512 572 644 1553605730298 
512 571 643 1553605730332 
512 570 643 1553605730365 
512 569 643 1553605730382 
512 568 643 1553605730398 
512 567 643 1553605730415 
512 565 643 1553605730432 
513 565 643 1553605730445 
512 564 643 1553605730482 
512 563 643 1553605730498 
512 562 643 1553605730548 
512 560 643 1553605730565 
512 560 644 1553605730582 
514 560 644 1553605730589 
512 559 644 1553605730615 
512 558 644 1553605730648 
512 557 644 1553605730698 
512 556 644 1553605730715 
512 555 644 1553605730732 
513 555 644 1553605730805 
514 555 644 1553605730861 
512 555 643 1553605730915 
512 555 639 1553605730931 
512 559 631 1553605730948 
512 565 613 1553605730965 
512 591 558 1553605730981 
512 613 509 1553605730998 
512 635 451 1553605731015 
512 651 396 1553605731031 
512 658 342 1553605731048 
512 665 301 1553605731064 
512 671 275 1553605731081 
512 674 258 1553605731098 
512 676 247 1553605731114 
512 676 243 1553605731131 
512 677 242 1553605731164 
512 680 241 1553605731333 
512 684 238 1553605731348 
512 688 235 1553605731365 
512 693 229 1553605731381 
512 695 223 1553605731398 
512 696 220 1553605731414 
512 696 219 1553605731431 
512 696 217 1553605731448 
512 696 216 1553605731589 
513 696 216 1553605731589 
514 696 216 1553605731693 
