512 698 223 1553605731948 
512 706 250 1553605731965 
512 715 275 1553605731982 
512 731 318 1553605731998 
512 751 364 1553605732015 
512 772 408 1553605732031 
512 785 432 1553605732048 
512 794 456 1553605732065 
512 804 476 1553605732081 
512 811 491 1553605732098 
512 817 504 1553605732115 
512 822 517 1553605732132 
512 825 526 1553605732148 
512 829 533 1553605732165 
512 831 539 1553605732182 
512 832 549 1553605732198 
512 834 556 1553605732215 
512 835 566 1553605732232 
512 835 573 1553605732248 
512 835 582 1553605732265 
512 835 588 1553605732282 
512 835 592 1553605732298 
512 835 597 1553605732315 
512 835 602 1553605732333 
512 835 603 1553605732348 
512 835 604 1553605732365 
512 835 606 1553605732382 
512 835 608 1553605732398 
512 835 611 1553605732415 
512 833 614 1553605732432 
512 832 617 1553605732448 
512 832 619 1553605732465 
512 833 622 1553605732481 
512 833 624 1553605732498 
512 835 627 1553605732515 
512 836 629 1553605732531 
512 836 630 1553605732547 
512 837 631 1553605732564 
512 838 633 1553605732581 
512 839 635 1553605732598 
512 839 636 1553605732614 
512 840 637 1553605732631 
512 841 638 1553605732648 
512 841 639 1553605732664 
512 841 640 1553605732698 
513 841 640 1553605732733 
514 841 640 1553605732853 
512 840 638 1553605732948 
512 840 636 1553605732964 
512 838 632 1553605732981 
512 837 626 1553605732998 
512 835 618 1553605733014 
512 831 603 1553605733031 
512 818 581 1553605733048 
512 795 558 1553605733064 
512 765 538 1553605733081 
512 739 524 1553605733098 
512 716 510 1553605733114 
512 692 495 1553605733131 
512 666 482 1553605733148 
512 651 471 1553605733164 
512 631 455 1553605733181 
512 618 444 1553605733198 
512 606 432 1553605733214 
512 593 421 1553605733231 
512 585 415 1553605733248 
512 580 412 1553605733264 
512 578 410 1553605733281 
512 577 410 1553605733314 
512 575 410 1553605733331 
512 574 409 1553605733348 
512 563 406 1553605733365 
512 555 402 1553605733381 
512 545 397 1553605733398 
512 533 389 1553605733415 
512 517 384 1553605733431 
512 502 378 1553605733448 
512 487 375 1553605733465 
512 474 372 1553605733481 
512 469 371 1553605733498 
512 468 371 1553605733515 
513 468 371 1553605733733 
514 468 371 1553605733837 
512 471 365 1553605734081 
512 487 355 1553605734097 
512 505 344 1553605734114 
512 539 320 1553605734131 
512 576 290 1553605734147 
512 609 260 1553605734164 
512 644 229 1553605734181 
512 656 212 1553605734197 
512 663 203 1553605734214 
512 665 200 1553605734231 
512 667 200 1553605734248 
512 668 200 1553605734314 
512 670 200 1553605734331 
512 671 200 1553605734348 
512 671 199 1553605734364 
512 673 198 1553605734381 
512 674 198 1553605734398 
512 676 198 1553605734414 
512 679 198 1553605734431 
512 680 198 1553605734448 
512 682 198 1553605734464 
512 686 199 1553605734481 
512 688 200 1553605734498 
512 689 200 1553605734514 
512 691 200 1553605734532 
512 691 201 1553605734548 
512 692 201 1553605734564 
512 693 202 1553605734581 
512 695 202 1553605734598 
512 696 203 1553605734614 
512 696 204 1553605734631 
512 697 204 1553605734648 
512 697 205 1553605734664 
513 697 205 1553605734757 
514 697 205 1553605734869 
512 697 206 1553605735098 
512 706 219 1553605735115 
512 721 233 1553605735131 
512 736 249 1553605735148 
512 761 271 1553605735165 
512 809 300 1553605735181 
512 874 335 1553605735198 
512 895 345 1553605735215 
512 908 353 1553605735231 
512 915 357 1553605735248 
512 920 362 1553605735265 
512 922 367 1553605735281 
512 925 370 1553605735298 
512 926 371 1553605735315 
512 927 371 1553605735330 
512 929 371 1553605735381 
512 932 371 1553605735397 
512 934 371 1553605735414 
512 935 372 1553605735447 
513 935 372 1553605735637 
514 935 372 1553605735749 
512 932 372 1553605735931 
512 925 372 1553605735947 
512 908 372 1553605735964 
512 855 369 1553605735981 
512 809 380 1553605735998 
512 774 395 1553605736014 
512 749 416 1553605736031 
512 735 432 1553605736048 
512 725 447 1553605736065 
512 715 466 1553605736081 
512 710 482 1553605736097 
512 703 494 1553605736114 
512 698 506 1553605736131 
512 690 522 1553605736147 
512 681 537 1553605736165 
512 663 561 1553605736181 
512 654 574 1553605736197 
512 647 584 1553605736215 
512 642 592 1553605736231 
512 636 598 1553605736248 
512 626 605 1553605736265 
512 617 612 1553605736281 
512 609 617 1553605736298 
512 603 621 1553605736314 
512 599 623 1553605736331 
512 595 625 1553605736348 
512 591 626 1553605736364 
512 589 629 1553605736381 
512 588 629 1553605736397 
512 587 629 1553605736414 
512 585 629 1553605736431 
512 582 630 1553605736447 
512 581 630 1553605736464 
512 579 631 1553605736481 
512 579 632 1553605736497 
512 578 632 1553605736514 
512 578 633 1553605736531 
512 576 635 1553605736548 
512 575 636 1553605736564 
512 572 636 1553605736581 
512 572 637 1553605736598 
512 570 638 1553605736614 
512 569 638 1553605736631 
512 568 639 1553605736648 
512 567 639 1553605736664 
512 567 640 1553605736698 
512 566 640 1553605736714 
513 566 640 1553605736725 
514 566 640 1553605736853 
512 573 638 1553605737014 
512 585 629 1553605737031 
512 596 622 1553605737049 
512 607 617 1553605737064 
512 620 615 1553605737081 
512 652 616 1553605737098 
512 704 624 1553605737114 
512 754 627 1553605737131 
512 795 633 1553605737148 
512 819 634 1553605737164 
512 838 641 1553605737181 
512 840 645 1553605737198 
512 841 647 1553605737214 
512 841 649 1553605737231 
512 840 651 1553605737248 
512 839 653 1553605737265 
512 839 654 1553605737281 
512 839 652 1553605737415 
512 839 651 1553605737431 
512 836 649 1553605737448 
512 836 648 1553605737481 
513 836 648 1553605737557 
514 836 648 1553605737645 
512 836 646 1553605737730 
512 836 644 1553605737747 
512 837 638 1553605737765 
512 838 628 1553605737780 
512 836 609 1553605737797 
512 829 592 1553605737814 
512 823 579 1553605737830 
512 824 561 1553605737847 
512 844 528 1553605737864 
512 872 489 1553605737880 
512 901 456 1553605737897 
512 928 422 1553605737914 
512 941 399 1553605737931 
512 949 385 1553605737947 
512 953 376 1553605737964 
512 953 373 1553605737981 
512 950 374 1553605738131 
512 948 374 1553605738147 
512 947 374 1553605738164 
512 943 374 1553605738181 
512 938 374 1553605738197 
512 936 374 1553605738214 
512 933 374 1553605738231 
512 931 374 1553605738247 
512 930 374 1553605738264 
512 929 374 1553605738297 
513 929 374 1553605738342 
514 929 374 1553605738461 
512 928 374 1553605738481 
512 925 374 1553605738564 
512 915 370 1553605738581 
512 913 361 1553605738598 
512 913 342 1553605738614 
512 913 321 1553605738631 
512 914 301 1553605738648 
512 914 289 1553605738664 
512 914 284 1553605738681 
512 913 284 1553605738698 
512 904 284 1553605738714 
512 883 290 1553605738731 
512 853 302 1553605738748 
512 812 320 1553605738764 
512 729 351 1553605738781 
512 665 364 1553605738798 
512 615 374 1553605738814 
512 571 387 1553605738831 
512 537 398 1553605738848 
512 518 402 1553605738864 
512 509 403 1553605738881 
512 508 403 1553605738898 
512 508 401 1553605738964 
512 508 400 1553605738981 
512 509 392 1553605738998 
512 508 388 1553605739014 
512 501 382 1553605739031 
512 493 375 1553605739048 
512 480 369 1553605739065 
512 468 365 1553605739081 
512 463 363 1553605739098 
512 462 363 1553605739115 
512 459 363 1553605739131 
512 459 364 1553605739231 
512 461 366 1553605739248 
512 464 368 1553605739264 
512 467 369 1553605739281 
512 468 370 1553605739298 
512 469 370 1553605739314 
512 470 370 1553605739331 
512 471 370 1553605739348 
512 472 371 1553605739397 
513 472 371 1553605739453 
514 472 371 1553605739581 
512 474 371 1553605739681 
512 484 374 1553605739697 
512 495 381 1553605739714 
512 515 392 1553605739731 
512 527 403 1553605739747 
512 535 412 1553605739764 
512 547 431 1553605739782 
512 553 444 1553605739797 
512 556 459 1553605739814 
512 557 484 1553605739832 
512 557 510 1553605739847 
512 557 534 1553605739864 
512 557 554 1553605739881 
512 557 572 1553605739897 
512 557 589 1553605739915 
512 560 604 1553605739931 
512 564 613 1553605739947 
512 565 617 1553605739964 
512 567 620 1553605739981 
512 567 622 1553605739997 
512 567 625 1553605740014 
512 567 627 1553605740047 
512 567 628 1553605740064 
512 567 629 1553605740097 
512 567 630 1553605740114 
512 566 631 1553605740147 
512 565 632 1553605740164 
512 564 633 1553605740181 
512 563 634 1553605740197 
512 563 636 1553605740214 
512 562 637 1553605740231 
512 561 638 1553605740248 
512 560 639 1553605740264 
513 560 639 1553605740277 
514 560 639 1553605740373 
512 560 638 1553605740481 
512 560 635 1553605740514 
512 561 630 1553605740531 
512 564 621 1553605740549 
512 570 610 1553605740564 
512 587 590 1553605740581 
512 620 546 1553605740598 
512 642 506 1553605740614 
512 664 463 1553605740631 
512 677 416 1553605740648 
512 691 365 1553605740664 
512 702 324 1553605740681 
512 708 295 1553605740698 
512 715 274 1553605740714 
512 717 259 1553605740731 
512 719 250 1553605740748 
512 720 246 1553605740764 
512 720 245 1553605740781 
512 721 245 1553605740798 
512 721 243 1553605740831 
512 717 241 1553605740848 
512 714 241 1553605740864 
512 713 239 1553605740881 
512 711 237 1553605740897 
512 710 234 1553605740914 
512 708 230 1553605740931 
512 706 227 1553605740947 
512 704 224 1553605740964 
512 702 221 1553605740981 
512 701 218 1553605740998 
512 699 214 1553605741014 
512 699 213 1553605741031 
512 698 212 1553605741047 
512 698 211 1553605741064 
513 698 211 1553605741093 
514 698 211 1553605741229 
