512 698 214 1553631037727 
512 698 217 1553631037735 
512 697 221 1553631037743 
512 695 227 1553631037751 
512 694 235 1553631037759 
512 694 246 1553631037767 
512 694 258 1553631037775 
512 694 274 1553631037783 
512 694 290 1553631037791 
512 694 310 1553631037799 
512 698 331 1553631037807 
512 700 349 1553631037815 
512 700 365 1553631037823 
512 704 394 1553631037831 
512 712 421 1553631037839 
512 722 449 1553631037847 
512 734 480 1553631037855 
512 749 516 1553631037863 
512 762 542 1553631037870 
512 774 565 1553631037879 
512 783 586 1553631037887 
512 788 600 1553631037895 
512 793 611 1553631037903 
512 799 622 1553631037910 
512 803 632 1553631037919 
512 807 640 1553631037927 
512 811 646 1553631037935 
512 815 650 1553631037943 
512 816 652 1553631037951 
512 818 655 1553631037959 
512 818 656 1553631037975 
512 819 656 1553631038047 
512 819 655 1553631038071 
512 820 654 1553631038087 
512 821 653 1553631038095 
512 821 651 1553631038103 
512 824 650 1553631038111 
512 824 647 1553631038119 
512 825 646 1553631038126 
512 827 643 1553631038135 
512 828 641 1553631038143 
512 828 639 1553631038152 
512 830 638 1553631038163 
512 831 636 1553631038167 
512 832 635 1553631038183 
512 833 635 1553631038191 
512 834 635 1553631038303 
512 834 636 1553631038327 
512 834 637 1553631038344 
512 836 637 1553631038351 
512 836 638 1553631038367 
512 836 640 1553631038383 
512 837 640 1553631038398 
512 837 641 1553631038406 
513 837 641 1553631038424 
514 837 641 1553631038535 
512 837 639 1553631038598 
512 835 638 1553631038606 
512 833 635 1553631038615 
512 829 633 1553631038631 
512 823 630 1553631038631 
512 819 627 1553631038638 
512 809 621 1553631038647 
512 796 614 1553631038654 
512 780 604 1553631038662 
512 760 596 1553631038671 
512 744 586 1553631038679 
512 730 578 1553631038686 
512 716 568 1553631038695 
512 703 560 1553631038703 
512 692 553 1553631038711 
512 681 543 1553631038719 
512 667 535 1553631038727 
512 657 526 1553631038735 
512 647 518 1553631038742 
512 637 510 1553631038751 
512 624 503 1553631038759 
512 609 496 1553631038767 
512 596 489 1553631038775 
512 583 481 1553631038783 
512 571 477 1553631038790 
512 560 475 1553631038799 
512 550 472 1553631038807 
512 543 469 1553631038815 
512 535 465 1553631038822 
512 529 461 1553631038831 
512 524 459 1553631038839 
512 518 457 1553631038847 
512 516 454 1553631038855 
512 511 453 1553631038863 
512 509 450 1553631038871 
512 508 450 1553631038879 
512 507 449 1553631038887 
512 506 446 1553631038903 
512 505 445 1553631038911 
512 505 444 1553631038919 
512 505 442 1553631038927 
512 503 440 1553631038935 
512 500 436 1553631038943 
512 497 433 1553631038951 
512 496 428 1553631038959 
512 493 426 1553631038967 
512 493 425 1553631038974 
512 492 423 1553631038983 
512 490 421 1553631038990 
512 490 419 1553631038999 
512 490 418 1553631039006 
512 490 415 1553631039014 
512 490 413 1553631039023 
512 490 410 1553631039031 
512 488 406 1553631039038 
512 485 403 1553631039046 
512 484 400 1553631039054 
512 481 396 1553631039062 
512 480 395 1553631039071 
512 479 393 1553631039078 
512 477 391 1553631039086 
512 476 389 1553631039094 
512 475 387 1553631039103 
512 474 385 1553631039111 
512 473 384 1553631039118 
512 472 382 1553631039126 
512 470 382 1553631039135 
512 470 381 1553631039142 
512 470 380 1553631039183 
512 469 379 1553631039199 
513 469 379 1553631039241 
514 469 379 1553631039343 
512 470 379 1553631039382 
512 470 380 1553631039391 
512 472 383 1553631039399 
512 475 385 1553631039407 
512 486 394 1553631039423 
512 493 398 1553631039430 
512 505 406 1553631039438 
512 518 416 1553631039447 
512 534 425 1553631039454 
512 544 429 1553631039463 
512 555 435 1553631039470 
512 566 438 1553631039479 
512 578 444 1553631039486 
512 589 446 1553631039495 
512 598 448 1553631039503 
512 606 448 1553631039511 
512 615 450 1553631039519 
512 623 451 1553631039527 
512 630 451 1553631039535 
512 638 451 1553631039543 
512 646 451 1553631039550 
512 654 451 1553631039559 
512 660 451 1553631039567 
512 665 449 1553631039575 
512 669 446 1553631039583 
512 671 442 1553631039590 
512 674 439 1553631039599 
512 675 435 1553631039607 
512 676 431 1553631039615 
512 676 426 1553631039622 
512 676 419 1553631039630 
512 676 414 1553631039638 
512 676 406 1553631039647 
512 676 398 1553631039655 
512 676 388 1553631039663 
512 676 380 1553631039671 
512 676 370 1553631039679 
512 676 359 1553631039686 
512 676 348 1553631039695 
512 676 338 1553631039703 
512 676 328 1553631039711 
512 677 319 1553631039719 
512 681 310 1553631039726 
512 684 303 1553631039734 
512 688 297 1553631039743 
512 689 292 1553631039751 
512 692 286 1553631039758 
512 693 279 1553631039767 
512 693 277 1553631039774 
512 695 273 1553631039783 
512 696 271 1553631039791 
512 697 270 1553631039798 
512 697 268 1553631039815 
512 698 266 1553631039823 
512 699 263 1553631039831 
512 699 262 1553631039838 
512 699 260 1553631039847 
512 699 258 1553631039855 
512 699 255 1553631039863 
512 699 254 1553631039870 
512 699 253 1553631039880 
512 699 251 1553631039887 
512 699 249 1553631039895 
512 699 248 1553631039903 
512 699 247 1553631039911 
512 698 244 1553631039919 
512 697 242 1553631039927 
512 697 240 1553631039935 
512 695 238 1553631039943 
512 695 237 1553631039951 
512 695 235 1553631039959 
512 695 233 1553631039967 
512 695 232 1553631039975 
512 695 231 1553631039984 
512 695 229 1553631039990 
512 695 227 1553631039999 
512 695 226 1553631040007 
512 695 224 1553631040015 
512 695 222 1553631040023 
512 695 220 1553631040031 
512 695 217 1553631040039 
512 695 216 1553631040047 
512 696 214 1553631040055 
512 697 212 1553631040063 
512 698 209 1553631040072 
512 699 208 1553631040086 
513 699 208 1553631040104 
514 699 208 1553631040247 
512 699 209 1553631040295 
512 702 212 1553631040303 
512 706 218 1553631040310 
512 710 226 1553631040319 
512 714 233 1553631040326 
512 718 240 1553631040335 
512 721 250 1553631040343 
512 726 258 1553631040351 
512 730 266 1553631040358 
512 736 274 1553631040366 
512 740 282 1553631040375 
512 743 289 1553631040382 
512 746 295 1553631040391 
512 751 302 1553631040399 
512 752 306 1553631040406 
512 756 311 1553631040414 
512 759 316 1553631040422 
512 762 322 1553631040431 
512 765 324 1553631040438 
512 767 331 1553631040446 
512 767 337 1553631040454 
512 769 344 1553631040462 
512 769 351 1553631040471 
512 772 360 1553631040479 
512 776 371 1553631040487 
512 782 383 1553631040495 
512 785 391 1553631040503 
512 790 400 1553631040510 
512 795 407 1553631040518 
512 800 411 1553631040527 
512 806 413 1553631040535 
512 813 415 1553631040542 
512 820 415 1553631040551 
512 825 415 1553631040558 
512 833 415 1553631040567 
512 838 415 1553631040574 
512 843 413 1553631040583 
512 849 410 1553631040590 
512 853 407 1553631040598 
512 859 404 1553631040606 
512 863 403 1553631040615 
512 869 400 1553631040623 
512 872 399 1553631040631 
512 877 397 1553631040640 
512 879 397 1553631040647 
512 880 395 1553631040654 
512 882 395 1553631040663 
512 884 395 1553631040671 
512 885 395 1553631040679 
512 886 395 1553631040687 
512 888 395 1553631040694 
512 889 395 1553631040711 
512 890 395 1553631040719 
512 892 395 1553631040727 
512 895 396 1553631040735 
512 897 396 1553631040742 
512 899 396 1553631040751 
512 902 396 1553631040759 
512 904 396 1553631040767 
512 907 396 1553631040775 
512 909 395 1553631040783 
512 912 395 1553631040791 
512 913 395 1553631040800 
512 914 393 1553631040823 
512 914 392 1553631040831 
512 916 391 1553631040839 
512 916 389 1553631040847 
512 918 387 1553631040863 
512 918 385 1553631040871 
512 918 383 1553631040879 
512 918 382 1553631040887 
512 918 381 1553631040895 
512 919 379 1553631040903 
512 920 379 1553631040911 
512 920 377 1553631040919 
512 920 376 1553631040935 
512 921 375 1553631040951 
513 921 375 1553631041017 
514 921 375 1553631041119 
512 918 376 1553631041174 
512 915 377 1553631041183 
512 895 388 1553631041213 
512 885 392 1553631041215 
512 874 396 1553631041223 
512 862 402 1553631041230 
512 845 412 1553631041238 
512 833 417 1553631041246 
512 817 421 1553631041255 
512 804 427 1553631041262 
512 791 429 1553631041271 
512 776 432 1553631041278 
512 761 433 1553631041287 
512 748 436 1553631041294 
512 733 436 1553631041303 
512 719 437 1553631041310 
512 707 438 1553631041318 
512 696 438 1553631041327 
512 684 438 1553631041334 
512 676 438 1553631041343 
512 668 438 1553631041351 
512 659 438 1553631041359 
512 653 438 1553631041367 
512 648 438 1553631041375 
512 643 440 1553631041382 
512 636 444 1553631041391 
512 634 447 1553631041398 
512 631 450 1553631041406 
512 628 455 1553631041415 
512 626 461 1553631041422 
512 624 468 1553631041431 
512 619 477 1553631041438 
512 616 486 1553631041446 
512 611 497 1553631041454 
512 609 508 1553631041462 
512 604 519 1553631041471 
512 600 528 1553631041479 
512 598 539 1553631041487 
512 595 550 1553631041494 
512 594 561 1553631041503 
512 592 569 1553631041511 
512 590 579 1553631041519 
512 590 585 1553631041527 
512 590 591 1553631041535 
512 590 595 1553631041543 
512 590 599 1553631041551 
512 590 600 1553631041559 
512 590 603 1553631041566 
512 590 604 1553631041583 
512 590 605 1553631041591 
512 590 606 1553631041599 
512 588 607 1553631041607 
512 588 608 1553631041615 
512 588 609 1553631041622 
512 587 610 1553631041631 
512 586 612 1553631041638 
512 586 613 1553631041647 
512 586 614 1553631041655 
512 585 615 1553631041663 
512 584 616 1553631041672 
512 584 617 1553631041679 
512 584 618 1553631041687 
512 584 619 1553631041695 
512 584 621 1553631041703 
512 583 623 1553631041711 
512 582 625 1553631041719 
512 581 627 1553631041727 
512 581 628 1553631041735 
512 579 630 1553631041743 
512 579 632 1553631041751 
512 578 633 1553631041758 
512 576 635 1553631041767 
512 575 636 1553631041782 
512 574 637 1553631041791 
512 573 638 1553631041799 
512 573 639 1553631041807 
512 571 640 1553631041815 
512 571 641 1553631041823 
512 570 641 1553631041831 
512 570 642 1553631041838 
512 569 642 1553631041847 
512 569 643 1553631041855 
512 568 643 1553631041863 
512 567 643 1553631041887 
512 567 644 1553631041903 
512 566 644 1553631041945 
513 566 644 1553631041946 
512 565 644 1553631042039 
512 565 645 1553631042047 
514 565 645 1553631042070 
512 566 645 1553631042175 
512 567 645 1553631042191 
512 569 645 1553631042199 
512 573 644 1553631042207 
512 581 639 1553631042236 
512 584 638 1553631042238 
512 587 636 1553631042247 
512 592 634 1553631042254 
512 596 631 1553631042263 
512 602 628 1553631042271 
512 609 625 1553631042278 
512 618 619 1553631042286 
512 626 616 1553631042294 
512 635 613 1553631042302 
512 645 612 1553631042310 
512 657 612 1553631042319 
512 671 611 1553631042326 
512 685 611 1553631042334 
512 697 611 1553631042343 
512 708 612 1553631042351 
512 717 612 1553631042359 
512 727 612 1553631042367 
512 735 614 1553631042374 
512 742 616 1553631042383 
512 749 616 1553631042390 
512 754 618 1553631042399 
512 757 619 1553631042406 
512 758 619 1553631042415 
512 759 619 1553631042487 
512 762 619 1553631042503 
512 764 618 1553631042511 
512 765 617 1553631042520 
512 767 617 1553631042527 
512 769 617 1553631042535 
512 771 617 1553631042543 
512 772 617 1553631042551 
512 776 617 1553631042559 
512 780 618 1553631042567 
512 784 620 1553631042575 
512 788 621 1553631042583 
512 792 622 1553631042591 
512 795 624 1553631042599 
512 798 625 1553631042609 
512 801 626 1553631042615 
512 806 628 1553631042623 
512 810 630 1553631042631 
512 814 631 1553631042639 
512 817 632 1553631042647 
512 818 632 1553631042655 
512 819 633 1553631042663 
512 820 633 1553631042671 
512 821 633 1553631042679 
512 821 634 1553631042695 
512 822 634 1553631042735 
512 822 635 1553631042742 
512 823 635 1553631042815 
512 824 635 1553631042831 
512 825 635 1553631042839 
512 827 635 1553631042847 
512 828 635 1553631042855 
512 830 637 1553631042862 
512 832 638 1553631042871 
512 834 638 1553631042879 
512 835 638 1553631042896 
513 835 638 1553631042929 
512 835 639 1553631042960 
512 836 639 1553631042967 
512 837 639 1553631042983 
512 838 639 1553631043038 
514 838 639 1553631043078 
512 838 640 1553631043110 
512 838 641 1553631043150 
512 839 641 1553631043158 
512 839 640 1553631043240 
512 838 638 1553631043247 
512 837 637 1553631043255 
512 836 635 1553631043263 
512 834 632 1553631043279 
512 830 623 1553631043312 
512 829 620 1553631043319 
512 829 615 1553631043327 
512 829 607 1553631043335 
512 829 597 1553631043343 
512 829 588 1553631043350 
512 829 577 1553631043358 
512 830 566 1553631043367 
512 833 554 1553631043375 
512 837 542 1553631043382 
512 841 528 1553631043391 
512 848 513 1553631043398 
512 851 497 1553631043407 
512 858 480 1553631043415 
512 865 458 1553631043423 
512 872 441 1553631043431 
512 877 424 1553631043439 
512 882 410 1553631043447 
512 886 399 1553631043454 
512 889 389 1553631043462 
512 893 383 1553631043471 
512 897 377 1553631043478 
512 898 373 1553631043487 
512 901 369 1553631043495 
512 902 367 1553631043503 
512 902 366 1553631043510 
512 902 365 1553631043519 
512 903 365 1553631043535 
512 904 365 1553631043559 
512 905 365 1553631043567 
512 906 365 1553631043583 
512 908 364 1553631043591 
512 908 363 1553631043599 
512 909 362 1553631043607 
512 912 361 1553631043615 
512 913 359 1553631043623 
512 915 359 1553631043631 
512 917 359 1553631043639 
512 920 359 1553631043647 
512 922 359 1553631043655 
512 925 359 1553631043663 
512 926 360 1553631043671 
512 928 361 1553631043679 
512 930 362 1553631043687 
512 930 363 1553631043696 
512 932 364 1553631043703 
512 932 365 1553631043711 
512 933 367 1553631043718 
512 934 368 1553631043726 
512 934 369 1553631043735 
512 934 370 1553631043743 
512 935 370 1553631043751 
512 936 370 1553631043758 
512 936 372 1553631043767 
512 936 374 1553631043782 
512 936 375 1553631043794 
512 936 376 1553631043800 
512 936 377 1553631043806 
512 936 378 1553631043815 
512 936 379 1553631043823 
513 936 379 1553631043905 
514 936 379 1553631043991 
512 935 379 1553631044143 
512 934 378 1553631044167 
512 933 378 1553631044175 
512 933 377 1553631044183 
512 933 376 1553631044215 
512 932 376 1553631044247 
512 930 376 1553631044254 
512 901 376 1553631044287 
512 886 376 1553631044295 
512 866 376 1553631044302 
512 834 376 1553631044310 
512 798 376 1553631044319 
512 754 378 1553631044326 
512 708 378 1553631044335 
512 659 378 1553631044343 
512 609 386 1553631044350 
512 564 391 1553631044359 
512 515 395 1553631044367 
512 471 399 1553631044375 
512 429 404 1553631044383 
512 397 411 1553631044391 
512 374 414 1553631044399 
512 361 417 1553631044406 
512 355 418 1553631044415 
512 350 419 1553631044423 
512 349 419 1553631044439 
512 350 419 1553631044486 
512 352 419 1553631044494 
512 353 419 1553631044502 
512 356 418 1553631044510 
512 361 417 1553631044518 
512 365 416 1553631044527 
512 371 414 1553631044535 
512 376 414 1553631044543 
512 379 413 1553631044551 
512 382 413 1553631044558 
512 385 412 1553631044567 
512 387 412 1553631044575 
512 388 411 1553631044583 
512 390 411 1553631044591 
512 392 411 1553631044599 
512 393 410 1553631044607 
512 395 410 1553631044615 
512 398 408 1553631044623 
512 402 406 1553631044631 
512 406 404 1553631044639 
512 412 400 1553631044647 
512 418 396 1553631044655 
512 424 394 1553631044663 
512 428 390 1553631044671 
512 434 387 1553631044679 
512 438 384 1553631044687 
512 443 380 1553631044696 
512 449 379 1553631044703 
512 452 376 1553631044711 
512 454 375 1553631044718 
512 457 375 1553631044727 
512 459 374 1553631044734 
512 461 372 1553631044742 
512 463 372 1553631044751 
512 466 371 1553631044759 
512 468 371 1553631044767 
512 471 371 1553631044775 
512 472 371 1553631044783 
512 473 370 1553631044791 
512 474 369 1553631044807 
512 476 368 1553631044815 
512 477 367 1553631044839 
512 478 367 1553631044887 
513 478 367 1553631044945 
514 478 367 1553631045062 
512 478 368 1553631045071 
512 478 369 1553631045279 
512 478 371 1553631045287 
512 478 372 1553631045296 
512 476 378 1553631045334 
512 476 380 1553631045335 
512 475 380 1553631045343 
512 475 381 1553631045359 
513 475 381 1553631045472 
514 475 381 1553631045575 
512 476 382 1553631045647 
512 478 383 1553631045655 
512 480 385 1553631045663 
512 503 402 1553631045697 
512 510 408 1553631045703 
512 518 413 1553631045711 
512 527 419 1553631045719 
512 536 426 1553631045727 
512 543 432 1553631045735 
512 548 437 1553631045743 
512 553 443 1553631045751 
512 558 450 1553631045759 
512 564 458 1553631045767 
512 568 466 1553631045775 
512 572 472 1553631045783 
512 576 481 1553631045791 
512 580 488 1553631045799 
512 582 495 1553631045806 
512 585 505 1553631045815 
512 587 513 1553631045823 
512 591 521 1553631045830 
512 593 530 1553631045838 
512 594 540 1553631045847 
512 594 550 1553631045855 
512 595 561 1553631045862 
512 595 570 1553631045871 
512 595 580 1553631045879 
512 594 591 1553631045887 
512 592 601 1553631045896 
512 589 609 1553631045903 
512 587 617 1553631045911 
512 585 626 1553631045919 
512 583 634 1553631045927 
512 581 641 1553631045935 
512 579 648 1553631045943 
512 575 654 1553631045951 
512 574 658 1553631045959 
512 572 663 1553631045967 
512 570 668 1553631045975 
512 567 670 1553631045983 
512 566 672 1553631045991 
512 564 674 1553631045999 
512 563 675 1553631046007 
512 562 677 1553631046015 
512 560 679 1553631046023 
512 559 679 1553631046031 
512 556 680 1553631046038 
512 554 680 1553631046047 
512 551 682 1553631046054 
512 550 682 1553631046063 
512 548 683 1553631046071 
512 546 683 1553631046087 
512 545 683 1553631046103 
512 544 682 1553631046110 
512 543 681 1553631046127 
512 543 680 1553631046135 
512 543 679 1553631046143 
512 543 678 1553631046151 
512 543 675 1553631046159 
512 543 672 1553631046167 
512 543 669 1553631046175 
512 543 668 1553631046183 
512 542 666 1553631046191 
512 542 665 1553631046199 
512 543 663 1553631046206 
512 545 661 1553631046223 
512 545 660 1553631046230 
512 546 659 1553631046239 
512 547 656 1553631046246 
512 549 655 1553631046255 
512 551 654 1553631046271 
512 551 652 1553631046287 
512 553 651 1553631046295 
512 555 650 1553631046303 
512 556 649 1553631046311 
512 557 648 1553631046318 
512 557 647 1553631046327 
512 558 646 1553631046335 
512 559 645 1553631046351 
512 559 644 1553631046374 
513 559 644 1553631046441 
514 559 644 1553631046566 
512 559 643 1553631046662 
512 559 641 1553631046671 
512 559 639 1553631046679 
512 561 634 1553631046708 
512 561 631 1553631046710 
512 561 628 1553631046718 
512 562 626 1553631046726 
512 563 623 1553631046734 
512 564 621 1553631046742 
512 566 618 1553631046751 
512 569 613 1553631046759 
512 573 606 1553631046767 
512 577 597 1553631046775 
512 580 592 1553631046783 
512 587 580 1553631046791 
512 592 569 1553631046799 
512 597 558 1553631046806 
512 604 546 1553631046815 
512 611 533 1553631046823 
512 618 520 1553631046830 
512 627 499 1553631046838 
512 636 481 1553631046849 
512 648 455 1553631046855 
512 659 432 1553631046863 
512 672 404 1553631046871 
512 686 380 1553631046879 
512 696 352 1553631046886 
512 705 329 1553631046895 
512 712 316 1553631046903 
512 717 300 1553631046911 
512 721 284 1553631046918 
512 724 271 1553631046926 
512 724 261 1553631046934 
512 724 253 1553631046943 
512 724 246 1553631046951 
512 724 239 1553631046958 
512 723 235 1553631046967 
512 721 231 1553631046975 
512 720 229 1553631046983 
512 719 228 1553631046999 
512 719 227 1553631047007 
512 719 226 1553631047014 
512 718 226 1553631047022 
512 717 225 1553631047031 
512 716 224 1553631047039 
512 715 222 1553631047047 
512 714 221 1553631047054 
512 711 219 1553631047063 
512 707 218 1553631047071 
512 704 216 1553631047079 
512 702 214 1553631047087 
512 701 214 1553631047096 
512 699 213 1553631047103 
512 698 212 1553631047111 
512 697 212 1553631047118 
512 696 212 1553631047127 
512 695 212 1553631047135 
512 695 211 1553631047142 
512 694 210 1553631047159 
512 694 209 1553631047175 
512 694 208 1553631047198 
512 692 207 1553631047223 
512 692 206 1553631047231 
513 692 206 1553631047346 
514 692 206 1553631047439 
