512 693 207 1553631047462 
512 693 208 1553631047471 
512 694 209 1553631047479 
512 694 210 1553631047487 
512 695 211 1553631047495 
512 696 212 1553631047503 
512 697 214 1553631047510 
512 698 216 1553631047519 
512 699 217 1553631047527 
512 699 219 1553631047534 
512 701 223 1553631047542 
512 704 229 1553631047551 
512 706 235 1553631047558 
512 708 240 1553631047566 
512 711 247 1553631047575 
512 713 254 1553631047583 
512 715 260 1553631047591 
512 717 266 1553631047599 
512 719 273 1553631047607 
512 719 279 1553631047614 
512 719 286 1553631047623 
512 721 294 1553631047631 
512 722 301 1553631047638 
512 725 310 1553631047647 
512 728 318 1553631047654 
512 731 328 1553631047663 
512 735 339 1553631047671 
512 740 350 1553631047679 
512 747 364 1553631047687 
512 752 376 1553631047696 
512 758 391 1553631047702 
512 762 407 1553631047711 
512 766 418 1553631047719 
512 770 430 1553631047727 
512 771 444 1553631047734 
512 774 458 1553631047743 
512 777 473 1553631047751 
512 777 487 1553631047759 
512 777 504 1553631047767 
512 777 517 1553631047775 
512 777 530 1553631047783 
512 777 543 1553631047791 
512 777 555 1553631047799 
512 777 566 1553631047806 
512 780 573 1553631047815 
512 781 579 1553631047823 
512 783 584 1553631047831 
512 785 586 1553631047839 
512 786 588 1553631047847 
512 786 589 1553631047903 
512 787 589 1553631047910 
512 788 589 1553631047935 
512 788 591 1553631047943 
512 789 592 1553631047951 
512 789 593 1553631047958 
512 790 595 1553631047967 
512 791 597 1553631047975 
512 794 598 1553631047982 
512 794 600 1553631047991 
512 796 602 1553631047998 
512 796 603 1553631048007 
512 798 605 1553631048014 
512 799 607 1553631048023 
512 800 608 1553631048031 
512 802 610 1553631048039 
512 803 611 1553631048047 
512 804 613 1553631048055 
512 805 615 1553631048062 
512 807 617 1553631048070 
512 810 618 1553631048079 
512 812 619 1553631048087 
512 814 620 1553631048095 
512 816 622 1553631048103 
512 817 622 1553631048111 
512 818 623 1553631048127 
512 818 624 1553631048135 
512 819 624 1553631048142 
512 820 625 1553631048159 
512 821 625 1553631048167 
512 822 626 1553631048182 
512 824 626 1553631048190 
512 825 628 1553631048199 
512 826 628 1553631048207 
512 827 628 1553631048214 
512 828 629 1553631048223 
512 829 629 1553631048231 
512 831 630 1553631048247 
512 831 631 1553631048255 
512 832 632 1553631048263 
512 833 632 1553631048270 
512 833 634 1553631048279 
512 833 635 1553631048296 
512 833 636 1553631048311 
512 834 637 1553631048319 
512 834 638 1553631048326 
512 834 639 1553631048335 
512 834 640 1553631048343 
512 836 641 1553631048351 
513 836 641 1553631048352 
512 838 645 1553631048392 
514 838 645 1553631048510 
512 839 645 1553631048542 
512 839 643 1553631048703 
512 838 639 1553631048719 
512 835 637 1553631048726 
512 828 634 1553631048735 
512 796 615 1553631048767 
512 781 607 1553631048768 
512 767 602 1553631048775 
512 756 597 1553631048782 
512 742 592 1553631048790 
512 732 587 1553631048798 
512 721 581 1553631048807 
512 711 573 1553631048815 
512 704 566 1553631048822 
512 694 558 1553631048830 
512 687 552 1553631048838 
512 678 543 1553631048846 
512 672 533 1553631048854 
512 665 524 1553631048862 
512 659 514 1553631048871 
512 656 505 1553631048879 
512 651 498 1553631048887 
512 649 489 1553631048896 
512 646 482 1553631048902 
512 643 475 1553631048911 
512 640 468 1553631048919 
512 636 463 1553631048927 
512 631 459 1553631048935 
512 628 454 1553631048943 
512 623 448 1553631048951 
512 615 443 1553631048958 
512 608 435 1553631048967 
512 602 430 1553631048975 
512 594 423 1553631048983 
512 587 417 1553631048991 
512 580 410 1553631048999 
512 573 406 1553631049006 
512 563 400 1553631049015 
512 556 395 1553631049023 
512 550 390 1553631049031 
512 544 388 1553631049039 
512 540 387 1553631049047 
512 535 385 1553631049055 
512 532 385 1553631049062 
512 530 385 1553631049070 
512 529 385 1553631049079 
512 526 385 1553631049087 
512 525 385 1553631049096 
512 524 385 1553631049103 
512 522 385 1553631049110 
512 520 385 1553631049119 
512 518 385 1553631049127 
512 516 385 1553631049135 
512 515 385 1553631049143 
512 514 385 1553631049150 
512 512 385 1553631049159 
512 511 385 1553631049167 
512 509 385 1553631049175 
512 508 385 1553631049183 
512 508 386 1553631049191 
512 506 386 1553631049199 
512 504 386 1553631049207 
512 503 386 1553631049215 
512 501 386 1553631049222 
512 498 386 1553631049231 
512 495 386 1553631049239 
512 492 386 1553631049246 
512 489 386 1553631049255 
512 486 386 1553631049262 
512 483 385 1553631049270 
512 481 384 1553631049278 
512 479 384 1553631049287 
512 479 382 1553631049295 
512 476 382 1553631049303 
512 476 381 1553631049311 
512 475 380 1553631049319 
512 475 379 1553631049334 
512 474 379 1553631049343 
512 474 378 1553631049367 
512 473 378 1553631049383 
512 473 377 1553631049415 
513 473 377 1553631049417 
514 473 377 1553631049543 
512 474 377 1553631049607 
512 476 378 1553631049615 
512 477 379 1553631049622 
512 480 381 1553631049630 
512 496 390 1553631049665 
512 502 393 1553631049671 
512 504 395 1553631049678 
512 508 397 1553631049686 
512 513 399 1553631049695 
512 519 400 1553631049702 
512 525 401 1553631049711 
512 535 401 1553631049718 
512 542 401 1553631049726 
512 551 399 1553631049734 
512 561 396 1553631049743 
512 571 393 1553631049751 
512 580 390 1553631049758 
512 591 384 1553631049767 
512 601 379 1553631049775 
512 612 373 1553631049783 
512 624 365 1553631049790 
512 632 356 1553631049798 
512 641 347 1553631049807 
512 648 339 1553631049815 
512 654 329 1553631049823 
512 657 322 1553631049831 
512 660 313 1553631049839 
512 664 306 1553631049847 
512 665 300 1553631049854 
512 666 295 1553631049862 
512 668 289 1553631049870 
512 668 285 1553631049878 
512 668 281 1553631049887 
512 669 275 1553631049896 
512 670 271 1553631049903 
512 671 269 1553631049911 
512 671 266 1553631049919 
512 671 264 1553631049927 
512 671 262 1553631049935 
512 671 260 1553631049943 
512 672 259 1553631049951 
512 673 259 1553631049959 
512 673 257 1553631049967 
512 674 255 1553631049983 
512 675 253 1553631049999 
512 676 252 1553631050015 
512 676 251 1553631050023 
512 676 250 1553631050031 
512 677 247 1553631050039 
512 679 245 1553631050055 
512 680 243 1553631050063 
512 682 240 1553631050071 
512 683 239 1553631050078 
512 683 237 1553631050087 
512 685 235 1553631050095 
512 686 231 1553631050103 
512 687 229 1553631050110 
512 689 227 1553631050119 
512 690 225 1553631050127 
512 692 222 1553631050135 
512 693 219 1553631050143 
512 694 216 1553631050151 
512 695 215 1553631050159 
512 697 213 1553631050167 
512 698 210 1553631050175 
512 699 209 1553631050183 
512 699 208 1553631050191 
512 700 206 1553631050199 
512 700 205 1553631050215 
512 700 204 1553631050223 
512 701 203 1553631050239 
513 701 203 1553631050305 
514 701 203 1553631050430 
512 701 205 1553631050519 
512 701 207 1553631050526 
512 701 210 1553631050535 
512 701 214 1553631050543 
512 701 218 1553631050550 
512 701 225 1553631050559 
512 704 235 1553631050567 
512 708 243 1553631050574 
512 712 252 1553631050582 
512 719 258 1553631050590 
512 722 265 1553631050599 
512 726 272 1553631050606 
512 730 280 1553631050615 
512 734 286 1553631050623 
512 738 292 1553631050630 
512 745 298 1553631050638 
512 755 307 1553631050647 
512 766 315 1553631050654 
512 779 326 1553631050662 
512 795 335 1553631050671 
512 816 344 1553631050679 
512 829 351 1553631050687 
512 840 356 1553631050696 
512 849 358 1553631050703 
512 859 362 1553631050710 
512 867 364 1553631050719 
512 877 364 1553631050727 
512 886 365 1553631050735 
512 893 365 1553631050743 
512 898 365 1553631050750 
512 902 365 1553631050759 
512 905 365 1553631050767 
512 908 364 1553631050775 
512 911 364 1553631050783 
512 913 362 1553631050791 
512 914 362 1553631050799 
512 915 362 1553631050807 
512 916 362 1553631050815 
512 916 363 1553631050822 
512 918 363 1553631050831 
512 919 363 1553631050838 
512 922 365 1553631050847 
512 924 365 1553631050855 
512 928 367 1553631050862 
512 931 368 1553631050871 
512 934 368 1553631050879 
512 938 368 1553631050886 
512 939 368 1553631050896 
512 940 369 1553631050975 
512 940 370 1553631051007 
512 940 371 1553631051047 
512 939 371 1553631051071 
512 938 372 1553631051087 
512 936 372 1553631051095 
512 936 373 1553631051103 
512 934 374 1553631051110 
512 932 376 1553631051119 
512 930 377 1553631051127 
512 929 377 1553631051135 
512 928 377 1553631051143 
512 926 377 1553631051159 
512 926 378 1553631051175 
512 925 378 1553631051183 
513 925 378 1553631051264 
514 925 378 1553631051374 
512 924 379 1553631051495 
512 922 381 1553631051503 
512 919 382 1553631051510 
512 906 394 1553631051542 
512 898 400 1553631051542 
512 888 408 1553631051550 
512 874 417 1553631051558 
512 866 424 1553631051567 
512 853 438 1553631051574 
512 839 448 1553631051583 
512 824 460 1553631051590 
512 807 474 1553631051598 
512 790 489 1553631051607 
512 767 506 1553631051614 
512 750 519 1553631051622 
512 731 534 1553631051630 
512 709 550 1553631051639 
512 689 565 1553631051646 
512 671 581 1553631051655 
512 658 594 1553631051662 
512 646 607 1553631051670 
512 635 619 1553631051678 
512 626 629 1553631051686 
512 619 637 1553631051694 
512 614 643 1553631051703 
512 611 649 1553631051711 
512 609 651 1553631051718 
512 607 654 1553631051726 
512 606 657 1553631051734 
512 604 657 1553631051742 
512 604 658 1553631051750 
512 602 658 1553631051790 
512 601 657 1553631051798 
512 599 656 1553631051814 
512 596 655 1553631051823 
512 593 653 1553631051830 
512 589 653 1553631051838 
512 583 652 1553631051846 
512 579 651 1553631051854 
512 576 651 1553631051862 
512 573 651 1553631051870 
512 572 651 1553631051879 
512 571 651 1553631051886 
512 570 651 1553631051895 
512 569 651 1553631051902 
512 569 650 1553631051918 
512 568 650 1553631051935 
512 566 649 1553631051942 
512 566 648 1553631051950 
512 564 648 1553631051958 
512 563 648 1553631051966 
512 563 647 1553631051974 
513 563 647 1553631052129 
514 563 647 1553631052198 
512 564 647 1553631052255 
512 565 647 1553631052262 
512 566 645 1553631052271 
512 569 645 1553631052279 
512 573 642 1553631052296 
512 577 638 1553631052303 
512 581 635 1553631052310 
512 586 633 1553631052318 
512 590 629 1553631052327 
512 594 625 1553631052334 
512 596 622 1553631052342 
512 599 618 1553631052350 
512 601 615 1553631052358 
512 602 613 1553631052367 
512 603 611 1553631052374 
512 604 608 1553631052382 
512 604 607 1553631052390 
512 605 605 1553631052398 
512 605 603 1553631052406 
512 606 600 1553631052414 
512 608 598 1553631052422 
512 609 597 1553631052431 
512 610 595 1553631052438 
512 613 595 1553631052446 
512 616 595 1553631052455 
512 620 595 1553631052462 
512 625 595 1553631052470 
512 632 599 1553631052478 
512 639 604 1553631052489 
512 645 608 1553631052494 
512 653 613 1553631052502 
512 661 618 1553631052511 
512 669 623 1553631052519 
512 678 629 1553631052527 
512 688 635 1553631052534 
512 696 639 1553631052542 
512 705 644 1553631052551 
512 712 649 1553631052558 
512 720 653 1553631052566 
512 730 657 1553631052575 
512 741 661 1553631052582 
512 749 663 1553631052591 
512 758 665 1553631052599 
512 767 668 1553631052607 
512 775 668 1553631052615 
512 785 669 1553631052623 
512 793 669 1553631052631 
512 801 669 1553631052639 
512 808 669 1553631052647 
512 816 667 1553631052654 
512 821 665 1553631052662 
512 825 664 1553631052670 
512 828 662 1553631052678 
512 831 661 1553631052686 
512 833 661 1553631052695 
512 835 660 1553631052703 
512 836 659 1553631052711 
512 837 658 1553631052719 
512 837 657 1553631052727 
512 838 655 1553631052734 
512 839 655 1553631052742 
512 841 654 1553631052759 
512 841 653 1553631052775 
512 842 652 1553631052782 
512 842 651 1553631052799 
512 844 650 1553631052815 
512 844 648 1553631052822 
512 846 646 1553631052831 
512 848 646 1553631052838 
512 850 645 1553631052846 
512 852 644 1553631052854 
512 854 643 1553631052863 
512 856 642 1553631052870 
512 857 642 1553631052879 
512 859 641 1553631052887 
512 859 640 1553631052951 
513 859 640 1553631052984 
512 857 640 1553631053016 
512 856 640 1553631053030 
512 855 641 1553631053039 
512 854 641 1553631053055 
514 854 641 1553631053097 
512 853 642 1553631053097 
512 851 642 1553631053111 
512 850 643 1553631053126 
512 849 644 1553631053134 
512 848 644 1553631053142 
512 848 645 1553631053158 
513 848 645 1553631053271 
514 848 645 1553631053399 
512 847 645 1553631053455 
512 847 644 1553631053471 
512 846 643 1553631053487 
512 845 642 1553631053502 
512 845 640 1553631053510 
512 841 636 1553631053528 
512 839 631 1553631053534 
512 835 627 1553631053542 
512 830 626 1553631053551 
512 827 623 1553631053558 
512 820 619 1553631053567 
512 814 616 1553631053574 
512 808 614 1553631053582 
512 802 611 1553631053590 
512 798 610 1553631053599 
512 795 609 1553631053606 
512 792 609 1553631053614 
512 792 608 1553631053622 
512 792 607 1553631053638 
512 792 605 1553631053646 
512 793 602 1553631053654 
512 796 598 1553631053662 
512 800 593 1553631053671 
512 803 587 1553631053679 
512 807 580 1553631053686 
512 813 573 1553631053695 
512 817 565 1553631053702 
512 823 555 1553631053710 
512 828 546 1553631053719 
512 834 537 1553631053727 
512 841 525 1553631053734 
512 848 514 1553631053742 
512 856 501 1553631053751 
512 864 488 1553631053758 
512 869 477 1553631053766 
512 876 464 1553631053774 
512 881 455 1553631053782 
512 887 443 1553631053790 
512 892 434 1553631053798 
512 896 426 1553631053807 
512 900 419 1553631053814 
512 903 413 1553631053822 
512 905 409 1553631053830 
512 906 404 1553631053838 
512 908 402 1553631053847 
512 908 401 1553631053854 
512 908 400 1553631053863 
512 908 399 1553631053878 
512 909 399 1553631053903 
512 909 398 1553631053918 
512 910 397 1553631053926 
512 910 396 1553631053934 
512 912 394 1553631053942 
512 913 392 1553631053950 
512 914 391 1553631053958 
512 916 389 1553631053967 
512 916 388 1553631053974 
512 916 387 1553631053983 
512 916 386 1553631053990 
512 917 385 1553631053998 
512 917 384 1553631054039 
512 918 383 1553631054046 
512 919 382 1553631054063 
512 920 380 1553631054070 
512 921 380 1553631054079 
512 922 378 1553631054087 
512 924 377 1553631054096 
512 924 376 1553631054103 
512 924 375 1553631054110 
513 924 375 1553631054153 
514 924 375 1553631054270 
512 922 375 1553631054343 
512 920 375 1553631054350 
512 917 376 1553631054359 
512 887 380 1553631054390 
512 876 380 1553631054398 
512 867 381 1553631054406 
512 856 381 1553631054414 
512 846 381 1553631054423 
512 835 381 1553631054430 
512 827 383 1553631054438 
512 816 383 1553631054446 
512 807 383 1553631054455 
512 797 383 1553631054462 
512 789 385 1553631054470 
512 778 386 1553631054479 
512 769 387 1553631054486 
512 760 388 1553631054495 
512 753 388 1553631054502 
512 743 388 1553631054510 
512 734 389 1553631054519 
512 727 390 1553631054527 
512 716 391 1553631054534 
512 707 392 1553631054542 
512 698 392 1553631054550 
512 688 394 1553631054559 
512 679 395 1553631054567 
512 669 395 1553631054574 
512 661 395 1553631054583 
512 652 395 1553631054591 
512 643 395 1553631054599 
512 632 395 1553631054607 
512 621 395 1553631054615 
512 611 395 1553631054623 
512 602 394 1553631054631 
512 594 394 1553631054639 
512 589 394 1553631054647 
512 582 394 1553631054654 
512 577 393 1553631054663 
512 571 393 1553631054670 
512 567 393 1553631054678 
512 563 393 1553631054686 
512 560 391 1553631054694 
512 557 390 1553631054702 
512 556 389 1553631054710 
512 553 389 1553631054727 
512 553 388 1553631054735 
512 552 387 1553631054751 
512 549 387 1553631054759 
512 547 385 1553631054767 
512 544 385 1553631054774 
512 540 385 1553631054783 
512 537 384 1553631054790 
512 534 383 1553631054798 
512 530 382 1553631054807 
512 527 382 1553631054815 
512 525 382 1553631054823 
512 522 381 1553631054831 
512 519 381 1553631054838 
512 515 381 1553631054846 
512 510 381 1553631054854 
512 504 381 1553631054862 
512 496 381 1553631054870 
512 488 381 1553631054880 
512 481 381 1553631054886 
512 475 381 1553631054895 
512 469 381 1553631054902 
512 466 381 1553631054911 
512 465 381 1553631054919 
512 462 381 1553631054927 
512 461 381 1553631054934 
512 460 380 1553631054959 
512 460 379 1553631055046 
512 461 379 1553631055055 
512 462 378 1553631055062 
512 464 378 1553631055070 
512 468 378 1553631055079 
512 471 378 1553631055087 
512 474 378 1553631055095 
512 475 378 1553631055103 
512 478 377 1553631055111 
512 479 376 1553631055119 
512 480 376 1553631055127 
512 480 375 1553631055135 
512 481 375 1553631055151 
513 481 375 1553631055289 
514 481 375 1553631055382 
512 479 375 1553631055406 
512 478 375 1553631055431 
512 477 375 1553631055471 
513 477 375 1553631055593 
514 477 375 1553631055735 
512 478 375 1553631055750 
512 481 375 1553631055767 
512 484 375 1553631055774 
512 490 376 1553631055792 
512 497 377 1553631055798 
512 507 379 1553631055806 
512 519 379 1553631055814 
512 532 382 1553631055822 
512 549 383 1553631055830 
512 562 383 1553631055838 
512 580 384 1553631055846 
512 595 384 1553631055854 
512 608 387 1553631055863 
512 619 390 1553631055871 
512 631 392 1553631055878 
512 641 394 1553631055886 
512 648 395 1553631055894 
512 655 397 1553631055902 
512 657 398 1553631055910 
512 659 400 1553631055919 
512 660 400 1553631055927 
512 660 401 1553631055934 
512 660 404 1553631055942 
512 660 406 1553631055951 
512 660 412 1553631055959 
512 658 417 1553631055966 
512 658 423 1553631055975 
512 658 431 1553631055982 
512 658 440 1553631055991 
512 658 452 1553631055999 
512 657 463 1553631056006 
512 655 474 1553631056015 
512 653 483 1553631056022 
512 652 495 1553631056030 
512 649 507 1553631056039 
512 649 518 1553631056046 
512 649 529 1553631056055 
512 649 539 1553631056063 
512 649 550 1553631056071 
512 647 561 1553631056078 
512 647 569 1553631056086 
512 647 578 1553631056095 
512 647 586 1553631056103 
512 646 593 1553631056111 
512 645 599 1553631056118 
512 645 603 1553631056127 
512 644 606 1553631056135 
512 643 608 1553631056143 
512 642 611 1553631056150 
512 641 613 1553631056159 
512 639 614 1553631056167 
512 638 615 1553631056175 
512 637 615 1553631056183 
512 634 616 1553631056191 
512 631 618 1553631056199 
512 627 621 1553631056206 
512 623 622 1553631056215 
512 621 624 1553631056223 
512 616 626 1553631056231 
512 613 627 1553631056238 
512 610 628 1553631056247 
512 606 630 1553631056254 
512 604 630 1553631056263 
512 600 630 1553631056271 
512 598 630 1553631056278 
512 595 630 1553631056287 
512 591 630 1553631056295 
512 590 631 1553631056303 
512 586 631 1553631056311 
512 582 632 1553631056319 
512 580 632 1553631056326 
512 578 633 1553631056335 
512 577 633 1553631056342 
512 575 634 1553631056351 
512 572 635 1553631056358 
512 571 635 1553631056367 
512 569 635 1553631056375 
512 568 635 1553631056383 
512 566 635 1553631056391 
512 566 636 1553631056398 
512 565 637 1553631056423 
512 565 638 1553631056471 
513 565 638 1553631056584 
514 565 638 1553631056703 
512 563 638 1553631056710 
512 563 636 1553631056775 
512 564 634 1553631056782 
512 565 632 1553631056790 
512 569 624 1553631056808 
512 573 620 1553631056814 
512 579 615 1553631056822 
512 583 610 1553631056830 
512 586 607 1553631056838 
512 589 602 1553631056846 
512 593 597 1553631056854 
512 597 593 1553631056862 
512 599 588 1553631056871 
512 605 580 1553631056878 
512 610 571 1553631056886 
512 616 564 1553631056894 
512 623 552 1553631056903 
512 629 543 1553631056910 
512 635 533 1553631056918 
512 641 525 1553631056926 
512 646 516 1553631056934 
512 655 506 1553631056942 
512 663 497 1553631056950 
512 673 487 1553631056958 
512 685 476 1553631056966 
512 695 462 1553631056974 
512 704 452 1553631056983 
512 716 435 1553631056991 
512 727 416 1553631056998 
512 736 400 1553631057006 
512 744 385 1553631057015 
512 750 373 1553631057023 
512 755 360 1553631057031 
512 765 345 1553631057039 
512 770 331 1553631057046 
512 776 312 1553631057054 
512 777 299 1553631057062 
512 779 287 1553631057070 
512 779 276 1553631057079 
512 779 265 1553631057086 
512 779 256 1553631057095 
512 775 246 1553631057103 
512 771 238 1553631057111 
512 766 230 1553631057119 
512 763 223 1553631057126 
512 761 222 1553631057135 
512 759 220 1553631057143 
512 758 220 1553631057175 
512 756 220 1553631057183 
512 754 220 1553631057191 
512 752 220 1553631057199 
512 749 220 1553631057207 
512 747 220 1553631057215 
512 745 220 1553631057223 
512 742 220 1553631057231 
512 739 220 1553631057239 
512 735 220 1553631057247 
512 733 220 1553631057255 
512 730 220 1553631057262 
512 728 220 1553631057270 
512 727 220 1553631057311 
512 725 220 1553631057327 
512 724 220 1553631057335 
512 721 220 1553631057351 
512 720 218 1553631057359 
512 719 216 1553631057375 
512 718 216 1553631057383 
512 717 215 1553631057390 
512 716 214 1553631057398 
512 714 213 1553631057407 
512 712 211 1553631057415 
512 711 210 1553631057423 
512 707 208 1553631057432 
512 705 207 1553631057438 
512 703 206 1553631057447 
512 701 205 1553631057455 
512 699 205 1553631057463 
512 699 204 1553631057535 
513 699 204 1553631057577 
514 699 204 1553631057687 
