512 704 214 1553631098118 
512 705 216 1553631098126 
512 707 218 1553631098134 
512 710 223 1553631098142 
512 714 229 1553631098149 
512 718 235 1553631098157 
512 724 243 1553631098166 
512 728 253 1553631098174 
512 736 263 1553631098182 
512 741 275 1553631098190 
512 748 288 1553631098197 
512 755 305 1553631098206 
512 760 322 1553631098214 
512 767 339 1553631098222 
512 769 354 1553631098230 
512 774 373 1553631098237 
512 777 389 1553631098246 
512 782 405 1553631098254 
512 785 419 1553631098262 
512 790 431 1553631098270 
512 792 441 1553631098278 
512 795 450 1553631098285 
512 795 458 1553631098293 
512 796 467 1553631098301 
512 797 474 1553631098311 
512 797 482 1553631098318 
512 798 487 1553631098326 
512 799 494 1553631098334 
512 800 501 1553631098342 
512 802 510 1553631098349 
512 805 519 1553631098358 
512 808 526 1553631098366 
512 812 534 1553631098374 
512 814 540 1553631098381 
512 819 548 1553631098390 
512 822 553 1553631098398 
512 826 561 1553631098406 
512 830 569 1553631098414 
512 834 575 1553631098422 
512 838 581 1553631098430 
512 844 589 1553631098437 
512 846 593 1553631098446 
512 848 598 1553631098453 
512 848 603 1553631098462 
512 848 606 1553631098469 
512 848 609 1553631098478 
512 848 612 1553631098486 
512 848 616 1553631098494 
512 849 619 1553631098502 
512 849 625 1553631098510 
512 851 629 1553631098518 
512 851 633 1553631098526 
512 851 636 1553631098534 
512 851 639 1553631098542 
512 851 642 1553631098550 
512 851 644 1553631098558 
512 851 647 1553631098565 
512 851 649 1553631098574 
512 851 652 1553631098582 
512 851 653 1553631098590 
512 851 654 1553631098598 
512 851 656 1553631098605 
512 850 657 1553631098621 
512 850 659 1553631098630 
512 849 661 1553631098645 
512 847 661 1553631098702 
512 846 661 1553631098710 
512 845 661 1553631098726 
512 844 660 1553631098743 
512 844 659 1553631098750 
512 844 658 1553631098759 
512 843 657 1553631098766 
512 843 656 1553631098774 
512 843 655 1553631098783 
512 843 654 1553631098790 
512 843 653 1553631098798 
512 843 651 1553631098806 
512 842 650 1553631098814 
512 842 649 1553631098823 
512 841 648 1553631098830 
512 841 647 1553631098838 
512 841 646 1553631098846 
512 840 645 1553631098854 
512 840 644 1553631098863 
513 840 644 1553631098936 
512 839 644 1553631098978 
512 839 645 1553631099022 
514 839 645 1553631099054 
512 836 643 1553631099094 
512 835 641 1553631099101 
512 833 639 1553631099119 
512 828 634 1553631099119 
512 819 627 1553631099126 
512 810 622 1553631099133 
512 798 614 1553631099143 
512 790 606 1553631099150 
512 780 599 1553631099158 
512 772 592 1553631099166 
512 765 585 1553631099175 
512 759 575 1553631099182 
512 752 566 1553631099190 
512 744 556 1553631099198 
512 735 543 1553631099206 
512 725 529 1553631099214 
512 714 513 1553631099222 
512 704 499 1553631099230 
512 693 486 1553631099238 
512 684 475 1553631099246 
512 675 461 1553631099254 
512 666 449 1553631099262 
512 657 439 1553631099270 
512 649 429 1553631099278 
512 637 420 1553631099286 
512 627 413 1553631099294 
512 614 405 1553631099302 
512 606 399 1553631099310 
512 591 393 1553631099317 
512 583 389 1553631099326 
512 573 385 1553631099333 
512 565 383 1553631099342 
512 558 381 1553631099350 
512 548 379 1553631099359 
512 539 378 1553631099366 
512 531 377 1553631099374 
512 521 377 1553631099382 
512 513 375 1553631099390 
512 506 374 1553631099398 
512 501 373 1553631099406 
512 495 372 1553631099414 
512 493 372 1553631099422 
512 492 372 1553631099430 
512 490 372 1553631099438 
512 490 371 1553631099447 
512 490 372 1553631099511 
512 490 373 1553631099526 
512 489 374 1553631099567 
512 488 374 1553631099574 
512 487 374 1553631099582 
512 486 374 1553631099590 
512 484 374 1553631099606 
512 483 374 1553631099630 
512 482 374 1553631099654 
512 480 374 1553631099670 
512 479 374 1553631099687 
512 478 374 1553631099750 
513 478 374 1553631099784 
512 477 374 1553631099926 
514 477 374 1553631099934 
512 476 374 1553631099950 
512 476 375 1553631099974 
512 477 375 1553631099982 
512 478 375 1553631099990 
512 481 375 1553631099998 
512 484 375 1553631100006 
512 505 368 1553631100039 
512 512 367 1553631100046 
512 517 365 1553631100053 
512 523 365 1553631100062 
512 527 365 1553631100070 
512 531 365 1553631100078 
512 536 366 1553631100086 
512 540 368 1553631100094 
512 547 370 1553631100102 
512 553 371 1553631100110 
512 560 373 1553631100118 
512 566 375 1553631100126 
512 573 376 1553631100134 
512 582 376 1553631100143 
512 591 376 1553631100150 
512 601 376 1553631100158 
512 613 374 1553631100166 
512 621 372 1553631100174 
512 627 366 1553631100182 
512 632 362 1553631100190 
512 636 357 1553631100199 
512 639 352 1553631100206 
512 641 348 1553631100215 
512 645 341 1553631100223 
512 647 336 1553631100230 
512 651 328 1553631100239 
512 654 320 1553631100246 
512 657 312 1553631100254 
512 662 304 1553631100262 
512 666 296 1553631100270 
512 669 287 1553631100278 
512 671 283 1553631100287 
512 674 276 1553631100294 
512 677 271 1553631100302 
512 678 267 1553631100310 
512 679 261 1553631100318 
512 681 258 1553631100325 
512 682 255 1553631100334 
512 682 251 1553631100342 
512 682 248 1553631100350 
512 681 246 1553631100358 
512 681 243 1553631100366 
512 681 240 1553631100374 
512 681 239 1553631100381 
512 681 238 1553631100389 
512 681 236 1553631100398 
512 681 234 1553631100414 
512 681 233 1553631100422 
512 681 232 1553631100430 
512 681 231 1553631100437 
512 681 229 1553631100454 
512 681 228 1553631100535 
512 681 227 1553631100542 
512 682 226 1553631100550 
512 684 224 1553631100558 
512 685 223 1553631100566 
512 687 221 1553631100574 
512 689 219 1553631100582 
512 690 218 1553631100590 
512 691 216 1553631100598 
512 692 216 1553631100606 
512 693 215 1553631100614 
512 693 214 1553631100630 
512 694 213 1553631100638 
512 695 212 1553631100646 
512 696 212 1553631100678 
513 696 212 1553631100711 
514 696 212 1553631100831 
512 697 212 1553631100838 
512 697 214 1553631100846 
512 699 215 1553631100853 
512 701 220 1553631100862 
512 704 227 1553631100870 
512 707 234 1553631100877 
512 711 244 1553631100886 
512 715 251 1553631100894 
512 718 263 1553631100902 
512 721 278 1553631100910 
512 726 291 1553631100918 
512 731 303 1553631100926 
512 737 317 1553631100934 
512 743 330 1553631100942 
512 750 342 1553631100950 
512 753 352 1553631100958 
512 757 359 1553631100966 
512 759 368 1553631100973 
512 765 377 1553631100982 
512 769 387 1553631100989 
512 774 396 1553631100998 
512 776 404 1553631101006 
512 781 411 1553631101014 
512 784 418 1553631101022 
512 786 424 1553631101030 
512 788 430 1553631101038 
512 788 435 1553631101046 
512 791 444 1553631101054 
512 795 454 1553631101062 
512 802 463 1553631101070 
512 810 471 1553631101077 
512 820 477 1553631101086 
512 833 481 1553631101094 
512 845 484 1553631101102 
512 855 484 1553631101109 
512 866 484 1553631101117 
512 874 484 1553631101125 
512 884 481 1553631101134 
512 890 478 1553631101142 
512 894 474 1553631101150 
512 897 471 1553631101157 
512 899 467 1553631101166 
512 904 461 1553631101174 
512 905 457 1553631101182 
512 908 450 1553631101190 
512 909 443 1553631101197 
512 909 438 1553631101205 
512 911 432 1553631101213 
512 912 427 1553631101222 
512 914 423 1553631101230 
512 916 417 1553631101238 
512 918 414 1553631101246 
512 920 410 1553631101254 
512 922 407 1553631101261 
512 925 403 1553631101269 
512 926 400 1553631101278 
512 928 397 1553631101285 
512 930 394 1553631101294 
512 930 391 1553631101302 
512 931 390 1553631101310 
512 931 389 1553631101318 
512 932 388 1553631101326 
512 932 387 1553631101341 
512 932 386 1553631101406 
512 932 385 1553631101430 
512 932 384 1553631101438 
512 931 383 1553631101446 
512 930 383 1553631101461 
512 930 382 1553631101469 
512 929 382 1553631101478 
512 928 382 1553631101485 
512 926 381 1553631101502 
512 926 380 1553631101509 
512 925 379 1553631101534 
512 925 378 1553631101557 
513 925 378 1553631101567 
512 924 378 1553631101590 
512 924 377 1553631101597 
512 924 376 1553631101606 
512 924 375 1553631101637 
512 924 377 1553631101686 
514 924 377 1553631101686 
512 924 378 1553631101693 
512 924 379 1553631101701 
512 924 381 1553631101709 
512 924 385 1553631101718 
512 923 388 1553631101733 
512 921 392 1553631101734 
512 918 398 1553631101742 
512 913 404 1553631101749 
512 908 412 1553631101758 
512 899 420 1553631101766 
512 893 428 1553631101773 
512 885 437 1553631101782 
512 875 444 1553631101790 
512 866 453 1553631101798 
512 858 461 1553631101806 
512 848 469 1553631101814 
512 836 476 1553631101822 
512 825 486 1553631101830 
512 815 491 1553631101838 
512 804 498 1553631101846 
512 794 504 1553631101854 
512 784 510 1553631101862 
512 772 515 1553631101869 
512 761 520 1553631101878 
512 750 523 1553631101886 
512 739 528 1553631101893 
512 728 532 1553631101902 
512 718 536 1553631101910 
512 708 541 1553631101918 
512 700 545 1553631101926 
512 690 550 1553631101934 
512 680 554 1553631101942 
512 674 558 1553631101950 
512 668 564 1553631101957 
512 663 567 1553631101965 
512 660 571 1553631101974 
512 655 575 1553631101982 
512 651 580 1553631101989 
512 647 586 1553631101997 
512 642 591 1553631102006 
512 638 595 1553631102014 
512 633 600 1553631102022 
512 627 605 1553631102029 
512 623 609 1553631102038 
512 621 615 1553631102046 
512 617 619 1553631102054 
512 615 622 1553631102062 
512 611 627 1553631102070 
512 610 629 1553631102078 
512 607 634 1553631102086 
512 607 636 1553631102094 
512 601 639 1553631102102 
512 600 639 1553631102110 
512 599 641 1553631102117 
512 598 642 1553631102126 
512 595 642 1553631102134 
512 594 643 1553631102142 
512 591 645 1553631102149 
512 590 645 1553631102157 
512 587 646 1553631102166 
512 584 647 1553631102174 
512 581 648 1553631102182 
512 579 648 1553631102189 
512 578 648 1553631102198 
512 576 649 1553631102206 
512 575 649 1553631102230 
512 573 649 1553631102246 
512 572 649 1553631102254 
512 571 649 1553631102262 
512 569 649 1553631102270 
512 567 649 1553631102278 
512 565 648 1553631102286 
512 564 647 1553631102294 
512 563 647 1553631102302 
512 561 647 1553631102310 
512 561 646 1553631102318 
513 561 646 1553631102446 
514 561 646 1553631102542 
512 563 645 1553631102590 
512 567 645 1553631102598 
512 583 639 1553631102615 
512 592 636 1553631102622 
512 596 637 1553631102630 
512 611 636 1553631102638 
512 623 633 1553631102646 
512 637 627 1553631102654 
512 648 624 1553631102662 
512 655 621 1553631102670 
512 663 618 1553631102678 
512 669 616 1553631102686 
512 675 616 1553631102694 
512 680 614 1553631102702 
512 683 614 1553631102710 
512 684 612 1553631102718 
512 686 610 1553631102726 
512 689 609 1553631102734 
512 694 606 1553631102742 
512 696 605 1553631102750 
512 701 604 1553631102758 
512 703 604 1553631102766 
512 709 601 1553631102774 
512 712 601 1553631102781 
512 716 601 1553631102790 
512 722 601 1553631102798 
512 726 602 1553631102805 
512 732 603 1553631102814 
512 735 605 1553631102822 
512 738 605 1553631102830 
512 740 608 1553631102838 
512 744 609 1553631102846 
512 747 611 1553631102853 
512 750 615 1553631102862 
512 755 616 1553631102870 
512 759 618 1553631102878 
512 764 622 1553631102886 
512 769 623 1553631102893 
512 776 627 1553631102901 
512 780 629 1553631102910 
512 784 630 1553631102918 
512 788 630 1553631102925 
512 792 632 1553631102934 
512 795 633 1553631102942 
512 800 633 1553631102950 
512 803 634 1553631102958 
512 807 634 1553631102965 
512 809 634 1553631102974 
512 812 634 1553631102982 
512 813 635 1553631102990 
512 815 635 1553631102997 
512 816 636 1553631103006 
512 817 636 1553631103014 
512 818 637 1553631103022 
512 820 638 1553631103038 
512 821 639 1553631103046 
512 822 639 1553631103054 
512 823 639 1553631103062 
512 825 640 1553631103078 
512 827 640 1553631103085 
512 829 640 1553631103093 
512 832 640 1553631103102 
512 834 641 1553631103110 
512 837 641 1553631103118 
512 838 641 1553631103126 
512 839 641 1553631103134 
512 840 641 1553631103149 
512 841 641 1553631103159 
512 841 642 1553631103197 
512 842 642 1553631103222 
512 842 643 1553631103237 
512 843 643 1553631103246 
513 843 643 1553631103302 
514 843 643 1553631103422 
512 843 642 1553631103485 
512 843 641 1553631103494 
512 843 640 1553631103502 
512 843 638 1553631103509 
512 840 635 1553631103526 
512 839 631 1553631103534 
512 836 627 1553631103542 
512 830 623 1553631103549 
512 825 619 1553631103558 
512 819 615 1553631103565 
512 814 613 1553631103573 
512 812 612 1553631103581 
512 809 610 1553631103589 
512 806 609 1553631103598 
512 804 608 1553631103606 
512 801 605 1553631103613 
512 800 604 1553631103621 
512 797 603 1553631103630 
512 797 602 1553631103638 
512 796 600 1553631103646 
512 796 597 1553631103653 
512 796 594 1553631103661 
512 796 591 1553631103669 
512 798 584 1553631103678 
512 802 576 1553631103686 
512 804 569 1553631103694 
512 809 561 1553631103702 
512 815 550 1553631103710 
512 820 540 1553631103717 
512 827 527 1553631103726 
512 834 517 1553631103733 
512 839 507 1553631103741 
512 845 495 1553631103750 
512 852 482 1553631103758 
512 860 469 1553631103766 
512 867 457 1553631103774 
512 874 449 1553631103782 
512 878 439 1553631103790 
512 881 432 1553631103797 
512 885 426 1553631103806 
512 888 420 1553631103814 
512 890 415 1553631103822 
512 891 414 1553631103830 
512 892 412 1553631103838 
512 893 410 1553631103846 
512 894 410 1553631103854 
512 895 409 1553631103861 
512 895 408 1553631103870 
512 896 407 1553631103878 
512 897 405 1553631103886 
512 898 404 1553631103894 
512 900 402 1553631103902 
512 901 398 1553631103910 
512 903 397 1553631103918 
512 904 394 1553631103926 
512 906 391 1553631103933 
512 908 390 1553631103942 
512 909 389 1553631103949 
512 911 385 1553631103958 
512 912 385 1553631103965 
512 915 383 1553631103974 
512 917 382 1553631103982 
512 919 382 1553631103989 
512 919 381 1553631103998 
512 921 380 1553631104014 
512 922 379 1553631104085 
512 922 378 1553631104102 
512 923 378 1553631104110 
512 924 378 1553631104125 
512 924 377 1553631104134 
512 924 376 1553631104230 
513 924 376 1553631104231 
512 924 375 1553631104286 
514 924 375 1553631104358 
512 924 376 1553631104413 
512 922 378 1553631104422 
512 919 379 1553631104429 
512 909 387 1553631104447 
512 903 391 1553631104454 
512 897 394 1553631104461 
512 889 399 1553631104469 
512 880 401 1553631104478 
512 868 404 1553631104486 
512 857 406 1553631104494 
512 848 406 1553631104501 
512 838 407 1553631104510 
512 831 407 1553631104517 
512 826 407 1553631104525 
512 823 407 1553631104533 
512 821 406 1553631104541 
512 818 405 1553631104550 
512 816 403 1553631104558 
512 814 402 1553631104566 
512 810 399 1553631104573 
512 803 397 1553631104581 
512 797 396 1553631104590 
512 786 395 1553631104598 
512 777 394 1553631104606 
512 766 394 1553631104614 
512 754 394 1553631104621 
512 742 397 1553631104629 
512 730 399 1553631104637 
512 717 400 1553631104646 
512 702 401 1553631104654 
512 685 402 1553631104661 
512 671 403 1553631104669 
512 651 403 1553631104678 
512 628 405 1553631104685 
512 609 405 1553631104693 
512 587 405 1553631104702 
512 568 405 1553631104709 
512 553 405 1553631104717 
512 540 405 1553631104726 
512 528 405 1553631104733 
512 519 402 1553631104741 
512 512 400 1553631104750 
512 505 398 1553631104758 
512 500 398 1553631104765 
512 497 394 1553631104773 
512 494 393 1553631104782 
512 493 393 1553631104790 
512 492 391 1553631104798 
512 491 390 1553631104813 
512 491 389 1553631104822 
512 490 388 1553631104838 
512 490 387 1553631104845 
512 489 386 1553631104854 
512 489 384 1553631104862 
512 488 383 1553631104878 
512 487 380 1553631104886 
512 487 379 1553631104894 
512 484 377 1553631104902 
512 484 376 1553631104910 
512 481 375 1553631104917 
512 480 375 1553631104925 
512 480 374 1553631104934 
512 479 373 1553631104950 
512 478 373 1553631104973 
512 477 373 1553631104997 
512 476 373 1553631105006 
512 475 373 1553631105021 
512 474 373 1553631105030 
512 472 372 1553631105038 
513 472 372 1553631105127 
514 472 372 1553631105238 
512 472 373 1553631105254 
512 474 374 1553631105262 
512 475 375 1553631105269 
512 478 377 1553631105277 
512 488 382 1553631105295 
512 496 385 1553631105302 
512 506 390 1553631105310 
512 518 393 1553631105317 
512 530 396 1553631105326 
512 544 400 1553631105334 
512 556 402 1553631105341 
512 568 403 1553631105350 
512 581 403 1553631105358 
512 593 403 1553631105365 
512 605 402 1553631105373 
512 616 400 1553631105382 
512 624 396 1553631105389 
512 630 393 1553631105398 
512 635 392 1553631105406 
512 637 389 1553631105414 
512 639 389 1553631105422 
512 640 388 1553631105430 
512 642 388 1553631105445 
512 645 389 1553631105453 
512 647 394 1553631105462 
512 650 398 1553631105469 
512 652 403 1553631105478 
512 652 408 1553631105486 
512 652 411 1553631105494 
512 652 417 1553631105501 
512 652 425 1553631105510 
512 650 435 1553631105518 
512 647 443 1553631105525 
512 647 453 1553631105534 
512 644 464 1553631105542 
512 638 478 1553631105550 
512 634 489 1553631105557 
512 629 501 1553631105566 
512 625 512 1553631105574 
512 619 526 1553631105582 
512 616 537 1553631105589 
512 612 551 1553631105598 
512 609 559 1553631105606 
512 608 569 1553631105614 
512 605 576 1553631105622 
512 603 583 1553631105629 
512 601 587 1553631105637 
512 600 592 1553631105646 
512 600 595 1553631105654 
512 600 598 1553631105662 
512 600 601 1553631105669 
512 600 604 1553631105677 
512 600 606 1553631105686 
512 600 607 1553631105694 
512 600 608 1553631105701 
512 599 610 1553631105710 
512 599 611 1553631105718 
512 599 612 1553631105725 
512 598 614 1553631105734 
512 597 615 1553631105750 
512 597 616 1553631105758 
512 596 617 1553631105766 
512 596 618 1553631105773 
512 595 618 1553631105782 
512 595 620 1553631105790 
512 593 621 1553631105797 
512 592 622 1553631105806 
512 590 625 1553631105814 
512 587 627 1553631105822 
512 581 630 1553631105829 
512 578 634 1553631105838 
512 576 636 1553631105845 
512 573 639 1553631105854 
512 571 641 1553631105862 
512 567 644 1553631105870 
512 563 648 1553631105877 
512 559 651 1553631105886 
512 553 653 1553631105894 
512 552 655 1553631105902 
512 549 657 1553631105910 
512 546 658 1553631105918 
512 545 658 1553631105926 
512 544 659 1553631105934 
512 543 659 1553631105982 
512 543 658 1553631105998 
512 543 657 1553631106013 
512 543 656 1553631106030 
512 543 655 1553631106038 
512 543 654 1553631106045 
512 544 651 1553631106053 
512 546 651 1553631106062 
512 548 649 1553631106070 
512 549 648 1553631106078 
512 551 648 1553631106086 
512 552 647 1553631106094 
512 553 647 1553631106102 
512 554 646 1553631106126 
512 555 646 1553631106158 
512 556 646 1553631106165 
512 556 645 1553631106174 
512 557 645 1553631106190 
513 557 645 1553631106287 
514 557 645 1553631106406 
512 559 644 1553631106445 
512 560 643 1553631106454 
512 563 643 1553631106461 
512 570 638 1553631106479 
512 576 636 1553631106486 
512 578 636 1553631106494 
512 586 634 1553631106501 
512 597 629 1553631106510 
512 605 625 1553631106518 
512 613 623 1553631106526 
512 619 620 1553631106533 
512 625 613 1553631106541 
512 634 608 1553631106550 
512 641 603 1553631106558 
512 650 597 1553631106565 
512 657 587 1553631106573 
512 664 575 1553631106582 
512 673 561 1553631106589 
512 680 544 1553631106598 
512 684 530 1553631106606 
512 691 517 1553631106613 
512 695 498 1553631106621 
512 696 481 1553631106630 
512 699 463 1553631106637 
512 699 444 1553631106646 
512 700 427 1553631106654 
512 700 408 1553631106662 
512 703 384 1553631106669 
512 703 360 1553631106677 
512 703 338 1553631106686 
512 703 319 1553631106694 
512 701 298 1553631106701 
512 699 280 1553631106710 
512 697 270 1553631106718 
512 695 260 1553631106725 
512 695 253 1553631106733 
512 695 249 1553631106741 
512 695 244 1553631106749 
512 695 242 1553631106757 
512 695 239 1553631106766 
512 695 236 1553631106773 
512 695 234 1553631106781 
512 695 231 1553631106789 
512 695 229 1553631106797 
512 697 227 1553631106806 
512 697 224 1553631106813 
512 698 222 1553631106821 
512 699 219 1553631106830 
512 700 217 1553631106838 
512 700 215 1553631106846 
512 700 214 1553631106853 
512 700 213 1553631106861 
512 701 212 1553631106870 
512 701 211 1553631106877 
512 701 209 1553631106886 
512 702 207 1553631106909 
512 702 206 1553631106926 
512 703 205 1553631106949 
513 703 205 1553631107062 
514 703 205 1553631107166 
