512 705 211 1553631117590 
512 705 213 1553631117598 
512 705 214 1553631117606 
512 707 217 1553631117614 
512 709 220 1553631117621 
512 711 223 1553631117630 
512 713 230 1553631117637 
512 717 239 1553631117645 
512 721 246 1553631117653 
512 724 255 1553631117662 
512 728 264 1553631117669 
512 735 272 1553631117678 
512 739 278 1553631117685 
512 742 286 1553631117693 
512 745 293 1553631117701 
512 747 300 1553631117710 
512 751 308 1553631117718 
512 753 313 1553631117726 
512 756 318 1553631117734 
512 757 323 1553631117742 
512 760 328 1553631117750 
512 763 334 1553631117758 
512 767 343 1553631117766 
512 770 351 1553631117774 
512 773 360 1553631117782 
512 777 368 1553631117789 
512 780 376 1553631117798 
512 783 386 1553631117805 
512 786 394 1553631117814 
512 787 404 1553631117822 
512 788 416 1553631117829 
512 789 427 1553631117838 
512 789 440 1553631117847 
512 791 453 1553631117854 
512 793 468 1553631117862 
512 798 485 1553631117870 
512 803 499 1553631117878 
512 807 515 1553631117886 
512 813 530 1553631117894 
512 816 542 1553631117902 
512 818 553 1553631117910 
512 820 564 1553631117918 
512 821 573 1553631117926 
512 822 581 1553631117934 
512 823 589 1553631117942 
512 823 595 1553631117950 
512 823 599 1553631117958 
512 823 604 1553631117966 
512 822 608 1553631117974 
512 822 609 1553631117982 
512 822 611 1553631117990 
512 822 613 1553631117998 
512 822 614 1553631118006 
512 822 616 1553631118014 
512 822 617 1553631118022 
512 822 618 1553631118030 
512 822 619 1553631118046 
512 822 620 1553631118070 
512 823 621 1553631118078 
512 823 622 1553631118093 
512 823 623 1553631118102 
512 823 624 1553631118110 
512 823 625 1553631118118 
512 824 626 1553631118158 
512 824 627 1553631118166 
512 825 627 1553631118174 
512 826 628 1553631118182 
512 827 630 1553631118189 
512 827 631 1553631118198 
512 828 632 1553631118206 
512 829 633 1553631118214 
512 830 634 1553631118222 
512 830 635 1553631118230 
512 830 636 1553631118238 
512 830 637 1553631118262 
512 830 638 1553631118294 
512 832 638 1553631118302 
512 832 639 1553631118318 
512 833 639 1553631118327 
512 833 640 1553631118398 
512 834 640 1553631118405 
512 835 641 1553631118414 
512 835 642 1553631118422 
512 836 642 1553631118430 
512 838 644 1553631118438 
512 839 644 1553631118446 
513 839 644 1553631118448 
512 842 645 1553631118471 
514 842 645 1553631118614 
512 842 644 1553631118678 
512 842 643 1553631118686 
512 842 642 1553631118702 
512 842 641 1553631118710 
512 841 640 1553631118718 
512 841 638 1553631118726 
512 836 632 1553631118755 
512 834 628 1553631118757 
512 831 622 1553631118766 
512 826 616 1553631118773 
512 819 606 1553631118782 
512 807 597 1553631118789 
512 800 588 1553631118797 
512 791 582 1553631118806 
512 788 576 1553631118814 
512 787 574 1553631118821 
512 785 570 1553631118829 
512 783 566 1553631118837 
512 779 562 1553631118846 
512 774 557 1553631118854 
512 770 554 1553631118862 
512 767 551 1553631118869 
512 762 546 1553631118878 
512 756 542 1553631118885 
512 748 538 1553631118893 
512 740 532 1553631118901 
512 730 526 1553631118910 
512 719 520 1553631118918 
512 707 513 1553631118926 
512 694 505 1553631118934 
512 680 494 1553631118942 
512 662 483 1553631118950 
512 640 471 1553631118958 
512 624 461 1553631118966 
512 605 448 1553631118974 
512 592 439 1553631118982 
512 575 428 1553631118990 
512 561 418 1553631118999 
512 551 410 1553631119006 
512 542 403 1553631119014 
512 534 397 1553631119023 
512 528 392 1553631119029 
512 523 387 1553631119038 
512 518 383 1553631119046 
512 514 379 1553631119054 
512 511 375 1553631119062 
512 506 371 1553631119070 
512 502 369 1553631119078 
512 498 365 1553631119086 
512 493 361 1553631119094 
512 490 360 1553631119102 
512 486 358 1553631119110 
512 483 358 1553631119118 
512 482 356 1553631119125 
512 481 356 1553631119134 
512 480 356 1553631119190 
512 479 357 1553631119206 
512 478 358 1553631119222 
512 477 358 1553631119230 
512 477 359 1553631119237 
512 477 360 1553631119245 
512 476 360 1553631119254 
512 476 361 1553631119262 
512 476 362 1553631119278 
512 476 363 1553631119286 
512 476 364 1553631119293 
512 476 365 1553631119310 
512 476 366 1553631119318 
512 476 367 1553631119326 
512 475 368 1553631119341 
512 475 371 1553631119350 
512 475 372 1553631119359 
512 475 373 1553631119366 
512 475 375 1553631119374 
512 475 377 1553631119390 
513 475 377 1553631119439 
512 474 377 1553631119459 
512 473 377 1553631119550 
514 473 377 1553631119590 
512 472 378 1553631119622 
512 472 380 1553631119646 
512 473 381 1553631119653 
512 474 381 1553631119662 
512 477 382 1553631119669 
512 483 382 1553631119687 
512 487 382 1553631119693 
512 493 382 1553631119701 
512 500 382 1553631119710 
512 509 382 1553631119718 
512 519 382 1553631119726 
512 528 382 1553631119733 
512 539 382 1553631119742 
512 547 381 1553631119749 
512 556 381 1553631119758 
512 564 380 1553631119765 
512 570 377 1553631119774 
512 575 375 1553631119782 
512 578 371 1553631119790 
512 579 368 1553631119798 
512 583 362 1553631119806 
512 586 356 1553631119814 
512 588 352 1553631119822 
512 589 346 1553631119830 
512 591 340 1553631119838 
512 593 333 1553631119846 
512 596 326 1553631119854 
512 598 318 1553631119862 
512 601 308 1553631119870 
512 605 297 1553631119878 
512 608 286 1553631119886 
512 610 275 1553631119894 
512 614 263 1553631119902 
512 618 255 1553631119911 
512 621 243 1553631119918 
512 624 234 1553631119929 
512 629 226 1553631119934 
512 633 220 1553631119942 
512 636 214 1553631119950 
512 639 211 1553631119958 
512 640 208 1553631119967 
512 643 208 1553631119975 
512 645 207 1553631119982 
512 647 207 1553631119990 
512 650 207 1553631119998 
512 652 207 1553631120005 
512 653 207 1553631120014 
512 655 207 1553631120022 
512 658 207 1553631120030 
512 660 207 1553631120038 
512 662 207 1553631120046 
512 665 207 1553631120054 
512 667 207 1553631120061 
512 669 207 1553631120069 
512 671 206 1553631120078 
512 675 206 1553631120085 
512 678 206 1553631120093 
512 680 207 1553631120102 
512 682 208 1553631120109 
512 683 208 1553631120117 
512 686 209 1553631120126 
512 687 209 1553631120141 
512 688 209 1553631120182 
512 689 209 1553631120190 
512 690 209 1553631120214 
512 692 209 1553631120230 
513 692 209 1553631120320 
514 692 209 1553631120446 
512 693 209 1553631120486 
512 694 210 1553631120502 
512 696 210 1553631120517 
512 697 212 1553631120525 
512 698 212 1553631120533 
512 700 212 1553631120541 
512 702 214 1553631120550 
512 703 215 1553631120565 
512 704 215 1553631120574 
512 705 215 1553631120622 
512 705 216 1553631120630 
512 706 217 1553631120637 
512 707 219 1553631120646 
512 708 221 1553631120654 
512 711 225 1553631120663 
512 711 228 1553631120669 
512 713 233 1553631120678 
512 715 238 1553631120686 
512 717 245 1553631120694 
512 718 251 1553631120702 
512 724 263 1553631120710 
512 731 278 1553631120718 
512 743 292 1553631120726 
512 757 307 1553631120733 
512 771 319 1553631120742 
512 795 332 1553631120749 
512 816 344 1553631120757 
512 834 352 1553631120765 
512 850 357 1553631120774 
512 863 359 1553631120782 
512 873 359 1553631120789 
512 882 359 1553631120798 
512 892 359 1553631120806 
512 900 359 1553631120814 
512 907 359 1553631120822 
512 911 358 1553631120829 
512 916 357 1553631120837 
512 920 355 1553631120846 
512 923 354 1553631120853 
512 924 353 1553631120862 
512 924 352 1553631120869 
512 925 351 1553631120885 
512 926 351 1553631120910 
512 927 351 1553631120918 
512 929 351 1553631120926 
512 930 352 1553631120934 
512 933 354 1553631120942 
512 935 355 1553631120949 
512 938 356 1553631120959 
512 938 357 1553631120966 
512 939 357 1553631120982 
512 939 358 1553631121006 
512 939 359 1553631121014 
512 939 360 1553631121030 
512 939 362 1553631121038 
512 939 364 1553631121046 
512 939 365 1553631121053 
512 939 366 1553631121062 
512 939 367 1553631121070 
512 939 370 1553631121078 
512 939 371 1553631121087 
512 939 372 1553631121094 
512 939 373 1553631121102 
512 937 375 1553631121109 
512 937 376 1553631121117 
512 936 377 1553631121125 
512 935 379 1553631121142 
512 935 380 1553631121150 
512 935 383 1553631121166 
512 935 384 1553631121189 
512 933 384 1553631121198 
513 933 384 1553631121264 
512 932 384 1553631121302 
512 931 384 1553631121374 
514 931 384 1553631121390 
512 930 384 1553631121422 
512 929 385 1553631121429 
512 925 386 1553631121437 
512 923 388 1553631121453 
512 919 391 1553631121453 
512 915 393 1553631121462 
512 911 395 1553631121470 
512 907 398 1553631121477 
512 900 401 1553631121485 
512 893 408 1553631121494 
512 884 410 1553631121501 
512 875 415 1553631121510 
512 864 420 1553631121518 
512 850 425 1553631121526 
512 837 428 1553631121534 
512 824 433 1553631121542 
512 809 437 1553631121550 
512 797 441 1553631121558 
512 783 447 1553631121566 
512 769 451 1553631121575 
512 757 455 1553631121582 
512 743 458 1553631121590 
512 729 458 1553631121598 
512 712 459 1553631121605 
512 692 462 1553631121614 
512 674 464 1553631121621 
512 655 474 1553631121630 
512 644 482 1553631121637 
512 634 487 1553631121645 
512 627 492 1553631121654 
512 621 496 1553631121662 
512 616 501 1553631121670 
512 612 506 1553631121678 
512 609 510 1553631121686 
512 607 516 1553631121694 
512 606 519 1553631121702 
512 605 525 1553631121710 
512 604 529 1553631121718 
512 603 533 1553631121726 
512 602 538 1553631121734 
512 602 542 1553631121741 
512 602 547 1553631121750 
512 602 554 1553631121758 
512 602 558 1553631121766 
512 602 564 1553631121775 
512 600 569 1553631121782 
512 596 575 1553631121790 
512 594 581 1553631121798 
512 593 586 1553631121806 
512 592 591 1553631121814 
512 590 597 1553631121822 
512 589 601 1553631121830 
512 587 607 1553631121838 
512 584 613 1553631121846 
512 581 620 1553631121853 
512 579 626 1553631121862 
512 576 633 1553631121869 
512 572 637 1553631121878 
512 569 643 1553631121886 
512 566 647 1553631121894 
512 565 651 1553631121902 
512 562 654 1553631121910 
512 560 658 1553631121918 
512 559 659 1553631121926 
512 557 661 1553631121934 
512 553 663 1553631121941 
512 551 665 1553631121958 
512 550 665 1553631121975 
512 549 665 1553631121990 
512 548 665 1553631122014 
512 548 664 1553631122046 
512 548 663 1553631122054 
512 548 662 1553631122062 
512 548 661 1553631122069 
512 549 658 1553631122078 
512 550 655 1553631122085 
512 552 652 1553631122093 
512 552 649 1553631122101 
512 554 647 1553631122110 
512 554 644 1553631122118 
512 555 644 1553631122134 
512 555 643 1553631122142 
512 556 643 1553631122150 
513 556 643 1553631122295 
514 556 643 1553631122398 
512 556 644 1553631122414 
512 557 645 1553631122422 
512 558 645 1553631122429 
512 560 645 1553631122445 
512 562 645 1553631122453 
512 567 643 1553631122472 
512 573 640 1553631122478 
512 579 638 1553631122486 
512 587 635 1553631122494 
512 594 633 1553631122502 
512 604 631 1553631122509 
512 612 627 1553631122518 
512 619 624 1553631122526 
512 624 622 1553631122534 
512 626 619 1553631122541 
512 628 618 1553631122550 
512 629 616 1553631122558 
512 629 613 1553631122565 
512 629 612 1553631122575 
512 629 611 1553631122590 
512 629 610 1553631122598 
512 629 611 1553631122614 
512 633 611 1553631122622 
512 639 612 1553631122630 
512 642 613 1553631122637 
512 649 614 1553631122646 
512 653 615 1553631122654 
512 656 617 1553631122662 
512 659 617 1553631122669 
512 663 618 1553631122678 
512 668 618 1553631122686 
512 674 618 1553631122694 
512 682 619 1553631122702 
512 688 622 1553631122710 
512 696 625 1553631122718 
512 702 626 1553631122725 
512 711 629 1553631122734 
512 719 632 1553631122741 
512 726 635 1553631122750 
512 735 637 1553631122758 
512 745 638 1553631122766 
512 753 639 1553631122775 
512 758 639 1553631122781 
512 760 639 1553631122790 
512 763 639 1553631122798 
512 764 638 1553631122806 
512 765 638 1553631122814 
512 765 637 1553631122830 
512 766 637 1553631122837 
512 767 637 1553631122846 
512 768 637 1553631122854 
512 770 636 1553631122862 
512 772 636 1553631122869 
512 776 636 1553631122878 
512 783 637 1553631122886 
512 791 638 1553631122894 
512 799 638 1553631122902 
512 804 638 1553631122910 
512 809 638 1553631122918 
512 812 638 1553631122926 
512 813 637 1553631122934 
512 814 637 1553631122941 
512 815 637 1553631122990 
512 817 637 1553631123014 
512 818 637 1553631123022 
512 819 638 1553631123030 
512 821 638 1553631123037 
512 823 638 1553631123046 
512 825 638 1553631123054 
512 826 638 1553631123063 
512 828 638 1553631123069 
512 830 638 1553631123078 
512 833 639 1553631123086 
512 836 639 1553631123094 
512 839 639 1553631123102 
512 842 640 1553631123110 
512 844 641 1553631123118 
512 845 641 1553631123126 
512 846 641 1553631123133 
512 846 642 1553631123198 
512 847 642 1553631123206 
513 847 642 1553631123255 
514 847 642 1553631123390 
512 847 643 1553631123413 
512 847 644 1553631123446 
512 846 644 1553631123502 
512 845 644 1553631123509 
512 841 644 1553631123517 
512 816 633 1553631123534 
512 785 619 1553631123541 
512 759 608 1553631123550 
512 765 612 1553631123806 
512 773 617 1553631123814 
512 777 622 1553631123822 
512 779 627 1553631123830 
512 785 630 1553631123837 
512 791 634 1553631123846 
512 802 634 1553631123854 
512 816 629 1553631123862 
512 827 628 1553631123870 
512 838 624 1553631123878 
512 847 619 1553631123886 
512 857 614 1553631123893 
512 868 608 1553631123902 
512 876 603 1553631123910 
512 886 596 1553631123918 
512 896 590 1553631123926 
512 904 583 1553631123934 
512 915 577 1553631123942 
512 923 570 1553631123950 
512 930 565 1553631123958 
512 938 559 1553631123966 
512 941 551 1553631123975 
512 946 545 1553631123982 
512 949 538 1553631123990 
512 950 532 1553631123998 
512 954 526 1553631124006 
512 954 521 1553631124014 
512 954 516 1553631124021 
512 954 513 1553631124030 
512 954 509 1553631124037 
512 954 505 1553631124046 
512 954 501 1553631124054 
512 953 497 1553631124062 
512 952 494 1553631124069 
512 950 488 1553631124078 
512 950 484 1553631124086 
512 950 481 1553631124094 
512 949 478 1553631124102 
512 947 476 1553631124110 
512 947 472 1553631124117 
512 947 468 1553631124126 
512 947 464 1553631124134 
512 947 461 1553631124141 
512 945 459 1553631124149 
512 943 455 1553631124157 
512 941 451 1553631124174 
512 939 448 1553631124183 
512 936 444 1553631124190 
512 931 440 1553631124198 
512 928 438 1553631124205 
512 927 436 1553631124214 
512 925 433 1553631124222 
512 925 430 1553631124231 
512 924 428 1553631124238 
512 924 427 1553631124246 
512 924 426 1553631124254 
512 924 424 1553631124262 
512 924 420 1553631124269 
512 924 419 1553631124277 
512 924 417 1553631124286 
512 924 416 1553631124294 
512 924 415 1553631124302 
512 924 414 1553631124310 
512 924 413 1553631124318 
512 924 412 1553631124326 
512 924 411 1553631124334 
512 924 408 1553631124342 
512 924 406 1553631124350 
512 924 403 1553631124357 
512 925 401 1553631124366 
512 926 397 1553631124374 
512 928 394 1553631124382 
512 930 390 1553631124390 
512 932 388 1553631124398 
512 932 386 1553631124406 
512 933 385 1553631124414 
512 933 382 1553631124422 
512 933 379 1553631124430 
512 933 378 1553631124438 
512 933 376 1553631124446 
512 933 375 1553631124454 
512 934 374 1553631124462 
512 934 373 1553631124469 
512 935 371 1553631124477 
512 936 370 1553631124486 
512 936 369 1553631124494 
512 936 367 1553631124502 
512 937 366 1553631124510 
512 937 364 1553631124518 
512 938 364 1553631124526 
512 938 363 1553631124534 
513 938 363 1553631124608 
512 937 364 1553631124670 
512 937 365 1553631124678 
512 937 366 1553631124686 
512 936 368 1553631124694 
514 936 368 1553631124732 
512 935 368 1553631124732 
512 935 371 1553631124733 
512 933 371 1553631124830 
512 931 371 1553631124902 
512 931 372 1553631124942 
513 931 372 1553631124944 
512 930 373 1553631124969 
514 930 373 1553631125109 
512 929 373 1553631125165 
512 928 373 1553631125174 
512 927 373 1553631125182 
512 926 373 1553631125189 
512 925 374 1553631125207 
512 923 374 1553631125213 
512 922 374 1553631125222 
512 921 374 1553631125230 
512 920 374 1553631125246 
512 918 374 1553631125254 
512 917 374 1553631125269 
512 917 375 1553631125286 
512 916 375 1553631125293 
512 914 375 1553631125301 
512 911 375 1553631125309 
512 907 377 1553631125317 
512 901 377 1553631125326 
512 892 379 1553631125333 
512 883 382 1553631125341 
512 880 381 1553631125349 
512 862 387 1553631125357 
512 840 394 1553631125365 
512 812 404 1553631125374 
512 779 416 1553631125381 
512 749 424 1553631125389 
512 717 431 1553631125397 
512 685 438 1553631125406 
512 659 443 1553631125413 
512 631 444 1553631125421 
512 615 444 1553631125430 
512 590 444 1553631125437 
512 576 444 1553631125446 
512 559 444 1553631125453 
512 549 444 1553631125462 
512 542 443 1553631125470 
512 540 442 1553631125477 
512 538 441 1553631125485 
512 538 439 1553631125493 
512 537 437 1553631125502 
512 537 434 1553631125510 
512 536 432 1553631125517 
512 535 429 1553631125526 
512 532 424 1553631125533 
512 529 422 1553631125542 
512 525 421 1553631125549 
512 516 419 1553631125557 
512 509 416 1553631125565 
512 502 415 1553631125574 
512 493 415 1553631125582 
512 487 414 1553631125590 
512 485 413 1553631125598 
512 484 413 1553631125606 
512 483 413 1553631125613 
512 479 413 1553631125670 
512 478 413 1553631125678 
512 476 413 1553631125685 
512 474 413 1553631125694 
512 472 413 1553631125702 
512 471 413 1553631125717 
512 470 413 1553631125734 
512 469 411 1553631125742 
512 469 410 1553631125758 
512 469 409 1553631125775 
512 469 407 1553631125790 
512 469 406 1553631125806 
512 470 403 1553631125814 
512 470 401 1553631125822 
512 470 400 1553631125838 
512 470 399 1553631125846 
512 471 398 1553631125854 
512 471 397 1553631125862 
512 471 396 1553631125870 
512 472 395 1553631125878 
512 473 393 1553631125894 
512 473 392 1553631125901 
512 473 391 1553631125910 
512 473 390 1553631125925 
512 473 389 1553631125942 
512 473 388 1553631125950 
512 473 387 1553631125966 
512 473 386 1553631125990 
512 473 385 1553631126006 
512 473 384 1553631126014 
512 473 383 1553631126022 
512 473 382 1553631126030 
512 473 381 1553631126038 
512 473 380 1553631126046 
512 473 379 1553631126054 
512 473 378 1553631126062 
513 473 378 1553631126072 
512 473 377 1553631126109 
514 473 377 1553631126222 
512 475 377 1553631126358 
512 477 379 1553631126366 
512 479 383 1553631126374 
512 498 406 1553631126402 
512 509 415 1553631126406 
512 526 428 1553631126413 
512 550 444 1553631126421 
512 572 458 1553631126429 
512 592 473 1553631126437 
512 606 483 1553631126446 
512 621 499 1553631126453 
512 630 508 1553631126461 
512 637 519 1553631126470 
512 644 530 1553631126478 
512 648 541 1553631126486 
512 652 550 1553631126494 
512 654 562 1553631126502 
512 655 572 1553631126510 
512 655 583 1553631126519 
512 657 594 1553631126526 
512 657 602 1553631126534 
512 657 610 1553631126542 
512 655 616 1553631126549 
512 652 623 1553631126557 
512 650 629 1553631126565 
512 647 635 1553631126573 
512 646 638 1553631126582 
512 644 640 1553631126589 
512 643 642 1553631126598 
512 641 644 1553631126605 
512 640 646 1553631126614 
512 639 646 1553631126622 
512 638 646 1553631126630 
512 636 646 1553631126638 
512 635 646 1553631126646 
512 630 645 1553631126654 
512 625 643 1553631126662 
512 619 641 1553631126669 
512 612 639 1553631126678 
512 602 637 1553631126686 
512 596 634 1553631126694 
512 590 633 1553631126702 
512 585 631 1553631126709 
512 579 630 1553631126718 
512 576 630 1553631126725 
512 575 630 1553631126734 
512 574 629 1553631126742 
512 573 629 1553631126757 
512 571 629 1553631126775 
512 570 629 1553631126781 
512 569 631 1553631126790 
512 566 632 1553631126798 
512 565 633 1553631126814 
512 563 633 1553631126822 
512 563 634 1553631126830 
512 562 635 1553631126838 
512 562 636 1553631126846 
512 561 637 1553631126854 
512 560 637 1553631126862 
512 559 637 1553631126870 
512 558 638 1553631126878 
512 557 639 1553631126886 
512 556 640 1553631126894 
512 555 641 1553631126902 
512 555 642 1553631126910 
512 554 642 1553631126918 
512 554 643 1553631126926 
512 554 644 1553631126957 
512 553 644 1553631126966 
513 553 644 1553631127032 
514 553 644 1553631127142 
512 553 645 1553631127246 
512 553 646 1553631127254 
512 554 646 1553631127261 
512 555 646 1553631127270 
512 557 648 1553631127278 
512 559 650 1553631127286 
512 567 654 1553631127309 
512 571 654 1553631127309 
512 578 654 1553631127318 
512 586 655 1553631127325 
512 591 655 1553631127333 
512 600 653 1553631127341 
512 606 653 1553631127349 
512 615 652 1553631127357 
512 621 651 1553631127365 
512 632 647 1553631127374 
512 641 646 1553631127382 
512 647 645 1553631127389 
512 652 644 1553631127398 
512 659 640 1553631127406 
512 664 636 1553631127414 
512 669 627 1553631127422 
512 675 620 1553631127430 
512 680 609 1553631127437 
512 682 596 1553631127446 
512 682 587 1553631127453 
512 682 574 1553631127462 
512 682 563 1553631127470 
512 682 550 1553631127477 
512 679 538 1553631127486 
512 678 526 1553631127494 
512 678 510 1553631127502 
512 675 492 1553631127510 
512 675 470 1553631127518 
512 674 450 1553631127526 
512 673 427 1553631127533 
512 673 408 1553631127542 
512 673 389 1553631127550 
512 673 374 1553631127558 
512 674 359 1553631127566 
512 675 340 1553631127573 
512 679 324 1553631127582 
512 680 313 1553631127590 
512 682 303 1553631127597 
512 684 294 1553631127605 
512 685 287 1553631127614 
512 686 281 1553631127621 
512 687 279 1553631127630 
512 687 276 1553631127639 
512 687 275 1553631127646 
512 687 274 1553631127653 
512 688 274 1553631127661 
512 688 272 1553631127670 
512 689 271 1553631127678 
512 689 269 1553631127686 
512 689 268 1553631127694 
512 689 266 1553631127702 
512 689 264 1553631127710 
512 689 261 1553631127718 
512 689 260 1553631127725 
512 689 257 1553631127733 
512 689 255 1553631127742 
512 690 253 1553631127750 
512 691 249 1553631127758 
512 692 247 1553631127766 
512 692 245 1553631127774 
512 694 243 1553631127781 
512 695 241 1553631127790 
512 695 238 1553631127806 
512 696 237 1553631127822 
512 696 236 1553631127830 
512 696 235 1553631127838 
512 696 234 1553631127845 
512 697 232 1553631127854 
512 697 231 1553631127862 
512 697 229 1553631127870 
512 697 228 1553631127878 
512 697 226 1553631127886 
512 697 224 1553631127894 
512 697 223 1553631127902 
512 697 222 1553631127910 
512 696 219 1553631127917 
512 695 218 1553631127926 
512 694 217 1553631127935 
512 693 217 1553631127958 
513 693 217 1553631128104 
512 693 216 1553631128158 
514 693 216 1553631128198 
