512 697 209 1553692078481 
512 697 213 1553692078548 
512 696 219 1553692078565 
512 696 228 1553692078581 
512 696 243 1553692078598 
512 696 264 1553692078615 
512 696 295 1553692078631 
512 693 332 1553692078648 
512 693 357 1553692078665 
512 693 372 1553692078681 
512 694 379 1553692078698 
512 697 387 1553692078714 
512 707 404 1553692078731 
512 723 427 1553692078748 
512 742 449 1553692078765 
512 755 470 1553692078783 
512 764 488 1553692078798 
512 778 516 1553692078814 
512 803 563 1553692078831 
512 834 623 1553692078849 
512 838 634 1553692078865 
512 847 666 1553692078882 
512 851 678 1553692078898 
512 854 687 1553692078915 
512 858 694 1553692078931 
512 858 697 1553692078948 
512 858 701 1553692078965 
512 858 705 1553692078982 
512 858 710 1553692078998 
512 858 713 1553692079015 
512 858 715 1553692079031 
512 856 713 1553692079114 
512 851 708 1553692079131 
512 845 695 1553692079149 
512 839 678 1553692079165 
512 835 667 1553692079181 
512 834 660 1553692079198 
512 834 658 1553692079215 
512 834 656 1553692079231 
512 833 653 1553692079248 
512 833 650 1553692079266 
512 833 649 1553692079282 
512 833 648 1553692079299 
512 833 647 1553692079481 
512 834 645 1553692079499 
512 836 644 1553692079515 
512 836 643 1553692079531 
512 836 642 1553692079548 
513 836 642 1553692079554 
512 837 642 1553692079631 
514 837 642 1553692079697 
512 837 642 1553692079715 
512 837 641 1553692079848 
512 831 637 1553692079865 
512 816 618 1553692079881 
512 788 586 1553692079899 
512 771 569 1553692079916 
512 755 555 1553692079932 
512 739 538 1553692079949 
512 699 506 1553692079965 
512 652 467 1553692079981 
512 616 430 1553692079999 
512 594 404 1553692080015 
512 579 385 1553692080032 
512 570 372 1553692080048 
512 565 367 1553692080065 
512 563 366 1553692080081 
512 562 366 1553692080098 
512 561 366 1553692080115 
512 558 366 1553692080132 
512 554 366 1553692080148 
512 545 371 1553692080166 
512 537 379 1553692080182 
512 530 388 1553692080198 
512 524 393 1553692080214 
512 515 399 1553692080231 
512 510 399 1553692080248 
512 507 399 1553692080264 
512 502 399 1553692080281 
512 500 399 1553692080298 
512 495 397 1553692080314 
512 491 394 1553692080331 
512 486 391 1553692080348 
512 483 389 1553692080365 
512 482 388 1553692080381 
512 481 387 1553692080398 
512 478 381 1553692080416 
512 474 375 1553692080431 
512 472 372 1553692080448 
512 470 370 1553692080465 
513 470 370 1553692080578 
514 470 370 1553692080697 
512 470 372 1553692080781 
512 474 381 1553692080798 
512 480 389 1553692080815 
512 485 394 1553692080832 
512 489 396 1553692080849 
512 494 397 1553692080865 
512 502 396 1553692080882 
512 508 390 1553692080898 
512 515 380 1553692080914 
512 529 368 1553692080931 
512 548 353 1553692080948 
512 573 335 1553692080965 
512 603 316 1553692080982 
512 623 293 1553692080998 
512 632 276 1553692081014 
512 637 267 1553692081031 
512 639 261 1553692081048 
512 641 257 1553692081065 
512 643 253 1553692081081 
512 648 251 1553692081098 
512 651 248 1553692081116 
512 657 244 1553692081131 
512 662 242 1553692081148 
512 668 239 1553692081164 
512 672 236 1553692081181 
512 676 232 1553692081198 
512 681 228 1553692081215 
512 684 225 1553692081232 
512 689 222 1553692081248 
512 693 219 1553692081264 
512 694 216 1553692081281 
512 695 212 1553692081298 
512 695 211 1553692081331 
512 695 210 1553692081398 
513 695 210 1553692081482 
514 695 210 1553692081593 
512 695 212 1553692081664 
512 694 221 1553692081682 
512 694 233 1553692081699 
512 699 247 1553692081714 
512 702 258 1553692081731 
512 702 273 1553692081748 
512 702 292 1553692081766 
512 704 316 1553692081783 
512 706 337 1553692081798 
512 710 358 1553692081816 
512 719 370 1553692081831 
512 732 380 1553692081848 
512 761 385 1553692081866 
512 780 385 1553692081882 
512 797 382 1553692081898 
512 810 382 1553692081914 
512 815 380 1553692081931 
512 824 379 1553692081948 
512 833 377 1553692081965 
512 843 375 1553692081981 
512 852 371 1553692081998 
512 858 369 1553692082016 
512 864 368 1553692082031 
512 872 367 1553692082048 
512 890 370 1553692082064 
512 916 375 1553692082082 
512 924 376 1553692082098 
512 926 376 1553692082114 
512 927 376 1553692082132 
512 928 376 1553692082264 
512 929 376 1553692082281 
512 930 376 1553692082299 
513 930 376 1553692082370 
514 930 376 1553692082489 
512 929 376 1553692082531 
512 928 376 1553692082548 
512 926 377 1553692082565 
512 924 382 1553692082581 
512 921 388 1553692082598 
512 914 399 1553692082616 
512 907 412 1553692082631 
512 896 433 1553692082649 
512 882 459 1553692082664 
512 844 514 1553692082682 
512 812 548 1553692082698 
512 775 584 1553692082716 
512 726 619 1553692082731 
512 685 646 1553692082748 
512 660 667 1553692082764 
512 647 683 1553692082781 
512 638 691 1553692082798 
512 631 694 1553692082815 
512 626 695 1553692082831 
512 620 696 1553692082848 
512 612 690 1553692082865 
512 599 686 1553692082881 
512 582 681 1553692082898 
512 575 677 1553692082915 
512 572 676 1553692082931 
512 571 674 1553692082948 
512 568 670 1553692082965 
512 565 667 1553692082981 
512 562 664 1553692082998 
512 561 660 1553692083015 
512 560 660 1553692083031 
512 558 659 1553692083049 
512 557 658 1553692083065 
512 554 653 1553692083082 
512 551 648 1553692083098 
512 550 646 1553692083115 
512 550 645 1553692083131 
512 550 644 1553692083232 
512 550 643 1553692083281 
513 550 643 1553692083322 
514 550 643 1553692083481 
512 548 647 1553692083682 
512 548 653 1553692083698 
512 548 660 1553692083716 
512 549 665 1553692083732 
512 550 665 1553692083748 
512 552 663 1553692083764 
512 553 660 1553692083781 
512 557 656 1553692083799 
512 559 653 1553692083815 
512 561 652 1553692083831 
512 565 648 1553692083848 
512 566 645 1553692083864 
512 568 643 1553692083882 
512 568 642 1553692083898 
512 567 642 1553692083981 
512 567 641 1553692083994 
513 567 641 1553692083995 
512 566 642 1553692084081 
512 565 644 1553692084098 
512 562 647 1553692084114 
512 561 648 1553692084129 
514 561 648 1553692084130 
512 561 648 1553692084148 
512 561 649 1553692084164 
512 559 649 1553692084231 
512 559 647 1553692084348 
512 562 646 1553692084465 
512 574 646 1553692084481 
512 606 650 1553692084498 
512 694 667 1553692084514 
512 752 671 1553692084531 
512 799 672 1553692084548 
512 831 674 1553692084564 
512 849 674 1553692084581 
512 854 674 1553692084598 
512 855 674 1553692084648 
512 857 673 1553692084664 
512 859 670 1553692084681 
512 862 667 1553692084699 
512 864 665 1553692084714 
512 865 665 1553692084748 
512 865 664 1553692084798 
512 865 663 1553692084815 
512 863 662 1553692084849 
512 862 661 1553692084864 
512 859 660 1553692084881 
512 854 657 1553692084898 
512 848 655 1553692084914 
512 846 653 1553692084931 
512 845 652 1553692084948 
512 843 651 1553692084964 
512 840 649 1553692084981 
512 839 649 1553692084998 
512 839 648 1553692085031 
513 839 648 1553692085074 
514 839 648 1553692085209 
512 838 647 1553692085281 
512 833 639 1553692085298 
512 824 631 1553692085314 
512 811 620 1553692085331 
512 800 611 1553692085348 
512 795 606 1553692085364 
512 792 592 1553692085381 
512 792 567 1553692085397 
512 792 541 1553692085414 
512 792 523 1553692085431 
512 794 501 1553692085448 
512 799 488 1553692085464 
512 810 481 1553692085481 
512 832 452 1553692085498 
512 840 434 1553692085514 
512 845 425 1553692085531 
512 846 423 1553692085548 
512 847 423 1553692085614 
512 850 423 1553692085631 
512 852 423 1553692085648 
512 858 422 1553692085664 
512 867 421 1553692085682 
512 874 416 1553692085698 
512 879 409 1553692085714 
512 889 404 1553692085732 
512 897 401 1553692085748 
512 902 397 1553692085764 
512 904 396 1553692085781 
512 905 394 1553692085797 
512 906 394 1553692085814 
512 906 393 1553692085832 
512 906 392 1553692085849 
512 907 391 1553692085864 
512 908 390 1553692085882 
512 910 389 1553692085914 
512 911 388 1553692085931 
512 913 387 1553692085948 
512 916 386 1553692085964 
512 919 384 1553692085981 
512 921 382 1553692085999 
512 921 381 1553692086014 
512 922 380 1553692086031 
512 922 379 1553692086081 
512 923 378 1553692086098 
512 922 378 1553692086107 
513 922 378 1553692086107 
512 922 377 1553692086131 
514 922 377 1553692086249 
512 922 376 1553692086265 
512 922 375 1553692086281 
512 922 374 1553692086298 
512 920 373 1553692086331 
512 917 371 1553692086348 
512 911 370 1553692086364 
512 906 369 1553692086381 
512 903 368 1553692086398 
512 900 367 1553692086414 
512 895 367 1553692086431 
512 886 366 1553692086448 
512 876 366 1553692086464 
512 861 365 1553692086481 
512 828 364 1553692086498 
512 807 364 1553692086514 
512 788 365 1553692086531 
512 776 370 1553692086548 
512 763 376 1553692086564 
512 745 383 1553692086581 
512 716 389 1553692086598 
512 690 393 1553692086614 
512 666 393 1553692086631 
512 651 393 1553692086647 
512 641 393 1553692086664 
512 607 393 1553692086681 
512 581 393 1553692086698 
512 558 393 1553692086714 
512 545 393 1553692086731 
512 535 393 1553692086747 
512 528 393 1553692086764 
512 521 393 1553692086781 
512 515 392 1553692086798 
512 510 391 1553692086814 
512 502 390 1553692086831 
512 492 388 1553692086847 
512 478 385 1553692086866 
512 467 382 1553692086882 
512 466 381 1553692086948 
513 466 381 1553692087058 
514 466 381 1553692087201 
512 474 383 1553692087298 
512 490 392 1553692087315 
512 498 398 1553692087331 
512 507 408 1553692087348 
512 511 417 1553692087364 
512 516 429 1553692087381 
512 518 438 1553692087397 
512 522 451 1553692087415 
512 531 476 1553692087431 
512 550 519 1553692087448 
512 568 547 1553692087464 
512 577 563 1553692087481 
512 581 569 1553692087497 
512 582 571 1553692087514 
512 582 573 1553692087531 
512 582 578 1553692087548 
512 582 586 1553692087564 
512 582 592 1553692087581 
512 582 596 1553692087598 
512 582 599 1553692087615 
512 581 603 1553692087631 
512 581 607 1553692087648 
512 578 612 1553692087665 
512 574 617 1553692087682 
512 572 620 1553692087698 
512 569 622 1553692087714 
512 568 622 1553692087731 
512 566 623 1553692087748 
512 565 624 1553692087764 
512 563 625 1553692087781 
512 561 627 1553692087798 
512 559 630 1553692087814 
512 558 631 1553692087831 
512 556 633 1553692087848 
512 556 634 1553692087864 
512 555 635 1553692087881 
512 555 637 1553692087898 
512 555 638 1553692087913 
513 555 638 1553692087914 
512 554 638 1553692087931 
514 554 638 1553692088073 
512 554 638 1553692088081 
512 555 634 1553692088131 
512 557 628 1553692088148 
512 558 622 1553692088165 
512 561 614 1553692088181 
512 563 599 1553692088198 
512 564 573 1553692088214 
512 567 528 1553692088231 
512 570 475 1553692088248 
512 574 424 1553692088264 
512 581 385 1553692088281 
512 596 350 1553692088298 
512 606 325 1553692088314 
512 618 286 1553692088331 
512 629 257 1553692088348 
512 639 236 1553692088364 
512 647 224 1553692088382 
512 654 213 1553692088397 
512 659 202 1553692088414 
512 661 198 1553692088432 
512 663 193 1553692088447 
512 664 192 1553692088465 
512 686 191 1553692088481 
512 709 190 1553692088497 
512 726 190 1553692088514 
512 736 190 1553692088531 
512 740 190 1553692088548 
512 741 191 1553692088564 
512 741 192 1553692088597 
512 742 192 1553692088614 
512 742 195 1553692088631 
512 742 199 1553692088648 
512 742 202 1553692088664 
512 741 206 1553692088681 
512 740 208 1553692088698 
512 738 209 1553692088714 
512 736 209 1553692088731 
512 733 210 1553692088747 
512 731 211 1553692088765 
512 728 211 1553692088780 
512 722 211 1553692088797 
512 718 211 1553692088814 
512 714 210 1553692088832 
512 713 210 1553692088848 
512 711 210 1553692088864 
512 708 208 1553692088881 
512 705 208 1553692088898 
512 704 208 1553692088914 
513 704 208 1553692088953 
514 704 208 1553692089121 
