512 699 209 1553718637754 
512 700 211 1553718637761 
512 702 214 1553718637769 
512 703 219 1553718637777 
512 705 224 1553718637785 
512 705 230 1553718637793 
512 707 237 1553718637801 
512 710 248 1553718637810 
512 712 257 1553718637818 
512 716 267 1553718637825 
512 719 278 1553718637834 
512 724 289 1553718637840 
512 727 300 1553718637850 
512 731 311 1553718637870 
512 734 322 1553718637870 
512 740 332 1553718637872 
512 742 343 1553718637894 
512 743 355 1553718637895 
512 747 366 1553718637897 
512 750 379 1553718637905 
512 756 392 1553718637913 
512 760 405 1553718637921 
512 765 420 1553718637929 
512 770 431 1553718637937 
512 776 442 1553718637945 
512 779 451 1553718637953 
512 785 462 1553718637961 
512 791 474 1553718637969 
512 797 485 1553718637978 
512 802 497 1553718637986 
512 807 504 1553718637994 
512 811 515 1553718638002 
512 814 526 1553718638008 
512 817 538 1553718638016 
512 820 551 1553718638026 
512 822 562 1553718638032 
512 824 571 1553718638042 
512 824 582 1553718638048 
512 826 591 1553718638058 
512 826 598 1553718638066 
512 826 605 1553718638074 
512 826 611 1553718638081 
512 826 614 1553718638089 
512 826 617 1553718638097 
512 826 621 1553718638105 
512 826 624 1553718638113 
512 825 626 1553718638121 
512 825 629 1553718638129 
512 825 630 1553718638138 
512 825 632 1553718638145 
512 825 635 1553718638154 
512 825 636 1553718638162 
512 825 638 1553718638170 
512 825 639 1553718638178 
512 825 640 1553718638184 
512 825 641 1553718638192 
512 825 642 1553718638208 
512 825 643 1553718638216 
512 825 644 1553718638225 
512 825 645 1553718638233 
512 825 646 1553718638241 
512 825 648 1553718638249 
512 825 649 1553718638265 
512 826 649 1553718638273 
512 827 649 1553718638306 
512 828 649 1553718638314 
512 830 649 1553718638321 
512 831 649 1553718638329 
512 833 649 1553718638337 
512 834 649 1553718638344 
512 836 649 1553718638354 
512 838 649 1553718638362 
512 839 649 1553718638368 
512 840 649 1553718638376 
512 841 649 1553718638393 
513 841 649 1553718638508 
514 841 649 1553718638625 
512 841 648 1553718638672 
512 840 647 1553718638688 
512 839 645 1553718638696 
512 838 644 1553718638704 
512 829 636 1553718638738 
512 826 633 1553718638738 
512 821 628 1553718638745 
512 814 623 1553718638753 
512 806 618 1553718638761 
512 799 613 1553718638769 
512 792 606 1553718638777 
512 781 599 1553718638785 
512 772 588 1553718638793 
512 761 581 1553718638801 
512 749 571 1553718638809 
512 738 562 1553718638817 
512 724 552 1553718638825 
512 712 542 1553718638833 
512 692 529 1553718638840 
512 673 516 1553718638848 
512 648 497 1553718638856 
512 622 483 1553718638864 
512 595 468 1553718638890 
512 549 448 1553718638891 
512 530 441 1553718638911 
512 516 436 1553718638912 
512 503 430 1553718638914 
512 491 425 1553718638921 
512 481 419 1553718638929 
512 473 416 1553718638937 
512 464 415 1553718638945 
512 460 414 1553718638953 
512 457 413 1553718638961 
512 456 413 1553718638969 
512 456 411 1553718639058 
512 456 410 1553718639066 
512 458 407 1553718639074 
512 461 406 1553718639081 
512 461 404 1553718639089 
512 464 400 1553718639097 
512 466 398 1553718639105 
512 470 394 1553718639113 
512 471 391 1553718639121 
512 474 389 1553718639129 
512 474 387 1553718639137 
512 476 385 1553718639145 
512 476 384 1553718639153 
512 476 382 1553718639161 
512 477 381 1553718639170 
512 477 380 1553718639186 
512 477 379 1553718639192 
512 477 378 1553718639210 
513 477 378 1553718639356 
512 477 377 1553718639390 
512 478 377 1553718639401 
514 478 377 1553718639449 
512 480 377 1553718639528 
512 481 377 1553718639536 
512 483 377 1553718639544 
512 488 377 1553718639563 
512 492 379 1553718639569 
512 498 381 1553718639577 
512 505 384 1553718639585 
512 514 389 1553718639593 
512 521 394 1553718639601 
512 531 397 1553718639609 
512 538 401 1553718639617 
512 544 406 1553718639625 
512 550 408 1553718639633 
512 554 410 1553718639641 
512 557 410 1553718639649 
512 563 411 1553718639656 
512 570 411 1553718639665 
512 578 409 1553718639672 
512 588 405 1553718639680 
512 599 400 1553718639688 
512 607 396 1553718639696 
512 619 391 1553718639704 
512 627 386 1553718639712 
512 636 381 1553718639721 
512 645 377 1553718639729 
512 652 369 1553718639737 
512 657 363 1553718639745 
512 661 355 1553718639753 
512 667 346 1553718639761 
512 670 339 1553718639769 
512 672 332 1553718639777 
512 674 325 1553718639785 
512 676 319 1553718639793 
512 677 313 1553718639801 
512 682 306 1553718639809 
512 687 300 1553718639817 
512 690 293 1553718639825 
512 692 286 1553718639834 
512 695 280 1553718639840 
512 697 275 1553718639850 
512 699 272 1553718639856 
512 701 267 1553718639866 
512 703 264 1553718639872 
512 703 260 1553718639882 
512 705 256 1553718639889 
512 705 254 1553718639913 
512 708 245 1553718639914 
512 708 241 1553718639925 
512 709 237 1553718639929 
512 711 235 1553718639937 
512 713 231 1553718639945 
512 716 224 1553718639953 
512 716 220 1553718639961 
512 717 217 1553718639969 
512 718 213 1553718639977 
512 719 211 1553718639985 
512 720 208 1553718639993 
512 720 206 1553718640001 
512 720 205 1553718640008 
512 719 204 1553718640016 
512 719 203 1553718640024 
512 718 203 1553718640073 
512 717 203 1553718640089 
512 714 203 1553718640105 
512 713 203 1553718640113 
512 711 203 1553718640121 
512 709 203 1553718640137 
512 708 202 1553718640145 
512 707 202 1553718640153 
512 706 203 1553718640161 
512 704 204 1553718640170 
512 703 205 1553718640186 
512 702 205 1553718640202 
512 702 206 1553718640233 
513 702 206 1553718640291 
514 702 206 1553718640425 
512 702 207 1553718640482 
512 703 208 1553718640489 
512 705 209 1553718640497 
512 706 212 1553718640505 
512 707 213 1553718640512 
512 709 214 1553718640522 
512 709 216 1553718640532 
512 711 219 1553718640536 
512 712 221 1553718640546 
512 714 225 1553718640554 
512 715 232 1553718640562 
512 716 239 1553718640569 
512 717 247 1553718640578 
512 717 254 1553718640585 
512 719 264 1553718640593 
512 722 271 1553718640601 
512 724 278 1553718640609 
512 727 284 1553718640617 
512 731 291 1553718640625 
512 735 301 1553718640633 
512 739 308 1553718640641 
512 745 317 1553718640649 
512 751 325 1553718640658 
512 756 334 1553718640666 
512 761 341 1553718640672 
512 769 351 1553718640682 
512 774 356 1553718640690 
512 782 361 1553718640696 
512 790 364 1553718640704 
512 799 368 1553718640714 
512 806 370 1553718640722 
512 815 373 1553718640729 
512 826 375 1553718640738 
512 834 377 1553718640745 
512 842 380 1553718640754 
512 851 383 1553718640761 
512 858 386 1553718640769 
512 866 388 1553718640777 
512 874 392 1553718640785 
512 884 396 1553718640793 
512 891 398 1553718640801 
512 898 401 1553718640809 
512 903 402 1553718640818 
512 906 403 1553718640825 
512 908 403 1553718640834 
512 909 403 1553718640842 
512 911 403 1553718640848 
512 911 402 1553718640856 
512 912 402 1553718640866 
512 913 401 1553718640880 
512 914 401 1553718640890 
512 916 399 1553718640897 
512 918 398 1553718640906 
512 921 397 1553718640929 
512 924 396 1553718640947 
512 928 394 1553718640947 
512 929 393 1553718640953 
512 929 392 1553718640961 
512 930 392 1553718640969 
512 930 391 1553718640978 
512 932 390 1553718641002 
512 932 389 1553718641018 
512 932 388 1553718641024 
512 932 387 1553718641032 
512 932 386 1553718641042 
512 933 386 1553718641048 
512 933 385 1553718641057 
512 933 384 1553718641073 
512 933 383 1553718641082 
512 934 382 1553718641089 
512 934 381 1553718641121 
512 935 381 1553718641170 
513 935 381 1553718641172 
514 935 381 1553718641297 
512 934 381 1553718641457 
512 933 381 1553718641474 
512 931 381 1553718641497 
512 929 383 1553718641505 
512 921 393 1553718641536 
512 913 400 1553718641536 
512 904 406 1553718641544 
512 896 413 1553718641552 
512 886 420 1553718641561 
512 876 428 1553718641568 
512 865 435 1553718641578 
512 853 444 1553718641586 
512 841 454 1553718641593 
512 824 466 1553718641601 
512 805 480 1553718641609 
512 788 492 1553718641617 
512 769 506 1553718641625 
512 753 516 1553718641633 
512 739 525 1553718641642 
512 723 536 1553718641650 
512 714 544 1553718641657 
512 701 551 1553718641665 
512 694 556 1553718641674 
512 688 561 1553718641680 
512 683 565 1553718641688 
512 680 566 1553718641698 
512 679 569 1553718641704 
512 676 571 1553718641712 
512 673 574 1553718641721 
512 671 574 1553718641729 
512 669 575 1553718641738 
512 668 576 1553718641746 
512 665 577 1553718641753 
512 664 577 1553718641761 
512 663 578 1553718641769 
512 660 578 1553718641777 
512 657 579 1553718641785 
512 652 580 1553718641793 
512 648 582 1553718641801 
512 642 584 1553718641809 
512 638 585 1553718641818 
512 633 588 1553718641825 
512 627 590 1553718641834 
512 621 592 1553718641842 
512 617 594 1553718641850 
512 613 596 1553718641858 
512 608 599 1553718641864 
512 604 603 1553718641872 
512 601 604 1553718641880 
512 596 607 1553718641889 
512 590 609 1553718641897 
512 585 612 1553718641905 
512 581 617 1553718641914 
512 577 619 1553718641921 
512 572 622 1553718641929 
512 569 626 1553718641947 
512 566 628 1553718641961 
512 562 631 1553718641961 
512 561 632 1553718641969 
512 559 635 1553718641977 
512 558 635 1553718641985 
512 556 637 1553718641993 
512 556 639 1553718642001 
512 555 640 1553718642008 
512 554 641 1553718642016 
512 553 641 1553718642026 
512 553 642 1553718642032 
512 553 643 1553718642050 
513 553 643 1553718642131 
514 553 643 1553718642234 
512 553 642 1553718642313 
512 553 641 1553718642320 
512 553 639 1553718642329 
512 554 637 1553718642337 
512 558 628 1553718642354 
512 562 621 1553718642360 
512 566 614 1553718642368 
512 569 606 1553718642378 
512 576 596 1553718642384 
512 581 586 1553718642392 
512 588 573 1553718642401 
512 597 560 1553718642409 
512 605 549 1553718642417 
512 611 537 1553718642425 
512 616 528 1553718642433 
512 627 521 1553718642441 
512 638 514 1553718642449 
512 652 511 1553718642457 
512 669 508 1553718642465 
512 685 508 1553718642473 
512 705 509 1553718642482 
512 717 511 1553718642489 
512 730 513 1553718642497 
512 742 519 1553718642505 
512 751 523 1553718642512 
512 763 531 1553718642522 
512 775 538 1553718642528 
512 782 545 1553718642536 
512 788 552 1553718642544 
512 793 560 1553718642554 
512 799 569 1553718642562 
512 803 577 1553718642570 
512 805 586 1553718642578 
512 807 594 1553718642585 
512 810 600 1553718642593 
512 812 607 1553718642601 
512 815 615 1553718642609 
512 817 618 1553718642617 
512 817 623 1553718642625 
512 817 624 1553718642633 
512 817 625 1553718642642 
512 817 626 1553718642650 
512 817 627 1553718642672 
512 817 629 1553718642690 
512 817 630 1553718642704 
512 817 633 1553718642712 
512 817 634 1553718642721 
512 818 635 1553718642729 
512 819 637 1553718642746 
512 821 637 1553718642753 
512 822 637 1553718642761 
512 824 637 1553718642769 
512 826 637 1553718642779 
512 828 637 1553718642785 
512 829 637 1553718642793 
512 830 637 1553718642801 
512 832 637 1553718642809 
512 833 637 1553718642825 
512 834 637 1553718642834 
512 835 637 1553718642840 
512 837 637 1553718642848 
512 837 636 1553718642856 
512 838 636 1553718642864 
512 839 636 1553718642880 
512 840 636 1553718642945 
513 840 636 1553718642980 
514 840 636 1553718643105 
512 840 634 1553718643137 
512 840 632 1553718643153 
512 840 631 1553718643161 
512 838 626 1553718643178 
512 836 623 1553718643184 
512 836 620 1553718643192 
512 834 615 1553718643200 
512 833 609 1553718643208 
512 832 603 1553718643216 
512 829 594 1553718643225 
512 827 583 1553718643233 
512 824 573 1553718643241 
512 822 560 1553718643249 
512 822 551 1553718643255 
512 818 537 1553718643265 
512 816 520 1553718643273 
512 815 506 1553718643281 
512 813 489 1553718643289 
512 813 474 1553718643297 
512 814 460 1553718643305 
512 814 448 1553718643313 
512 815 436 1553718643321 
512 816 426 1553718643329 
512 820 417 1553718643337 
512 826 404 1553718643344 
512 829 396 1553718643352 
512 834 389 1553718643362 
512 838 383 1553718643368 
512 839 377 1553718643376 
512 843 372 1553718643384 
512 845 369 1553718643393 
512 847 365 1553718643401 
512 851 364 1553718643409 
512 853 364 1553718643418 
512 857 364 1553718643425 
512 859 364 1553718643433 
512 861 364 1553718643441 
512 863 364 1553718643449 
512 864 364 1553718643457 
512 865 364 1553718643465 
512 867 366 1553718643473 
512 870 366 1553718643481 
512 872 366 1553718643489 
512 874 367 1553718643498 
512 875 368 1553718643505 
512 878 371 1553718643514 
512 883 373 1553718643520 
512 888 376 1553718643528 
512 893 377 1553718643536 
512 898 378 1553718643546 
512 901 379 1553718643554 
512 903 380 1553718643561 
512 904 380 1553718643570 
512 905 380 1553718643578 
512 906 380 1553718643585 
512 907 380 1553718643593 
512 908 380 1553718643609 
512 910 380 1553718643617 
512 911 380 1553718643625 
512 912 380 1553718643633 
512 914 380 1553718643641 
512 917 380 1553718643649 
512 918 380 1553718643657 
512 920 379 1553718643665 
512 922 379 1553718643672 
512 924 379 1553718643680 
512 927 377 1553718643688 
512 928 377 1553718643704 
512 930 376 1553718643712 
512 930 375 1553718643721 
512 931 375 1553718643737 
512 932 374 1553718643745 
512 933 374 1553718643761 
512 934 374 1553718643769 
512 934 373 1553718643783 
512 935 373 1553718643793 
513 935 373 1553718643864 
512 936 373 1553718643886 
514 936 373 1553718643980 
512 935 373 1553718644024 
512 934 373 1553718644089 
512 934 372 1553718644105 
512 933 372 1553718644138 
512 932 372 1553718644170 
512 930 372 1553718644184 
512 925 372 1553718644214 
512 922 372 1553718644216 
512 918 372 1553718644225 
512 884 373 1553718644249 
512 872 373 1553718644257 
512 855 373 1553718644265 
512 828 373 1553718644273 
512 788 373 1553718644281 
512 746 372 1553718644289 
512 703 372 1553718644297 
512 668 372 1553718644305 
512 635 373 1553718644313 
512 607 374 1553718644321 
512 584 377 1553718644329 
512 567 377 1553718644337 
512 554 379 1553718644344 
512 544 379 1553718644352 
512 537 381 1553718644360 
512 531 382 1553718644368 
512 527 383 1553718644376 
512 523 385 1553718644384 
512 520 387 1553718644393 
512 516 388 1553718644401 
512 514 389 1553718644409 
512 511 391 1553718644417 
512 510 394 1553718644425 
512 507 395 1553718644433 
512 504 396 1553718644441 
512 501 396 1553718644449 
512 499 396 1553718644457 
512 496 396 1553718644465 
512 494 396 1553718644473 
512 493 396 1553718644481 
512 492 397 1553718644505 
512 491 397 1553718644514 
512 490 397 1553718644528 
512 489 397 1553718644538 
512 488 395 1553718644544 
512 486 395 1553718644552 
512 484 394 1553718644561 
512 482 393 1553718644570 
512 482 391 1553718644578 
512 481 390 1553718644586 
512 479 390 1553718644593 
512 479 389 1553718644601 
512 477 388 1553718644609 
512 476 386 1553718644617 
512 474 385 1553718644625 
512 474 383 1553718644633 
512 471 382 1553718644641 
512 471 381 1553718644649 
512 470 380 1553718644657 
512 470 379 1553718644665 
512 468 379 1553718644672 
512 468 378 1553718644680 
512 467 377 1553718644688 
512 467 376 1553718644698 
512 467 375 1553718644714 
512 467 374 1553718644721 
512 467 373 1553718644729 
512 466 373 1553718644737 
513 466 373 1553718644755 
514 466 373 1553718644866 
512 466 376 1553718644929 
512 467 378 1553718644937 
512 477 384 1553718644967 
512 483 389 1553718644969 
512 490 392 1553718644977 
512 496 394 1553718644991 
512 501 397 1553718644992 
512 507 401 1553718645008 
512 517 406 1553718645008 
512 531 412 1553718645016 
512 552 424 1553718645024 
512 581 438 1553718645032 
512 612 445 1553718645040 
512 640 446 1553718645048 
512 662 446 1553718645057 
512 687 446 1553718645065 
512 710 444 1553718645073 
512 724 443 1553718645081 
512 736 442 1553718645089 
512 744 440 1553718645097 
512 748 440 1553718645105 
512 748 439 1553718645121 
512 748 442 1553718645138 
512 745 444 1553718645145 
512 741 449 1553718645153 
512 736 455 1553718645161 
512 729 460 1553718645169 
512 719 467 1553718645178 
512 709 475 1553718645186 
512 699 484 1553718645194 
512 690 490 1553718645202 
512 681 499 1553718645210 
512 672 508 1553718645216 
512 663 518 1553718645225 
512 654 528 1553718645234 
512 644 537 1553718645241 
512 637 546 1553718645250 
512 628 555 1553718645257 
512 618 563 1553718645265 
512 609 571 1553718645273 
512 601 580 1553718645281 
512 601 587 1553718645289 
512 597 594 1553718645297 
512 592 600 1553718645305 
512 589 606 1553718645314 
512 587 609 1553718645321 
512 585 614 1553718645329 
512 582 617 1553718645337 
512 581 620 1553718645344 
512 579 624 1553718645354 
512 578 626 1553718645362 
512 578 628 1553718645368 
512 575 631 1553718645378 
512 575 633 1553718645386 
512 574 634 1553718645394 
512 574 635 1553718645401 
512 573 635 1553718645409 
512 573 636 1553718645417 
512 572 637 1553718645425 
512 571 638 1553718645433 
512 569 639 1553718645441 
512 569 640 1553718645449 
512 567 642 1553718645457 
512 566 643 1553718645465 
512 565 644 1553718645473 
512 563 645 1553718645481 
512 563 646 1553718645490 
512 562 648 1553718645497 
512 561 648 1553718645520 
512 560 649 1553718645536 
512 559 649 1553718645554 
512 558 649 1553718645601 
513 558 649 1553718645650 
514 558 649 1553718645746 
512 558 648 1553718645848 
512 558 647 1553718645856 
512 560 646 1553718645864 
512 562 644 1553718645872 
512 570 634 1553718645901 
512 573 630 1553718645905 
512 575 625 1553718645913 
512 579 617 1553718645921 
512 583 611 1553718645929 
512 588 604 1553718645937 
512 593 598 1553718645945 
512 597 588 1553718645953 
512 603 581 1553718645961 
512 610 568 1553718645969 
512 616 556 1553718645978 
512 623 543 1553718645985 
512 629 528 1553718646008 
512 640 505 1553718646010 
512 647 492 1553718646028 
512 650 479 1553718646028 
512 658 464 1553718646032 
512 664 449 1553718646040 
512 670 432 1553718646050 
512 674 420 1553718646057 
512 677 405 1553718646065 
512 681 392 1553718646073 
512 682 378 1553718646081 
512 683 366 1553718646089 
512 685 355 1553718646097 
512 685 343 1553718646105 
512 689 332 1553718646113 
512 691 322 1553718646121 
512 694 313 1553718646129 
512 694 305 1553718646137 
512 697 298 1553718646145 
512 700 292 1553718646153 
512 701 286 1553718646161 
512 704 280 1553718646169 
512 705 277 1553718646176 
512 707 276 1553718646184 
512 708 272 1553718646192 
512 710 272 1553718646202 
512 710 269 1553718646208 
512 711 268 1553718646225 
512 712 268 1553718646241 
512 712 267 1553718646249 
512 712 266 1553718646265 
512 712 264 1553718646281 
512 712 263 1553718646289 
512 712 261 1553718646297 
512 712 257 1553718646305 
512 712 253 1553718646313 
512 711 248 1553718646321 
512 710 244 1553718646329 
512 710 239 1553718646337 
512 710 236 1553718646346 
512 710 234 1553718646354 
512 710 232 1553718646360 
512 710 231 1553718646368 
512 710 229 1553718646378 
512 709 227 1553718646384 
512 709 226 1553718646393 
512 708 225 1553718646402 
512 708 224 1553718646409 
512 706 223 1553718646417 
512 705 222 1553718646433 
512 704 222 1553718646441 
512 703 222 1553718646506 
512 703 220 1553718646514 
512 701 220 1553718646522 
512 701 219 1553718646534 
512 700 219 1553718646536 
512 698 218 1553718646544 
512 698 217 1553718646552 
512 697 217 1553718646570 
513 697 217 1553718646588 
514 697 217 1553718646712 
