512 705 207 1553718697833 
512 705 208 1553718697840 
512 708 210 1553718697848 
512 709 210 1553718697864 
512 710 212 1553718697878 
512 713 215 1553718697880 
512 716 217 1553718697888 
512 720 220 1553718697906 
512 725 225 1553718697907 
512 729 228 1553718697913 
512 731 232 1553718697920 
512 733 237 1553718697929 
512 736 245 1553718697935 
512 738 251 1553718697945 
512 739 259 1553718697953 
512 740 269 1553718697961 
512 743 280 1553718697967 
512 745 293 1553718697977 
512 750 304 1553718697985 
512 755 316 1553718697992 
512 759 329 1553718698000 
512 765 336 1553718698008 
512 769 345 1553718698016 
512 772 354 1553718698024 
512 775 361 1553718698032 
512 779 370 1553718698040 
512 784 381 1553718698048 
512 784 393 1553718698057 
512 785 405 1553718698065 
512 785 418 1553718698073 
512 787 435 1553718698081 
512 787 449 1553718698088 
512 790 466 1553718698097 
512 791 484 1553718698103 
512 792 498 1553718698113 
512 794 513 1553718698121 
512 797 525 1553718698129 
512 800 534 1553718698135 
512 801 542 1553718698144 
512 803 549 1553718698153 
512 805 555 1553718698161 
512 806 559 1553718698168 
512 806 566 1553718698176 
512 807 570 1553718698184 
512 808 573 1553718698192 
512 809 577 1553718698200 
512 809 580 1553718698208 
512 810 581 1553718698216 
512 810 585 1553718698225 
512 811 587 1553718698233 
512 813 590 1553718698241 
512 813 592 1553718698249 
512 814 595 1553718698257 
512 815 596 1553718698265 
512 816 597 1553718698271 
512 817 599 1553718698281 
512 818 601 1553718698297 
512 819 603 1553718698313 
512 820 605 1553718698321 
512 822 608 1553718698329 
512 825 611 1553718698336 
512 826 616 1553718698344 
512 829 619 1553718698352 
512 829 620 1553718698360 
512 828 620 1553718698368 
512 828 624 1553718698376 
512 829 625 1553718698384 
512 829 627 1553718698393 
512 831 628 1553718698401 
512 831 630 1553718698409 
512 832 631 1553718698417 
512 832 633 1553718698425 
512 833 634 1553718698433 
512 833 635 1553718698447 
512 833 636 1553718698455 
512 833 637 1553718698465 
512 834 637 1553718698481 
513 834 637 1553718698538 
512 835 637 1553718698576 
514 835 637 1553718698641 
512 835 638 1553718698648 
512 836 638 1553718698680 
512 836 637 1553718698729 
512 836 636 1553718698736 
512 836 635 1553718698745 
512 836 633 1553718698753 
512 834 630 1553718698759 
512 834 628 1553718698777 
512 833 627 1553718698777 
512 831 626 1553718698785 
512 831 625 1553718698791 
512 829 622 1553718698799 
512 828 620 1553718698808 
512 825 618 1553718698817 
512 823 611 1553718698826 
512 820 606 1553718698833 
512 815 602 1553718698842 
512 812 596 1553718698848 
512 809 592 1553718698856 
512 805 588 1553718698864 
512 802 582 1553718698872 
512 798 576 1553718698880 
512 793 570 1553718698898 
512 787 563 1553718698899 
512 782 554 1553718698905 
512 774 546 1553718698931 
512 758 531 1553718698931 
512 746 523 1553718698937 
512 733 515 1553718698945 
512 717 502 1553718698951 
512 699 494 1553718698961 
512 683 485 1553718698967 
512 669 480 1553718698977 
512 654 474 1553718698985 
512 642 471 1553718698993 
512 632 466 1553718699001 
512 624 462 1553718699008 
512 614 459 1553718699016 
512 608 456 1553718699024 
512 601 453 1553718699032 
512 596 449 1553718699042 
512 593 446 1553718699050 
512 588 445 1553718699057 
512 582 442 1553718699065 
512 574 437 1553718699073 
512 566 433 1553718699081 
512 555 430 1553718699089 
512 547 425 1553718699097 
512 541 422 1553718699105 
512 535 419 1553718699113 
512 533 417 1553718699119 
512 529 415 1553718699129 
512 529 413 1553718699137 
512 527 411 1553718699145 
512 524 411 1553718699152 
512 521 408 1553718699161 
512 519 406 1553718699169 
512 516 403 1553718699176 
512 513 400 1553718699184 
512 511 398 1553718699192 
512 507 396 1553718699200 
512 506 396 1553718699208 
512 506 395 1553718699216 
512 506 394 1553718699225 
512 506 393 1553718699232 
512 506 392 1553718699241 
512 506 391 1553718699249 
512 506 390 1553718699257 
512 506 389 1553718699263 
512 505 388 1553718699273 
512 503 388 1553718699281 
512 500 385 1553718699287 
512 498 385 1553718699297 
512 495 383 1553718699304 
512 491 382 1553718699313 
512 490 382 1553718699320 
512 489 382 1553718699329 
512 486 381 1553718699337 
512 484 380 1553718699344 
512 482 379 1553718699352 
512 481 379 1553718699360 
512 479 378 1553718699368 
512 478 377 1553718699376 
512 477 377 1553718699384 
512 475 377 1553718699392 
512 474 376 1553718699401 
512 473 375 1553718699408 
512 472 375 1553718699416 
513 472 375 1553718699498 
514 472 375 1553718699591 
512 474 375 1553718699617 
512 476 376 1553718699625 
512 481 377 1553718699633 
512 493 381 1553718699651 
512 501 382 1553718699656 
512 509 382 1553718699665 
512 516 383 1553718699672 
512 523 383 1553718699680 
512 531 384 1553718699688 
512 536 384 1553718699696 
512 543 384 1553718699704 
512 550 384 1553718699712 
512 557 384 1553718699720 
512 560 385 1553718699729 
512 566 389 1553718699737 
512 570 392 1553718699744 
512 574 397 1553718699753 
512 582 403 1553718699759 
512 587 412 1553718699767 
512 592 419 1553718699777 
512 597 425 1553718699783 
512 603 433 1553718699793 
512 609 441 1553718699799 
512 615 446 1553718699809 
512 621 450 1553718699816 
512 627 452 1553718699824 
512 630 452 1553718699833 
512 633 452 1553718699842 
512 635 451 1553718699848 
512 639 447 1553718699856 
512 641 443 1553718699864 
512 643 437 1553718699872 
512 644 433 1553718699880 
512 640 433 1553718699888 
512 641 424 1553718699897 
512 643 414 1553718699917 
512 648 398 1553718699918 
512 651 372 1553718699920 
512 658 343 1553718699929 
512 664 311 1553718699949 
512 669 279 1553718699949 
512 674 245 1553718699953 
512 682 218 1553718699959 
512 689 191 1553718699969 
512 696 169 1553718699977 
512 700 153 1553718699985 
512 704 141 1553718699992 
512 708 130 1553718700001 
512 710 123 1553718700008 
512 710 119 1553718700016 
512 710 117 1553718700024 
512 710 116 1553718700040 
512 710 118 1553718700129 
512 710 123 1553718700137 
512 710 127 1553718700144 
512 710 132 1553718700152 
512 710 138 1553718700161 
512 710 144 1553718700169 
512 710 148 1553718700176 
512 710 151 1553718700184 
512 710 156 1553718700192 
512 710 160 1553718700200 
512 710 162 1553718700208 
512 710 167 1553718700216 
512 710 171 1553718700225 
512 710 180 1553718700233 
512 710 184 1553718700242 
512 709 189 1553718700249 
512 709 193 1553718700257 
512 708 197 1553718700265 
512 707 200 1553718700271 
512 706 202 1553718700279 
512 706 203 1553718700297 
512 705 203 1553718700376 
512 706 203 1553718700384 
512 706 204 1553718700392 
512 705 204 1553718700409 
512 705 205 1553718700425 
513 705 205 1553718700506 
514 705 205 1553718700617 
512 705 206 1553718700688 
512 705 207 1553718700704 
512 705 208 1553718700712 
512 706 209 1553718700720 
512 707 211 1553718700729 
512 707 212 1553718700736 
512 708 213 1553718700744 
512 710 215 1553718700752 
512 711 217 1553718700759 
512 713 218 1553718700767 
512 717 221 1553718700775 
512 722 222 1553718700783 
512 728 224 1553718700791 
512 732 226 1553718700801 
512 735 227 1553718700808 
512 738 230 1553718700817 
512 742 236 1553718700825 
512 751 247 1553718700832 
512 753 254 1553718700840 
512 763 269 1553718700848 
512 778 287 1553718700856 
512 791 306 1553718700864 
512 801 320 1553718700872 
512 810 333 1553718700880 
512 818 343 1553718700888 
512 824 353 1553718700897 
512 832 360 1553718700904 
512 842 366 1553718700913 
512 849 371 1553718700927 
512 856 374 1553718700927 
512 863 378 1553718700935 
512 868 379 1553718700943 
512 872 379 1553718700959 
512 873 379 1553718700961 
512 876 379 1553718700967 
512 879 381 1553718700976 
512 883 383 1553718700984 
512 889 385 1553718700993 
512 894 385 1553718701000 
512 900 386 1553718701008 
512 904 386 1553718701016 
512 908 386 1553718701024 
512 911 386 1553718701032 
512 913 386 1553718701040 
512 914 386 1553718701048 
512 915 386 1553718701089 
512 916 386 1553718701105 
512 918 385 1553718701121 
512 918 384 1553718701129 
512 919 383 1553718701137 
512 920 382 1553718701145 
512 920 381 1553718701161 
512 921 381 1553718701192 
512 922 381 1553718701208 
512 923 380 1553718701225 
512 924 380 1553718701241 
512 924 378 1553718701249 
512 925 378 1553718701281 
513 925 378 1553718701331 
514 925 378 1553718701441 
512 924 378 1553718701528 
512 922 380 1553718701536 
512 920 382 1553718701544 
512 908 389 1553718701573 
512 903 394 1553718701576 
512 897 398 1553718701584 
512 891 402 1553718701591 
512 884 407 1553718701599 
512 876 410 1553718701609 
512 866 415 1553718701615 
512 856 420 1553718701623 
512 845 426 1553718701633 
512 832 431 1553718701642 
512 819 435 1553718701649 
512 803 439 1553718701657 
512 779 443 1553718701665 
512 758 448 1553718701672 
512 730 457 1553718701680 
512 706 464 1553718701688 
512 688 472 1553718701696 
512 670 482 1553718701704 
512 659 488 1553718701712 
512 649 495 1553718701721 
512 641 502 1553718701729 
512 635 508 1553718701737 
512 630 514 1553718701745 
512 627 521 1553718701753 
512 624 525 1553718701761 
512 622 531 1553718701769 
512 618 537 1553718701775 
512 615 542 1553718701785 
512 614 546 1553718701793 
512 612 552 1553718701801 
512 609 557 1553718701809 
512 601 564 1553718701817 
512 599 569 1553718701825 
512 598 573 1553718701833 
512 596 577 1553718701840 
512 594 581 1553718701848 
512 593 584 1553718701856 
512 592 590 1553718701864 
512 591 591 1553718701872 
512 591 594 1553718701880 
512 590 598 1553718701888 
512 589 601 1553718701897 
512 589 603 1553718701905 
512 589 606 1553718701913 
512 587 608 1553718701920 
512 586 610 1553718701927 
512 585 613 1553718701947 
512 584 616 1553718701947 
512 583 618 1553718701953 
512 581 620 1553718701959 
512 580 622 1553718701973 
512 577 625 1553718701977 
512 576 627 1553718701984 
512 574 628 1553718701992 
512 572 630 1553718702000 
512 570 632 1553718702008 
512 568 634 1553718702016 
512 567 635 1553718702024 
512 567 636 1553718702032 
512 565 637 1553718702040 
512 564 638 1553718702048 
512 562 640 1553718702056 
512 561 641 1553718702064 
512 558 643 1553718702073 
512 557 644 1553718702080 
512 556 645 1553718702088 
512 555 645 1553718702105 
512 555 646 1553718702119 
513 555 646 1553718702210 
514 555 646 1553718702313 
512 555 645 1553718702439 
512 555 642 1553718702447 
512 555 640 1553718702457 
512 555 635 1553718702474 
512 555 633 1553718702481 
512 554 631 1553718702488 
512 554 628 1553718702496 
512 554 625 1553718702504 
512 554 623 1553718702512 
512 554 620 1553718702520 
512 555 618 1553718702528 
512 557 615 1553718702536 
512 559 610 1553718702544 
512 565 609 1553718702552 
512 571 607 1553718702561 
512 577 605 1553718702568 
512 584 602 1553718702576 
512 593 602 1553718702585 
512 602 602 1553718702593 
512 614 602 1553718702599 
512 628 605 1553718702607 
512 647 610 1553718702615 
512 672 618 1553718702623 
512 710 626 1553718702631 
512 745 635 1553718702641 
512 777 642 1553718702648 
512 804 650 1553718702656 
512 825 654 1553718702664 
512 843 658 1553718702672 
512 860 663 1553718702680 
512 872 667 1553718702688 
512 881 670 1553718702696 
512 890 671 1553718702704 
512 892 672 1553718702712 
512 892 673 1553718702744 
512 892 672 1553718702791 
512 893 671 1553718702799 
512 893 670 1553718702808 
512 893 669 1553718702824 
512 893 668 1553718702832 
512 894 668 1553718702840 
512 894 667 1553718702848 
512 893 666 1553718702880 
512 893 665 1553718702888 
512 891 664 1553718702896 
512 890 664 1553718702904 
512 888 662 1553718702912 
512 886 661 1553718702920 
512 881 660 1553718702927 
512 877 659 1553718702935 
512 871 657 1553718702943 
512 865 657 1553718702951 
512 860 654 1553718702959 
512 855 654 1553718702967 
512 852 654 1553718702982 
512 850 653 1553718702984 
512 847 653 1553718702992 
512 846 653 1553718703001 
512 844 652 1553718703008 
512 843 652 1553718703016 
512 843 651 1553718703024 
512 843 650 1553718703048 
512 842 650 1553718703056 
512 842 649 1553718703065 
512 841 649 1553718703089 
512 841 648 1553718703113 
512 840 647 1553718703144 
512 840 646 1553718703184 
512 840 645 1553718703208 
512 840 644 1553718703232 
513 840 644 1553718703251 
514 840 644 1553718703336 
512 943 388 1553718703982 
512 959 336 1553718704585 
512 944 433 1553718704597 
512 942 436 1553718704599 
512 941 436 1553718704601 
512 940 437 1553718704609 
512 938 438 1553718704617 
512 938 439 1553718704625 
512 936 440 1553718704633 
512 934 442 1553718704648 
512 931 442 1553718704657 
512 926 445 1553718704665 
512 920 446 1553718704672 
512 916 445 1553718704680 
512 912 443 1553718704688 
512 916 440 1553718704696 
512 913 435 1553718704704 
512 917 435 1553718704897 
512 925 437 1553718704905 
512 937 438 1553718704913 
512 939 440 1553718704921 
512 940 440 1553718704929 
512 942 436 1553718704945 
512 944 433 1553718704953 
512 948 427 1553718704961 
512 950 422 1553718704969 
512 950 417 1553718704977 
512 951 414 1553718704986 
512 952 408 1553718704993 
512 953 403 1553718705001 
512 955 399 1553718705008 
512 955 397 1553718705016 
512 955 395 1553718705024 
512 955 393 1553718705032 
512 955 392 1553718705040 
512 955 390 1553718705048 
512 955 389 1553718705065 
512 955 388 1553718705081 
512 955 387 1553718705097 
512 955 386 1553718705121 
512 954 386 1553718705127 
512 953 386 1553718705145 
512 952 386 1553718705160 
512 952 385 1553718705169 
512 950 385 1553718705184 
512 949 385 1553718705192 
512 946 385 1553718705200 
512 945 385 1553718705225 
512 944 385 1553718705273 
512 943 385 1553718705281 
512 943 384 1553718705297 
512 942 384 1553718705304 
512 938 383 1553718705360 
512 937 383 1553718705376 
512 937 382 1553718705384 
512 936 381 1553718705409 
512 935 380 1553718705417 
512 934 380 1553718705433 
512 934 379 1553718705449 
512 933 378 1553718705465 
512 932 378 1553718705472 
512 931 378 1553718705481 
512 931 377 1553718705488 
512 929 377 1553718705497 
512 929 376 1553718705505 
512 928 376 1553718705512 
512 927 376 1553718705528 
513 927 376 1553718705617 
514 927 376 1553718705736 
512 926 376 1553718705816 
512 923 376 1553718705825 
512 918 376 1553718705833 
512 891 380 1553718705864 
512 881 382 1553718705864 
512 871 383 1553718705872 
512 861 383 1553718705880 
512 851 384 1553718705888 
512 843 384 1553718705896 
512 834 386 1553718705904 
512 827 387 1553718705912 
512 822 389 1553718705921 
512 817 391 1553718705929 
512 813 392 1553718705935 
512 806 394 1553718705943 
512 799 396 1553718705951 
512 789 400 1553718705959 
512 777 401 1553718705967 
512 764 403 1553718705977 
512 750 404 1553718705985 
512 737 408 1553718705992 
512 725 409 1553718706000 
512 710 411 1553718706008 
512 692 412 1553718706016 
512 673 414 1553718706024 
512 655 415 1553718706032 
512 641 415 1553718706040 
512 628 415 1553718706048 
512 616 415 1553718706057 
512 605 415 1553718706064 
512 594 414 1553718706072 
512 587 413 1553718706080 
512 579 411 1553718706089 
512 576 409 1553718706095 
512 572 407 1553718706105 
512 568 406 1553718706113 
512 564 403 1553718706119 
512 563 401 1553718706129 
512 561 399 1553718706135 
512 558 398 1553718706144 
512 554 396 1553718706152 
512 551 393 1553718706161 
512 545 391 1553718706168 
512 543 389 1553718706176 
512 537 387 1553718706184 
512 530 384 1553718706192 
512 523 382 1553718706200 
512 518 381 1553718706208 
512 514 380 1553718706216 
512 510 380 1553718706225 
512 509 380 1553718706233 
512 508 380 1553718706241 
512 506 380 1553718706281 
512 505 380 1553718706289 
512 502 380 1553718706297 
512 500 380 1553718706304 
512 498 380 1553718706313 
512 497 380 1553718706320 
512 496 380 1553718706328 
512 495 380 1553718706336 
512 493 380 1553718706360 
512 492 380 1553718706376 
512 489 380 1553718706393 
512 488 380 1553718706401 
512 485 380 1553718706416 
512 484 380 1553718706425 
512 483 379 1553718706431 
512 482 379 1553718706441 
512 480 379 1553718706457 
512 479 378 1553718706463 
512 478 378 1553718706481 
512 477 378 1553718706497 
512 477 377 1553718706505 
512 476 377 1553718706528 
513 476 377 1553718706555 
514 476 377 1553718706712 
512 478 379 1553718706816 
512 480 381 1553718706824 
512 482 384 1553718706832 
512 488 392 1553718706850 
512 492 397 1553718706856 
512 495 402 1553718706864 
512 499 410 1553718706872 
512 503 416 1553718706880 
512 509 424 1553718706888 
512 515 432 1553718706896 
512 521 439 1553718706904 
512 525 443 1553718706912 
512 530 449 1553718706920 
512 534 454 1553718706929 
512 535 457 1553718706935 
512 538 463 1553718706945 
512 541 468 1553718706951 
512 542 473 1553718706961 
512 545 480 1553718706969 
512 546 487 1553718706977 
512 547 494 1553718706984 
512 549 504 1553718706992 
512 550 513 1553718707000 
512 553 522 1553718707008 
512 555 530 1553718707016 
512 557 538 1553718707024 
512 558 546 1553718707032 
512 562 555 1553718707040 
512 563 559 1553718707048 
512 565 565 1553718707057 
512 567 569 1553718707064 
512 568 573 1553718707073 
512 569 575 1553718707081 
512 569 576 1553718707089 
512 569 578 1553718707097 
512 569 580 1553718707105 
512 569 582 1553718707113 
512 569 585 1553718707121 
512 569 587 1553718707129 
512 570 590 1553718707137 
512 571 592 1553718707144 
512 572 595 1553718707153 
512 572 598 1553718707161 
512 572 601 1553718707168 
512 572 604 1553718707176 
512 573 606 1553718707184 
512 573 608 1553718707192 
512 573 611 1553718707200 
512 573 614 1553718707208 
512 573 617 1553718707216 
512 573 620 1553718707225 
512 573 622 1553718707233 
512 573 624 1553718707241 
512 573 626 1553718707249 
512 573 627 1553718707257 
512 573 630 1553718707265 
512 573 632 1553718707281 
512 572 633 1553718707287 
512 571 635 1553718707297 
512 570 637 1553718707313 
512 569 638 1553718707321 
512 567 639 1553718707329 
512 567 641 1553718707337 
512 566 642 1553718707344 
512 565 643 1553718707352 
512 564 643 1553718707360 
512 564 644 1553718707368 
512 563 644 1553718707376 
512 563 645 1553718707393 
512 562 645 1553718707457 
513 562 645 1553718707506 
514 562 645 1553718707619 
512 562 643 1553718707759 
512 564 639 1553718707769 
512 570 629 1553718707787 
512 574 623 1553718707791 
512 578 613 1553718707799 
512 580 607 1553718707808 
512 586 597 1553718707816 
512 589 588 1553718707825 
512 594 578 1553718707833 
512 600 564 1553718707842 
512 606 549 1553718707848 
512 618 528 1553718707856 
512 629 504 1553718707864 
512 640 479 1553718707872 
512 654 448 1553718707880 
512 664 417 1553718707888 
512 676 389 1553718707896 
512 685 364 1553718707905 
512 695 346 1553718707913 
512 702 326 1553718707921 
512 707 314 1553718707929 
512 713 298 1553718707935 
512 715 284 1553718707945 
512 717 272 1553718707953 
512 717 259 1553718707959 
512 717 251 1553718707969 
512 717 240 1553718707977 
512 717 232 1553718707985 
512 717 225 1553718707993 
512 717 223 1553718708000 
512 717 219 1553718708008 
512 716 218 1553718708016 
512 716 217 1553718708024 
512 716 214 1553718708032 
512 716 213 1553718708040 
512 717 211 1553718708048 
512 718 209 1553718708058 
512 719 207 1553718708064 
512 719 205 1553718708081 
512 719 204 1553718708089 
512 719 203 1553718708097 
512 719 202 1553718708105 
512 718 202 1553718708160 
512 717 202 1553718708169 
512 716 201 1553718708184 
512 715 201 1553718708192 
512 714 201 1553718708208 
512 713 201 1553718708216 
512 712 202 1553718708225 
512 711 203 1553718708241 
512 710 204 1553718708265 
512 709 204 1553718708271 
512 708 206 1553718708289 
512 708 207 1553718708297 
512 708 208 1553718708305 
512 707 208 1553718708313 
512 706 209 1553718708320 
512 705 209 1553718708376 
512 703 209 1553718708449 
513 703 209 1553718708451 
514 703 209 1553718708568 
