512 695 208 1553803239203 
512 696 209 1553803239211 
512 697 212 1553803239219 
512 699 217 1553803239227 
512 703 222 1553803239235 
512 706 228 1553803239243 
512 708 231 1553803239251 
512 710 237 1553803239259 
512 715 245 1553803239268 
512 718 255 1553803239276 
512 722 263 1553803239284 
512 727 276 1553803239292 
512 731 290 1553803239300 
512 734 302 1553803239308 
512 740 314 1553803239316 
512 745 326 1553803239324 
512 748 335 1553803239332 
512 750 342 1553803239340 
512 751 349 1553803239347 
512 752 354 1553803239355 
512 752 359 1553803239363 
512 753 364 1553803239371 
512 753 370 1553803239379 
512 754 377 1553803239387 
512 755 385 1553803239395 
512 755 394 1553803239403 
512 757 406 1553803239411 
512 758 418 1553803239419 
512 760 432 1553803239427 
512 761 444 1553803239436 
512 763 457 1553803239444 
512 764 470 1553803239452 
512 768 486 1553803239460 
512 771 498 1553803239466 
512 772 510 1553803239476 
512 774 523 1553803239482 
512 776 533 1553803239492 
512 777 546 1553803239500 
512 778 556 1553803239508 
512 780 565 1553803239515 
512 780 576 1553803239523 
512 780 584 1553803239531 
512 782 593 1553803239539 
512 786 601 1553803239547 
512 787 609 1553803239555 
512 790 616 1553803239563 
512 793 622 1553803239571 
512 796 628 1553803239579 
512 800 633 1553803239587 
512 802 636 1553803239595 
512 804 639 1553803239602 
512 805 641 1553803239612 
512 807 645 1553803239620 
512 807 649 1553803239628 
512 808 650 1553803239636 
512 809 651 1553803239644 
512 809 652 1553803239652 
512 811 652 1553803239658 
512 812 653 1553803239668 
512 813 654 1553803239676 
512 814 655 1553803239683 
512 815 655 1553803239691 
512 817 656 1553803239699 
512 818 657 1553803239707 
512 820 658 1553803239723 
512 821 658 1553803239731 
512 822 658 1553803239739 
512 823 658 1553803239749 
512 824 658 1553803239772 
512 825 657 1553803239788 
512 826 656 1553803239796 
512 827 655 1553803239804 
512 828 653 1553803239812 
512 829 651 1553803239820 
512 829 650 1553803239828 
512 830 649 1553803239834 
512 831 649 1553803239843 
512 831 648 1553803239851 
513 831 648 1553803239990 
514 831 648 1553803240108 
512 832 648 1553803240444 
512 832 647 1553803240452 
512 833 647 1553803240460 
512 834 647 1553803240476 
512 835 646 1553803240492 
512 836 646 1553803240500 
512 837 646 1553803240533 
513 837 646 1553803240565 
512 837 645 1553803240602 
514 837 645 1553803240699 
512 837 644 1553803240788 
512 837 643 1553803240804 
512 836 643 1553803240812 
512 835 642 1553803240820 
512 833 642 1553803240836 
512 831 640 1553803240843 
512 827 638 1553803240861 
512 824 636 1553803240867 
512 822 634 1553803240875 
512 819 631 1553803240883 
512 815 626 1553803240891 
512 810 621 1553803240899 
512 802 614 1553803240907 
512 800 605 1553803240915 
512 790 599 1553803240923 
512 781 591 1553803240931 
512 767 583 1553803240940 
512 756 573 1553803240948 
512 744 565 1553803240956 
512 731 556 1553803240964 
512 719 546 1553803240972 
512 710 536 1553803240980 
512 697 527 1553803240986 
512 681 517 1553803240996 
512 667 507 1553803241004 
512 645 493 1553803241011 
512 625 483 1553803241019 
512 606 471 1553803241027 
512 591 465 1553803241035 
512 583 461 1553803241043 
512 573 453 1553803241051 
512 567 449 1553803241059 
512 563 444 1553803241067 
512 558 440 1553803241075 
512 553 437 1553803241083 
512 551 434 1553803241091 
512 547 431 1553803241099 
512 545 428 1553803241108 
512 540 426 1553803241116 
512 539 424 1553803241124 
512 536 423 1553803241132 
512 533 423 1553803241140 
512 531 421 1553803241148 
512 528 420 1553803241156 
512 524 420 1553803241162 
512 522 420 1553803241172 
512 519 419 1553803241179 
512 518 418 1553803241245 
512 517 417 1553803241251 
512 515 417 1553803241259 
512 511 415 1553803241268 
512 509 414 1553803241276 
512 504 412 1553803241284 
512 498 410 1553803241292 
512 494 408 1553803241300 
512 491 407 1553803241308 
512 486 407 1553803241316 
512 484 405 1553803241324 
512 483 404 1553803241332 
512 481 402 1553803241340 
512 479 400 1553803241355 
512 479 398 1553803241363 
512 476 396 1553803241371 
512 476 394 1553803241379 
512 474 393 1553803241389 
512 474 392 1553803241395 
512 474 391 1553803241405 
512 474 390 1553803241413 
512 474 389 1553803241419 
512 473 388 1553803241444 
512 473 387 1553803241460 
512 472 387 1553803241476 
512 472 386 1553803241484 
512 472 385 1553803241516 
512 472 384 1553803241549 
512 472 383 1553803241555 
512 472 382 1553803241581 
512 473 382 1553803241589 
512 473 381 1553803241604 
513 473 381 1553803241606 
512 474 380 1553803241646 
512 474 379 1553803241668 
514 474 379 1553803241715 
512 475 379 1553803241923 
512 477 379 1553803241956 
512 481 378 1553803241964 
512 496 376 1553803241982 
512 502 373 1553803241988 
512 511 371 1553803241996 
512 520 369 1553803242004 
512 534 364 1553803242011 
512 546 358 1553803242019 
512 559 351 1553803242027 
512 569 345 1553803242035 
512 575 340 1553803242043 
512 582 332 1553803242051 
512 588 326 1553803242059 
512 595 317 1553803242067 
512 603 309 1553803242075 
512 609 299 1553803242083 
512 618 290 1553803242091 
512 630 279 1553803242099 
512 640 271 1553803242108 
512 650 264 1553803242116 
512 655 257 1553803242124 
512 658 252 1553803242132 
512 662 247 1553803242140 
512 663 243 1553803242148 
512 665 240 1553803242156 
512 666 237 1553803242164 
512 667 234 1553803242172 
512 667 231 1553803242179 
512 669 229 1553803242187 
512 670 227 1553803242195 
512 670 226 1553803242203 
512 671 223 1553803242213 
512 672 221 1553803242219 
512 673 220 1553803242227 
512 674 219 1553803242235 
512 676 218 1553803242243 
512 676 217 1553803242251 
512 677 217 1553803242259 
512 678 216 1553803242276 
512 680 216 1553803242284 
512 681 215 1553803242292 
512 683 214 1553803242300 
512 684 213 1553803242308 
512 685 213 1553803242316 
512 685 212 1553803242324 
512 686 212 1553803242355 
512 687 212 1553803242371 
512 688 212 1553803242387 
512 689 212 1553803242403 
512 690 211 1553803242427 
512 691 211 1553803242436 
512 692 211 1553803242452 
512 693 211 1553803242468 
512 695 211 1553803242492 
512 696 211 1553803242541 
513 696 211 1553803242551 
512 698 213 1553803242555 
514 698 213 1553803242660 
512 699 217 1553803242804 
512 700 222 1553803242812 
512 703 227 1553803242818 
512 705 235 1553803242828 
512 706 246 1553803242836 
512 706 255 1553803242842 
512 707 269 1553803242851 
512 711 281 1553803242859 
512 716 293 1553803242867 
512 721 309 1553803242875 
512 733 330 1553803242883 
512 744 353 1553803242891 
512 759 375 1553803242899 
512 784 394 1553803242907 
512 809 401 1553803242915 
512 830 406 1553803242923 
512 858 407 1553803242931 
512 877 407 1553803242940 
512 892 407 1553803242946 
512 906 407 1553803242956 
512 923 408 1553803242964 
512 933 408 1553803242972 
512 943 408 1553803242980 
512 948 408 1553803242988 
512 955 405 1553803242996 
512 959 403 1553803243004 
512 966 401 1553803243011 
512 968 398 1553803243019 
512 970 397 1553803243027 
512 972 395 1553803243035 
512 973 393 1553803243043 
512 974 391 1553803243051 
512 975 390 1553803243059 
512 975 389 1553803243067 
512 976 389 1553803243075 
512 977 389 1553803243083 
512 979 389 1553803243091 
512 980 389 1553803243099 
512 981 389 1553803243106 
512 982 389 1553803243116 
512 982 388 1553803243124 
512 983 387 1553803243132 
512 984 386 1553803243172 
512 982 386 1553803243187 
512 979 385 1553803243195 
512 975 384 1553803243203 
512 968 383 1553803243211 
512 963 383 1553803243219 
512 958 382 1553803243227 
512 953 381 1553803243235 
512 947 381 1553803243243 
512 942 380 1553803243251 
512 938 380 1553803243259 
512 935 380 1553803243268 
512 932 380 1553803243276 
512 931 380 1553803243340 
513 931 380 1553803243468 
514 931 380 1553803243581 
512 931 379 1553803243587 
512 930 379 1553803243701 
512 930 380 1553803243715 
512 930 383 1553803243723 
512 929 386 1553803243731 
512 926 389 1553803243747 
512 923 398 1553803243747 
512 920 405 1553803243755 
512 916 412 1553803243763 
512 913 420 1553803243772 
512 907 432 1553803243780 
512 903 440 1553803243788 
512 898 449 1553803243796 
512 888 460 1553803243804 
512 877 472 1553803243812 
512 864 488 1553803243820 
512 852 497 1553803243828 
512 835 510 1553803243836 
512 813 525 1553803243843 
512 797 536 1553803243851 
512 780 549 1553803243859 
512 760 562 1553803243867 
512 742 574 1553803243875 
512 728 582 1553803243883 
512 714 594 1553803243891 
512 699 606 1553803243899 
512 690 613 1553803243907 
512 683 619 1553803243915 
512 672 625 1553803243923 
512 664 634 1553803243931 
512 658 636 1553803243940 
512 651 642 1553803243946 
512 645 644 1553803243956 
512 638 647 1553803243964 
512 631 649 1553803243972 
512 623 650 1553803243980 
512 616 652 1553803243988 
512 607 654 1553803243996 
512 602 654 1553803244004 
512 598 656 1553803244011 
512 593 656 1553803244019 
512 590 657 1553803244027 
512 588 657 1553803244035 
512 585 657 1553803244043 
512 582 658 1553803244051 
512 580 658 1553803244059 
512 577 658 1553803244067 
512 574 658 1553803244075 
512 572 658 1553803244083 
512 569 658 1553803244091 
512 567 658 1553803244098 
512 566 658 1553803244116 
512 565 657 1553803244203 
512 564 657 1553803244219 
512 564 656 1553803244235 
512 563 656 1553803244243 
512 563 655 1553803244276 
512 563 654 1553803244284 
512 562 654 1553803244292 
512 561 653 1553803244298 
512 560 652 1553803244306 
512 559 651 1553803244316 
512 558 651 1553803244324 
512 558 650 1553803244332 
512 557 650 1553803244340 
513 557 650 1553803244381 
514 557 650 1553803244508 
512 558 650 1553803244644 
512 560 652 1553803244652 
512 563 655 1553803244660 
512 572 661 1553803244676 
512 577 665 1553803244683 
512 582 667 1553803244691 
512 588 670 1553803244699 
512 592 673 1553803244707 
512 597 674 1553803244715 
512 604 675 1553803244723 
512 609 675 1553803244731 
512 616 675 1553803244741 
512 625 675 1553803244747 
512 638 675 1553803244755 
512 655 676 1553803244763 
512 671 676 1553803244770 
512 692 679 1553803244780 
512 706 679 1553803244788 
512 719 680 1553803244796 
512 729 680 1553803244804 
512 739 680 1553803244812 
512 747 680 1553803244820 
512 753 680 1553803244828 
512 758 679 1553803244834 
512 762 677 1553803244843 
512 764 677 1553803244851 
512 766 675 1553803244859 
512 767 674 1553803244867 
512 767 673 1553803244883 
512 768 673 1553803244891 
512 768 672 1553803244899 
512 770 671 1553803244907 
512 771 670 1553803244915 
512 773 669 1553803244923 
512 776 667 1553803244931 
512 779 665 1553803244940 
512 782 663 1553803244946 
512 785 661 1553803244954 
512 787 660 1553803244964 
512 789 658 1553803244972 
512 791 658 1553803244980 
512 793 657 1553803244988 
512 794 656 1553803244996 
512 796 656 1553803245004 
512 799 654 1553803245011 
512 801 653 1553803245019 
512 803 653 1553803245029 
512 806 651 1553803245035 
512 808 651 1553803245043 
512 811 649 1553803245051 
512 815 649 1553803245061 
512 816 649 1553803245067 
512 818 649 1553803245075 
512 819 648 1553803245083 
512 821 647 1553803245091 
512 823 647 1553803245099 
512 825 646 1553803245108 
512 826 646 1553803245116 
512 827 646 1553803245124 
512 828 646 1553803245132 
512 829 646 1553803245140 
512 830 646 1553803245148 
512 831 646 1553803245156 
512 832 646 1553803245164 
512 834 646 1553803245172 
512 835 646 1553803245189 
513 835 646 1553803245278 
512 836 646 1553803245314 
514 836 646 1553803245397 
512 836 645 1553803245476 
512 836 644 1553803245484 
512 836 643 1553803245492 
512 836 641 1553803245500 
512 833 637 1553803245517 
512 831 634 1553803245523 
512 829 631 1553803245531 
512 826 626 1553803245539 
512 823 617 1553803245547 
512 818 610 1553803245555 
512 813 601 1553803245563 
512 808 591 1553803245571 
512 802 582 1553803245579 
512 794 570 1553803245587 
512 785 559 1553803245595 
512 776 545 1553803245602 
512 771 535 1553803245610 
512 765 524 1553803245618 
512 761 517 1553803245628 
512 761 508 1553803245636 
512 761 501 1553803245644 
512 767 494 1553803245650 
512 771 486 1553803245660 
512 779 479 1553803245668 
512 787 472 1553803245674 
512 797 466 1553803245683 
512 805 459 1553803245691 
512 814 453 1553803245699 
512 824 447 1553803245707 
512 833 441 1553803245715 
512 839 437 1553803245723 
512 846 432 1553803245731 
512 853 427 1553803245739 
512 859 421 1553803245747 
512 868 413 1553803245755 
512 875 406 1553803245763 
512 881 400 1553803245772 
512 886 395 1553803245780 
512 890 389 1553803245788 
512 894 383 1553803245796 
512 895 379 1553803245804 
512 898 375 1553803245812 
512 899 372 1553803245820 
512 901 368 1553803245828 
512 902 366 1553803245836 
512 905 362 1553803245843 
512 906 360 1553803245851 
512 908 357 1553803245859 
512 909 355 1553803245875 
512 910 354 1553803245891 
512 911 353 1553803245899 
512 911 352 1553803245907 
512 912 352 1553803245940 
512 914 352 1553803245956 
512 916 348 1553803245964 
512 917 349 1553803245972 
512 919 351 1553803245980 
512 921 354 1553803245988 
512 922 357 1553803245996 
512 924 360 1553803246004 
512 924 363 1553803246011 
512 924 364 1553803246019 
512 925 365 1553803246027 
512 925 367 1553803246035 
512 925 369 1553803246043 
512 926 370 1553803246059 
512 926 371 1553803246067 
512 926 372 1553803246075 
512 927 373 1553803246099 
512 927 374 1553803246106 
513 927 374 1553803246213 
512 927 375 1553803246235 
512 928 375 1553803246259 
514 928 375 1553803246308 
512 928 374 1553803246355 
512 927 372 1553803246363 
512 925 371 1553803246371 
512 923 369 1553803246379 
512 913 367 1553803246397 
512 904 362 1553803246403 
512 892 359 1553803246411 
512 880 356 1553803246419 
512 863 353 1553803246427 
512 840 351 1553803246436 
512 820 349 1553803246444 
512 795 349 1553803246452 
512 771 349 1553803246460 
512 752 349 1553803246468 
512 732 348 1553803246476 
512 712 347 1553803246484 
512 700 345 1553803246492 
512 686 343 1553803246500 
512 673 341 1553803246508 
512 661 339 1553803246516 
512 647 337 1553803246525 
512 637 335 1553803246531 
512 627 334 1553803246541 
512 618 334 1553803246547 
512 611 334 1553803246555 
512 606 334 1553803246563 
512 604 334 1553803246573 
512 600 336 1553803246581 
512 598 339 1553803246587 
512 595 342 1553803246595 
512 591 346 1553803246604 
512 586 350 1553803246612 
512 577 355 1553803246620 
512 569 362 1553803246628 
512 556 368 1553803246636 
512 548 373 1553803246644 
512 539 376 1553803246652 
512 529 381 1553803246660 
512 520 384 1553803246668 
512 512 388 1553803246676 
512 505 391 1553803246683 
512 498 394 1553803246691 
512 492 397 1553803246699 
512 485 398 1553803246707 
512 480 399 1553803246717 
512 473 400 1553803246723 
512 466 402 1553803246731 
512 462 402 1553803246741 
512 457 403 1553803246749 
512 456 403 1553803246755 
512 455 403 1553803246763 
512 454 403 1553803246772 
512 453 403 1553803246780 
512 452 401 1553803246788 
512 452 400 1553803246836 
512 452 399 1553803246851 
512 452 398 1553803246859 
512 453 396 1553803246867 
512 455 394 1553803246875 
512 457 392 1553803246883 
512 460 390 1553803246893 
512 461 390 1553803246899 
512 463 388 1553803246907 
512 465 387 1553803246915 
512 466 387 1553803246923 
512 467 386 1553803246931 
512 468 385 1553803246940 
512 468 384 1553803246948 
512 468 383 1553803246964 
512 469 383 1553803246972 
512 470 381 1553803247004 
512 470 380 1553803247019 
512 470 379 1553803247029 
512 470 377 1553803247037 
512 470 376 1553803247043 
512 470 375 1553803247051 
512 471 375 1553803247059 
512 471 374 1553803247067 
512 471 373 1553803247075 
512 471 372 1553803247099 
513 471 372 1553803247126 
512 471 371 1553803247166 
514 471 371 1553803247259 
512 472 372 1553803247292 
512 473 374 1553803247298 
512 476 378 1553803247308 
512 482 385 1553803247326 
512 486 390 1553803247330 
512 492 395 1553803247340 
512 497 400 1553803247347 
512 505 405 1553803247355 
512 512 409 1553803247363 
512 522 414 1553803247371 
512 530 421 1553803247379 
512 540 429 1553803247387 
512 552 441 1553803247395 
512 564 449 1553803247403 
512 575 458 1553803247413 
512 587 467 1553803247421 
512 598 473 1553803247427 
512 609 477 1553803247436 
512 616 482 1553803247444 
512 622 484 1553803247452 
512 626 486 1553803247460 
512 627 488 1553803247468 
512 629 492 1553803247476 
512 629 495 1553803247484 
512 629 500 1553803247492 
512 629 504 1553803247500 
512 628 509 1553803247508 
512 626 515 1553803247516 
512 626 521 1553803247525 
512 623 528 1553803247531 
512 621 535 1553803247541 
512 618 543 1553803247547 
512 613 554 1553803247557 
512 610 564 1553803247563 
512 607 574 1553803247571 
512 604 582 1553803247579 
512 601 590 1553803247587 
512 597 600 1553803247595 
512 594 606 1553803247604 
512 591 612 1553803247612 
512 587 618 1553803247620 
512 585 621 1553803247628 
512 582 626 1553803247636 
512 578 630 1553803247644 
512 576 634 1553803247652 
512 573 638 1553803247660 
512 569 641 1553803247668 
512 567 645 1553803247676 
512 564 647 1553803247683 
512 564 649 1553803247691 
512 562 650 1553803247699 
512 562 651 1553803247707 
512 561 651 1553803247715 
512 561 652 1553803247731 
512 560 652 1553803247739 
512 559 652 1553803247763 
512 557 652 1553803247804 
512 556 651 1553803247812 
512 555 650 1553803247820 
512 554 649 1553803247828 
512 553 649 1553803247836 
512 553 648 1553803247885 
513 553 648 1553803247966 
512 554 647 1553803247996 
514 554 647 1553803248067 
512 555 647 1553803248124 
512 556 646 1553803248140 
512 557 643 1553803248148 
512 559 640 1553803248170 
512 560 638 1553803248172 
512 562 636 1553803248179 
512 563 632 1553803248187 
512 567 626 1553803248195 
512 572 617 1553803248203 
512 576 606 1553803248211 
512 582 597 1553803248219 
512 587 584 1553803248229 
512 589 572 1553803248235 
512 592 560 1553803248243 
512 595 550 1553803248251 
512 597 535 1553803248260 
512 599 526 1553803248268 
512 600 514 1553803248276 
512 604 500 1553803248284 
512 606 488 1553803248292 
512 608 476 1553803248300 
512 614 462 1553803248308 
512 620 449 1553803248316 
512 623 436 1553803248324 
512 628 422 1553803248332 
512 635 402 1553803248340 
512 640 386 1553803248348 
512 650 365 1553803248355 
512 654 346 1553803248363 
512 662 329 1553803248371 
512 670 313 1553803248379 
512 676 301 1553803248389 
512 681 289 1553803248395 
512 687 279 1553803248403 
512 691 270 1553803248411 
512 695 259 1553803248419 
512 698 253 1553803248428 
512 703 245 1553803248436 
512 708 237 1553803248444 
512 709 231 1553803248452 
512 710 224 1553803248460 
512 711 219 1553803248468 
512 712 214 1553803248476 
512 712 208 1553803248484 
512 712 203 1553803248492 
512 712 199 1553803248500 
512 712 193 1553803248508 
512 712 189 1553803248516 
512 712 186 1553803248525 
512 712 183 1553803248533 
512 712 180 1553803248541 
512 712 178 1553803248547 
512 712 175 1553803248555 
512 711 177 1553803248563 
512 710 176 1553803248573 
512 709 173 1553803248581 
512 708 171 1553803248587 
512 707 169 1553803248595 
512 707 168 1553803248604 
512 705 166 1553803248612 
512 704 166 1553803248628 
512 702 166 1553803248652 
512 701 166 1553803248668 
512 700 167 1553803248676 
512 700 169 1553803248683 
512 698 173 1553803248691 
512 697 176 1553803248699 
512 695 180 1553803248709 
512 695 182 1553803248717 
512 695 185 1553803248725 
512 695 187 1553803248731 
512 695 190 1553803248741 
512 695 193 1553803248749 
512 695 194 1553803248757 
512 695 196 1553803248763 
512 695 198 1553803248772 
512 695 199 1553803248780 
512 695 201 1553803248788 
512 695 203 1553803248796 
512 695 205 1553803248812 
512 696 206 1553803248828 
512 696 207 1553803248859 
513 696 207 1553803248974 
514 696 207 1553803249075 
