512 700 215 1553871193239 
512 700 226 1553871193255 
512 700 243 1553871193272 
512 699 263 1553871193290 
512 699 279 1553871193306 
512 703 292 1553871193323 
512 708 304 1553871193340 
512 715 318 1553871193355 
512 724 336 1553871193372 
512 731 363 1553871193390 
512 734 380 1553871193405 
512 744 401 1553871193421 
512 754 425 1553871193439 
512 766 447 1553871193455 
512 780 471 1553871193472 
512 790 495 1553871193488 
512 799 514 1553871193505 
512 808 534 1553871193521 
512 814 551 1553871193540 
512 820 561 1553871193556 
512 822 566 1553871193572 
512 823 573 1553871193588 
512 828 578 1553871193605 
512 830 581 1553871193623 
512 832 584 1553871193638 
512 834 588 1553871193654 
512 834 591 1553871193671 
512 835 596 1553871193688 
512 836 601 1553871193705 
512 837 605 1553871193721 
512 835 609 1553871193738 
512 837 615 1553871193756 
512 838 617 1553871193772 
512 841 624 1553871193789 
512 841 631 1553871193805 
512 842 636 1553871193821 
512 843 640 1553871193839 
512 843 643 1553871193855 
512 843 644 1553871193872 
512 844 645 1553871193890 
513 844 645 1553871193965 
514 844 645 1553871194060 
512 844 643 1553871194206 
512 843 639 1553871194221 
512 838 629 1553871194239 
512 829 616 1553871194255 
512 821 597 1553871194272 
512 806 575 1553871194289 
512 783 535 1553871194305 
512 743 480 1553871194322 
512 693 430 1553871194340 
512 645 392 1553871194355 
512 613 370 1553871194372 
512 578 350 1553871194390 
512 560 344 1553871194405 
512 547 339 1553871194422 
512 540 337 1553871194439 
512 534 336 1553871194455 
512 532 335 1553871194472 
512 530 332 1553871194490 
512 528 331 1553871194505 
512 524 328 1553871194521 
512 518 327 1553871194539 
512 509 322 1553871194556 
512 507 321 1553871194572 
512 506 321 1553871194589 
512 502 324 1553871194622 
512 498 333 1553871194639 
512 493 344 1553871194655 
512 487 354 1553871194673 
512 485 360 1553871194690 
512 483 365 1553871194705 
512 482 372 1553871194722 
512 480 374 1553871194738 
512 480 378 1553871194755 
512 479 380 1553871194772 
512 479 382 1553871194790 
512 478 382 1553871194805 
512 478 383 1553871194822 
513 478 383 1553871194917 
514 478 383 1553871194996 
512 478 384 1553871195204 
512 480 389 1553871195221 
512 494 398 1553871195238 
512 522 405 1553871195254 
512 579 397 1553871195271 
512 642 368 1553871195288 
512 687 339 1553871195305 
512 708 320 1553871195322 
512 718 299 1553871195338 
512 721 281 1553871195355 
512 721 261 1553871195371 
512 720 230 1553871195388 
512 720 213 1553871195404 
512 720 201 1553871195421 
512 720 194 1553871195438 
512 720 189 1553871195455 
512 718 189 1553871195472 
512 718 188 1553871195488 
512 718 187 1553871195538 
512 710 196 1553871195589 
512 706 201 1553871195605 
512 702 206 1553871195622 
512 699 212 1553871195639 
512 695 216 1553871195655 
512 693 220 1553871195671 
512 691 222 1553871195689 
513 691 222 1553871195781 
514 691 222 1553871195892 
512 691 221 1553871195955 
512 693 218 1553871195971 
512 695 215 1553871195989 
512 696 214 1553871196004 
512 696 213 1553871196021 
512 696 211 1553871196039 
512 698 211 1553871196054 
513 698 211 1553871196141 
514 698 211 1553871196268 
512 698 216 1553871196354 
512 698 231 1553871196371 
512 698 251 1553871196388 
512 697 282 1553871196405 
512 697 301 1553871196421 
512 702 320 1553871196438 
512 715 341 1553871196454 
512 726 363 1553871196471 
512 737 382 1553871196488 
512 750 400 1553871196504 
512 783 423 1553871196522 
512 825 435 1553871196538 
512 854 436 1553871196555 
512 880 433 1553871196572 
512 904 429 1553871196588 
512 925 422 1553871196604 
512 933 417 1553871196622 
512 938 412 1553871196639 
512 944 403 1553871196655 
512 951 395 1553871196673 
512 952 385 1553871196690 
512 958 380 1553871196706 
512 962 377 1553871196722 
512 962 376 1553871196740 
512 962 375 1553871196755 
512 960 374 1553871196840 
512 956 374 1553871196855 
512 954 374 1553871196871 
512 950 374 1553871196889 
512 947 374 1553871196904 
512 945 374 1553871196922 
512 943 374 1553871196938 
512 942 374 1553871196972 
512 941 374 1553871196989 
512 940 374 1553871197005 
512 939 374 1553871197021 
512 938 374 1553871197088 
512 935 374 1553871197105 
512 933 374 1553871197117 
513 933 374 1553871197117 
512 932 374 1553871197139 
512 931 374 1553871197172 
514 931 374 1553871197284 
512 931 374 1553871197288 
512 930 374 1553871197322 
512 929 374 1553871197421 
512 928 376 1553871197438 
512 926 378 1553871197454 
512 918 382 1553871197471 
512 911 387 1553871197488 
512 899 394 1553871197504 
512 882 404 1553871197521 
512 863 417 1553871197538 
512 843 430 1553871197555 
512 825 445 1553871197572 
512 798 477 1553871197590 
512 777 504 1553871197605 
512 754 539 1553871197623 
512 739 560 1553871197639 
512 726 578 1553871197655 
512 718 586 1553871197673 
512 712 593 1553871197689 
512 707 597 1553871197705 
512 704 598 1553871197723 
512 700 598 1553871197738 
512 694 598 1553871197756 
512 681 598 1553871197772 
512 667 598 1553871197788 
512 642 599 1553871197805 
512 622 602 1553871197822 
512 604 606 1553871197838 
512 588 611 1553871197855 
512 576 616 1553871197873 
512 567 621 1553871197888 
512 562 624 1553871197905 
512 560 628 1553871197922 
512 559 630 1553871197938 
512 559 631 1553871197956 
512 559 632 1553871198022 
512 559 634 1553871198039 
512 560 634 1553871198055 
512 560 636 1553871198122 
513 560 636 1553871198141 
514 560 636 1553871198260 
512 561 636 1553871198337 
512 561 635 1553871198455 
512 564 632 1553871198472 
512 575 632 1553871198489 
512 594 632 1553871198504 
512 626 638 1553871198523 
512 673 638 1553871198538 
512 712 645 1553871198556 
512 741 649 1553871198572 
512 768 656 1553871198588 
512 789 661 1553871198604 
512 796 661 1553871198622 
512 798 661 1553871198638 
512 799 661 1553871198655 
512 801 660 1553871198705 
512 803 660 1553871198722 
512 806 660 1553871198739 
512 810 660 1553871198755 
512 813 659 1553871198772 
512 814 659 1553871198788 
512 814 658 1553871198805 
512 815 658 1553871198822 
512 818 656 1553871198838 
512 821 654 1553871198854 
512 825 652 1553871198873 
512 828 649 1553871198888 
512 830 648 1553871198905 
512 831 647 1553871198922 
512 832 647 1553871198938 
512 832 646 1553871198973 
512 833 646 1553871198988 
512 834 645 1553871199005 
513 834 645 1553871199037 
514 834 645 1553871199164 
512 835 645 1553871199221 
512 836 645 1553871199271 
512 833 645 1553871199354 
512 824 645 1553871199373 
512 814 645 1553871199389 
512 806 644 1553871199404 
512 806 639 1553871199422 
512 806 620 1553871199438 
512 815 594 1553871199455 
512 826 570 1553871199473 
512 839 545 1553871199488 
512 862 508 1553871199506 
512 889 470 1553871199523 
512 917 433 1553871199538 
512 934 406 1553871199555 
512 949 384 1553871199573 
512 952 378 1553871199588 
512 956 369 1553871199605 
512 952 371 1553871199788 
512 945 376 1553871199806 
512 941 378 1553871199822 
512 939 379 1553871199838 
512 936 380 1553871199855 
512 935 380 1553871199872 
512 934 380 1553871199905 
512 931 380 1553871199922 
512 930 380 1553871199938 
512 929 380 1553871199956 
513 929 380 1553871200005 
514 929 380 1553871200108 
512 929 382 1553871200171 
512 929 388 1553871200188 
512 927 399 1553871200205 
512 921 418 1553871200221 
512 916 441 1553871200238 
512 911 467 1553871200255 
512 907 487 1553871200271 
512 905 506 1553871200288 
512 902 520 1553871200305 
512 902 531 1553871200321 
512 900 538 1553871200338 
512 895 545 1553871200354 
512 880 553 1553871200371 
512 849 554 1553871200388 
512 826 542 1553871200404 
512 797 523 1553871200421 
512 761 490 1553871200438 
512 706 449 1553871200454 
512 636 407 1553871200471 
512 575 372 1553871200488 
512 525 346 1553871200504 
512 494 333 1553871200521 
512 465 324 1553871200537 
512 445 319 1553871200554 
512 439 317 1553871200571 
512 437 316 1553871200587 
512 437 317 1553871200637 
512 437 322 1553871200654 
512 437 327 1553871200672 
512 437 335 1553871200688 
512 441 344 1553871200705 
512 444 349 1553871200721 
512 445 354 1553871200738 
512 447 357 1553871200755 
512 449 361 1553871200771 
512 452 364 1553871200788 
512 458 366 1553871200805 
512 461 367 1553871200822 
512 463 367 1553871200838 
512 464 367 1553871200906 
513 464 367 1553871200996 
512 464 368 1553871201037 
512 465 369 1553871201088 
512 466 371 1553871201104 
512 466 372 1553871201121 
514 466 372 1553871201124 
512 466 373 1553871201138 
512 467 373 1553871201171 
512 468 375 1553871201188 
512 469 377 1553871201205 
512 469 378 1553871201221 
512 470 379 1553871201254 
513 470 379 1553871201373 
512 472 380 1553871201405 
512 473 380 1553871201422 
512 474 380 1553871201438 
514 474 380 1553871201532 
512 474 380 1553871201555 
512 474 384 1553871201621 
512 474 385 1553871201637 
512 474 387 1553871201654 
512 474 388 1553871201671 
512 474 389 1553871201704 
512 474 392 1553871201721 
512 475 396 1553871201738 
512 480 409 1553871201755 
512 487 422 1553871201771 
512 499 452 1553871201788 
512 505 473 1553871201804 
512 515 501 1553871201821 
512 529 536 1553871201838 
512 546 586 1553871201854 
512 555 621 1553871201871 
512 558 648 1553871201887 
512 559 669 1553871201904 
512 559 688 1553871201922 
512 555 700 1553871201938 
512 550 710 1553871201955 
512 548 714 1553871201971 
512 548 716 1553871201988 
512 549 716 1553871202054 
512 549 714 1553871202071 
512 549 711 1553871202087 
512 551 703 1553871202104 
512 553 695 1553871202121 
512 553 688 1553871202138 
512 554 678 1553871202154 
512 555 671 1553871202171 
512 555 659 1553871202188 
512 555 655 1553871202204 
512 555 652 1553871202221 
512 555 650 1553871202238 
512 554 648 1553871202254 
512 554 647 1553871202272 
512 554 646 1553871202304 
512 553 645 1553871202322 
512 553 644 1553871202337 
512 553 643 1553871202371 
512 554 641 1553871202388 
513 554 641 1553871202413 
514 554 641 1553871202532 
512 557 638 1553871202705 
512 561 634 1553871202722 
512 567 625 1553871202739 
512 577 612 1553871202755 
512 588 596 1553871202771 
512 603 574 1553871202787 
512 624 523 1553871202804 
512 627 467 1553871202823 
512 635 413 1553871202838 
512 641 364 1553871202855 
512 643 319 1553871202872 
512 645 283 1553871202888 
512 647 253 1553871202905 
512 647 230 1553871202921 
512 646 215 1553871202938 
512 646 209 1553871202955 
512 646 207 1553871202971 
512 646 205 1553871202989 
512 647 204 1553871203071 
512 654 204 1553871203088 
512 660 210 1553871203104 
512 671 213 1553871203121 
512 680 220 1553871203137 
512 685 222 1553871203155 
512 688 223 1553871203172 
512 689 223 1553871203188 
512 690 223 1553871203206 
512 692 223 1553871203223 
512 694 222 1553871203238 
512 697 221 1553871203255 
512 698 220 1553871203271 
512 700 219 1553871203287 
512 701 218 1553871203321 
512 701 217 1553871203337 
512 701 216 1553871203372 
513 701 216 1553871203389 
512 702 216 1553871203405 
514 702 216 1553871203524 
