512 701 210 1553088830836 
512 703 212 1553088830852 
512 703 215 1553088830869 
512 703 218 1553088830886 
512 703 225 1553088830902 
512 706 233 1553088830919 
512 709 246 1553088830936 
512 714 262 1553088830952 
512 726 281 1553088830969 
512 752 312 1553088830985 
512 797 364 1553088831002 
512 814 393 1553088831019 
512 828 416 1553088831035 
512 839 441 1553088831052 
512 842 464 1553088831069 
512 842 491 1553088831086 
512 842 517 1553088831102 
512 840 542 1553088831118 
512 839 562 1553088831135 
512 836 577 1553088831152 
512 835 591 1553088831169 
512 834 599 1553088831185 
512 831 606 1553088831202 
512 829 611 1553088831219 
512 828 614 1553088831235 
512 827 617 1553088831252 
512 826 619 1553088831269 
512 826 623 1553088831285 
512 826 625 1553088831302 
512 826 630 1553088831319 
512 826 633 1553088831335 
512 826 635 1553088831352 
512 827 637 1553088831369 
512 829 639 1553088831385 
512 830 641 1553088831402 
512 832 643 1553088831419 
512 833 644 1553088831435 
512 835 645 1553088831453 
512 836 645 1553088831486 
512 837 645 1553088831535 
512 838 645 1553088831552 
512 839 645 1553088831568 
512 840 645 1553088831585 
512 842 645 1553088831602 
513 842 645 1553088831683 
514 842 645 1553088831778 
512 842 642 1553088831835 
512 842 638 1553088831852 
512 842 633 1553088831868 
512 842 626 1553088831885 
512 842 615 1553088831902 
512 842 597 1553088831918 
512 845 577 1553088831936 
512 847 554 1553088831952 
512 850 528 1553088831969 
512 856 495 1553088831985 
512 857 468 1553088832002 
512 844 432 1553088832019 
512 829 421 1553088832035 
512 808 408 1553088832052 
512 776 396 1553088832070 
512 738 383 1553088832086 
512 701 381 1553088832102 
512 669 379 1553088832119 
512 638 381 1553088832135 
512 604 382 1553088832152 
512 575 383 1553088832169 
512 555 383 1553088832185 
512 541 383 1553088832202 
512 525 384 1553088832219 
512 517 385 1553088832237 
512 511 385 1553088832252 
512 504 386 1553088832269 
512 499 386 1553088832285 
512 495 386 1553088832302 
512 489 386 1553088832319 
512 486 384 1553088832335 
512 482 381 1553088832352 
512 480 381 1553088832369 
512 477 379 1553088832385 
512 476 378 1553088832402 
512 473 377 1553088832419 
512 471 376 1553088832436 
512 470 375 1553088832452 
512 470 374 1553088832469 
512 469 373 1553088832518 
513 469 373 1553088832587 
514 469 373 1553088832682 
512 472 373 1553088832735 
512 484 374 1553088832752 
512 499 379 1553088832768 
512 518 386 1553088832785 
512 567 399 1553088832802 
512 611 411 1553088832819 
512 648 419 1553088832835 
512 685 426 1553088832852 
512 712 432 1553088832869 
512 742 434 1553088832885 
512 763 442 1553088832902 
512 772 443 1553088832918 
512 776 442 1553088832936 
512 776 438 1553088832952 
512 774 431 1553088832969 
512 769 423 1553088832986 
512 762 399 1553088833002 
512 752 366 1553088833019 
512 746 330 1553088833036 
512 741 306 1553088833052 
512 740 287 1553088833069 
512 740 273 1553088833086 
512 740 263 1553088833102 
512 739 253 1553088833119 
512 737 248 1553088833137 
512 734 246 1553088833152 
512 733 245 1553088833169 
512 733 244 1553088833185 
512 731 242 1553088833202 
512 729 241 1553088833219 
512 728 241 1553088833236 
512 727 241 1553088833252 
512 726 241 1553088833286 
512 721 238 1553088833302 
512 718 234 1553088833319 
512 715 231 1553088833335 
512 713 228 1553088833352 
512 712 226 1553088833369 
512 711 225 1553088833385 
512 710 223 1553088833401 
512 710 222 1553088833418 
512 708 220 1553088833437 
512 708 219 1553088833452 
512 707 219 1553088833469 
512 706 218 1553088833569 
512 704 216 1553088833586 
512 703 215 1553088833602 
513 703 215 1553088833635 
514 703 215 1553088833778 
512 704 217 1553088833835 
512 707 223 1553088833852 
512 714 234 1553088833868 
512 719 251 1553088833886 
512 721 271 1553088833902 
512 721 291 1553088833919 
512 721 313 1553088833935 
512 722 333 1553088833952 
512 722 351 1553088833969 
512 723 369 1553088833985 
512 723 386 1553088834001 
512 731 412 1553088834020 
512 733 428 1553088834036 
512 739 441 1553088834052 
512 750 454 1553088834069 
512 767 460 1553088834085 
512 779 461 1553088834102 
512 785 461 1553088834119 
512 794 461 1553088834136 
512 798 458 1553088834152 
512 799 454 1553088834169 
512 810 448 1553088834186 
512 818 438 1553088834202 
512 822 428 1553088834219 
512 825 422 1553088834236 
512 827 417 1553088834252 
512 832 412 1553088834269 
512 839 408 1553088834286 
512 847 403 1553088834302 
512 854 400 1553088834319 
512 860 397 1553088834335 
512 866 394 1553088834352 
512 874 389 1553088834368 
512 886 385 1553088834385 
512 903 376 1553088834403 
512 908 372 1553088834419 
512 912 368 1553088834435 
512 915 367 1553088834452 
512 919 366 1553088834468 
512 920 365 1553088834485 
512 923 365 1553088834502 
512 925 365 1553088834519 
512 925 367 1553088834619 
512 926 369 1553088834635 
512 927 370 1553088834652 
512 927 371 1553088834669 
512 928 372 1553088834685 
512 929 373 1553088834752 
513 929 373 1553088834754 
512 929 374 1553088834785 
514 929 374 1553088834898 
512 929 374 1553088834903 
512 927 373 1553088834985 
512 926 372 1553088835001 
512 922 372 1553088835019 
512 913 374 1553088835035 
512 903 379 1553088835052 
512 891 386 1553088835069 
512 878 393 1553088835085 
512 868 400 1553088835102 
512 856 411 1553088835118 
512 825 427 1553088835135 
512 765 458 1553088835152 
512 689 493 1553088835168 
512 619 522 1553088835186 
512 568 543 1553088835201 
512 546 556 1553088835219 
512 545 560 1553088835235 
512 545 566 1553088835252 
512 550 568 1553088835268 
512 550 570 1553088835286 
512 549 572 1553088835335 
512 549 574 1553088835352 
512 550 579 1553088835369 
512 552 589 1553088835386 
512 551 596 1553088835401 
512 551 608 1553088835419 
512 551 613 1553088835436 
512 551 618 1553088835452 
512 550 622 1553088835469 
512 550 626 1553088835485 
512 550 630 1553088835502 
512 550 631 1553088835520 
512 550 632 1553088835535 
512 550 633 1553088835585 
512 551 635 1553088835619 
512 552 636 1553088835635 
512 553 638 1553088835685 
512 553 639 1553088835703 
512 553 640 1553088835719 
512 554 641 1553088835735 
512 554 642 1553088835769 
512 555 642 1553088835802 
513 555 642 1553088835811 
514 555 642 1553088835930 
512 555 641 1553088836002 
512 555 639 1553088836018 
512 555 637 1553088836035 
512 555 636 1553088836051 
512 557 633 1553088836069 
512 559 631 1553088836085 
512 564 629 1553088836101 
512 570 627 1553088836119 
512 579 625 1553088836135 
512 590 623 1553088836152 
512 612 625 1553088836168 
512 657 633 1553088836185 
512 709 641 1553088836202 
512 764 642 1553088836219 
512 785 644 1553088836235 
512 798 646 1553088836252 
512 805 647 1553088836269 
512 806 647 1553088836285 
512 807 647 1553088836402 
512 809 646 1553088836418 
512 811 646 1553088836435 
512 815 646 1553088836452 
512 821 646 1553088836469 
512 828 646 1553088836485 
512 834 646 1553088836503 
512 838 646 1553088836518 
512 839 646 1553088836535 
512 840 646 1553088836568 
512 841 646 1553088836585 
512 841 645 1553088836601 
513 841 645 1553088836714 
514 841 645 1553088836826 
512 840 645 1553088836903 
512 839 644 1553088836919 
512 837 643 1553088836935 
512 835 641 1553088836952 
512 831 634 1553088836969 
512 824 630 1553088836985 
512 821 628 1553088837002 
512 820 628 1553088837018 
512 819 628 1553088837035 
512 824 622 1553088837052 
512 840 606 1553088837068 
512 855 589 1553088837085 
512 867 572 1553088837101 
512 881 550 1553088837118 
512 894 521 1553088837135 
512 907 486 1553088837151 
512 919 452 1553088837169 
512 930 424 1553088837185 
512 941 400 1553088837202 
512 956 378 1553088837219 
512 958 370 1553088837235 
512 958 366 1553088837252 
512 958 363 1553088837268 
512 957 362 1553088837285 
512 953 359 1553088837302 
512 950 355 1553088837319 
512 947 351 1553088837335 
512 947 349 1553088837352 
512 946 348 1553088837370 
512 945 347 1553088837385 
512 944 347 1553088837402 
512 942 348 1553088837452 
512 942 352 1553088837469 
512 942 355 1553088837485 
512 940 359 1553088837502 
512 939 363 1553088837519 
512 937 367 1553088837535 
512 937 370 1553088837551 
512 935 371 1553088837568 
512 935 373 1553088837585 
512 934 374 1553088837602 
512 933 374 1553088837619 
512 933 375 1553088837669 
512 932 375 1553088837685 
512 931 375 1553088837735 
513 931 375 1553088837755 
514 931 375 1553088837882 
512 931 379 1553088837969 
512 931 384 1553088837986 
512 930 395 1553088838002 
512 924 416 1553088838019 
512 921 427 1553088838035 
512 919 435 1553088838052 
512 914 446 1553088838069 
512 906 461 1553088838085 
512 895 477 1553088838102 
512 879 490 1553088838118 
512 850 502 1553088838135 
512 814 503 1553088838151 
512 782 503 1553088838169 
512 733 488 1553088838186 
512 708 480 1553088838201 
512 637 449 1553088838219 
512 589 430 1553088838235 
512 551 413 1553088838252 
512 522 397 1553088838268 
512 506 384 1553088838285 
512 493 374 1553088838302 
512 484 369 1553088838318 
512 482 364 1553088838335 
512 480 362 1553088838352 
512 479 361 1553088838370 
512 478 359 1553088838385 
512 475 359 1553088838469 
512 475 360 1553088838503 
512 475 361 1553088838518 
512 475 363 1553088838535 
512 475 366 1553088838552 
512 475 370 1553088838568 
512 475 373 1553088838585 
512 475 375 1553088838602 
512 475 376 1553088838635 
513 475 376 1553088838771 
514 475 376 1553088838866 
512 480 376 1553088838935 
512 495 376 1553088838952 
512 521 377 1553088838970 
512 557 378 1553088838985 
512 604 378 1553088839002 
512 663 377 1553088839018 
512 684 377 1553088839035 
512 694 381 1553088839051 
512 703 386 1553088839068 
512 707 392 1553088839085 
512 709 399 1553088839103 
512 709 410 1553088839119 
512 707 427 1553088839135 
512 697 445 1553088839152 
512 686 463 1553088839170 
512 677 479 1553088839185 
512 670 494 1553088839202 
512 655 519 1553088839219 
512 649 535 1553088839235 
512 641 549 1553088839252 
512 633 564 1553088839268 
512 626 576 1553088839285 
512 619 588 1553088839302 
512 615 596 1553088839320 
512 612 601 1553088839335 
512 609 606 1553088839352 
512 606 609 1553088839369 
512 606 612 1553088839384 
512 602 613 1553088839401 
512 600 614 1553088839418 
512 600 617 1553088839434 
512 598 618 1553088839452 
512 595 621 1553088839469 
512 593 623 1553088839485 
512 589 626 1553088839501 
512 585 629 1553088839518 
512 582 632 1553088839535 
512 581 633 1553088839552 
512 580 635 1553088839569 
512 579 636 1553088839585 
512 577 637 1553088839602 
512 575 639 1553088839618 
512 574 641 1553088839635 
512 574 640 1553088839668 
512 571 640 1553088839735 
512 569 642 1553088839751 
512 567 642 1553088839769 
512 566 642 1553088839785 
512 565 642 1553088839835 
512 564 642 1553088839868 
512 560 642 1553088839901 
512 559 642 1553088839919 
513 559 642 1553088839930 
514 559 642 1553088840026 
512 560 642 1553088840068 
512 562 640 1553088840085 
512 565 638 1553088840101 
512 568 636 1553088840118 
512 572 631 1553088840135 
512 582 624 1553088840152 
512 591 621 1553088840168 
512 598 620 1553088840185 
512 600 620 1553088840202 
512 608 618 1553088840268 
512 630 603 1553088840285 
512 650 589 1553088840302 
512 665 575 1553088840318 
512 673 563 1553088840335 
512 680 548 1553088840352 
512 686 529 1553088840369 
512 688 501 1553088840385 
512 691 461 1553088840402 
512 692 400 1553088840419 
512 694 364 1553088840435 
512 699 328 1553088840452 
512 703 297 1553088840470 
512 707 273 1553088840485 
512 710 254 1553088840502 
512 712 238 1553088840519 
512 716 224 1553088840535 
512 721 211 1553088840552 
512 721 202 1553088840569 
512 721 196 1553088840585 
512 722 193 1553088840602 
512 723 189 1553088840619 
512 722 192 1553088840685 
512 720 194 1553088840703 
512 718 198 1553088840719 
512 715 202 1553088840735 
512 713 205 1553088840752 
512 709 209 1553088840771 
512 709 211 1553088840785 
512 708 212 1553088840802 
512 706 214 1553088840818 
512 704 214 1553088840852 
512 703 214 1553088840868 
513 703 214 1553088840978 
514 703 214 1553088841074 
