512 703 215 1553088841102 
512 703 217 1553088841118 
512 705 222 1553088841135 
512 708 229 1553088841152 
512 712 241 1553088841168 
512 714 246 1553088841186 
512 738 285 1553088841207 
512 748 300 1553088841222 
512 755 309 1553088841240 
512 761 319 1553088841268 
512 764 353 1553088841285 
512 763 370 1553088841302 
512 763 386 1553088841318 
512 766 400 1553088841335 
512 773 413 1553088841352 
512 783 426 1553088841368 
512 789 435 1553088841385 
512 793 448 1553088841402 
512 797 463 1553088841418 
512 809 491 1553088841436 
512 816 512 1553088841452 
512 825 525 1553088841468 
512 835 538 1553088841485 
512 841 553 1553088841502 
512 844 564 1553088841518 
512 850 575 1553088841535 
512 855 583 1553088841552 
512 855 590 1553088841568 
512 855 596 1553088841586 
512 854 605 1553088841602 
512 853 608 1553088841618 
512 850 617 1553088841635 
512 848 624 1553088841652 
512 844 633 1553088841669 
512 841 639 1553088841686 
512 839 645 1553088841702 
512 838 651 1553088841720 
512 836 653 1553088841735 
512 836 655 1553088841753 
512 836 654 1553088841852 
512 836 651 1553088841868 
512 836 650 1553088841885 
512 836 649 1553088841903 
512 837 648 1553088841918 
512 838 648 1553088842002 
513 838 648 1553088842043 
514 838 648 1553088842146 
512 838 647 1553088842202 
512 838 645 1553088842219 
512 839 644 1553088842235 
512 839 641 1553088842251 
512 839 637 1553088842268 
512 839 631 1553088842285 
512 839 621 1553088842302 
512 835 603 1553088842319 
512 830 582 1553088842335 
512 821 558 1553088842352 
512 809 535 1553088842368 
512 790 518 1553088842385 
512 766 503 1553088842401 
512 741 493 1553088842419 
512 719 489 1553088842436 
512 695 484 1553088842451 
512 672 478 1553088842469 
512 645 471 1553088842485 
512 620 459 1553088842502 
512 598 450 1553088842518 
512 578 442 1553088842535 
512 558 427 1553088842552 
512 541 415 1553088842568 
512 523 405 1553088842586 
512 506 394 1553088842602 
512 491 386 1553088842618 
512 476 376 1553088842635 
512 472 374 1553088842652 
512 471 374 1553088842719 
512 470 374 1553088842735 
512 469 374 1553088842751 
512 469 373 1553088842885 
513 469 373 1553088842907 
514 469 373 1553088842986 
512 471 373 1553088843034 
512 481 378 1553088843051 
512 503 391 1553088843069 
512 525 404 1553088843084 
512 547 419 1553088843102 
512 571 436 1553088843118 
512 612 462 1553088843134 
512 662 491 1553088843152 
512 713 512 1553088843168 
512 760 527 1553088843185 
512 795 540 1553088843202 
512 817 549 1553088843218 
512 839 558 1553088843235 
512 848 560 1553088843251 
512 857 556 1553088843268 
512 861 547 1553088843285 
512 862 535 1553088843301 
512 857 523 1553088843318 
512 846 506 1553088843334 
512 833 487 1553088843352 
512 815 463 1553088843368 
512 802 432 1553088843384 
512 781 398 1553088843401 
512 768 374 1553088843418 
512 759 343 1553088843434 
512 749 324 1553088843452 
512 744 309 1553088843468 
512 739 299 1553088843485 
512 735 288 1553088843502 
512 732 283 1553088843518 
512 730 278 1553088843535 
512 728 274 1553088843551 
512 727 271 1553088843568 
512 726 267 1553088843584 
512 723 264 1553088843601 
512 721 261 1553088843618 
512 721 257 1553088843634 
512 721 253 1553088843651 
512 721 246 1553088843668 
512 721 240 1553088843685 
512 721 234 1553088843702 
512 721 230 1553088843718 
512 721 227 1553088843734 
512 718 223 1553088843752 
512 716 221 1553088843768 
512 715 219 1553088843785 
512 713 217 1553088843801 
512 711 216 1553088843818 
512 706 213 1553088843835 
512 704 211 1553088843852 
512 704 210 1553088843868 
513 704 210 1553088843955 
512 704 211 1553088844082 
514 704 211 1553088844082 
512 704 213 1553088844102 
512 707 219 1553088844118 
512 713 228 1553088844135 
512 720 243 1553088844151 
512 729 260 1553088844168 
512 740 278 1553088844184 
512 755 299 1553088844201 
512 775 335 1553088844218 
512 789 356 1553088844236 
512 802 374 1553088844251 
512 812 389 1553088844268 
512 824 398 1553088844284 
512 834 405 1553088844301 
512 845 412 1553088844318 
512 863 424 1553088844334 
512 888 435 1553088844351 
512 911 444 1553088844368 
512 929 446 1553088844384 
512 939 448 1553088844401 
512 944 446 1553088844417 
512 944 444 1553088844434 
512 947 439 1553088844452 
512 950 433 1553088844468 
512 953 422 1553088844484 
512 955 412 1553088844502 
512 956 401 1553088844518 
512 956 394 1553088844535 
512 957 387 1553088844552 
512 955 378 1553088844568 
512 952 375 1553088844585 
512 947 372 1553088844603 
512 947 371 1553088844618 
512 944 371 1553088844635 
512 943 370 1553088844652 
512 941 370 1553088844668 
512 940 369 1553088844685 
512 938 369 1553088844702 
512 936 368 1553088844718 
512 935 368 1553088844752 
512 934 368 1553088844768 
512 933 368 1553088844801 
512 933 369 1553088844818 
512 931 370 1553088844834 
512 931 371 1553088844868 
512 931 372 1553088844885 
512 930 372 1553088844902 
513 930 372 1553088844946 
512 930 373 1553088844967 
514 930 373 1553088845074 
512 929 373 1553088845085 
512 929 374 1553088845101 
512 928 374 1553088845118 
512 927 375 1553088845135 
512 925 378 1553088845151 
512 924 382 1553088845168 
512 919 390 1553088845185 
512 910 400 1553088845201 
512 896 414 1553088845218 
512 888 423 1553088845235 
512 877 433 1553088845252 
512 861 446 1553088845268 
512 840 460 1553088845285 
512 816 475 1553088845301 
512 794 490 1553088845318 
512 773 504 1553088845334 
512 760 519 1553088845351 
512 742 533 1553088845368 
512 726 549 1553088845384 
512 711 564 1553088845401 
512 692 580 1553088845418 
512 685 587 1553088845434 
512 679 593 1553088845452 
512 670 598 1553088845468 
512 658 604 1553088845484 
512 646 610 1553088845501 
512 639 612 1553088845518 
512 635 613 1553088845534 
512 633 613 1553088845552 
512 631 614 1553088845567 
512 628 615 1553088845585 
512 617 618 1553088845602 
512 599 621 1553088845618 
512 575 622 1553088845635 
512 567 622 1553088845652 
512 564 623 1553088845668 
512 563 623 1553088845684 
512 563 624 1553088845701 
512 562 625 1553088845718 
512 561 626 1553088845735 
512 559 628 1553088845752 
512 558 630 1553088845785 
512 558 631 1553088845801 
512 558 633 1553088845836 
512 558 634 1553088845852 
512 558 636 1553088845869 
512 558 637 1553088845884 
512 558 638 1553088845903 
512 558 639 1553088845918 
512 558 640 1553088845968 
512 558 641 1553088845979 
513 558 641 1553088845980 
514 558 641 1553088846066 
512 560 638 1553088846135 
512 564 633 1553088846152 
512 570 627 1553088846167 
512 576 622 1553088846184 
512 584 613 1553088846202 
512 593 596 1553088846218 
512 597 590 1553088846234 
512 601 586 1553088846251 
512 606 582 1553088846269 
512 614 578 1553088846285 
512 633 577 1553088846303 
512 660 577 1553088846317 
512 696 585 1553088846335 
512 739 603 1553088846352 
512 787 620 1553088846367 
512 844 647 1553088846384 
512 875 666 1553088846402 
512 889 674 1553088846418 
512 891 677 1553088846434 
512 891 678 1553088846452 
512 891 679 1553088846468 
512 890 681 1553088846502 
512 888 681 1553088846518 
512 887 681 1553088846535 
512 884 679 1553088846568 
512 881 676 1553088846584 
512 874 671 1553088846602 
512 872 670 1553088846617 
512 868 666 1553088846634 
512 865 664 1553088846651 
512 861 662 1553088846668 
512 858 661 1553088846684 
512 856 658 1553088846701 
512 855 657 1553088846718 
512 852 653 1553088846735 
512 848 651 1553088846751 
512 846 650 1553088846768 
512 846 649 1553088846785 
512 846 648 1553088846802 
512 845 647 1553088846834 
512 844 647 1553088846852 
512 844 646 1553088846868 
513 844 646 1553088846962 
514 844 646 1553088847042 
512 845 646 1553088847135 
512 847 648 1553088847151 
512 847 649 1553088847168 
512 847 648 1553088847201 
512 843 643 1553088847218 
512 830 638 1553088847235 
512 824 635 1553088847251 
512 821 631 1553088847268 
512 821 623 1553088847284 
512 825 605 1553088847301 
512 831 588 1553088847319 
512 838 573 1553088847334 
512 848 553 1553088847351 
512 865 529 1553088847367 
512 876 505 1553088847384 
512 887 472 1553088847402 
512 889 463 1553088847417 
512 891 437 1553088847435 
512 893 425 1553088847451 
512 893 415 1553088847468 
512 892 409 1553088847484 
512 892 403 1553088847502 
512 892 401 1553088847518 
512 892 400 1553088847534 
512 892 399 1553088847552 
512 892 398 1553088847568 
512 892 396 1553088847586 
512 893 394 1553088847602 
512 895 391 1553088847618 
512 899 383 1553088847635 
512 902 380 1553088847652 
512 906 376 1553088847668 
512 909 374 1553088847685 
512 912 373 1553088847701 
512 914 372 1553088847718 
512 915 371 1553088847734 
512 916 371 1553088847751 
512 917 371 1553088847768 
512 918 371 1553088847784 
512 921 371 1553088847835 
512 923 372 1553088847852 
512 925 373 1553088847868 
512 927 373 1553088847885 
512 928 373 1553088847901 
512 929 374 1553088847919 
512 930 374 1553088847935 
512 931 374 1553088847968 
513 931 374 1553088847979 
512 932 374 1553088848035 
514 932 374 1553088848090 
512 932 374 1553088848101 
512 931 375 1553088848117 
512 929 378 1553088848134 
512 926 383 1553088848152 
512 924 392 1553088848167 
512 924 399 1553088848185 
512 923 405 1553088848201 
512 922 411 1553088848218 
512 910 433 1553088848235 
512 895 454 1553088848251 
512 881 476 1553088848267 
512 869 496 1553088848285 
512 858 504 1553088848302 
512 840 506 1553088848317 
512 820 506 1553088848335 
512 787 506 1553088848352 
512 737 501 1553088848368 
512 668 489 1553088848384 
512 544 455 1553088848402 
512 511 443 1553088848418 
512 437 411 1553088848434 
512 419 400 1553088848451 
512 413 392 1553088848467 
512 408 385 1553088848484 
512 404 381 1553088848501 
512 402 377 1553088848518 
512 402 376 1553088848534 
512 401 374 1553088848551 
512 401 373 1553088848586 
512 402 372 1553088848601 
512 406 372 1553088848617 
512 417 371 1553088848635 
512 427 371 1553088848653 
512 439 371 1553088848668 
512 454 371 1553088848686 
512 469 371 1553088848703 
512 481 373 1553088848718 
512 487 373 1553088848736 
512 488 373 1553088848751 
512 488 374 1553088848801 
512 488 375 1553088848885 
512 487 376 1553088848903 
512 486 377 1553088848919 
512 485 377 1553088848936 
512 485 379 1553088848951 
512 484 379 1553088848968 
512 482 379 1553088849001 
512 481 379 1553088849034 
512 480 379 1553088849051 
512 479 379 1553088849085 
513 479 379 1553088849099 
514 479 379 1553088849250 
512 479 381 1553088849468 
512 485 387 1553088849485 
512 493 403 1553088849502 
512 502 428 1553088849518 
512 511 455 1553088849536 
512 529 496 1553088849551 
512 545 529 1553088849568 
512 556 554 1553088849585 
512 568 577 1553088849601 
512 580 594 1553088849617 
512 589 611 1553088849634 
512 591 616 1553088849653 
512 591 617 1553088849667 
512 591 620 1553088849701 
512 591 622 1553088849719 
512 591 624 1553088849735 
512 592 626 1553088849751 
512 593 627 1553088849768 
512 593 629 1553088849785 
512 593 632 1553088849801 
512 590 634 1553088849819 
512 587 636 1553088849835 
512 584 638 1553088849851 
512 579 638 1553088849868 
512 574 638 1553088849885 
512 570 638 1553088849901 
512 566 638 1553088849918 
512 559 638 1553088849935 
512 554 638 1553088849952 
512 552 637 1553088849968 
512 553 637 1553088850068 
512 555 637 1553088850084 
512 556 637 1553088850101 
512 557 637 1553088850119 
512 557 638 1553088850135 
512 558 638 1553088850152 
512 559 639 1553088850185 
512 559 640 1553088850202 
513 559 640 1553088850227 
512 559 642 1553088850235 
512 560 642 1553088850352 
514 560 642 1553088850362 
512 560 642 1553088850385 
512 560 640 1553088850418 
512 561 637 1553088850434 
512 561 633 1553088850452 
512 562 625 1553088850468 
512 562 620 1553088850485 
512 562 617 1553088850501 
512 562 616 1553088850518 
512 563 616 1553088850534 
512 567 616 1553088850552 
512 573 616 1553088850568 
512 588 614 1553088850584 
512 602 610 1553088850602 
512 609 606 1553088850618 
512 612 596 1553088850635 
512 612 584 1553088850651 
512 615 561 1553088850668 
512 626 511 1553088850685 
512 637 447 1553088850702 
512 646 385 1553088850718 
512 647 335 1553088850735 
512 653 289 1553088850751 
512 658 260 1553088850768 
512 665 235 1553088850785 
512 670 222 1553088850802 
512 673 216 1553088850818 
512 673 214 1553088850834 
512 674 214 1553088850901 
512 675 214 1553088850918 
512 676 214 1553088850934 
512 677 214 1553088850952 
512 679 217 1553088850968 
512 684 219 1553088850985 
512 686 220 1553088851001 
512 689 221 1553088851018 
512 691 221 1553088851035 
512 694 221 1553088851051 
512 695 221 1553088851068 
512 696 220 1553088851084 
512 696 219 1553088851118 
512 697 219 1553088851151 
512 697 218 1553088851185 
512 697 217 1553088851202 
512 697 215 1553088851217 
512 697 214 1553088851235 
512 698 214 1553088851268 
513 698 214 1553088851291 
512 699 214 1553088851318 
514 699 214 1553088851418 
