512 701 205 1553022322892 
512 702 208 1553022322900 
512 704 212 1553022322908 
512 707 216 1553022322916 
512 707 220 1553022322924 
512 709 222 1553022322932 
512 709 225 1553022322940 
512 710 228 1553022322948 
512 712 232 1553022322956 
512 714 238 1553022322964 
512 718 245 1553022322972 
512 719 252 1553022322981 
512 720 262 1553022322988 
512 724 271 1553022322996 
512 726 281 1553022323004 
512 730 291 1553022323012 
512 733 301 1553022323020 
512 735 315 1553022323028 
512 740 327 1553022323035 
512 745 341 1553022323044 
512 749 355 1553022323052 
512 754 370 1553022323061 
512 758 383 1553022323067 
512 763 395 1553022323076 
512 766 408 1553022323084 
512 771 426 1553022323092 
512 780 449 1553022323100 
512 790 476 1553022323108 
512 798 501 1553022323117 
512 810 525 1553022323124 
512 817 544 1553022323132 
512 827 563 1553022323140 
512 831 574 1553022323148 
512 835 582 1553022323156 
512 838 589 1553022323164 
512 839 595 1553022323172 
512 839 599 1553022323180 
512 839 603 1553022323188 
512 839 606 1553022323196 
512 839 609 1553022323203 
512 839 612 1553022323211 
512 839 615 1553022323220 
512 839 617 1553022323228 
512 839 619 1553022323235 
512 839 620 1553022323268 
512 838 621 1553022323276 
512 837 622 1553022323283 
512 835 624 1553022323292 
512 834 627 1553022323300 
512 832 630 1553022323308 
512 831 632 1553022323316 
512 830 635 1553022323324 
512 830 636 1553022323332 
512 828 638 1553022323340 
512 828 639 1553022323388 
512 828 640 1553022323420 
512 827 641 1553022323436 
512 827 642 1553022323444 
512 827 643 1553022323452 
512 827 644 1553022323468 
512 828 644 1553022323476 
512 828 645 1553022323484 
512 829 645 1553022323492 
512 829 647 1553022323500 
512 830 647 1553022323508 
512 831 648 1553022323515 
512 832 648 1553022323524 
512 832 649 1553022323532 
512 833 650 1553022323540 
512 834 650 1553022323547 
512 835 650 1553022323572 
512 836 651 1553022323596 
512 837 651 1553022323628 
512 838 651 1553022323644 
512 839 651 1553022323660 
512 840 651 1553022323668 
512 841 651 1553022323676 
512 842 650 1553022323684 
512 843 650 1553022323700 
512 843 649 1553022323716 
513 843 649 1553022323758 
514 843 649 1553022323876 
512 843 648 1553022323980 
512 843 647 1553022323996 
512 844 646 1553022324012 
512 844 645 1553022324028 
512 844 644 1553022324036 
512 844 641 1553022324062 
512 843 640 1553022324068 
512 841 638 1553022324076 
512 839 636 1553022324083 
512 836 634 1553022324091 
512 831 630 1553022324099 
512 822 625 1553022324108 
512 811 621 1553022324116 
512 800 615 1553022324124 
512 787 605 1553022324132 
512 766 595 1553022324139 
512 745 583 1553022324148 
512 724 571 1553022324156 
512 710 560 1553022324164 
512 700 553 1553022324171 
512 688 541 1553022324179 
512 675 528 1553022324188 
512 664 516 1553022324196 
512 657 504 1553022324204 
512 648 490 1553022324211 
512 637 473 1553022324219 
512 622 451 1553022324228 
512 603 424 1553022324236 
512 582 403 1553022324245 
512 567 387 1553022324252 
512 559 380 1553022324260 
512 555 375 1553022324268 
512 555 373 1553022324276 
512 553 372 1553022324284 
512 552 370 1553022324292 
512 551 369 1553022324300 
512 550 368 1553022324308 
512 547 366 1553022324315 
512 544 365 1553022324324 
512 540 364 1553022324332 
512 537 363 1553022324341 
512 535 362 1553022324348 
512 532 362 1553022324356 
512 530 362 1553022324364 
512 525 360 1553022324372 
512 524 359 1553022324380 
512 521 359 1553022324388 
512 520 359 1553022324396 
512 519 359 1553022324404 
512 518 361 1553022324420 
512 518 362 1553022324428 
512 516 365 1553022324435 
512 514 368 1553022324444 
512 511 371 1553022324452 
512 509 374 1553022324459 
512 507 378 1553022324468 
512 504 382 1553022324476 
512 501 386 1553022324483 
512 499 389 1553022324492 
512 496 393 1553022324500 
512 495 394 1553022324508 
512 492 396 1553022324516 
512 490 396 1553022324524 
512 487 397 1553022324532 
512 485 397 1553022324540 
512 482 397 1553022324548 
512 481 397 1553022324557 
512 479 397 1553022324564 
512 478 396 1553022324580 
512 478 395 1553022324588 
512 477 395 1553022324596 
512 476 394 1553022324604 
512 476 393 1553022324620 
512 475 393 1553022324628 
512 475 392 1553022324636 
512 474 392 1553022324644 
512 474 390 1553022324660 
512 473 390 1553022324676 
512 473 389 1553022324684 
512 473 388 1553022324748 
512 473 387 1553022324756 
512 473 385 1553022324772 
512 474 383 1553022324780 
512 474 381 1553022324788 
512 474 380 1553022324804 
512 474 379 1553022324812 
512 474 378 1553022324820 
512 474 377 1553022324836 
513 474 377 1553022324926 
514 474 377 1553022325036 
512 475 377 1553022325099 
512 478 378 1553022325108 
512 479 380 1553022325115 
512 485 384 1553022325132 
512 489 386 1553022325139 
512 494 389 1553022325148 
512 499 391 1553022325156 
512 503 395 1553022325163 
512 508 396 1553022325172 
512 511 397 1553022325179 
512 516 400 1553022325187 
512 517 400 1553022325196 
512 523 400 1553022325204 
512 529 402 1553022325211 
512 537 405 1553022325220 
512 547 407 1553022325228 
512 560 409 1553022325236 
512 574 409 1553022325244 
512 588 409 1553022325254 
512 601 408 1553022325260 
512 617 404 1553022325267 
512 639 398 1553022325276 
512 658 391 1553022325284 
512 678 382 1553022325292 
512 690 375 1553022325299 
512 695 370 1553022325308 
512 699 361 1553022325316 
512 700 356 1553022325324 
512 700 349 1553022325332 
512 699 342 1553022325340 
512 697 336 1553022325348 
512 696 329 1553022325356 
512 695 321 1553022325364 
512 695 314 1553022325372 
512 695 306 1553022325381 
512 695 298 1553022325388 
512 696 289 1553022325396 
512 697 282 1553022325404 
512 700 273 1553022325412 
512 703 264 1553022325420 
512 706 260 1553022325428 
512 709 252 1553022325436 
512 712 247 1553022325444 
512 714 241 1553022325452 
512 717 237 1553022325460 
512 718 233 1553022325467 
512 721 230 1553022325476 
512 722 227 1553022325484 
512 723 225 1553022325492 
512 725 222 1553022325499 
512 725 221 1553022325508 
512 727 220 1553022325516 
512 727 218 1553022325524 
512 727 217 1553022325540 
512 728 216 1553022325556 
512 729 215 1553022325564 
512 729 213 1553022325571 
512 729 212 1553022325580 
512 731 211 1553022325588 
512 731 210 1553022325596 
512 731 209 1553022325605 
512 729 209 1553022325644 
512 727 209 1553022325660 
512 725 208 1553022325668 
512 723 207 1553022325676 
512 721 207 1553022325683 
512 718 207 1553022325692 
512 716 207 1553022325700 
512 713 207 1553022325708 
512 710 207 1553022325715 
512 708 207 1553022325724 
512 707 207 1553022325740 
512 705 207 1553022325748 
512 704 207 1553022325757 
512 703 207 1553022325763 
512 701 207 1553022325772 
512 700 207 1553022325804 
513 700 207 1553022325911 
514 700 207 1553022326044 
512 701 207 1553022326093 
512 704 207 1553022326108 
512 706 208 1553022326115 
512 710 209 1553022326124 
512 714 213 1553022326132 
512 720 216 1553022326139 
512 724 221 1553022326147 
512 729 226 1553022326156 
512 731 232 1553022326164 
512 735 238 1553022326171 
512 737 242 1553022326180 
512 739 248 1553022326188 
512 742 254 1553022326196 
512 743 262 1553022326204 
512 743 269 1553022326211 
512 743 277 1553022326221 
512 744 284 1553022326228 
512 744 290 1553022326236 
512 744 300 1553022326244 
512 744 308 1553022326252 
512 744 314 1553022326260 
512 745 321 1553022326268 
512 748 330 1553022326276 
512 752 338 1553022326284 
512 756 348 1553022326292 
512 759 354 1553022326300 
512 764 360 1553022326308 
512 770 365 1553022326316 
512 777 370 1553022326324 
512 783 374 1553022326332 
512 791 378 1553022326340 
512 798 386 1553022326348 
512 807 391 1553022326356 
512 817 395 1553022326364 
512 825 398 1553022326371 
512 830 399 1553022326380 
512 836 399 1553022326388 
512 839 399 1553022326396 
512 843 399 1553022326404 
512 847 399 1553022326411 
512 851 398 1553022326420 
512 854 397 1553022326428 
512 859 396 1553022326436 
512 863 395 1553022326444 
512 868 393 1553022326452 
512 871 392 1553022326459 
512 874 392 1553022326467 
512 876 391 1553022326476 
512 878 391 1553022326484 
512 879 391 1553022326492 
512 882 390 1553022326500 
512 884 390 1553022326508 
512 887 390 1553022326516 
512 890 389 1553022326524 
512 892 387 1553022326532 
512 894 387 1553022326540 
512 896 387 1553022326549 
512 899 387 1553022326556 
512 902 387 1553022326564 
512 905 387 1553022326572 
512 910 387 1553022326580 
512 913 388 1553022326588 
512 916 390 1553022326595 
512 919 390 1553022326604 
512 923 390 1553022326612 
512 925 390 1553022326620 
512 926 390 1553022326668 
512 926 389 1553022326708 
512 926 388 1553022326732 
512 926 387 1553022326740 
512 926 385 1553022326756 
512 926 384 1553022326796 
512 926 383 1553022326805 
512 926 381 1553022326819 
512 926 380 1553022326836 
512 927 379 1553022326844 
512 927 378 1553022326852 
513 927 378 1553022326902 
514 927 378 1553022327044 
512 927 377 1553022327108 
512 928 376 1553022327132 
512 929 376 1553022327140 
512 929 375 1553022327148 
512 930 375 1553022327155 
512 931 374 1553022327164 
512 932 374 1553022327172 
512 935 374 1553022327196 
512 936 374 1553022327196 
512 937 374 1553022327205 
512 938 375 1553022327212 
512 938 376 1553022327219 
512 938 377 1553022327236 
512 937 380 1553022327244 
512 932 382 1553022327252 
512 922 389 1553022327259 
512 906 397 1553022327267 
512 883 406 1553022327276 
512 861 415 1553022327283 
512 835 424 1553022327292 
512 808 434 1553022327300 
512 779 449 1553022327308 
512 756 458 1553022327316 
512 737 470 1553022327324 
512 726 478 1553022327332 
512 717 487 1553022327340 
512 708 495 1553022327347 
512 701 503 1553022327356 
512 690 511 1553022327364 
512 680 517 1553022327372 
512 670 526 1553022327380 
512 658 534 1553022327388 
512 646 541 1553022327396 
512 637 550 1553022327404 
512 627 557 1553022327412 
512 618 563 1553022327420 
512 610 567 1553022327429 
512 605 571 1553022327436 
512 599 575 1553022327444 
512 597 577 1553022327452 
512 597 579 1553022327460 
512 596 580 1553022327476 
512 596 581 1553022327483 
512 596 582 1553022327492 
512 595 584 1553022327500 
512 593 586 1553022327508 
512 592 588 1553022327516 
512 591 588 1553022327524 
512 589 590 1553022327532 
512 587 591 1553022327540 
512 585 592 1553022327547 
512 583 595 1553022327556 
512 580 598 1553022327564 
512 577 600 1553022327572 
512 575 602 1553022327580 
512 571 605 1553022327588 
512 569 608 1553022327595 
512 567 610 1553022327604 
512 565 614 1553022327612 
512 563 616 1553022327620 
512 561 618 1553022327628 
512 560 620 1553022327635 
512 558 622 1553022327644 
512 557 625 1553022327652 
512 555 627 1553022327660 
512 554 628 1553022327668 
512 551 631 1553022327676 
512 551 632 1553022327684 
512 549 633 1553022327692 
512 549 635 1553022327700 
512 549 636 1553022327708 
512 548 637 1553022327716 
512 548 638 1553022327756 
512 549 638 1553022327764 
512 549 639 1553022327772 
512 550 640 1553022327788 
512 551 641 1553022327805 
512 552 641 1553022327812 
512 553 641 1553022327828 
512 554 641 1553022327852 
512 554 642 1553022327860 
512 555 642 1553022327884 
512 556 642 1553022327932 
512 556 643 1553022327956 
512 557 643 1553022328004 
513 557 643 1553022328013 
514 557 643 1553022328124 
512 557 642 1553022328196 
512 557 641 1553022328204 
512 559 640 1553022328220 
512 559 639 1553022328228 
512 561 637 1553022328236 
512 572 629 1553022328260 
512 579 623 1553022328267 
512 585 616 1553022328276 
512 594 609 1553022328283 
512 603 603 1553022328291 
512 610 597 1553022328300 
512 620 589 1553022328307 
512 630 582 1553022328315 
512 639 577 1553022328324 
512 646 572 1553022328331 
512 652 568 1553022328340 
512 658 565 1553022328347 
512 663 563 1553022328355 
512 672 563 1553022328364 
512 683 562 1553022328372 
512 699 562 1553022328380 
512 713 562 1553022328388 
512 728 562 1553022328396 
512 741 563 1553022328405 
512 752 569 1553022328412 
512 761 573 1553022328420 
512 768 577 1553022328427 
512 770 581 1553022328436 
512 774 586 1553022328444 
512 774 590 1553022328452 
512 775 595 1553022328460 
512 775 599 1553022328468 
512 775 603 1553022328476 
512 775 607 1553022328483 
512 775 613 1553022328491 
512 775 616 1553022328500 
512 775 621 1553022328508 
512 775 624 1553022328516 
512 776 630 1553022328524 
512 777 635 1553022328532 
512 777 640 1553022328540 
512 779 645 1553022328547 
512 781 650 1553022328555 
512 783 653 1553022328564 
512 785 655 1553022328571 
512 786 658 1553022328579 
512 787 658 1553022328587 
512 788 659 1553022328595 
512 789 659 1553022328604 
512 791 659 1553022328611 
512 792 659 1553022328620 
512 793 661 1553022328628 
512 794 661 1553022328644 
512 795 661 1553022328652 
512 796 661 1553022328660 
512 798 661 1553022328668 
512 799 660 1553022328684 
512 800 659 1553022328692 
512 801 659 1553022328700 
512 803 657 1553022328708 
512 805 657 1553022328716 
512 807 656 1553022328724 
512 809 655 1553022328732 
512 810 653 1553022328740 
512 811 653 1553022328748 
512 813 652 1553022328756 
512 814 652 1553022328764 
512 815 652 1553022328772 
512 817 652 1553022328788 
512 818 652 1553022328804 
512 820 652 1553022328812 
512 822 652 1553022328828 
512 823 651 1553022328836 
512 825 651 1553022328852 
512 826 650 1553022328860 
512 827 650 1553022328868 
512 828 650 1553022328884 
512 829 650 1553022328891 
512 830 650 1553022328900 
512 831 650 1553022328924 
512 831 649 1553022328932 
512 832 649 1553022328948 
512 833 649 1553022328964 
512 834 649 1553022328972 
512 835 649 1553022328988 
512 836 649 1553022329004 
512 837 649 1553022329019 
512 837 648 1553022329028 
512 838 648 1553022329108 
513 838 648 1553022329134 
514 838 648 1553022329276 
512 838 647 1553022329372 
512 838 646 1553022329380 
512 838 645 1553022329387 
512 838 643 1553022329396 
512 838 640 1553022329413 
512 839 639 1553022329420 
512 840 637 1553022329428 
512 841 635 1553022329436 
512 843 632 1553022329443 
512 844 629 1553022329451 
512 846 626 1553022329460 
512 848 620 1553022329468 
512 851 617 1553022329476 
512 854 610 1553022329483 
512 856 604 1553022329492 
512 858 596 1553022329499 
512 861 590 1553022329508 
512 865 581 1553022329516 
512 869 569 1553022329524 
512 874 555 1553022329532 
512 880 540 1553022329540 
512 888 523 1553022329548 
512 895 510 1553022329556 
512 904 496 1553022329564 
512 914 482 1553022329572 
512 923 472 1553022329580 
512 928 461 1553022329587 
512 936 452 1553022329595 
512 943 443 1553022329604 
512 950 433 1553022329612 
512 954 426 1553022329620 
512 960 419 1553022329628 
512 964 412 1553022329635 
512 967 406 1553022329643 
512 970 401 1553022329652 
512 970 399 1553022329660 
512 972 396 1553022329668 
512 973 393 1553022329675 
512 973 392 1553022329684 
512 973 391 1553022329692 
512 973 388 1553022329699 
512 973 385 1553022329708 
512 973 383 1553022329716 
512 973 380 1553022329725 
512 972 376 1553022329732 
512 972 374 1553022329740 
512 970 374 1553022329748 
512 969 371 1553022329756 
512 968 370 1553022329764 
512 968 369 1553022329772 
512 966 369 1553022329780 
512 964 368 1553022329788 
512 963 367 1553022329796 
512 962 367 1553022329805 
512 960 366 1553022329812 
512 958 366 1553022329820 
512 957 366 1553022329828 
512 954 365 1553022329836 
512 952 365 1553022329843 
512 950 365 1553022329852 
512 947 365 1553022329860 
512 945 365 1553022329868 
512 944 365 1553022329876 
512 943 365 1553022329883 
512 942 365 1553022329892 
512 940 365 1553022329900 
512 938 366 1553022329916 
512 936 366 1553022329924 
512 936 367 1553022329932 
512 934 368 1553022329940 
512 933 369 1553022329947 
512 932 369 1553022329956 
512 931 371 1553022329963 
512 930 371 1553022329972 
512 930 372 1553022329980 
512 930 373 1553022330044 
512 929 374 1553022330068 
513 929 374 1553022330135 
514 929 374 1553022330244 
512 929 375 1553022330372 
512 930 377 1553022330380 
512 932 379 1553022330388 
512 937 389 1553022330412 
512 938 393 1553022330419 
512 939 396 1553022330428 
512 939 399 1553022330436 
512 939 402 1553022330444 
512 939 405 1553022330452 
512 939 407 1553022330460 
512 939 409 1553022330467 
512 938 411 1553022330476 
512 936 414 1553022330483 
512 936 417 1553022330492 
512 932 421 1553022330500 
512 928 426 1553022330508 
512 922 429 1553022330516 
512 913 432 1553022330524 
512 903 435 1553022330531 
512 892 435 1553022330540 
512 879 435 1553022330547 
512 866 435 1553022330555 
512 849 432 1553022330563 
512 825 428 1553022330571 
512 803 421 1553022330580 
512 775 411 1553022330588 
512 750 401 1553022330595 
512 720 391 1553022330605 
512 692 383 1553022330611 
512 668 377 1553022330620 
512 646 371 1553022330628 
512 631 369 1553022330636 
512 623 367 1553022330644 
512 616 367 1553022330652 
512 610 366 1553022330659 
512 607 364 1553022330667 
512 606 364 1553022330676 
512 604 364 1553022330685 
512 602 364 1553022330692 
512 599 364 1553022330700 
512 595 364 1553022330707 
512 591 364 1553022330715 
512 585 364 1553022330724 
512 574 364 1553022330732 
512 565 364 1553022330739 
512 555 364 1553022330748 
512 546 364 1553022330756 
512 538 364 1553022330764 
512 531 365 1553022330772 
512 524 366 1553022330779 
512 519 368 1553022330788 
512 517 370 1553022330796 
512 516 371 1553022330804 
512 514 371 1553022330812 
512 514 372 1553022330820 
512 512 374 1553022330828 
512 511 375 1553022330835 
512 509 375 1553022330844 
512 507 377 1553022330852 
512 505 378 1553022330860 
512 503 381 1553022330868 
512 502 381 1553022330876 
512 500 382 1553022330884 
512 499 383 1553022330891 
512 498 383 1553022330900 
512 497 384 1553022330908 
512 496 385 1553022330915 
512 495 385 1553022330932 
512 494 385 1553022330940 
512 493 386 1553022330948 
512 491 387 1553022330956 
512 489 387 1553022330964 
512 488 387 1553022330972 
512 487 387 1553022330980 
512 484 387 1553022330988 
512 483 387 1553022330996 
512 485 388 1553022331012 
512 484 388 1553022331036 
512 483 388 1553022331044 
512 482 388 1553022331069 
512 482 387 1553022331075 
512 481 387 1553022331083 
512 480 385 1553022331100 
512 479 384 1553022331132 
512 479 383 1553022331140 
512 478 383 1553022331196 
512 478 382 1553022331205 
512 476 381 1553022331236 
513 476 381 1553022331237 
512 475 379 1553022331274 
512 475 378 1553022331276 
514 475 378 1553022331404 
512 477 379 1553022331460 
512 478 379 1553022331468 
512 479 380 1553022331476 
512 481 381 1553022331483 
512 486 384 1553022331516 
512 488 385 1553022331523 
512 488 387 1553022331531 
512 490 387 1553022331540 
512 492 387 1553022331548 
512 494 389 1553022331555 
512 496 390 1553022331563 
512 499 391 1553022331572 
512 503 393 1553022331579 
512 505 394 1553022331587 
512 507 397 1553022331596 
512 510 399 1553022331604 
512 513 403 1553022331611 
512 516 407 1553022331619 
512 520 413 1553022331628 
512 525 419 1553022331636 
512 528 427 1553022331644 
512 535 435 1553022331652 
512 538 442 1553022331659 
512 541 451 1553022331668 
512 544 457 1553022331675 
512 546 465 1553022331683 
512 546 476 1553022331692 
512 547 486 1553022331700 
512 548 498 1553022331707 
512 549 510 1553022331715 
512 551 520 1553022331723 
512 552 529 1553022331732 
512 554 536 1553022331739 
512 557 545 1553022331747 
512 560 553 1553022331755 
512 564 560 1553022331764 
512 567 570 1553022331772 
512 571 577 1553022331779 
512 575 586 1553022331788 
512 575 590 1553022331796 
512 578 595 1553022331804 
512 576 599 1553022331811 
512 578 600 1553022331819 
512 578 601 1553022331828 
512 579 602 1553022331835 
512 579 604 1553022331852 
512 579 606 1553022331859 
512 580 608 1553022331867 
512 580 612 1553022331875 
512 580 615 1553022331883 
512 580 618 1553022331892 
512 580 620 1553022331899 
512 580 623 1553022331907 
512 580 625 1553022331915 
512 580 628 1553022331923 
512 580 631 1553022331932 
512 579 633 1553022331939 
512 579 636 1553022331947 
512 579 637 1553022331956 
512 578 641 1553022331963 
512 577 642 1553022331971 
512 576 643 1553022331979 
512 575 644 1553022331987 
512 574 645 1553022331995 
512 572 645 1553022332003 
512 571 645 1553022332011 
512 570 646 1553022332020 
512 569 646 1553022332027 
512 568 647 1553022332036 
512 567 647 1553022332044 
512 565 647 1553022332060 
512 564 647 1553022332067 
512 563 647 1553022332076 
512 562 647 1553022332083 
512 560 647 1553022332099 
512 559 647 1553022332108 
512 558 647 1553022332124 
512 557 647 1553022332147 
512 556 647 1553022332187 
512 555 646 1553022332195 
512 554 645 1553022332204 
512 554 644 1553022332212 
512 552 644 1553022332244 
513 552 644 1553022332310 
512 552 643 1553022332364 
514 552 643 1553022332419 
512 553 643 1553022332500 
512 553 644 1553022332516 
512 553 645 1553022332564 
512 554 645 1553022332571 
512 555 644 1553022332595 
512 557 643 1553022332604 
512 565 636 1553022332627 
512 569 631 1553022332635 
512 572 625 1553022332643 
512 575 620 1553022332652 
512 579 609 1553022332659 
512 583 601 1553022332668 
512 590 588 1553022332675 
512 595 574 1553022332684 
512 600 557 1553022332691 
512 607 538 1553022332701 
512 614 518 1553022332707 
512 619 494 1553022332716 
512 623 476 1553022332724 
512 627 455 1553022332732 
512 630 441 1553022332740 
512 637 423 1553022332747 
512 642 404 1553022332756 
512 651 384 1553022332763 
512 664 365 1553022332774 
512 674 344 1553022332780 
512 684 328 1553022332788 
512 690 311 1553022332796 
512 696 298 1553022332804 
512 701 286 1553022332812 
512 705 275 1553022332820 
512 708 267 1553022332828 
512 711 257 1553022332835 
512 713 249 1553022332844 
512 715 242 1553022332852 
512 717 236 1553022332859 
512 717 232 1553022332868 
512 717 229 1553022332876 
512 717 226 1553022332884 
512 717 224 1553022332892 
512 717 223 1553022332899 
512 717 222 1553022332996 
512 716 222 1553022333004 
512 715 221 1553022333011 
512 713 221 1553022333019 
512 711 219 1553022333028 
512 710 219 1553022333035 
512 709 219 1553022333044 
512 707 218 1553022333052 
512 704 218 1553022333060 
512 703 217 1553022333067 
512 702 217 1553022333076 
512 700 217 1553022333084 
512 699 217 1553022333100 
512 699 216 1553022333180 
512 699 215 1553022333252 
512 699 214 1553022333276 
512 700 214 1553022333292 
512 700 213 1553022333307 
513 700 213 1553022333326 
514 700 213 1553022333444 
