512 701 215 1553198449515 
512 701 217 1553198449523 
512 701 219 1553198449529 
512 701 223 1553198449539 
512 701 227 1553198449547 
512 702 233 1553198449553 
512 704 241 1553198449563 
512 704 253 1553198449571 
512 705 261 1553198449579 
512 705 272 1553198449587 
512 705 283 1553198449594 
512 705 293 1553198449601 
512 706 305 1553198449610 
512 706 317 1553198449618 
512 706 328 1553198449626 
512 708 340 1553198449634 
512 713 351 1553198449642 
512 716 362 1553198449650 
512 717 374 1553198449658 
512 718 383 1553198449666 
512 727 395 1553198449674 
512 735 410 1553198449682 
512 739 422 1553198449690 
512 744 434 1553198449698 
512 749 449 1553198449706 
512 753 462 1553198449714 
512 759 473 1553198449722 
512 766 487 1553198449730 
512 774 501 1553198449738 
512 785 517 1553198449746 
512 793 528 1553198449754 
512 805 540 1553198449762 
512 814 551 1553198449770 
512 823 559 1553198449778 
512 832 567 1553198449786 
512 841 576 1553198449794 
512 849 583 1553198449802 
512 855 592 1553198449810 
512 862 601 1553198449818 
512 866 608 1553198449826 
512 872 613 1553198449834 
512 875 619 1553198449842 
512 875 623 1553198449850 
512 876 625 1553198449858 
512 876 626 1553198449866 
512 876 627 1553198449874 
512 876 628 1553198449882 
512 876 629 1553198449890 
512 874 630 1553198449898 
512 874 632 1553198449906 
512 872 633 1553198449914 
512 871 634 1553198449922 
512 871 635 1553198449930 
512 870 638 1553198449938 
512 869 639 1553198449946 
512 869 640 1553198449954 
512 867 643 1553198449962 
512 867 646 1553198449978 
512 865 647 1553198449986 
512 864 650 1553198449996 
512 864 651 1553198450002 
512 864 653 1553198450010 
512 863 655 1553198450018 
512 863 656 1553198450026 
512 862 657 1553198450034 
512 862 658 1553198450042 
512 862 659 1553198450050 
512 861 659 1553198450058 
512 861 660 1553198450074 
512 860 660 1553198450082 
512 858 660 1553198450123 
512 857 660 1553198450138 
512 856 660 1553198450147 
512 855 659 1553198450155 
512 854 659 1553198450163 
512 852 659 1553198450195 
512 852 658 1553198450203 
512 851 658 1553198450211 
512 850 657 1553198450219 
512 849 657 1553198450235 
512 849 656 1553198450259 
512 848 656 1553198450267 
512 848 655 1553198450315 
512 847 654 1553198450357 
512 847 653 1553198450363 
512 847 652 1553198450379 
512 847 651 1553198450443 
512 846 651 1553198450459 
512 846 650 1553198450475 
513 846 650 1553198450485 
514 846 650 1553198450611 
512 845 650 1553198450722 
512 845 649 1553198450730 
512 844 649 1553198450746 
512 844 648 1553198450754 
512 844 646 1553198450772 
512 842 645 1553198450778 
512 838 637 1553198450810 
512 834 634 1553198450810 
512 832 633 1553198450818 
512 829 629 1553198450826 
512 826 626 1553198450834 
512 822 620 1553198450842 
512 816 611 1553198450850 
512 811 604 1553198450858 
512 804 595 1553198450866 
512 792 587 1553198450874 
512 780 580 1553198450882 
512 760 567 1553198450890 
512 742 557 1553198450898 
512 722 548 1553198450906 
512 701 538 1553198450914 
512 680 524 1553198450922 
512 656 513 1553198450930 
512 631 502 1553198450938 
512 607 487 1553198450946 
512 583 475 1553198450954 
512 551 455 1553198450962 
512 521 438 1553198450970 
512 501 428 1553198450978 
512 485 420 1553198450986 
512 476 414 1553198450994 
512 468 410 1553198451002 
512 464 407 1553198451010 
512 459 405 1553198451018 
512 458 404 1553198451026 
512 456 404 1553198451034 
512 456 402 1553198451099 
512 456 401 1553198451106 
512 456 400 1553198451115 
512 456 399 1553198451122 
512 456 397 1553198451130 
512 456 396 1553198451138 
512 456 391 1553198451147 
512 457 389 1553198451155 
512 459 388 1553198451163 
512 463 387 1553198451171 
512 465 386 1553198451179 
512 469 384 1553198451187 
512 472 384 1553198451195 
512 473 383 1553198451203 
512 474 383 1553198451211 
512 476 382 1553198451219 
512 476 381 1553198451227 
512 477 381 1553198451243 
512 477 380 1553198451251 
512 477 379 1553198451307 
512 477 378 1553198451315 
512 477 377 1553198451339 
512 477 376 1553198451371 
512 477 375 1553198451395 
513 477 375 1553198451443 
512 479 375 1553198451539 
512 479 376 1553198451555 
512 480 376 1553198451563 
512 480 377 1553198451569 
514 480 377 1553198451571 
512 480 378 1553198451579 
512 481 378 1553198451585 
512 481 379 1553198451601 
512 483 379 1553198451618 
512 483 381 1553198451634 
512 484 381 1553198451746 
512 486 381 1553198451762 
512 487 381 1553198451770 
512 490 381 1553198451778 
512 492 381 1553198451786 
512 497 379 1553198451794 
512 508 376 1553198451802 
512 519 370 1553198451810 
512 537 365 1553198451818 
512 554 359 1553198451826 
512 572 350 1553198451834 
512 586 342 1553198451842 
512 599 333 1553198451850 
512 608 326 1553198451858 
512 614 318 1553198451866 
512 619 310 1553198451874 
512 623 301 1553198451882 
512 628 294 1553198451892 
512 630 287 1553198451898 
512 633 278 1553198451906 
512 635 270 1553198451914 
512 639 260 1553198451922 
512 640 251 1553198451930 
512 640 243 1553198451938 
512 641 235 1553198451946 
512 642 225 1553198451954 
512 645 217 1553198451964 
512 647 206 1553198451970 
512 651 196 1553198451978 
512 656 187 1553198451986 
512 660 178 1553198451994 
512 662 171 1553198452002 
512 661 170 1553198452012 
512 661 165 1553198452018 
512 662 163 1553198452026 
512 664 161 1553198452036 
512 665 161 1553198452076 
512 666 161 1553198452090 
512 667 162 1553198452099 
512 668 162 1553198452106 
512 672 164 1553198452114 
512 676 166 1553198452122 
512 681 168 1553198452130 
512 688 171 1553198452138 
512 692 173 1553198452147 
512 697 174 1553198452155 
512 700 176 1553198452163 
512 703 177 1553198452171 
512 706 178 1553198452181 
512 708 180 1553198452187 
512 710 182 1553198452203 
512 713 184 1553198452209 
512 715 186 1553198452219 
512 718 190 1553198452227 
512 720 196 1553198452235 
512 722 200 1553198452243 
512 724 203 1553198452251 
512 725 207 1553198452259 
512 725 208 1553198452267 
512 725 209 1553198452275 
512 725 210 1553198452283 
512 725 211 1553198452291 
512 725 212 1553198452307 
512 724 213 1553198452315 
512 723 213 1553198452339 
512 721 213 1553198452347 
512 720 213 1553198452363 
512 719 213 1553198452371 
512 718 213 1553198452379 
512 717 213 1553198452387 
512 716 213 1553198452411 
512 715 213 1553198452443 
512 713 213 1553198452451 
512 712 213 1553198452459 
512 711 213 1553198452475 
512 710 213 1553198452491 
512 709 213 1553198452507 
512 708 213 1553198452515 
512 707 213 1553198452531 
512 705 213 1553198452547 
512 704 213 1553198452563 
512 703 213 1553198452579 
512 702 213 1553198452585 
512 701 213 1553198452601 
513 701 213 1553198452682 
514 701 213 1553198452786 
512 701 215 1553198452802 
512 701 216 1553198452826 
512 701 219 1553198452834 
512 701 221 1553198452842 
512 701 224 1553198452850 
512 701 228 1553198452858 
512 701 232 1553198452866 
512 701 237 1553198452874 
512 701 243 1553198452882 
512 701 248 1553198452890 
512 701 253 1553198452898 
512 701 264 1553198452906 
512 703 272 1553198452914 
512 707 285 1553198452922 
512 708 294 1553198452930 
512 709 303 1553198452938 
512 710 312 1553198452946 
512 710 322 1553198452954 
512 710 329 1553198452962 
512 710 337 1553198452970 
512 710 343 1553198452978 
512 710 348 1553198452986 
512 712 354 1553198452994 
512 715 361 1553198453002 
512 720 370 1553198453010 
512 730 375 1553198453018 
512 741 379 1553198453026 
512 755 385 1553198453034 
512 766 388 1553198453042 
512 777 390 1553198453050 
512 788 390 1553198453058 
512 796 389 1553198453066 
512 807 387 1553198453074 
512 816 384 1553198453082 
512 826 380 1553198453090 
512 836 376 1553198453097 
512 846 371 1553198453105 
512 854 368 1553198453114 
512 865 364 1553198453121 
512 872 360 1553198453130 
512 879 357 1553198453137 
512 885 354 1553198453147 
512 889 350 1553198453155 
512 891 349 1553198453161 
512 893 347 1553198453171 
512 896 346 1553198453177 
512 898 346 1553198453185 
512 899 344 1553198453195 
512 901 343 1553198453203 
512 905 343 1553198453211 
512 908 343 1553198453219 
512 911 343 1553198453227 
512 913 343 1553198453235 
512 914 343 1553198453243 
512 915 343 1553198453249 
512 916 343 1553198453259 
512 918 343 1553198453267 
512 918 344 1553198453275 
512 920 345 1553198453283 
512 924 347 1553198453291 
512 925 347 1553198453299 
512 926 349 1553198453307 
512 927 349 1553198453315 
512 928 351 1553198453321 
512 928 353 1553198453331 
512 928 357 1553198453337 
512 928 359 1553198453347 
512 928 361 1553198453353 
512 928 363 1553198453363 
512 928 364 1553198453371 
512 928 365 1553198453379 
512 928 367 1553198453387 
512 928 368 1553198453395 
512 928 369 1553198453411 
512 928 370 1553198453417 
512 928 372 1553198453433 
512 928 373 1553198453441 
512 928 374 1553198453459 
512 928 375 1553198453467 
512 928 376 1553198453513 
513 928 376 1553198453573 
514 928 376 1553198453658 
512 928 378 1553198453666 
512 928 379 1553198453674 
512 928 380 1553198453682 
512 928 382 1553198453690 
512 926 384 1553198453706 
512 925 386 1553198453706 
512 922 388 1553198453714 
512 920 391 1553198453722 
512 917 392 1553198453730 
512 914 395 1553198453738 
512 910 398 1553198453746 
512 905 400 1553198453754 
512 897 403 1553198453762 
512 887 408 1553198453770 
512 875 409 1553198453778 
512 862 410 1553198453786 
512 847 410 1553198453794 
512 829 410 1553198453802 
512 813 414 1553198453810 
512 800 414 1553198453818 
512 786 416 1553198453826 
512 774 417 1553198453834 
512 762 419 1553198453842 
512 753 419 1553198453850 
512 743 421 1553198453860 
512 738 422 1553198453866 
512 733 423 1553198453874 
512 730 426 1553198453882 
512 728 428 1553198453890 
512 724 431 1553198453898 
512 721 433 1553198453906 
512 718 437 1553198453914 
512 713 440 1553198453922 
512 707 444 1553198453930 
512 702 451 1553198453938 
512 692 456 1553198453946 
512 682 462 1553198453954 
512 671 468 1553198453962 
512 660 477 1553198453970 
512 648 487 1553198453978 
512 636 496 1553198453986 
512 622 511 1553198453994 
512 612 522 1553198454002 
512 603 530 1553198454010 
512 596 542 1553198454018 
512 589 553 1553198454026 
512 583 564 1553198454034 
512 579 571 1553198454042 
512 577 578 1553198454050 
512 575 586 1553198454058 
512 573 591 1553198454066 
512 571 597 1553198454074 
512 570 601 1553198454082 
512 568 605 1553198454090 
512 567 608 1553198454098 
512 566 609 1553198454106 
512 565 611 1553198454113 
512 564 612 1553198454122 
512 564 613 1553198454163 
512 564 614 1553198454179 
512 563 615 1553198454185 
512 563 616 1553198454203 
512 563 617 1553198454211 
512 562 618 1553198454219 
512 562 620 1553198454235 
512 561 620 1553198454241 
512 561 621 1553198454249 
512 561 623 1553198454259 
512 561 624 1553198454273 
512 561 625 1553198454283 
512 561 626 1553198454291 
512 561 628 1553198454299 
512 561 629 1553198454315 
512 561 630 1553198454323 
512 561 631 1553198454331 
512 561 632 1553198454339 
512 561 633 1553198454355 
512 561 634 1553198454363 
512 561 635 1553198454371 
512 561 636 1553198454387 
512 561 637 1553198454395 
512 561 638 1553198454403 
512 561 639 1553198454419 
512 561 640 1553198454443 
512 561 641 1553198454459 
513 561 641 1553198454469 
512 561 642 1553198454503 
512 561 643 1553198454523 
514 561 643 1553198454594 
512 561 641 1553198454650 
512 561 639 1553198454658 
512 561 636 1553198454666 
512 564 631 1553198454684 
512 564 628 1553198454690 
512 565 625 1553198454698 
512 567 620 1553198454706 
512 572 613 1553198454714 
512 574 607 1553198454722 
512 577 599 1553198454730 
512 578 593 1553198454738 
512 579 586 1553198454746 
512 582 574 1553198454754 
512 584 563 1553198454762 
512 589 553 1553198454770 
512 594 541 1553198454778 
512 602 530 1553198454786 
512 610 520 1553198454794 
512 617 511 1553198454802 
512 623 505 1553198454810 
512 633 499 1553198454818 
512 643 496 1553198454826 
512 652 495 1553198454834 
512 665 495 1553198454842 
512 682 495 1553198454850 
512 706 500 1553198454858 
512 722 503 1553198454866 
512 736 508 1553198454874 
512 748 514 1553198454882 
512 757 519 1553198454890 
512 768 525 1553198454898 
512 775 530 1553198454906 
512 779 536 1553198454914 
512 783 542 1553198454922 
512 787 547 1553198454930 
512 790 554 1553198454938 
512 791 559 1553198454946 
512 794 564 1553198454954 
512 796 570 1553198454962 
512 799 575 1553198454970 
512 801 580 1553198454978 
512 804 585 1553198454986 
512 807 587 1553198454994 
512 809 592 1553198455002 
512 811 595 1553198455010 
512 815 599 1553198455018 
512 816 604 1553198455026 
512 821 607 1553198455034 
512 825 611 1553198455042 
512 829 613 1553198455050 
512 833 615 1553198455060 
512 836 616 1553198455066 
512 838 618 1553198455074 
512 840 618 1553198455084 
512 841 619 1553198455098 
512 842 620 1553198455106 
512 843 620 1553198455122 
512 843 621 1553198455130 
512 845 621 1553198455147 
512 847 623 1553198455155 
512 849 624 1553198455163 
512 852 626 1553198455171 
512 854 627 1553198455179 
512 855 627 1553198455187 
512 856 628 1553198455195 
512 857 629 1553198455219 
512 857 630 1553198455227 
512 857 631 1553198455235 
512 857 633 1553198455251 
512 856 634 1553198455259 
512 855 636 1553198455267 
512 855 637 1553198455275 
512 854 640 1553198455283 
512 853 641 1553198455291 
512 852 643 1553198455299 
512 850 645 1553198455307 
512 850 646 1553198455323 
512 849 647 1553198455331 
512 849 648 1553198455339 
512 847 649 1553198455347 
512 847 650 1553198455355 
512 846 652 1553198455363 
512 845 652 1553198455369 
512 845 653 1553198455379 
512 843 653 1553198455387 
512 842 654 1553198455395 
512 842 655 1553198455403 
512 841 655 1553198455411 
512 840 655 1553198455435 
512 840 654 1553198455467 
512 840 653 1553198455515 
513 840 653 1553198455541 
512 840 652 1553198455650 
514 840 652 1553198455652 
512 840 651 1553198455714 
512 840 650 1553198455770 
512 840 649 1553198455810 
512 840 648 1553198455836 
512 841 647 1553198455870 
512 841 646 1553198455882 
512 842 646 1553198455890 
512 842 645 1553198455914 
512 843 645 1553198455922 
512 843 644 1553198455946 
512 844 644 1553198455962 
513 844 644 1553198456022 
512 844 643 1553198456074 
514 844 643 1553198456130 
512 843 643 1553198456217 
512 842 643 1553198456227 
512 841 642 1553198456235 
512 840 642 1553198456241 
512 838 640 1553198456249 
512 835 638 1553198456267 
512 831 637 1553198456273 
512 828 634 1553198456283 
512 823 632 1553198456289 
512 820 630 1553198456297 
512 817 629 1553198456307 
512 813 625 1553198456315 
512 811 624 1553198456321 
512 809 622 1553198456331 
512 807 621 1553198456337 
512 807 619 1553198456347 
512 807 618 1553198456353 
512 808 614 1553198456363 
512 812 610 1553198456371 
512 819 604 1553198456379 
512 826 598 1553198456385 
512 835 591 1553198456395 
512 844 583 1553198456403 
512 854 577 1553198456411 
512 862 571 1553198456417 
512 871 564 1553198456427 
512 881 555 1553198456433 
512 894 539 1553198456441 
512 906 525 1553198456451 
512 917 508 1553198456459 
512 927 490 1553198456467 
512 933 475 1553198456475 
512 941 460 1553198456483 
512 946 449 1553198456491 
512 946 443 1553198456499 
512 946 435 1553198456507 
512 946 430 1553198456515 
512 946 424 1553198456523 
512 946 421 1553198456531 
512 946 420 1553198456539 
512 946 419 1553198456555 
512 946 418 1553198456579 
512 944 418 1553198456610 
512 943 418 1553198456627 
512 943 417 1553198456642 
512 941 416 1553198456650 
512 940 415 1553198456666 
512 939 413 1553198456674 
512 938 413 1553198456682 
512 937 411 1553198456690 
512 936 410 1553198456698 
512 935 409 1553198456706 
512 934 409 1553198456714 
512 934 407 1553198456722 
512 932 407 1553198456730 
512 932 406 1553198456738 
512 931 405 1553198456746 
512 931 404 1553198456754 
512 931 402 1553198456762 
512 930 401 1553198456770 
512 929 399 1553198456778 
512 929 398 1553198456786 
512 929 396 1553198456802 
512 929 395 1553198456826 
512 929 394 1553198456842 
512 929 393 1553198456850 
512 929 392 1553198456884 
512 929 391 1553198456922 
512 929 389 1553198456938 
512 929 388 1553198456954 
512 929 387 1553198456962 
512 929 386 1553198456970 
512 929 385 1553198456988 
512 929 384 1553198457050 
513 929 384 1553198457062 
512 929 383 1553198457092 
514 929 383 1553198457203 
512 929 384 1553198457275 
512 929 386 1553198457283 
512 927 390 1553198457291 
512 920 407 1553198457321 
512 917 415 1553198457321 
512 913 422 1553198457331 
512 909 428 1553198457339 
512 903 433 1553198457347 
512 897 438 1553198457353 
512 892 442 1553198457361 
512 886 446 1553198457371 
512 881 449 1553198457379 
512 877 450 1553198457387 
512 873 450 1553198457395 
512 871 450 1553198457403 
512 867 450 1553198457411 
512 863 450 1553198457417 
512 855 449 1553198457427 
512 846 449 1553198457435 
512 836 449 1553198457443 
512 825 450 1553198457451 
512 814 454 1553198457459 
512 805 461 1553198457467 
512 797 466 1553198457475 
512 789 473 1553198457483 
512 781 480 1553198457491 
512 774 485 1553198457499 
512 768 489 1553198457505 
512 760 494 1553198457515 
512 754 496 1553198457523 
512 749 498 1553198457531 
512 746 498 1553198457539 
512 742 498 1553198457547 
512 738 496 1553198457555 
512 733 492 1553198457563 
512 723 485 1553198457571 
512 712 476 1553198457579 
512 693 465 1553198457587 
512 663 443 1553198457594 
512 629 425 1553198457603 
512 600 412 1553198457610 
512 577 403 1553198457618 
512 563 398 1553198457626 
512 552 395 1553198457635 
512 540 395 1553198457642 
512 530 395 1553198457650 
512 523 395 1553198457658 
512 516 395 1553198457666 
512 512 398 1553198457674 
512 509 398 1553198457682 
512 507 400 1553198457690 
512 506 401 1553198457698 
512 506 403 1553198457706 
512 504 403 1553198457714 
512 503 404 1553198457722 
512 502 405 1553198457730 
512 499 405 1553198457738 
512 498 405 1553198457746 
512 494 405 1553198457754 
512 490 405 1553198457762 
512 488 405 1553198457770 
512 486 405 1553198457778 
512 485 405 1553198457786 
512 485 404 1553198457818 
512 485 403 1553198457858 
512 485 402 1553198457874 
512 485 401 1553198457890 
512 484 399 1553198457898 
512 482 397 1553198457906 
512 482 395 1553198457914 
512 482 394 1553198457922 
512 482 392 1553198457930 
512 482 391 1553198457946 
512 482 389 1553198457962 
512 480 387 1553198457978 
512 479 386 1553198457994 
512 479 385 1553198458002 
512 479 384 1553198458010 
512 477 383 1553198458018 
512 477 382 1553198458026 
512 476 381 1553198458034 
512 475 381 1553198458042 
512 474 380 1553198458052 
512 474 379 1553198458115 
513 474 379 1553198458117 
514 474 379 1553198458243 
512 474 380 1553198458267 
512 475 382 1553198458273 
512 475 384 1553198458281 
512 478 393 1553198458301 
512 482 397 1553198458307 
512 484 404 1553198458315 
512 488 412 1553198458321 
512 492 418 1553198458331 
512 495 426 1553198458339 
512 500 433 1553198458347 
512 502 439 1553198458355 
512 507 449 1553198458363 
512 511 456 1553198458371 
512 517 465 1553198458379 
512 522 472 1553198458385 
512 527 478 1553198458393 
512 531 481 1553198458405 
512 536 484 1553198458411 
512 538 485 1553198458419 
512 542 486 1553198458427 
512 543 486 1553198458435 
512 544 486 1553198458459 
512 544 487 1553198458467 
512 544 489 1553198458475 
512 546 492 1553198458483 
512 549 496 1553198458491 
512 554 501 1553198458499 
512 557 506 1553198458507 
512 561 512 1553198458515 
512 568 518 1553198458523 
512 571 526 1553198458531 
512 573 533 1553198458539 
512 574 541 1553198458547 
512 574 549 1553198458555 
512 575 558 1553198458563 
512 577 570 1553198458571 
512 578 578 1553198458579 
512 579 588 1553198458587 
512 579 595 1553198458594 
512 579 600 1553198458602 
512 580 607 1553198458610 
512 580 611 1553198458618 
512 580 615 1553198458626 
512 580 618 1553198458634 
512 580 621 1553198458644 
512 580 623 1553198458650 
512 580 627 1553198458660 
512 580 629 1553198458666 
512 580 632 1553198458674 
512 580 634 1553198458682 
512 580 635 1553198458698 
512 580 638 1553198458706 
512 580 640 1553198458714 
512 580 642 1553198458722 
512 578 643 1553198458732 
512 577 646 1553198458738 
512 576 646 1553198458746 
512 575 646 1553198458754 
512 575 647 1553198458762 
512 574 647 1553198458804 
512 573 647 1553198458818 
512 571 647 1553198458836 
512 569 647 1553198458850 
512 568 647 1553198458868 
512 566 646 1553198458874 
512 564 646 1553198458882 
512 563 646 1553198458890 
512 561 646 1553198458898 
512 559 646 1553198458906 
512 558 646 1553198458922 
512 557 646 1553198458938 
512 556 646 1553198458946 
512 555 645 1553198458970 
513 555 645 1553198459068 
514 555 645 1553198459147 
512 557 645 1553198459195 
512 558 644 1553198459203 
512 561 642 1553198459209 
512 568 636 1553198459229 
512 573 632 1553198459233 
512 578 629 1553198459241 
512 580 625 1553198459251 
512 581 621 1553198459259 
512 583 616 1553198459267 
512 583 611 1553198459273 
512 583 605 1553198459283 
512 583 600 1553198459291 
512 583 595 1553198459299 
512 584 589 1553198459307 
512 588 579 1553198459315 
512 593 571 1553198459323 
512 598 561 1553198459331 
512 601 550 1553198459339 
512 604 543 1553198459347 
512 604 536 1553198459355 
512 606 530 1553198459363 
512 607 526 1553198459371 
512 609 520 1553198459377 
512 609 516 1553198459387 
512 611 509 1553198459395 
512 613 501 1553198459401 
512 619 490 1553198459411 
512 627 477 1553198459419 
512 630 464 1553198459427 
512 639 450 1553198459435 
512 640 432 1553198459441 
512 642 419 1553198459451 
512 644 406 1553198459459 
512 644 395 1553198459467 
512 645 387 1553198459475 
512 645 376 1553198459483 
512 645 368 1553198459489 
512 645 360 1553198459497 
512 646 353 1553198459505 
512 647 346 1553198459515 
512 648 341 1553198459523 
512 650 336 1553198459531 
512 652 330 1553198459539 
512 655 324 1553198459547 
512 658 321 1553198459555 
512 661 317 1553198459563 
512 664 313 1553198459571 
512 667 309 1553198459579 
512 670 305 1553198459587 
512 672 300 1553198459594 
512 675 295 1553198459602 
512 678 289 1553198459610 
512 681 283 1553198459618 
512 683 276 1553198459626 
512 685 269 1553198459634 
512 687 265 1553198459642 
512 688 262 1553198459650 
512 688 259 1553198459658 
512 689 256 1553198459666 
512 690 251 1553198459674 
512 690 248 1553198459682 
512 691 245 1553198459690 
512 692 241 1553198459698 
512 692 238 1553198459706 
512 692 234 1553198459714 
512 692 230 1553198459722 
512 692 227 1553198459730 
512 692 223 1553198459738 
512 692 221 1553198459746 
512 693 217 1553198459754 
512 694 213 1553198459764 
512 695 210 1553198459770 
512 696 206 1553198459780 
512 696 202 1553198459786 
512 696 198 1553198459794 
512 696 193 1553198459802 
512 696 191 1553198459810 
512 696 189 1553198459818 
512 696 186 1553198459826 
512 696 185 1553198459834 
512 696 183 1553198459842 
512 696 182 1553198459860 
512 696 181 1553198459866 
512 696 182 1553198459954 
512 696 184 1553198459972 
512 696 186 1553198459978 
512 696 187 1553198459986 
512 696 189 1553198459994 
512 696 191 1553198460004 
512 696 193 1553198460010 
512 696 195 1553198460018 
512 696 196 1553198460026 
512 696 198 1553198460034 
512 696 199 1553198460042 
512 696 201 1553198460050 
512 696 203 1553198460058 
512 696 204 1553198460066 
512 696 205 1553198460074 
512 696 207 1553198460082 
512 696 209 1553198460090 
512 696 211 1553198460098 
512 696 212 1553198460105 
512 696 213 1553198460114 
512 696 214 1553198460130 
512 696 215 1553198460137 
512 696 214 1553198460251 
513 696 214 1553198460251 
512 696 213 1553198460273 
514 696 213 1553198460363 
