512 701 219 1553198470409 
512 702 223 1553198470417 
512 704 225 1553198470427 
512 707 231 1553198470435 
512 709 237 1553198470443 
512 713 247 1553198470451 
512 716 258 1553198470457 
512 718 270 1553198470465 
512 721 280 1553198470475 
512 721 295 1553198470483 
512 722 308 1553198470489 
512 724 321 1553198470499 
512 724 335 1553198470507 
512 724 348 1553198470515 
512 724 361 1553198470521 
512 724 374 1553198470529 
512 724 389 1553198470537 
512 727 402 1553198470545 
512 730 414 1553198470553 
512 732 428 1553198470561 
512 737 440 1553198470569 
512 741 451 1553198470579 
512 745 462 1553198470587 
512 747 473 1553198470594 
512 750 485 1553198470602 
512 754 495 1553198470609 
512 760 505 1553198470618 
512 763 512 1553198470625 
512 765 516 1553198470633 
512 768 521 1553198470642 
512 769 527 1553198470650 
512 773 533 1553198470658 
512 777 539 1553198470666 
512 780 546 1553198470674 
512 783 549 1553198470682 
512 786 555 1553198470690 
512 790 559 1553198470698 
512 791 559 1553198470714 
512 793 563 1553198470722 
512 795 566 1553198470730 
512 797 570 1553198470738 
512 799 572 1553198470746 
512 800 575 1553198470754 
512 801 577 1553198470762 
512 801 578 1553198470770 
512 802 580 1553198470778 
512 803 583 1553198470786 
512 804 584 1553198470794 
512 805 586 1553198470802 
512 807 588 1553198470810 
512 808 591 1553198470818 
512 810 593 1553198470826 
512 811 595 1553198470834 
512 811 597 1553198470842 
512 813 600 1553198470850 
512 814 602 1553198470858 
512 816 604 1553198470866 
512 816 606 1553198470874 
512 818 608 1553198470882 
512 820 611 1553198470890 
512 820 613 1553198470898 
512 822 614 1553198470906 
512 822 617 1553198470914 
512 822 619 1553198470922 
512 823 620 1553198470930 
512 823 623 1553198470938 
512 824 624 1553198470946 
512 826 626 1553198470954 
512 827 627 1553198470962 
512 827 629 1553198470970 
512 828 630 1553198470978 
512 829 631 1553198470986 
512 829 634 1553198470994 
512 830 636 1553198471002 
512 831 637 1553198471010 
512 831 638 1553198471018 
512 832 639 1553198471026 
512 832 640 1553198471034 
512 832 642 1553198471042 
512 833 642 1553198471058 
512 834 643 1553198471066 
512 834 644 1553198471082 
512 834 645 1553198471098 
512 835 645 1553198471106 
512 836 646 1553198471122 
513 836 646 1553198471211 
512 837 646 1553198471241 
514 837 646 1553198471307 
512 836 646 1553198471467 
512 834 645 1553198471483 
512 832 645 1553198471491 
512 829 644 1553198471499 
512 813 637 1553198471531 
512 802 634 1553198471531 
512 787 629 1553198471539 
512 761 620 1553198471547 
512 736 609 1553198471553 
512 711 601 1553198471563 
512 686 593 1553198471571 
512 661 584 1553198471577 
512 643 576 1553198471587 
512 625 566 1553198471593 
512 614 559 1553198471601 
512 597 549 1553198471610 
512 587 538 1553198471617 
512 573 527 1553198471626 
512 562 519 1553198471634 
512 551 512 1553198471642 
512 542 503 1553198471650 
512 535 500 1553198471658 
512 531 494 1553198471666 
512 527 489 1553198471674 
512 524 482 1553198471682 
512 520 476 1553198471690 
512 516 468 1553198471698 
512 512 459 1553198471706 
512 506 454 1553198471714 
512 500 448 1553198471722 
512 494 442 1553198471730 
512 484 436 1553198471738 
512 475 429 1553198471746 
512 466 425 1553198471754 
512 457 418 1553198471762 
512 451 414 1553198471770 
512 445 410 1553198471778 
512 441 408 1553198471786 
512 440 403 1553198471794 
512 438 399 1553198471802 
512 438 396 1553198471810 
512 438 394 1553198471818 
512 438 392 1553198471826 
512 437 389 1553198471834 
512 437 387 1553198471842 
512 437 385 1553198471850 
512 437 384 1553198471858 
512 437 383 1553198471876 
512 439 382 1553198471882 
512 440 381 1553198471898 
512 441 381 1553198471914 
512 443 381 1553198471930 
512 445 381 1553198471954 
512 448 381 1553198471970 
512 449 381 1553198471978 
512 451 381 1553198471986 
512 453 381 1553198471994 
512 456 381 1553198472002 
512 459 381 1553198472010 
512 461 381 1553198472018 
512 462 382 1553198472026 
512 463 382 1553198472034 
512 465 382 1553198472042 
512 466 382 1553198472050 
512 467 382 1553198472066 
512 468 382 1553198472074 
512 469 382 1553198472082 
512 469 381 1553198472098 
512 470 379 1553198472106 
512 472 378 1553198472114 
512 473 377 1553198472121 
512 475 377 1553198472130 
512 477 374 1553198472137 
512 478 373 1553198472155 
512 480 372 1553198472187 
513 480 372 1553198472253 
514 480 372 1553198472379 
512 481 371 1553198472569 
512 483 372 1553198472579 
512 485 373 1553198472587 
512 529 372 1553198472619 
512 550 369 1553198472626 
512 563 366 1553198472634 
512 574 362 1553198472642 
512 593 353 1553198472650 
512 603 352 1553198472658 
512 620 343 1553198472666 
512 633 335 1553198472674 
512 641 329 1553198472682 
512 646 324 1553198472690 
512 651 317 1553198472698 
512 653 311 1553198472706 
512 656 303 1553198472714 
512 658 297 1553198472722 
512 659 288 1553198472730 
512 659 280 1553198472738 
512 660 273 1553198472746 
512 661 266 1553198472754 
512 662 259 1553198472762 
512 663 252 1553198472770 
512 665 248 1553198472778 
512 667 242 1553198472786 
512 669 237 1553198472794 
512 670 234 1553198472802 
512 671 231 1553198472810 
512 674 226 1553198472818 
512 674 225 1553198472826 
512 676 223 1553198472834 
512 677 221 1553198472842 
512 679 219 1553198472858 
512 680 218 1553198472866 
512 681 217 1553198472874 
512 684 215 1553198472882 
512 686 213 1553198472890 
512 687 212 1553198472898 
512 689 211 1553198472906 
512 689 210 1553198472914 
512 689 209 1553198472922 
512 690 209 1553198472978 
512 692 209 1553198473026 
512 693 209 1553198473042 
512 694 209 1553198473058 
512 695 209 1553198473066 
512 696 209 1553198473074 
512 698 209 1553198473089 
512 699 209 1553198473106 
512 700 209 1553198473145 
513 700 209 1553198473187 
514 700 209 1553198473275 
512 704 210 1553198473355 
512 705 213 1553198473363 
512 711 218 1553198473369 
512 716 224 1553198473377 
512 724 233 1553198473385 
512 734 241 1553198473393 
512 745 249 1553198473401 
512 754 254 1553198473411 
512 764 261 1553198473419 
512 770 266 1553198473425 
512 777 270 1553198473433 
512 782 277 1553198473441 
512 787 281 1553198473451 
512 792 287 1553198473457 
512 795 292 1553198473467 
512 799 297 1553198473475 
512 804 304 1553198473483 
512 807 311 1553198473491 
512 810 320 1553198473499 
512 816 328 1553198473505 
512 822 338 1553198473515 
512 829 348 1553198473521 
512 839 358 1553198473531 
512 849 364 1553198473539 
512 857 368 1553198473547 
512 866 372 1553198473555 
512 874 372 1553198473563 
512 883 372 1553198473571 
512 890 372 1553198473579 
512 894 372 1553198473585 
512 897 372 1553198473594 
512 898 372 1553198473602 
512 899 372 1553198473626 
512 900 371 1553198473642 
512 900 370 1553198473650 
512 901 369 1553198473658 
512 902 367 1553198473666 
512 902 364 1553198473674 
512 902 361 1553198473682 
512 903 360 1553198473690 
512 903 359 1553198473698 
512 903 358 1553198473706 
512 904 358 1553198473722 
512 905 358 1553198473762 
512 906 358 1553198473778 
512 906 359 1553198473786 
512 907 360 1553198473794 
512 908 362 1553198473802 
512 910 363 1553198473810 
512 911 365 1553198473818 
512 914 369 1553198473826 
512 915 370 1553198473834 
512 916 373 1553198473842 
512 918 374 1553198473850 
512 919 376 1553198473858 
512 921 376 1553198473866 
512 923 378 1553198473874 
512 924 379 1553198473890 
512 925 379 1553198473970 
512 926 379 1553198473978 
512 927 379 1553198474002 
512 928 379 1553198474034 
513 928 379 1553198474076 
514 928 379 1553198474163 
512 928 380 1553198474243 
512 927 381 1553198474251 
512 925 383 1553198474259 
512 923 385 1553198474267 
512 907 400 1553198474297 
512 899 406 1553198474299 
512 891 415 1553198474305 
512 882 424 1553198474315 
512 871 431 1553198474323 
512 859 440 1553198474331 
512 847 449 1553198474337 
512 827 460 1553198474345 
512 811 467 1553198474355 
512 795 477 1553198474363 
512 779 486 1553198474369 
512 768 494 1553198474377 
512 751 504 1553198474385 
512 738 513 1553198474395 
512 719 523 1553198474403 
512 704 530 1553198474409 
512 686 539 1553198474419 
512 670 548 1553198474427 
512 653 554 1553198474433 
512 630 564 1553198474441 
512 615 571 1553198474451 
512 602 578 1553198474459 
512 593 585 1553198474467 
512 587 592 1553198474475 
512 582 597 1553198474481 
512 579 602 1553198474491 
512 577 608 1553198474499 
512 576 612 1553198474507 
512 574 617 1553198474515 
512 572 621 1553198474523 
512 571 624 1553198474531 
512 570 627 1553198474539 
512 570 629 1553198474547 
512 569 631 1553198474553 
512 569 632 1553198474563 
512 568 634 1553198474571 
512 568 635 1553198474579 
512 568 637 1553198474602 
512 568 638 1553198474618 
512 568 640 1553198474634 
512 568 641 1553198474642 
512 568 642 1553198474658 
512 568 643 1553198474666 
512 567 644 1553198474708 
512 566 645 1553198474762 
513 566 645 1553198474860 
514 566 645 1553198474938 
512 566 644 1553198475082 
512 566 642 1553198475105 
512 567 641 1553198475122 
512 568 638 1553198475129 
512 599 627 1553198475165 
512 615 622 1553198475169 
512 633 618 1553198475179 
512 647 615 1553198475185 
512 659 613 1553198475193 
512 671 613 1553198475201 
512 683 612 1553198475211 
512 694 612 1553198475217 
512 707 612 1553198475225 
512 719 615 1553198475233 
512 733 617 1553198475241 
512 744 622 1553198475249 
512 753 622 1553198475257 
512 761 621 1553198475267 
512 769 621 1553198475275 
512 775 621 1553198475283 
512 780 623 1553198475291 
512 783 623 1553198475297 
512 784 624 1553198475307 
512 785 625 1553198475313 
512 786 626 1553198475321 
512 787 627 1553198475329 
512 788 627 1553198475339 
512 790 628 1553198475345 
512 793 628 1553198475355 
512 798 628 1553198475361 
512 802 628 1553198475371 
512 806 628 1553198475377 
512 808 628 1553198475385 
512 812 628 1553198475395 
512 813 628 1553198475401 
512 816 627 1553198475409 
512 817 627 1553198475427 
512 818 627 1553198475441 
512 820 628 1553198475459 
512 821 629 1553198475467 
512 823 630 1553198475475 
512 825 630 1553198475481 
512 825 632 1553198475489 
512 827 632 1553198475497 
512 828 633 1553198475513 
512 828 634 1553198475523 
512 830 634 1553198475531 
512 830 635 1553198475537 
512 831 635 1553198475553 
512 831 636 1553198475579 
512 831 637 1553198475642 
512 832 637 1553198475650 
512 832 638 1553198475658 
512 833 639 1553198475666 
512 833 640 1553198475698 
512 834 640 1553198475730 
513 834 640 1553198475804 
514 834 640 1553198475898 
512 833 638 1553198476058 
512 831 637 1553198476066 
512 827 634 1553198476076 
512 800 623 1553198476102 
512 789 619 1553198476105 
512 780 616 1553198476114 
512 771 610 1553198476121 
512 765 609 1553198476129 
512 762 605 1553198476138 
512 761 602 1553198476145 
512 763 596 1553198476153 
512 770 587 1553198476161 
512 783 579 1553198476169 
512 795 571 1553198476179 
512 803 563 1553198476185 
512 818 556 1553198476195 
512 829 549 1553198476201 
512 843 544 1553198476211 
512 856 538 1553198476217 
512 866 532 1553198476225 
512 874 528 1553198476233 
512 882 522 1553198476243 
512 888 518 1553198476251 
512 892 511 1553198476257 
512 895 503 1553198476267 
512 899 496 1553198476275 
512 901 489 1553198476283 
512 905 482 1553198476291 
512 907 474 1553198476297 
512 909 467 1553198476307 
512 912 462 1553198476315 
512 915 455 1553198476323 
512 917 449 1553198476329 
512 918 442 1553198476339 
512 918 438 1553198476347 
512 919 431 1553198476355 
512 919 427 1553198476363 
512 919 424 1553198476371 
512 919 421 1553198476377 
512 919 418 1553198476387 
512 919 417 1553198476395 
512 920 414 1553198476403 
512 920 412 1553198476409 
512 920 410 1553198476419 
512 923 406 1553198476427 
512 924 405 1553198476435 
512 924 402 1553198476443 
512 924 399 1553198476449 
512 925 397 1553198476459 
512 926 394 1553198476465 
512 927 392 1553198476475 
512 929 389 1553198476483 
512 931 387 1553198476491 
512 933 385 1553198476499 
512 933 384 1553198476507 
512 934 381 1553198476513 
512 936 379 1553198476523 
512 936 377 1553198476531 
512 937 375 1553198476537 
512 938 373 1553198476545 
512 938 372 1553198476555 
512 938 371 1553198476563 
512 939 370 1553198476577 
512 940 369 1553198476585 
513 940 369 1553198476708 
514 940 369 1553198476794 
512 940 368 1553198476890 
512 939 368 1553198476914 
512 938 369 1553198476930 
512 937 369 1553198477002 
512 936 369 1553198477010 
512 936 371 1553198477018 
512 935 371 1553198477026 
512 934 372 1553198477058 
512 934 373 1553198477066 
512 933 373 1553198477074 
512 932 373 1553198477089 
513 932 373 1553198477131 
514 932 373 1553198477251 
512 931 374 1553198477371 
512 927 376 1553198477379 
512 907 388 1553198477413 
512 904 392 1553198477417 
512 898 394 1553198477425 
512 891 396 1553198477435 
512 886 398 1553198477441 
512 878 404 1553198477451 
512 872 406 1553198477457 
512 861 411 1553198477465 
512 851 415 1553198477473 
512 841 421 1553198477481 
512 829 424 1553198477491 
512 817 430 1553198477497 
512 799 436 1553198477505 
512 777 444 1553198477515 
512 758 448 1553198477521 
512 739 452 1553198477529 
512 714 453 1553198477537 
512 695 453 1553198477547 
512 673 453 1553198477555 
512 651 453 1553198477561 
512 635 453 1553198477571 
512 622 453 1553198477579 
512 609 452 1553198477585 
512 600 450 1553198477594 
512 596 449 1553198477602 
512 591 447 1553198477610 
512 590 446 1553198477618 
512 588 443 1553198477626 
512 586 443 1553198477633 
512 584 440 1553198477642 
512 582 438 1553198477650 
512 580 435 1553198477658 
512 577 433 1553198477666 
512 575 431 1553198477674 
512 571 427 1553198477682 
512 568 425 1553198477690 
512 562 420 1553198477698 
512 557 417 1553198477706 
512 550 413 1553198477714 
512 544 409 1553198477722 
512 535 405 1553198477730 
512 530 404 1553198477738 
512 524 402 1553198477746 
512 521 400 1553198477754 
512 515 400 1553198477762 
512 514 399 1553198477770 
512 510 398 1553198477778 
512 507 397 1553198477786 
512 502 397 1553198477794 
512 501 397 1553198477802 
512 500 398 1553198477810 
512 498 397 1553198477826 
512 497 396 1553198477842 
512 495 395 1553198477850 
512 492 394 1553198477866 
512 491 394 1553198477874 
512 489 392 1553198477882 
512 488 392 1553198477890 
512 487 391 1553198477898 
512 486 390 1553198477906 
512 485 390 1553198477930 
512 485 389 1553198477938 
512 484 389 1553198477946 
512 483 389 1553198477954 
512 482 388 1553198477962 
512 481 387 1553198477970 
512 480 386 1553198477986 
512 479 386 1553198477994 
512 477 383 1553198478002 
512 477 382 1553198478010 
512 475 382 1553198478018 
512 475 381 1553198478026 
512 474 381 1553198478050 
512 474 380 1553198478090 
513 474 380 1553198478093 
514 474 380 1553198478211 
512 475 382 1553198478539 
512 479 385 1553198478547 
512 496 409 1553198478581 
512 500 419 1553198478585 
512 504 429 1553198478594 
512 513 442 1553198478601 
512 520 457 1553198478610 
512 528 469 1553198478618 
512 537 483 1553198478626 
512 541 494 1553198478633 
512 546 505 1553198478642 
512 548 516 1553198478650 
512 549 530 1553198478658 
512 552 539 1553198478666 
512 552 552 1553198478674 
512 553 566 1553198478682 
512 554 575 1553198478690 
512 558 585 1553198478698 
512 560 594 1553198478706 
512 562 603 1553198478714 
512 563 611 1553198478722 
512 564 618 1553198478730 
512 564 625 1553198478738 
512 564 631 1553198478746 
512 566 631 1553198478754 
512 568 635 1553198478762 
512 568 638 1553198478770 
512 568 641 1553198478778 
512 568 643 1553198478786 
512 568 646 1553198478794 
512 568 650 1553198478802 
512 568 651 1553198478814 
512 568 653 1553198478818 
512 568 654 1553198478826 
512 568 655 1553198478834 
512 568 656 1553198478890 
512 567 656 1553198478954 
512 567 655 1553198478962 
512 566 655 1553198478970 
512 566 654 1553198478978 
512 566 653 1553198478994 
512 566 652 1553198479042 
513 566 652 1553198479132 
514 566 652 1553198479249 
512 566 650 1553198479499 
512 568 649 1553198479507 
512 573 643 1553198479513 
512 594 625 1553198479547 
512 598 617 1553198479547 
512 604 608 1553198479553 
512 609 598 1553198479561 
512 615 586 1553198479569 
512 618 573 1553198479577 
512 622 559 1553198479585 
512 624 542 1553198479593 
512 630 527 1553198479601 
512 633 502 1553198479609 
512 636 479 1553198479617 
512 639 455 1553198479625 
512 642 430 1553198479633 
512 643 407 1553198479642 
512 646 381 1553198479650 
512 646 362 1553198479658 
512 648 337 1553198479666 
512 649 315 1553198479674 
512 652 297 1553198479682 
512 657 280 1553198479690 
512 660 268 1553198479698 
512 665 254 1553198479706 
512 674 234 1553198479714 
512 680 224 1553198479722 
512 684 215 1553198479730 
512 687 211 1553198479738 
512 690 206 1553198479746 
512 692 204 1553198479754 
512 693 201 1553198479762 
512 695 201 1553198479770 
512 696 200 1553198479778 
512 697 200 1553198479786 
512 697 199 1553198479794 
512 698 198 1553198479802 
512 698 197 1553198479842 
512 698 199 1553198480002 
512 698 200 1553198480026 
512 698 202 1553198480034 
512 697 203 1553198480042 
512 697 205 1553198480050 
512 695 205 1553198480058 
512 695 207 1553198480066 
513 695 207 1553198480124 
514 695 207 1553198480257 
