512 708 209 1553198542265 
512 709 210 1553198542273 
512 711 212 1553198542281 
512 714 214 1553198542289 
512 715 216 1553198542297 
512 718 220 1553198542305 
512 720 226 1553198542313 
512 723 231 1553198542321 
512 725 238 1553198542329 
512 726 247 1553198542339 
512 726 252 1553198542345 
512 726 260 1553198542353 
512 726 269 1553198542361 
512 724 279 1553198542369 
512 724 287 1553198542377 
512 723 295 1553198542385 
512 722 305 1553198542393 
512 720 313 1553198542401 
512 720 321 1553198542409 
512 720 329 1553198542417 
512 720 339 1553198542425 
512 720 350 1553198542433 
512 720 362 1553198542441 
512 724 375 1553198542449 
512 729 387 1553198542457 
512 738 402 1553198542465 
512 746 413 1553198542473 
512 755 423 1553198542481 
512 766 430 1553198542489 
512 774 436 1553198542497 
512 782 442 1553198542505 
512 791 447 1553198542513 
512 799 452 1553198542521 
512 806 455 1553198542529 
512 811 458 1553198542537 
512 815 461 1553198542545 
512 818 462 1553198542553 
512 820 464 1553198542561 
512 820 466 1553198542569 
512 821 467 1553198542577 
512 822 470 1553198542585 
512 822 472 1553198542593 
512 822 475 1553198542601 
512 822 476 1553198542609 
512 822 480 1553198542617 
512 822 483 1553198542624 
512 822 487 1553198542633 
512 822 493 1553198542642 
512 823 498 1553198542650 
512 823 505 1553198542658 
512 823 512 1553198542666 
512 823 518 1553198542674 
512 823 525 1553198542682 
512 823 533 1553198542690 
512 823 543 1553198542698 
512 823 552 1553198542706 
512 823 563 1553198542712 
512 823 573 1553198542722 
512 826 584 1553198542728 
512 828 591 1553198542738 
512 830 602 1553198542746 
512 833 610 1553198542754 
512 835 617 1553198542762 
512 836 626 1553198542768 
512 839 631 1553198542778 
512 842 639 1553198542786 
512 844 644 1553198542792 
512 846 650 1553198542802 
512 847 656 1553198542810 
512 849 660 1553198542818 
512 849 664 1553198542826 
512 849 669 1553198542832 
512 849 672 1553198542840 
512 849 675 1553198542848 
512 849 677 1553198542858 
512 849 680 1553198542864 
512 848 682 1553198542882 
512 848 680 1553198542946 
512 848 678 1553198542954 
512 848 676 1553198542962 
512 848 674 1553198542970 
512 847 672 1553198542978 
512 847 670 1553198542984 
512 847 668 1553198542994 
512 845 667 1553198543002 
512 845 663 1553198543010 
512 845 661 1553198543018 
512 845 659 1553198543024 
512 845 658 1553198543034 
512 844 656 1553198543042 
512 844 654 1553198543050 
512 844 653 1553198543058 
512 844 650 1553198543066 
512 844 649 1553198543082 
512 844 647 1553198543089 
512 844 646 1553198543105 
512 844 645 1553198543153 
512 843 644 1553198543193 
512 843 643 1553198543209 
513 843 643 1553198543291 
514 843 643 1553198543393 
512 842 643 1553198543537 
512 841 641 1553198543561 
512 840 641 1553198543569 
512 838 638 1553198543577 
512 835 635 1553198543593 
512 827 629 1553198543594 
512 818 623 1553198543600 
512 806 618 1553198543608 
512 793 609 1553198543617 
512 777 598 1553198543624 
512 754 588 1553198543633 
512 733 576 1553198543642 
512 714 564 1553198543650 
512 686 552 1553198543656 
512 658 534 1553198543664 
512 629 514 1553198543674 
512 597 495 1553198543682 
512 572 476 1553198543688 
512 544 458 1553198543698 
512 525 443 1553198543704 
512 510 431 1553198543714 
512 501 423 1553198543720 
512 498 416 1553198543728 
512 493 410 1553198543736 
512 491 404 1553198543744 
512 489 397 1553198543752 
512 489 390 1553198543762 
512 489 383 1553198543768 
512 490 376 1553198543778 
512 491 371 1553198543786 
512 493 366 1553198543792 
512 494 364 1553198543802 
512 495 362 1553198543808 
512 497 360 1553198543818 
512 497 359 1553198543826 
512 498 359 1553198543832 
512 498 358 1553198543840 
512 498 357 1553198543882 
512 498 356 1553198543896 
512 497 356 1553198543922 
512 497 357 1553198543976 
512 495 358 1553198543986 
512 494 358 1553198543994 
512 493 359 1553198544000 
512 490 361 1553198544010 
512 488 363 1553198544018 
512 487 364 1553198544024 
512 484 366 1553198544032 
512 483 368 1553198544042 
512 482 369 1553198544050 
512 481 370 1553198544058 
512 480 371 1553198544066 
512 480 372 1553198544072 
512 479 373 1553198544080 
512 478 374 1553198544096 
512 478 375 1553198544105 
512 478 376 1553198544112 
512 477 376 1553198544128 
512 477 377 1553198544136 
512 476 378 1553198544185 
513 476 378 1553198544283 
514 476 378 1553198544385 
512 476 379 1553198544505 
512 476 380 1553198544513 
512 478 381 1553198544521 
512 480 383 1553198544529 
512 486 391 1553198544561 
512 488 394 1553198544561 
512 491 400 1553198544569 
512 493 405 1553198544577 
512 497 409 1553198544585 
512 501 415 1553198544593 
512 504 421 1553198544600 
512 510 425 1553198544608 
512 513 431 1553198544617 
512 517 433 1553198544625 
512 522 433 1553198544632 
512 531 433 1553198544642 
512 535 429 1553198544650 
512 543 425 1553198544658 
512 549 421 1553198544666 
512 553 416 1553198544674 
512 559 411 1553198544680 
512 561 407 1553198544688 
512 565 402 1553198544696 
512 569 394 1553198544706 
512 576 386 1553198544714 
512 580 376 1553198544720 
512 585 365 1553198544730 
512 589 353 1553198544738 
512 596 340 1553198544746 
512 602 328 1553198544754 
512 605 318 1553198544762 
512 608 307 1553198544770 
512 611 297 1553198544778 
512 617 286 1553198544784 
512 624 276 1553198544794 
512 628 267 1553198544802 
512 628 260 1553198544808 
512 631 250 1553198544818 
512 634 246 1553198544826 
512 638 240 1553198544834 
512 640 234 1553198544842 
512 643 229 1553198544850 
512 646 227 1553198544858 
512 648 226 1553198544872 
512 650 225 1553198544874 
512 652 223 1553198544882 
512 654 222 1553198544890 
512 656 222 1553198544898 
512 658 221 1553198544906 
512 660 220 1553198544914 
512 662 219 1553198544920 
512 667 219 1553198544930 
512 670 217 1553198544938 
512 673 215 1553198544946 
512 675 213 1553198544954 
512 677 212 1553198544962 
512 679 211 1553198544970 
512 681 210 1553198544978 
512 682 210 1553198544986 
512 683 209 1553198544994 
512 684 209 1553198545018 
512 685 209 1553198545034 
512 686 209 1553198545042 
512 687 209 1553198545058 
512 688 209 1553198545082 
512 688 210 1553198545113 
512 689 210 1553198545120 
512 690 210 1553198545137 
512 691 210 1553198545153 
512 691 211 1553198545169 
512 692 211 1553198545201 
513 692 211 1553198545323 
514 692 211 1553198545417 
512 692 213 1553198545531 
512 692 215 1553198545537 
512 692 218 1553198545545 
512 692 222 1553198545553 
512 692 227 1553198545561 
512 692 233 1553198545569 
512 692 241 1553198545577 
512 693 250 1553198545585 
512 693 260 1553198545593 
512 693 269 1553198545601 
512 693 277 1553198545609 
512 692 286 1553198545617 
512 691 297 1553198545625 
512 691 308 1553198545633 
512 691 319 1553198545642 
512 696 330 1553198545650 
512 704 340 1553198545658 
512 714 346 1553198545664 
512 725 352 1553198545674 
512 736 353 1553198545682 
512 748 354 1553198545690 
512 763 354 1553198545698 
512 776 354 1553198545704 
512 789 354 1553198545714 
512 802 354 1553198545722 
512 813 354 1553198545730 
512 822 354 1553198545738 
512 829 354 1553198545746 
512 835 355 1553198545754 
512 840 356 1553198545762 
512 845 358 1553198545770 
512 848 359 1553198545776 
512 850 360 1553198545784 
512 853 362 1553198545794 
512 855 364 1553198545802 
512 856 365 1553198545810 
512 859 366 1553198545818 
512 861 367 1553198545826 
512 864 369 1553198545834 
512 868 370 1553198545842 
512 874 372 1553198545850 
512 880 375 1553198545858 
512 891 376 1553198545866 
512 897 380 1553198545874 
512 904 382 1553198545880 
512 909 382 1553198545890 
512 911 383 1553198545898 
512 913 383 1553198545906 
512 915 383 1553198545970 
512 916 383 1553198545978 
512 918 384 1553198545986 
512 919 384 1553198545994 
512 920 384 1553198546002 
512 921 384 1553198546018 
512 922 384 1553198546034 
512 923 384 1553198546058 
512 924 384 1553198546082 
512 925 383 1553198546105 
513 925 383 1553198546203 
512 925 382 1553198546265 
514 925 382 1553198546305 
512 925 383 1553198546401 
512 924 384 1553198546409 
512 921 386 1553198546417 
512 917 387 1553198546425 
512 901 396 1553198546453 
512 894 399 1553198546457 
512 884 403 1553198546465 
512 875 407 1553198546473 
512 866 409 1553198546481 
512 856 413 1553198546489 
512 846 419 1553198546497 
512 836 424 1553198546505 
512 829 431 1553198546513 
512 818 435 1553198546521 
512 805 445 1553198546529 
512 792 452 1553198546537 
512 770 464 1553198546545 
512 747 475 1553198546553 
512 726 489 1553198546561 
512 704 503 1553198546569 
512 685 514 1553198546577 
512 666 526 1553198546585 
512 650 537 1553198546593 
512 636 547 1553198546601 
512 623 560 1553198546609 
512 614 568 1553198546616 
512 605 578 1553198546624 
512 600 588 1553198546632 
512 593 599 1553198546640 
512 590 599 1553198546648 
512 585 607 1553198546658 
512 580 616 1553198546664 
512 575 624 1553198546672 
512 572 630 1553198546682 
512 569 636 1553198546690 
512 567 639 1553198546698 
512 564 644 1553198546706 
512 564 646 1553198546714 
512 562 648 1553198546720 
512 561 650 1553198546728 
512 560 650 1553198546738 
512 560 651 1553198546746 
512 558 652 1553198546754 
512 557 652 1553198546760 
512 556 653 1553198546770 
512 556 652 1553198546930 
512 556 651 1553198546954 
512 556 650 1553198546962 
512 557 650 1553198547042 
513 557 650 1553198547044 
512 558 650 1553198547145 
514 558 650 1553198547145 
512 558 651 1553198547161 
512 559 651 1553198547169 
512 559 652 1553198547177 
512 560 652 1553198547217 
512 561 652 1553198547273 
512 562 651 1553198547289 
512 568 650 1553198547307 
512 571 650 1553198547313 
512 577 650 1553198547321 
512 584 649 1553198547329 
512 588 649 1553198547337 
512 590 649 1553198547345 
512 593 649 1553198547353 
512 595 651 1553198547361 
512 600 654 1553198547369 
512 609 657 1553198547377 
512 620 662 1553198547385 
512 642 668 1553198547393 
512 666 675 1553198547401 
512 697 678 1553198547409 
512 728 681 1553198547417 
512 751 682 1553198547425 
512 767 682 1553198547433 
512 782 684 1553198547441 
512 793 684 1553198547449 
512 802 684 1553198547457 
512 810 684 1553198547465 
512 817 684 1553198547473 
512 822 684 1553198547481 
512 825 684 1553198547489 
512 826 684 1553198547497 
512 826 683 1553198547505 
512 826 682 1553198547513 
512 826 681 1553198547521 
512 826 680 1553198547529 
512 827 679 1553198547537 
512 828 678 1553198547545 
512 832 676 1553198547553 
512 834 675 1553198547561 
512 835 672 1553198547569 
512 836 670 1553198547577 
512 837 669 1553198547585 
512 839 667 1553198547593 
512 841 667 1553198547608 
512 841 666 1553198547642 
512 841 665 1553198547672 
512 841 664 1553198547680 
512 841 663 1553198547696 
512 841 661 1553198547706 
512 841 659 1553198547720 
512 842 658 1553198547728 
512 842 657 1553198547736 
512 842 656 1553198547746 
512 842 655 1553198547754 
512 842 654 1553198547768 
512 842 653 1553198547784 
512 842 652 1553198547792 
512 842 651 1553198547810 
512 842 649 1553198547832 
512 842 648 1553198547850 
512 842 647 1553198547872 
512 841 647 1553198547896 
512 841 646 1553198547920 
512 840 646 1553198547930 
513 840 646 1553198548195 
512 839 646 1553198548249 
514 839 646 1553198548297 
512 839 647 1553198548305 
512 839 648 1553198548321 
512 839 649 1553198548329 
512 839 650 1553198548337 
512 840 650 1553198548345 
512 839 650 1553198548401 
512 838 651 1553198548409 
512 833 651 1553198548437 
512 831 651 1553198548441 
512 829 651 1553198548449 
512 828 651 1553198548457 
512 823 651 1553198548465 
512 818 651 1553198548473 
512 814 651 1553198548481 
512 810 651 1553198548489 
512 809 651 1553198548497 
512 808 651 1553198548505 
512 808 652 1553198548513 
512 808 651 1553198548529 
512 810 648 1553198548537 
512 812 646 1553198548545 
512 815 641 1553198548555 
512 819 636 1553198548561 
512 825 631 1553198548569 
512 831 627 1553198548577 
512 837 622 1553198548585 
512 843 615 1553198548593 
512 851 608 1553198548601 
512 857 602 1553198548609 
512 865 594 1553198548617 
512 871 583 1553198548625 
512 877 573 1553198548633 
512 884 563 1553198548642 
512 889 554 1553198548650 
512 895 538 1553198548658 
512 899 527 1553198548666 
512 900 516 1553198548674 
512 903 504 1553198548680 
512 903 494 1553198548690 
512 904 482 1553198548698 
512 907 473 1553198548706 
512 908 462 1553198548714 
512 908 451 1553198548722 
512 909 441 1553198548728 
512 909 433 1553198548738 
512 910 423 1553198548746 
512 910 418 1553198548754 
512 911 411 1553198548762 
512 911 407 1553198548770 
512 912 404 1553198548778 
512 912 401 1553198548786 
512 912 399 1553198548792 
512 912 397 1553198548802 
512 912 396 1553198548810 
512 912 395 1553198548818 
512 913 395 1553198548826 
512 913 394 1553198548842 
512 913 393 1553198548898 
512 914 392 1553198548914 
512 914 391 1553198548922 
512 916 389 1553198548930 
512 917 388 1553198548946 
512 918 387 1553198548954 
512 918 386 1553198548962 
512 919 386 1553198548968 
512 920 383 1553198548978 
512 921 383 1553198548986 
512 921 382 1553198548994 
512 922 381 1553198549002 
512 922 380 1553198549018 
512 924 380 1553198549026 
512 924 379 1553198549034 
512 924 378 1553198549050 
512 924 377 1553198549082 
512 925 377 1553198549113 
513 925 377 1553198549171 
514 925 377 1553198549273 
512 925 378 1553198549313 
512 925 379 1553198549321 
512 925 382 1553198549329 
512 924 387 1553198549347 
512 922 392 1553198549353 
512 920 395 1553198549361 
512 918 401 1553198549369 
512 915 407 1553198549377 
512 913 414 1553198549385 
512 910 422 1553198549393 
512 908 427 1553198549401 
512 901 438 1553198549409 
512 897 446 1553198549417 
512 893 455 1553198549425 
512 889 462 1553198549433 
512 882 470 1553198549441 
512 877 477 1553198549449 
512 871 482 1553198549457 
512 865 486 1553198549465 
512 856 491 1553198549473 
512 849 493 1553198549481 
512 841 498 1553198549489 
512 830 501 1553198549497 
512 817 501 1553198549505 
512 798 501 1553198549513 
512 771 500 1553198549521 
512 740 499 1553198549529 
512 704 495 1553198549537 
512 660 493 1553198549545 
512 624 492 1553198549553 
512 591 488 1553198549561 
512 563 487 1553198549569 
512 544 483 1553198549577 
512 533 478 1553198549585 
512 526 474 1553198549593 
512 522 471 1553198549600 
512 521 466 1553198549609 
512 521 463 1553198549616 
512 521 459 1553198549625 
512 522 456 1553198549633 
512 524 452 1553198549640 
512 525 449 1553198549648 
512 526 445 1553198549656 
512 528 442 1553198549666 
512 529 440 1553198549672 
512 529 437 1553198549682 
512 530 434 1553198549690 
512 530 431 1553198549698 
512 529 429 1553198549706 
512 526 426 1553198549714 
512 525 423 1553198549720 
512 521 422 1553198549730 
512 515 417 1553198549736 
512 510 413 1553198549746 
512 505 410 1553198549754 
512 499 407 1553198549762 
512 497 405 1553198549770 
512 495 403 1553198549778 
512 489 401 1553198549786 
512 486 399 1553198549794 
512 481 395 1553198549800 
512 477 393 1553198549810 
512 472 390 1553198549818 
512 468 388 1553198549826 
512 463 385 1553198549832 
512 459 383 1553198549842 
512 452 380 1553198549850 
512 448 377 1553198549858 
512 447 376 1553198549864 
512 445 374 1553198549874 
512 444 372 1553198549882 
512 443 370 1553198549890 
512 443 369 1553198549898 
512 443 367 1553198549906 
512 443 365 1553198549914 
512 443 364 1553198549922 
512 443 363 1553198549930 
512 443 362 1553198549938 
512 444 361 1553198549954 
512 444 360 1553198549962 
512 444 359 1553198549970 
512 445 359 1553198549978 
512 446 359 1553198549994 
512 447 359 1553198550010 
512 448 359 1553198550018 
512 450 359 1553198550026 
512 451 359 1553198550034 
512 452 359 1553198550042 
512 454 360 1553198550050 
512 455 361 1553198550058 
512 458 364 1553198550066 
512 458 365 1553198550074 
512 461 366 1553198550082 
512 463 367 1553198550088 
512 463 368 1553198550097 
512 465 368 1553198550105 
512 465 369 1553198550113 
512 465 372 1553198550121 
512 467 372 1553198550129 
512 467 373 1553198550137 
512 467 374 1553198550145 
512 469 375 1553198550153 
512 469 376 1553198550227 
512 470 376 1553198550265 
513 470 376 1553198550355 
514 470 376 1553198550425 
512 471 376 1553198550449 
512 472 377 1553198550497 
512 474 379 1553198550505 
512 478 382 1553198550513 
512 491 398 1553198550539 
512 497 404 1553198550545 
512 500 409 1553198550553 
512 505 416 1553198550561 
512 510 425 1553198550569 
512 514 431 1553198550577 
512 518 440 1553198550585 
512 524 446 1553198550593 
512 525 451 1553198550601 
512 528 459 1553198550608 
512 531 464 1553198550617 
512 533 470 1553198550625 
512 535 476 1553198550633 
512 536 479 1553198550640 
512 538 484 1553198550650 
512 539 488 1553198550656 
512 541 495 1553198550666 
512 541 499 1553198550674 
512 542 504 1553198550682 
512 543 510 1553198550690 
512 545 515 1553198550696 
512 546 523 1553198550706 
512 548 529 1553198550714 
512 551 536 1553198550722 
512 552 544 1553198550730 
512 555 553 1553198550736 
512 558 561 1553198550746 
512 562 568 1553198550754 
512 564 576 1553198550762 
512 566 582 1553198550770 
512 567 588 1553198550778 
512 568 594 1553198550786 
512 570 598 1553198550794 
512 571 604 1553198550802 
512 572 611 1553198550810 
512 573 616 1553198550816 
512 574 619 1553198550826 
512 575 624 1553198550834 
512 575 628 1553198550842 
512 575 631 1553198550850 
512 575 633 1553198550858 
512 575 635 1553198550864 
512 573 638 1553198550874 
512 573 640 1553198550882 
512 572 643 1553198550898 
512 571 644 1553198550906 
512 571 647 1553198550914 
512 571 648 1553198550922 
512 571 649 1553198550930 
512 570 651 1553198550938 
512 570 652 1553198550962 
512 569 652 1553198550994 
512 569 651 1553198551002 
512 568 650 1553198551010 
512 567 649 1553198551026 
512 566 648 1553198551034 
512 566 647 1553198551042 
512 566 646 1553198551058 
512 566 645 1553198551074 
512 565 645 1553198551089 
512 565 644 1553198551097 
512 565 643 1553198551105 
513 565 643 1553198551235 
514 565 643 1553198551361 
512 564 643 1553198551457 
512 564 642 1553198551465 
512 564 640 1553198551473 
512 564 638 1553198551481 
512 566 631 1553198551499 
512 568 625 1553198551505 
512 570 619 1553198551513 
512 572 612 1553198551521 
512 573 610 1553198551529 
512 575 605 1553198551537 
512 577 598 1553198551545 
512 578 592 1553198551553 
512 579 584 1553198551561 
512 580 576 1553198551569 
512 583 565 1553198551577 
512 586 554 1553198551585 
512 591 541 1553198551593 
512 596 529 1553198551601 
512 604 515 1553198551608 
512 611 499 1553198551616 
512 619 484 1553198551624 
512 627 469 1553198551632 
512 635 451 1553198551640 
512 640 438 1553198551648 
512 647 422 1553198551658 
512 654 409 1553198551664 
512 657 397 1553198551674 
512 661 386 1553198551682 
512 665 375 1553198551688 
512 667 363 1553198551696 
512 670 352 1553198551704 
512 672 341 1553198551714 
512 674 333 1553198551720 
512 674 322 1553198551728 
512 676 314 1553198551736 
512 676 306 1553198551746 
512 676 298 1553198551754 
512 676 293 1553198551762 
512 678 289 1553198551770 
512 680 286 1553198551776 
512 681 283 1553198551786 
512 681 281 1553198551794 
512 681 279 1553198551802 
512 681 278 1553198551810 
512 681 277 1553198551818 
512 681 276 1553198551826 
512 681 274 1553198551834 
512 681 272 1553198551850 
512 681 271 1553198551866 
512 681 270 1553198551882 
512 682 266 1553198551898 
512 683 265 1553198551906 
512 684 263 1553198551914 
512 686 260 1553198551920 
512 687 257 1553198551930 
512 688 252 1553198551938 
512 689 249 1553198551946 
512 690 246 1553198551954 
512 691 243 1553198551962 
512 692 238 1553198551970 
512 694 235 1553198551978 
512 696 232 1553198551986 
512 697 228 1553198551994 
512 698 225 1553198552002 
512 699 223 1553198552010 
512 700 222 1553198552018 
512 701 221 1553198552026 
512 701 220 1553198552034 
512 701 219 1553198552042 
512 702 219 1553198552050 
512 702 218 1553198552066 
512 702 217 1553198552082 
512 702 216 1553198552097 
512 702 215 1553198552113 
512 702 214 1553198552120 
513 702 214 1553198552243 
514 702 214 1553198552337 
