512 702 216 1553261525010 
512 706 228 1553261525076 
512 716 243 1553261525093 
512 726 265 1553261525110 
512 734 286 1553261525126 
512 741 310 1553261525143 
512 750 353 1553261525160 
512 764 404 1553261525176 
512 782 452 1553261525193 
512 793 482 1553261525211 
512 803 509 1553261525228 
512 806 517 1553261525243 
512 815 537 1553261525260 
512 819 549 1553261525276 
512 821 553 1553261525293 
512 823 557 1553261525311 
512 824 561 1553261525326 
512 826 566 1553261525343 
512 828 572 1553261525360 
512 829 575 1553261525376 
512 829 578 1553261525393 
512 830 580 1553261525411 
512 830 581 1553261525426 
512 830 584 1553261525443 
512 830 588 1553261525460 
512 830 591 1553261525476 
512 833 595 1553261525493 
512 834 599 1553261525510 
512 836 605 1553261525526 
512 839 614 1553261525543 
512 841 620 1553261525561 
512 841 625 1553261525576 
512 843 628 1553261525593 
512 843 631 1553261525609 
512 844 633 1553261525626 
512 845 634 1553261525643 
512 846 634 1553261525676 
512 846 636 1553261525693 
512 846 637 1553261525743 
513 846 637 1553261525796 
514 846 637 1553261525963 
512 846 639 1553261526142 
512 846 640 1553261526160 
512 844 641 1553261526176 
512 844 642 1553261526193 
512 843 642 1553261526243 
512 840 634 1553261526259 
512 832 619 1553261526276 
512 819 601 1553261526293 
512 802 581 1553261526310 
512 780 561 1553261526326 
512 749 533 1553261526343 
512 707 502 1553261526359 
512 659 473 1553261526376 
512 617 452 1553261526392 
512 591 443 1553261526409 
512 578 439 1553261526427 
512 574 438 1553261526443 
512 569 438 1553261526460 
512 557 435 1553261526476 
512 534 430 1553261526493 
512 513 424 1553261526510 
512 494 412 1553261526526 
512 478 404 1553261526543 
512 469 399 1553261526561 
512 462 395 1553261526576 
512 459 394 1553261526593 
512 458 393 1553261526609 
512 457 393 1553261526626 
512 457 390 1553261526643 
512 457 384 1553261526660 
512 457 380 1553261526676 
512 458 378 1553261526693 
512 460 375 1553261526710 
512 461 374 1553261526726 
512 463 373 1553261526743 
512 464 372 1553261526761 
512 466 371 1553261526776 
512 466 370 1553261526794 
512 467 370 1553261526810 
512 467 369 1553261526826 
513 467 369 1553261526924 
514 467 369 1553261527051 
512 467 367 1553261527193 
512 467 364 1553261527210 
512 467 362 1553261527227 
512 467 360 1553261527243 
512 466 357 1553261527260 
512 467 353 1553261527276 
512 480 343 1553261527293 
512 496 332 1553261527311 
512 524 313 1553261527326 
512 547 293 1553261527343 
512 566 271 1553261527359 
512 579 254 1553261527376 
512 587 242 1553261527393 
512 598 236 1553261527409 
512 605 233 1553261527426 
512 613 231 1553261527443 
512 620 226 1553261527461 
512 624 224 1553261527476 
512 629 223 1553261527493 
512 639 221 1553261527511 
512 649 218 1553261527526 
512 658 216 1553261527543 
512 666 213 1553261527560 
512 672 212 1553261527576 
512 676 212 1553261527594 
512 678 212 1553261527610 
512 680 212 1553261527626 
512 683 210 1553261527643 
512 688 210 1553261527659 
512 693 205 1553261527676 
512 695 204 1553261527693 
512 696 204 1553261527710 
513 696 204 1553261527917 
514 696 204 1553261528011 
512 696 203 1553261528160 
512 696 204 1553261528176 
512 695 206 1553261528194 
512 695 209 1553261528211 
512 695 212 1553261528226 
512 696 225 1553261528244 
512 701 232 1553261528259 
512 720 269 1553261528276 
512 744 298 1553261528293 
512 775 329 1553261528311 
512 818 355 1553261528326 
512 843 368 1553261528344 
512 854 375 1553261528361 
512 856 376 1553261528376 
512 857 376 1553261528443 
512 860 376 1553261528460 
512 864 375 1553261528476 
512 872 371 1553261528493 
512 880 367 1553261528511 
512 887 365 1553261528526 
512 893 363 1553261528543 
512 901 362 1553261528560 
512 908 360 1553261528576 
512 914 360 1553261528594 
512 918 359 1553261528610 
512 922 359 1553261528626 
512 923 360 1553261528643 
512 925 361 1553261528661 
512 926 361 1553261528676 
512 927 361 1553261528693 
512 927 362 1553261528743 
512 927 364 1553261528760 
512 928 366 1553261528775 
512 928 368 1553261528793 
512 928 369 1553261528809 
512 929 370 1553261528826 
512 929 371 1553261528843 
512 929 372 1553261528861 
512 930 372 1553261528876 
513 930 372 1553261528956 
512 930 373 1553261528993 
514 930 373 1553261529075 
512 930 373 1553261529092 
512 930 372 1553261529126 
512 930 371 1553261529143 
512 930 369 1553261529160 
512 927 366 1553261529176 
512 922 362 1553261529192 
512 914 358 1553261529209 
512 906 354 1553261529226 
512 897 350 1553261529242 
512 875 343 1553261529260 
512 865 340 1553261529276 
512 850 339 1553261529292 
512 825 340 1553261529310 
512 787 356 1553261529326 
512 758 372 1553261529343 
512 732 389 1553261529359 
512 710 407 1553261529376 
512 698 428 1553261529393 
512 687 449 1553261529410 
512 673 473 1553261529426 
512 661 498 1553261529443 
512 644 525 1553261529460 
512 630 544 1553261529477 
512 616 564 1553261529493 
512 605 580 1553261529510 
512 597 593 1553261529527 
512 590 602 1553261529544 
512 587 610 1553261529559 
512 584 616 1553261529577 
512 582 620 1553261529594 
512 580 623 1553261529609 
512 579 626 1553261529626 
512 577 628 1553261529642 
512 576 630 1553261529660 
512 576 631 1553261529676 
512 576 632 1553261529693 
512 576 633 1553261529760 
512 574 633 1553261529777 
512 572 634 1553261529809 
512 569 635 1553261529826 
512 566 637 1553261529843 
512 565 637 1553261529859 
512 564 637 1553261529876 
512 562 638 1553261529926 
512 561 638 1553261529944 
512 560 638 1553261529993 
513 560 638 1553261530029 
514 560 638 1553261530155 
512 560 639 1553261530392 
512 560 640 1553261530409 
512 560 642 1553261530426 
512 563 644 1553261530444 
512 576 648 1553261530460 
512 604 658 1553261530476 
512 650 670 1553261530494 
512 712 678 1553261530510 
512 754 679 1553261530526 
512 792 676 1553261530543 
512 818 669 1553261530559 
512 836 665 1553261530576 
512 842 663 1553261530594 
512 845 661 1553261530609 
512 848 660 1553261530626 
512 849 659 1553261530643 
512 850 659 1553261530659 
512 851 658 1553261530677 
512 852 656 1553261530693 
512 854 653 1553261530710 
512 855 651 1553261530726 
512 856 647 1553261530743 
512 856 645 1553261530760 
512 856 644 1553261530776 
512 856 643 1553261530793 
512 855 642 1553261530826 
512 853 642 1553261530843 
512 851 642 1553261530859 
512 850 642 1553261530876 
512 849 642 1553261530893 
512 846 642 1553261530909 
512 845 642 1553261530926 
512 844 642 1553261530943 
512 843 643 1553261530976 
512 842 643 1553261531009 
513 842 643 1553261531059 
514 842 643 1553261531195 
512 844 632 1553261531476 
512 850 612 1553261531492 
512 859 589 1553261531510 
512 876 550 1553261531526 
512 898 501 1553261531543 
512 923 444 1553261531559 
512 951 377 1553261531576 
512 973 314 1553261531594 
512 980 280 1553261531610 
512 982 262 1553261531625 
512 982 256 1553261531643 
512 982 259 1553261531743 
512 978 269 1553261531760 
512 975 279 1553261531776 
512 971 290 1553261531794 
512 968 301 1553261531810 
512 965 311 1553261531826 
512 961 323 1553261531844 
512 960 328 1553261531859 
512 957 340 1553261531876 
512 955 346 1553261531893 
512 953 349 1553261531909 
512 952 350 1553261531943 
512 951 352 1553261531959 
512 950 353 1553261531975 
512 948 356 1553261531993 
512 946 360 1553261532011 
512 944 361 1553261532026 
512 943 362 1553261532043 
512 941 363 1553261532059 
512 939 366 1553261532076 
512 936 368 1553261532094 
512 936 370 1553261532126 
512 936 371 1553261532143 
512 936 373 1553261532160 
512 935 374 1553261532176 
512 935 375 1553261532194 
512 934 375 1553261532209 
513 934 375 1553261532260 
514 934 375 1553261532443 
512 934 374 1553261532561 
512 933 374 1553261532576 
512 930 374 1553261532594 
512 924 374 1553261532609 
512 913 374 1553261532626 
512 904 375 1553261532643 
512 894 377 1553261532659 
512 865 382 1553261532676 
512 835 389 1553261532692 
512 786 405 1553261532709 
512 736 422 1553261532725 
512 706 426 1553261532743 
512 677 429 1553261532759 
512 651 430 1553261532776 
512 620 430 1553261532792 
512 585 429 1553261532810 
512 562 426 1553261532826 
512 544 420 1553261532843 
512 531 415 1553261532859 
512 519 405 1553261532876 
512 515 401 1553261532894 
512 513 398 1553261532910 
512 512 395 1553261532927 
512 509 392 1553261532943 
512 507 390 1553261532960 
512 504 389 1553261532976 
512 504 388 1553261533026 
512 500 388 1553261533076 
512 497 388 1553261533093 
512 494 387 1553261533109 
512 491 386 1553261533126 
512 487 384 1553261533143 
512 484 382 1553261533159 
512 482 382 1553261533176 
512 479 380 1553261533193 
512 477 380 1553261533210 
512 476 379 1553261533226 
512 473 378 1553261533244 
513 473 378 1553261533356 
514 473 378 1553261533467 
512 474 378 1553261533592 
512 477 378 1553261533610 
512 481 382 1553261533626 
512 496 392 1553261533644 
512 502 398 1553261533659 
512 519 421 1553261533677 
512 530 446 1553261533694 
512 545 476 1553261533709 
512 556 500 1553261533726 
512 560 523 1553261533743 
512 563 548 1553261533759 
512 569 575 1553261533777 
512 574 600 1553261533793 
512 579 614 1553261533809 
512 580 622 1553261533826 
512 581 625 1553261533844 
512 581 626 1553261533876 
512 581 628 1553261533926 
512 579 629 1553261533959 
512 579 630 1553261533975 
512 577 631 1553261533993 
512 574 634 1553261534010 
512 571 637 1553261534027 
512 569 639 1553261534043 
512 567 641 1553261534059 
512 565 641 1553261534076 
512 565 642 1553261534094 
512 564 643 1553261534126 
512 563 643 1553261534159 
513 563 643 1553261534252 
512 564 643 1553261534277 
514 564 643 1553261534387 
512 564 643 1553261534409 
512 564 641 1553261534459 
512 565 640 1553261534476 
512 565 638 1553261534492 
512 566 631 1553261534509 
512 572 615 1553261534527 
512 586 588 1553261534543 
512 604 552 1553261534559 
512 631 504 1553261534576 
512 660 446 1553261534593 
512 701 387 1553261534610 
512 738 335 1553261534626 
512 767 298 1553261534643 
512 790 262 1553261534659 
512 800 232 1553261534676 
512 802 218 1553261534694 
512 802 211 1553261534709 
512 802 207 1553261534727 
512 802 206 1553261534742 
512 802 205 1553261534759 
512 801 204 1553261534793 
512 800 204 1553261534809 
512 796 202 1553261534825 
512 785 200 1553261534843 
512 780 200 1553261534858 
512 774 200 1553261534875 
512 770 202 1553261534892 
512 766 204 1553261534909 
512 760 207 1553261534925 
512 755 209 1553261534942 
512 750 209 1553261534959 
512 745 209 1553261534975 
512 740 210 1553261534993 
512 737 210 1553261535009 
512 734 210 1553261535026 
512 725 209 1553261535044 
512 723 208 1553261535059 
512 716 208 1553261535076 
512 712 207 1553261535093 
512 710 207 1553261535109 
512 708 207 1553261535126 
512 707 207 1553261535142 
512 706 207 1553261535159 
512 705 207 1553261535177 
512 703 208 1553261535226 
513 703 208 1553261535316 
514 703 208 1553261535427 
