512 709 214 1553521241469 
512 725 241 1553521241487 
512 729 250 1553521241503 
512 742 282 1553521241521 
512 756 313 1553521241536 
512 778 359 1553521241552 
512 797 424 1553521241569 
512 806 464 1553521241588 
512 819 494 1553521241603 
512 828 520 1553521241620 
512 842 549 1553521241636 
512 848 564 1553521241653 
512 852 574 1553521241670 
512 854 581 1553521241686 
512 857 588 1553521241703 
512 860 598 1553521241719 
512 861 606 1553521241736 
512 861 608 1553521241753 
512 861 609 1553521241786 
512 861 611 1553521241803 
512 861 614 1553521241819 
512 861 616 1553521241836 
512 860 619 1553521241852 
512 858 621 1553521241870 
512 857 624 1553521241886 
512 855 625 1553521241903 
512 852 630 1553521241920 
512 850 632 1553521241935 
512 849 635 1553521241952 
512 847 638 1553521241969 
512 847 639 1553521242003 
512 847 640 1553521242102 
513 847 640 1553521242136 
514 847 640 1553521242271 
512 846 640 1553521242503 
512 835 634 1553521242519 
512 788 616 1553521242536 
512 718 589 1553521242552 
512 652 563 1553521242570 
512 592 535 1553521242585 
512 537 498 1553521242602 
512 487 460 1553521242619 
512 454 431 1553521242635 
512 436 412 1553521242652 
512 428 400 1553521242670 
512 428 394 1553521242685 
512 428 389 1553521242702 
512 428 387 1553521242719 
512 428 386 1553521242735 
512 428 385 1553521242769 
512 433 384 1553521242786 
512 437 384 1553521242802 
512 439 382 1553521242820 
512 442 382 1553521242835 
512 445 382 1553521242853 
512 447 382 1553521242870 
512 448 382 1553521242886 
512 456 382 1553521242904 
512 460 384 1553521242919 
512 467 384 1553521242937 
512 471 384 1553521242953 
512 472 384 1553521242969 
512 473 384 1553521242986 
512 474 384 1553521243003 
512 475 384 1553521243021 
512 477 383 1553521243036 
512 478 382 1553521243053 
512 480 381 1553521243069 
512 481 380 1553521243086 
512 482 380 1553521243104 
513 482 380 1553521243192 
512 481 380 1553521243203 
512 479 380 1553521243236 
514 479 380 1553521243343 
512 479 380 1553521243370 
512 478 379 1553521243669 
512 477 379 1553521243703 
512 476 379 1553521243720 
512 475 378 1553521243735 
512 475 377 1553521243753 
513 475 377 1553521243799 
512 476 376 1553521243852 
514 476 376 1553521243951 
512 476 376 1553521243969 
512 477 376 1553521244153 
512 480 376 1553521244253 
512 486 373 1553521244269 
512 499 368 1553521244285 
512 536 349 1553521244304 
512 576 332 1553521244319 
512 618 311 1553521244335 
512 651 286 1553521244352 
512 676 267 1553521244370 
512 691 252 1553521244385 
512 699 241 1553521244402 
512 704 232 1553521244419 
512 709 225 1553521244435 
512 711 220 1553521244452 
512 714 216 1553521244470 
512 716 215 1553521244485 
512 719 211 1553521244503 
512 720 211 1553521244518 
512 720 210 1553521244586 
512 716 210 1553521244619 
512 714 210 1553521244635 
512 710 209 1553521244653 
512 707 209 1553521244669 
512 706 209 1553521244686 
512 705 209 1553521244753 
512 704 209 1553521244769 
512 703 209 1553521244787 
512 701 208 1553521244802 
512 699 208 1553521244835 
512 698 208 1553521244879 
513 698 208 1553521244881 
514 698 208 1553521245015 
512 705 221 1553521245320 
512 720 235 1553521245336 
512 762 262 1553521245352 
512 824 303 1553521245369 
512 890 334 1553521245385 
512 938 355 1553521245403 
512 967 369 1553521245420 
512 988 382 1553521245436 
512 996 388 1553521245452 
512 996 390 1553521245469 
512 996 391 1553521245485 
512 996 392 1553521245585 
512 995 393 1553521245619 
512 993 393 1553521245636 
512 992 393 1553521245652 
512 988 393 1553521245669 
512 984 392 1553521245685 
512 973 391 1553521245703 
512 958 385 1553521245719 
512 953 384 1553521245735 
512 950 383 1553521245753 
512 946 379 1553521245769 
512 943 378 1553521245785 
512 939 376 1553521245803 
512 938 375 1553521245820 
512 937 375 1553521245835 
512 936 375 1553521245852 
512 936 374 1553521245870 
512 935 374 1553521245885 
512 934 374 1553521245902 
512 932 374 1553521245919 
512 931 373 1553521245953 
513 931 373 1553521246016 
514 931 373 1553521246159 
512 927 373 1553521246469 
512 909 382 1553521246486 
512 855 407 1553521246502 
512 832 417 1553521246519 
512 771 454 1553521246535 
512 735 478 1553521246552 
512 716 498 1553521246569 
512 701 516 1553521246586 
512 690 532 1553521246602 
512 682 545 1553521246619 
512 675 555 1553521246635 
512 673 560 1553521246652 
512 669 563 1553521246669 
512 667 566 1553521246686 
512 662 571 1553521246702 
512 642 582 1553521246719 
512 628 590 1553521246735 
512 611 595 1553521246752 
512 601 599 1553521246769 
512 593 601 1553521246785 
512 585 606 1553521246802 
512 579 611 1553521246819 
512 574 617 1553521246835 
512 573 620 1553521246852 
512 571 624 1553521246869 
512 571 626 1553521246885 
512 570 628 1553521246902 
512 569 633 1553521246919 
512 569 635 1553521246935 
512 569 636 1553521247035 
512 568 636 1553521247119 
512 567 638 1553521247137 
512 564 640 1553521247154 
512 562 640 1553521247172 
512 560 642 1553521247189 
512 559 643 1553521247222 
513 559 643 1553521247247 
512 559 643 1553521247338 
512 559 643 1553521247354 
512 559 643 1553521247371 
512 559 643 1553521247388 
514 559 643 1553521247390 
512 576 645 1553521247689 
512 597 645 1553521247705 
512 622 645 1553521247723 
512 661 645 1553521247753 
512 708 647 1553521247769 
512 785 649 1553521247786 
512 805 648 1553521247803 
512 816 647 1553521247819 
512 817 646 1553521247836 
512 819 646 1553521247970 
512 820 646 1553521248019 
512 822 646 1553521248052 
512 825 646 1553521248070 
512 828 645 1553521248086 
512 830 645 1553521248102 
512 837 642 1553521248119 
512 839 641 1553521248135 
512 841 640 1553521248152 
512 842 639 1553521248169 
512 843 639 1553521248185 
512 844 639 1553521248202 
512 846 638 1553521248219 
513 846 638 1553521248311 
514 846 638 1553521248431 
512 847 634 1553521248718 
512 852 624 1553521248736 
512 864 610 1553521248752 
512 879 592 1553521248769 
512 894 565 1553521248785 
512 910 532 1553521248802 
512 921 497 1553521248818 
512 930 462 1553521248835 
512 935 429 1553521248852 
512 938 410 1553521248870 
512 940 393 1553521248885 
512 943 380 1553521248903 
512 943 378 1553521248918 
512 943 374 1553521248937 
512 943 373 1553521248953 
512 941 373 1553521248969 
512 941 372 1553521248985 
512 937 371 1553521249002 
512 934 370 1553521249018 
512 931 370 1553521249036 
512 929 370 1553521249052 
512 928 370 1553521249069 
512 926 370 1553521249085 
512 924 370 1553521249104 
512 923 370 1553521249152 
513 923 370 1553521249264 
514 923 370 1553521249367 
512 918 370 1553521249670 
512 894 374 1553521249685 
512 811 377 1553521249703 
512 719 377 1553521249720 
512 649 382 1553521249735 
512 604 385 1553521249752 
512 585 386 1553521249769 
512 581 386 1553521249785 
512 580 386 1553521249802 
512 579 385 1553521249852 
512 577 383 1553521249870 
512 575 381 1553521249886 
512 570 380 1553521249902 
512 555 380 1553521249919 
512 547 380 1553521249935 
512 542 380 1553521249952 
512 539 380 1553521249969 
512 537 380 1553521249985 
512 534 379 1553521250003 
512 529 379 1553521250018 
512 524 379 1553521250035 
512 518 379 1553521250052 
512 515 379 1553521250069 
512 513 379 1553521250086 
512 508 379 1553521250103 
512 504 379 1553521250119 
512 497 379 1553521250135 
512 492 380 1553521250152 
512 488 380 1553521250170 
512 486 380 1553521250186 
512 483 380 1553521250202 
512 481 380 1553521250219 
512 479 380 1553521250236 
512 478 380 1553521250252 
512 476 380 1553521250268 
512 475 380 1553521250302 
513 475 380 1553521250352 
514 475 380 1553521250503 
512 475 383 1553521250803 
512 479 402 1553521250819 
512 480 437 1553521250835 
512 483 474 1553521250852 
512 490 516 1553521250869 
512 502 552 1553521250886 
512 517 587 1553521250902 
512 532 618 1553521250920 
512 539 630 1553521250935 
512 540 634 1553521250953 
512 543 639 1553521250969 
512 545 642 1553521250985 
512 547 644 1553521251002 
512 549 645 1553521251018 
512 550 645 1553521251036 
512 551 646 1553521251052 
512 552 647 1553521251085 
512 553 648 1553521251104 
512 554 648 1553521251152 
512 555 648 1553521251186 
512 556 648 1553521251218 
512 556 647 1553521251285 
513 556 647 1553521251344 
514 556 647 1553521251447 
512 556 644 1553521251752 
512 568 629 1553521251768 
512 578 605 1553521251785 
512 592 572 1553521251802 
512 606 533 1553521251819 
512 623 483 1553521251835 
512 635 427 1553521251852 
512 639 390 1553521251869 
512 639 361 1553521251886 
512 643 335 1553521251902 
512 645 308 1553521251920 
512 648 294 1553521251935 
512 650 284 1553521251953 
512 651 278 1553521251969 
512 652 274 1553521251985 
512 652 270 1553521252002 
512 653 267 1553521252018 
512 654 264 1553521252035 
512 655 261 1553521252053 
512 657 256 1553521252068 
512 660 253 1553521252086 
512 661 249 1553521252102 
512 664 246 1553521252119 
512 668 243 1553521252135 
512 669 240 1553521252153 
512 671 239 1553521252168 
512 674 238 1553521252185 
512 676 235 1553521252203 
512 678 233 1553521252218 
512 680 231 1553521252235 
512 682 230 1553521252253 
512 683 228 1553521252268 
512 684 228 1553521252285 
512 685 227 1553521252301 
512 685 226 1553521252319 
512 686 225 1553521252352 
512 687 224 1553521252385 
512 688 222 1553521252402 
512 689 221 1553521252420 
512 690 219 1553521252437 
512 692 218 1553521252452 
512 693 217 1553521252470 
512 693 215 1553521252487 
512 694 215 1553521252502 
512 695 215 1553521252535 
512 696 214 1553521252552 
512 697 213 1553521252568 
512 698 213 1553521252585 
513 698 213 1553521252655 
514 698 213 1553521252774 
