512 702 217 1553521275217 
512 705 225 1553521275317 
512 717 245 1553521275335 
512 746 295 1553521275351 
512 783 351 1553521275367 
512 823 409 1553521275385 
512 852 452 1553521275402 
512 872 490 1553521275417 
512 879 513 1553521275434 
512 886 544 1553521275452 
512 886 573 1553521275467 
512 886 596 1553521275484 
512 885 611 1553521275501 
512 885 624 1553521275517 
512 885 636 1553521275535 
512 883 639 1553521275551 
512 883 643 1553521275567 
512 881 646 1553521275585 
512 879 651 1553521275601 
512 877 653 1553521275617 
512 874 655 1553521275634 
512 873 654 1553521275667 
512 872 653 1553521275685 
512 868 650 1553521275701 
512 860 648 1553521275717 
512 855 646 1553521275734 
512 850 644 1553521275751 
512 848 643 1553521275769 
512 845 642 1553521275784 
512 844 642 1553521275801 
512 842 641 1553521275817 
512 841 639 1553521275835 
512 837 639 1553521275851 
512 835 637 1553521275867 
512 833 637 1553521275885 
513 833 637 1553521275999 
514 833 637 1553521276102 
512 834 637 1553521276267 
512 835 638 1553521276300 
512 836 638 1553521276317 
512 836 640 1553521276333 
512 831 638 1553521276383 
512 817 634 1553521276401 
512 794 627 1553521276417 
512 739 605 1553521276434 
512 665 566 1553521276452 
512 620 531 1553521276467 
512 596 502 1553521276484 
512 585 480 1553521276501 
512 578 462 1553521276518 
512 578 446 1553521276535 
512 578 441 1553521276551 
512 579 439 1553521276567 
512 579 437 1553521276584 
512 580 437 1553521276601 
512 580 436 1553521276617 
512 579 434 1553521276651 
512 577 433 1553521276667 
512 574 433 1553521276684 
512 567 429 1553521276702 
512 553 425 1553521276717 
512 529 419 1553521276735 
512 522 418 1553521276752 
512 519 415 1553521276767 
512 517 413 1553521276784 
512 515 411 1553521276801 
512 513 409 1553521276817 
512 511 407 1553521276834 
512 508 405 1553521276851 
512 504 403 1553521276867 
512 502 401 1553521276884 
512 499 399 1553521276900 
512 496 398 1553521276917 
512 489 393 1553521276935 
512 484 390 1553521276951 
512 476 385 1553521276967 
512 467 380 1553521276984 
512 464 379 1553521277001 
513 464 379 1553521277127 
514 464 379 1553521277222 
512 469 380 1553521277434 
512 487 391 1553521277452 
512 542 408 1553521277467 
512 624 411 1553521277485 
512 699 407 1553521277501 
512 774 387 1553521277517 
512 844 354 1553521277535 
512 852 347 1553521277550 
512 860 325 1553521277567 
512 860 314 1553521277583 
512 854 299 1553521277601 
512 846 290 1553521277617 
512 839 282 1553521277634 
512 834 278 1553521277652 
512 828 275 1553521277667 
512 821 271 1553521277684 
512 812 269 1553521277702 
512 801 266 1553521277717 
512 788 261 1553521277734 
512 770 254 1553521277751 
512 764 251 1553521277767 
512 759 248 1553521277785 
512 757 246 1553521277802 
512 755 245 1553521277817 
512 754 244 1553521277835 
512 752 242 1553521277851 
512 750 241 1553521277867 
512 747 237 1553521277884 
512 744 236 1553521277901 
512 743 235 1553521277917 
512 741 231 1553521277935 
512 739 229 1553521277951 
512 737 227 1553521277967 
512 734 226 1553521277985 
512 731 224 1553521278001 
512 729 222 1553521278017 
512 727 221 1553521278034 
512 726 220 1553521278050 
512 724 219 1553521278067 
512 722 217 1553521278083 
512 719 217 1553521278101 
512 716 216 1553521278117 
512 715 215 1553521278150 
512 714 215 1553521278168 
512 712 215 1553521278185 
512 711 215 1553521278201 
512 709 215 1553521278217 
512 708 215 1553521278235 
512 707 215 1553521278251 
512 707 214 1553521278267 
512 705 214 1553521278285 
513 705 214 1553521278287 
512 704 214 1553521278317 
512 703 214 1553521278334 
514 703 214 1553521278438 
512 703 214 1553521278451 
512 702 214 1553521278568 
512 699 214 1553521278584 
512 692 212 1553521278601 
512 690 211 1553521278617 
512 687 205 1553521278633 
512 684 189 1553521278650 
512 685 181 1553521278667 
512 690 180 1553521278684 
512 706 188 1553521278700 
512 742 218 1553521278717 
512 785 272 1553521278734 
512 833 319 1553521278750 
512 888 353 1553521278767 
512 905 361 1553521278784 
512 907 364 1553521278800 
512 907 365 1553521278834 
512 908 365 1553521278917 
512 911 366 1553521278934 
512 919 366 1553521278951 
512 920 363 1553521278967 
512 921 363 1553521279002 
512 922 363 1553521279017 
512 924 366 1553521279085 
512 924 369 1553521279100 
512 925 371 1553521279117 
512 926 372 1553521279134 
512 926 374 1553521279151 
512 926 376 1553521279184 
512 926 377 1553521279200 
512 927 377 1553521279284 
513 927 377 1553521279311 
514 927 377 1553521279406 
512 926 377 1553521279584 
512 922 377 1553521279619 
512 912 383 1553521279634 
512 883 397 1553521279651 
512 841 421 1553521279667 
512 795 450 1553521279684 
512 749 480 1553521279701 
512 715 507 1553521279717 
512 677 540 1553521279734 
512 646 570 1553521279750 
512 612 614 1553521279767 
512 575 648 1553521279784 
512 549 670 1553521279801 
512 529 684 1553521279817 
512 511 696 1553521279834 
512 500 705 1553521279851 
512 496 712 1553521279868 
512 495 715 1553521279885 
512 495 716 1553521279900 
512 495 714 1553521279918 
512 500 705 1553521279935 
512 501 704 1553521279950 
512 504 697 1553521279967 
512 507 694 1553521279985 
512 508 691 1553521280000 
512 511 687 1553521280018 
512 514 682 1553521280034 
512 517 675 1553521280050 
512 520 670 1553521280067 
512 524 666 1553521280084 
512 529 663 1553521280100 
512 534 659 1553521280118 
512 540 654 1553521280135 
512 545 652 1553521280151 
512 552 648 1553521280167 
512 556 646 1553521280185 
512 559 644 1553521280201 
512 561 642 1553521280218 
512 563 641 1553521280234 
512 564 640 1553521280251 
512 565 640 1553521280267 
512 565 639 1553521280284 
512 567 638 1553521280317 
512 568 637 1553521280417 
513 568 637 1553521280439 
514 568 637 1553521280558 
512 567 638 1553521280683 
512 565 640 1553521280700 
512 565 643 1553521280717 
512 564 645 1553521280733 
512 563 645 1553521280750 
512 563 646 1553521280783 
512 562 646 1553521280802 
513 562 646 1553521280848 
514 562 646 1553521280982 
512 562 645 1553521281117 
512 562 638 1553521281135 
512 562 635 1553521281167 
512 563 635 1553521281184 
512 564 635 1553521281200 
512 574 635 1553521281217 
512 587 635 1553521281233 
512 604 632 1553521281250 
512 628 632 1553521281267 
512 654 635 1553521281283 
512 694 646 1553521281300 
512 739 661 1553521281316 
512 779 671 1553521281334 
512 809 673 1553521281350 
512 838 673 1553521281367 
512 844 672 1553521281384 
512 845 671 1553521281400 
512 846 670 1553521281417 
512 846 668 1553521281434 
512 847 667 1553521281450 
512 849 665 1553521281467 
512 851 664 1553521281484 
512 852 663 1553521281500 
512 853 662 1553521281517 
512 854 660 1553521281535 
512 854 659 1553521281550 
512 854 658 1553521281568 
512 854 657 1553521281584 
512 854 655 1553521281600 
512 853 654 1553521281617 
512 851 652 1553521281634 
512 851 651 1553521281651 
512 850 651 1553521281667 
512 849 651 1553521281700 
512 847 650 1553521281734 
512 846 650 1553521281750 
512 845 650 1553521281785 
512 845 649 1553521281800 
513 845 649 1553521281840 
514 845 649 1553521281958 
512 844 648 1553521282100 
512 844 646 1553521282117 
512 844 645 1553521282134 
512 843 643 1553521282150 
512 842 638 1553521282168 
512 842 629 1553521282184 
512 843 616 1553521282200 
512 851 589 1553521282218 
512 864 555 1553521282234 
512 879 522 1553521282250 
512 898 488 1553521282268 
512 916 452 1553521282284 
512 927 430 1553521282300 
512 932 416 1553521282317 
512 937 406 1553521282334 
512 939 397 1553521282350 
512 945 386 1553521282367 
512 946 380 1553521282385 
512 947 376 1553521282400 
512 947 372 1553521282417 
512 950 370 1553521282434 
512 950 366 1553521282450 
512 950 363 1553521282467 
512 952 363 1553521282484 
512 952 364 1553521282584 
512 950 366 1553521282601 
512 948 370 1553521282617 
512 947 372 1553521282634 
512 945 374 1553521282650 
512 944 374 1553521282668 
512 943 375 1553521282700 
512 940 375 1553521282735 
512 939 375 1553521282783 
512 938 375 1553521282818 
512 936 375 1553521282834 
512 935 375 1553521282867 
512 934 375 1553521282884 
512 933 375 1553521282900 
512 932 375 1553521282903 
513 932 375 1553521282904 
512 931 375 1553521282917 
512 930 375 1553521282935 
514 930 375 1553521283086 
512 930 375 1553521283117 
512 930 378 1553521283200 
512 930 387 1553521283217 
512 929 398 1553521283235 
512 929 409 1553521283250 
512 929 415 1553521283267 
512 929 419 1553521283285 
512 929 423 1553521283300 
512 918 438 1553521283317 
512 896 455 1553521283334 
512 833 500 1553521283351 
512 783 509 1553521283367 
512 725 507 1553521283384 
512 647 489 1553521283400 
512 572 469 1553521283416 
512 546 458 1553521283434 
512 532 446 1553521283450 
512 528 437 1553521283467 
512 526 426 1553521283484 
512 526 415 1553521283500 
512 526 407 1553521283517 
512 526 399 1553521283533 
512 526 393 1553521283552 
512 525 391 1553521283567 
512 524 389 1553521283584 
512 522 387 1553521283602 
512 520 384 1553521283617 
512 517 383 1553521283634 
512 514 382 1553521283650 
512 513 382 1553521283667 
512 512 382 1553521283684 
512 510 382 1553521283700 
512 506 382 1553521283717 
512 498 382 1553521283735 
512 495 382 1553521283750 
512 492 382 1553521283768 
512 491 382 1553521283784 
512 490 382 1553521283801 
512 488 382 1553521283817 
512 486 382 1553521283834 
512 483 382 1553521283850 
512 480 382 1553521283868 
512 477 382 1553521283884 
512 476 381 1553521283900 
512 474 381 1553521283917 
512 472 379 1553521283934 
512 470 379 1553521283950 
512 468 379 1553521283967 
512 468 378 1553521284017 
513 468 378 1553521284023 
514 468 378 1553521284142 
512 471 378 1553521284267 
512 480 386 1553521284283 
512 495 400 1553521284300 
512 514 419 1553521284318 
512 531 438 1553521284334 
512 540 455 1553521284350 
512 549 481 1553521284367 
512 554 499 1553521284385 
512 561 521 1553521284400 
512 566 544 1553521284418 
512 568 562 1553521284433 
512 571 572 1553521284450 
512 572 577 1553521284467 
512 572 581 1553521284485 
512 572 584 1553521284500 
512 572 585 1553521284517 
512 572 586 1553521284533 
512 571 588 1553521284567 
512 570 590 1553521284584 
512 569 593 1553521284600 
512 568 596 1553521284618 
512 567 599 1553521284633 
512 566 601 1553521284650 
512 565 608 1553521284667 
512 563 617 1553521284684 
512 562 623 1553521284700 
512 562 628 1553521284718 
512 560 636 1553521284733 
512 559 644 1553521284751 
512 559 648 1553521284767 
512 559 650 1553521284783 
512 559 653 1553521284800 
512 558 655 1553521284817 
512 558 656 1553521284834 
512 558 658 1553521284850 
512 558 657 1553521284968 
512 558 653 1553521284984 
512 558 651 1553521285001 
512 558 649 1553521285018 
512 558 647 1553521285034 
512 558 646 1553521285051 
512 558 644 1553521285067 
512 558 642 1553521285085 
513 558 642 1553521285126 
514 558 642 1553521285246 
512 558 641 1553521285317 
512 559 638 1553521285350 
512 559 635 1553521285366 
512 560 629 1553521285384 
512 561 620 1553521285399 
512 564 606 1553521285417 
512 564 591 1553521285434 
512 565 578 1553521285450 
512 568 558 1553521285467 
512 579 532 1553521285483 
512 603 481 1553521285500 
512 634 423 1553521285517 
512 662 365 1553521285534 
512 706 286 1553521285550 
512 719 254 1553521285567 
512 722 235 1553521285584 
512 722 223 1553521285601 
512 722 215 1553521285617 
512 716 206 1553521285633 
512 715 202 1553521285650 
512 713 198 1553521285667 
512 712 198 1553521285683 
512 712 196 1553521285734 
512 709 196 1553521285800 
512 706 196 1553521285817 
512 702 198 1553521285834 
512 698 201 1553521285850 
512 696 202 1553521285867 
512 696 204 1553521285885 
512 695 204 1553521285900 
512 695 205 1553521285917 
512 693 206 1553521285950 
513 693 206 1553521286126 
514 693 206 1553521286254 
