512 692 206 1553096374010 
512 692 207 1553096374018 
512 692 210 1553096374027 
512 692 214 1553096374034 
512 692 221 1553096374043 
512 693 227 1553096374050 
512 693 234 1553096374058 
512 696 248 1553096374066 
512 699 261 1553096374074 
512 702 278 1553096374082 
512 706 307 1553096374090 
512 706 329 1553096374098 
512 706 359 1553096374106 
512 706 378 1553096374111 
512 706 413 1553096374119 
512 708 441 1553096374127 
512 710 466 1553096374135 
512 713 497 1553096374143 
512 720 540 1553096374151 
512 727 579 1553096374159 
512 732 611 1553096374167 
512 738 650 1553096374175 
512 744 680 1553096374183 
512 752 697 1553096374191 
512 757 705 1553096374199 
512 760 712 1553096374206 
512 762 715 1553096374215 
512 764 716 1553096374222 
512 767 717 1553096374230 
512 772 718 1553096374238 
512 781 719 1553096374246 
512 794 723 1553096374254 
512 803 723 1553096374262 
512 809 724 1553096374270 
512 812 725 1553096374278 
512 815 725 1553096374283 
512 815 726 1553096374355 
512 816 726 1553096374362 
512 817 726 1553096374386 
512 818 726 1553096374394 
512 821 725 1553096374402 
512 823 718 1553096374410 
512 824 712 1553096374418 
512 825 704 1553096374426 
512 825 694 1553096374434 
512 822 678 1553096374442 
512 816 666 1553096374450 
512 809 654 1553096374458 
512 805 645 1553096374463 
512 805 638 1553096374473 
512 804 632 1553096374479 
512 803 627 1553096374487 
512 803 620 1553096374497 
512 804 617 1553096374503 
512 805 613 1553096374511 
512 806 612 1553096374519 
512 807 612 1553096374527 
512 807 611 1553096374535 
512 808 611 1553096374543 
512 809 611 1553096374574 
512 814 612 1553096374630 
512 820 613 1553096374637 
512 826 613 1553096374643 
512 831 616 1553096374651 
512 832 616 1553096374659 
512 831 616 1553096374738 
512 830 616 1553096374762 
512 829 616 1553096374770 
512 829 618 1553096374778 
512 829 619 1553096374786 
512 829 620 1553096374794 
512 829 623 1553096374802 
512 829 625 1553096374810 
512 829 627 1553096374818 
512 830 628 1553096374826 
512 830 629 1553096374833 
512 831 630 1553096374912 
512 832 631 1553096374918 
512 834 632 1553096374926 
512 834 634 1553096374934 
512 835 635 1553096374950 
512 836 636 1553096375098 
512 837 636 1553096375106 
512 837 637 1553096375114 
512 838 638 1553096375122 
512 838 639 1553096375138 
512 838 640 1553096375146 
513 838 640 1553096375217 
514 838 640 1553096375317 
512 839 640 1553096375341 
512 840 640 1553096375357 
512 840 637 1553096375482 
512 840 633 1553096375490 
512 840 630 1553096375502 
512 840 628 1553096375505 
512 840 626 1553096375513 
512 839 623 1553096375521 
512 838 621 1553096375529 
512 835 617 1553096375537 
512 830 610 1553096375545 
512 824 603 1553096375551 
512 818 593 1553096375558 
512 808 583 1553096375567 
512 784 567 1553096375576 
512 756 540 1553096375584 
512 726 519 1553096375593 
512 690 494 1553096375601 
512 658 471 1553096375609 
512 629 446 1553096375617 
512 609 429 1553096375625 
512 589 410 1553096375630 
512 568 389 1553096375638 
512 555 372 1553096375646 
512 546 356 1553096375654 
512 543 347 1553096375662 
512 540 340 1553096375670 
512 539 337 1553096375677 
512 539 336 1553096375725 
512 538 336 1553096375739 
512 534 336 1553096375748 
512 522 336 1553096375756 
512 510 335 1553096375765 
512 500 334 1553096375772 
512 489 334 1553096375780 
512 477 334 1553096375788 
512 466 337 1553096375796 
512 460 339 1553096375804 
512 456 342 1553096375812 
512 454 344 1553096375818 
512 453 347 1553096375826 
512 452 350 1553096375834 
512 452 354 1553096375842 
512 451 359 1553096375852 
512 451 363 1553096375858 
512 451 372 1553096375868 
512 451 378 1553096375873 
512 451 384 1553096375881 
512 451 387 1553096375889 
512 451 389 1553096375895 
512 451 391 1553096375905 
512 452 393 1553096375913 
512 452 394 1553096375920 
512 452 395 1553096375928 
512 453 395 1553096375944 
512 453 396 1553096375953 
512 455 398 1553096375960 
512 457 399 1553096375968 
512 461 400 1553096375976 
512 465 400 1553096375982 
512 468 401 1553096375992 
512 470 401 1553096375997 
512 472 401 1553096376006 
512 474 401 1553096376013 
512 475 401 1553096376021 
512 476 399 1553096376029 
512 477 399 1553096376037 
512 477 398 1553096376045 
512 478 397 1553096376053 
512 479 395 1553096376061 
512 479 394 1553096376067 
512 479 393 1553096376079 
512 479 392 1553096376084 
512 480 391 1553096376092 
512 480 389 1553096376101 
512 480 388 1553096376117 
512 480 387 1553096376124 
512 480 386 1553096376132 
512 480 384 1553096376140 
512 480 383 1553096376164 
512 479 383 1553096376170 
512 478 381 1553096376233 
512 477 380 1553096376243 
512 474 378 1553096376252 
512 474 377 1553096376257 
512 472 376 1553096376267 
512 472 375 1553096376281 
513 472 375 1553096376370 
514 472 375 1553096376460 
512 472 376 1553096376553 
512 475 377 1553096376561 
512 481 378 1553096376569 
512 492 381 1553096376596 
512 493 381 1553096376601 
512 497 381 1553096376609 
512 505 382 1553096376617 
512 512 382 1553096376625 
512 519 382 1553096376630 
512 522 382 1553096376638 
512 525 382 1553096376646 
512 527 382 1553096376654 
512 528 381 1553096376664 
512 529 379 1553096376672 
512 530 377 1553096376678 
512 531 375 1553096376686 
512 533 372 1553096376696 
512 536 370 1553096376704 
512 542 368 1553096376712 
512 548 365 1553096376717 
512 562 364 1553096376725 
512 572 363 1553096376736 
512 591 360 1553096376743 
512 604 360 1553096376751 
512 622 359 1553096376759 
512 635 355 1553096376765 
512 643 349 1553096376773 
512 650 343 1553096376783 
512 655 334 1553096376789 
512 658 321 1553096376799 
512 659 309 1553096376804 
512 662 292 1553096376812 
512 662 267 1553096376820 
512 663 242 1553096376828 
512 664 228 1553096376836 
512 666 211 1553096376844 
512 667 199 1553096376852 
512 669 192 1553096376860 
512 671 186 1553096376868 
512 671 185 1553096376886 
512 671 187 1553096376945 
512 672 189 1553096376955 
512 672 190 1553096376969 
512 672 195 1553096377032 
512 672 205 1553096377040 
512 676 214 1553096377048 
512 683 226 1553096377056 
512 690 234 1553096377064 
512 700 242 1553096377072 
512 709 248 1553096377079 
512 719 251 1553096377088 
512 727 252 1553096377095 
512 729 252 1553096377101 
512 731 252 1553096377109 
512 732 252 1553096377117 
512 732 249 1553096377125 
512 732 242 1553096377132 
512 732 237 1553096377140 
512 731 228 1553096377149 
512 728 220 1553096377156 
512 725 210 1553096377164 
512 719 202 1553096377172 
512 714 196 1553096377178 
512 711 193 1553096377186 
512 709 192 1553096377196 
512 708 191 1553096377203 
512 707 191 1553096377257 
512 705 191 1553096377273 
512 703 191 1553096377283 
512 701 191 1553096377297 
512 701 192 1553096377305 
512 700 192 1553096377330 
512 699 193 1553096377338 
512 699 194 1553096377344 
512 698 195 1553096377352 
512 697 196 1553096377360 
512 696 197 1553096377370 
512 696 198 1553096377376 
512 695 198 1553096377400 
512 695 199 1553096377453 
512 695 200 1553096377463 
512 695 201 1553096377564 
512 697 201 1553096377572 
512 698 202 1553096377580 
512 699 203 1553096377588 
512 699 204 1553096377712 
512 699 205 1553096377728 
513 699 205 1553096377756 
514 699 205 1553096377844 
512 699 211 1553096378019 
512 699 219 1553096378026 
512 699 229 1553096378035 
512 699 243 1553096378040 
512 699 263 1553096378048 
512 700 285 1553096378058 
512 707 322 1553096378064 
512 717 355 1553096378071 
512 740 393 1553096378079 
512 759 425 1553096378088 
512 785 449 1553096378095 
512 809 462 1553096378103 
512 837 472 1553096378111 
512 857 474 1553096378119 
512 870 474 1553096378129 
512 878 474 1553096378137 
512 886 472 1553096378143 
512 888 469 1553096378151 
512 890 463 1553096378159 
512 893 457 1553096378164 
512 895 451 1553096378172 
512 896 446 1553096378182 
512 898 440 1553096378188 
512 898 433 1553096378198 
512 898 428 1553096378206 
512 899 426 1553096378214 
512 899 423 1553096378220 
512 900 423 1553096378283 
512 900 420 1553096378344 
512 900 418 1553096378352 
512 900 416 1553096378362 
512 900 415 1553096378368 
512 900 413 1553096378386 
512 900 412 1553096378392 
512 901 410 1553096378402 
512 903 408 1553096378408 
512 904 406 1553096378418 
512 906 404 1553096378424 
512 907 402 1553096378431 
512 909 400 1553096378439 
512 910 399 1553096378447 
512 913 397 1553096378455 
512 916 396 1553096378463 
512 918 394 1553096378471 
512 919 393 1553096378479 
512 919 392 1553096378487 
512 920 391 1553096378495 
512 921 390 1553096378511 
512 921 389 1553096378516 
512 922 388 1553096378542 
512 923 387 1553096378706 
512 923 385 1553096378712 
512 923 383 1553096378730 
512 923 382 1553096378736 
512 923 381 1553096378744 
512 923 380 1553096378752 
512 924 379 1553096378760 
512 924 378 1553096378768 
512 924 377 1553096378785 
512 925 377 1553096378791 
512 925 376 1553096378799 
513 925 376 1553096378926 
514 925 376 1553096379003 
512 924 376 1553096379080 
512 922 378 1553096379090 
512 920 380 1553096379096 
512 918 380 1553096379104 
512 917 382 1553096379112 
512 914 383 1553096379121 
512 910 386 1553096379130 
512 903 391 1553096379137 
512 898 395 1553096379145 
512 890 401 1553096379151 
512 879 408 1553096379159 
512 868 415 1553096379167 
512 858 423 1553096379175 
512 847 427 1553096379183 
512 838 429 1553096379191 
512 832 431 1553096379199 
512 823 434 1553096379207 
512 816 436 1553096379215 
512 809 440 1553096379223 
512 800 442 1553096379231 
512 790 445 1553096379238 
512 780 449 1553096379246 
512 771 451 1553096379252 
512 752 459 1553096379260 
512 731 471 1553096379270 
512 708 482 1553096379276 
512 684 496 1553096379286 
512 657 511 1553096379294 
512 637 521 1553096379302 
512 615 535 1553096379309 
512 603 545 1553096379317 
512 588 558 1553096379325 
512 581 568 1553096379333 
512 572 578 1553096379339 
512 567 586 1553096379347 
512 560 592 1553096379355 
512 553 596 1553096379363 
512 543 599 1553096379371 
512 531 601 1553096379379 
512 519 601 1553096379386 
512 510 599 1553096379394 
512 500 597 1553096379402 
512 489 597 1553096379412 
512 483 597 1553096379416 
512 481 597 1553096379424 
512 479 597 1553096379432 
512 479 598 1553096379448 
512 478 600 1553096379465 
512 478 603 1553096379473 
512 478 607 1553096379481 
512 476 612 1553096379489 
512 476 616 1553096379497 
512 477 619 1553096379506 
512 481 625 1553096379511 
512 484 630 1553096379519 
512 487 633 1553096379527 
512 494 637 1553096379535 
512 501 639 1553096379543 
512 511 642 1553096379551 
512 518 642 1553096379558 
512 523 642 1553096379566 
512 529 642 1553096379574 
512 532 642 1553096379584 
512 534 640 1553096379592 
512 535 639 1553096379598 
512 538 638 1553096379604 
512 539 636 1553096379612 
512 540 635 1553096379621 
512 543 634 1553096379630 
512 543 633 1553096379637 
512 544 633 1553096379645 
512 546 632 1553096379654 
512 549 631 1553096379670 
512 550 631 1553096379677 
512 552 631 1553096379685 
512 553 631 1553096379699 
512 554 631 1553096379707 
512 555 631 1553096379731 
512 556 631 1553096379739 
512 558 631 1553096379749 
512 560 632 1553096379756 
512 561 633 1553096379765 
512 564 633 1553096379772 
512 569 635 1553096379776 
512 570 635 1553096379785 
512 571 636 1553096379794 
512 571 637 1553096379894 
512 571 638 1553096379912 
512 571 640 1553096380029 
512 570 641 1553096380047 
512 569 641 1553096380053 
512 568 641 1553096380124 
512 567 641 1553096380154 
512 566 641 1553096380209 
512 564 641 1553096380227 
512 563 643 1553096380233 
512 562 643 1553096380239 
512 561 643 1553096380248 
512 560 643 1553096380256 
512 560 644 1553096380264 
513 560 644 1553096380320 
514 560 644 1553096380418 
512 560 643 1553096380474 
512 560 642 1553096380513 
512 560 640 1553096380529 
512 559 638 1553096380537 
512 562 631 1553096380566 
512 566 628 1553096380569 
512 573 625 1553096380577 
512 586 622 1553096380587 
512 601 616 1553096380592 
512 617 611 1553096380600 
512 629 606 1553096380608 
512 641 598 1553096380617 
512 647 592 1553096380624 
512 652 583 1553096380632 
512 656 576 1553096380640 
512 660 573 1553096380648 
512 665 570 1553096380656 
512 672 568 1553096380664 
512 678 568 1553096380672 
512 686 568 1553096380680 
512 697 567 1553096380688 
512 707 567 1553096380693 
512 722 571 1553096380701 
512 737 577 1553096380709 
512 751 585 1553096380717 
512 757 590 1553096380725 
512 761 598 1553096380733 
512 761 606 1553096380741 
512 763 614 1553096380749 
512 765 621 1553096380757 
512 765 630 1553096380765 
512 766 637 1553096380773 
512 767 642 1553096380780 
512 767 644 1553096380788 
512 768 644 1553096380796 
512 768 645 1553096380805 
512 769 645 1553096380852 
512 772 644 1553096380860 
512 774 643 1553096380865 
512 778 642 1553096380873 
512 780 641 1553096380883 
512 781 641 1553096380889 
512 782 641 1553096380897 
512 784 641 1553096380907 
512 786 641 1553096380913 
512 787 641 1553096380921 
512 789 641 1553096380931 
512 791 641 1553096380937 
512 793 641 1553096380945 
512 795 641 1553096380952 
512 796 641 1553096380966 
512 797 640 1553096380974 
512 799 640 1553096380984 
512 801 639 1553096380992 
512 803 639 1553096381000 
512 805 639 1553096381008 
512 808 639 1553096381016 
512 814 639 1553096381024 
512 819 641 1553096381032 
512 822 641 1553096381037 
512 825 641 1553096381047 
512 826 643 1553096381055 
512 827 643 1553096381072 
512 828 642 1553096381188 
512 828 641 1553096381196 
512 829 641 1553096381204 
512 830 641 1553096381219 
512 831 641 1553096381228 
512 832 641 1553096381233 
512 834 641 1553096381241 
512 838 641 1553096381249 
512 841 641 1553096381257 
512 844 641 1553096381265 
512 846 641 1553096381273 
512 847 641 1553096381281 
512 848 640 1553096381289 
512 849 640 1553096381299 
512 848 640 1553096381477 
512 847 640 1553096381494 
512 846 640 1553096381500 
512 846 641 1553096381508 
512 845 641 1553096381588 
513 845 641 1553096381629 
514 845 641 1553096381728 
512 845 642 1553096381757 
512 847 641 1553096381916 
512 853 636 1553096381924 
512 856 633 1553096381934 
512 860 628 1553096381939 
512 865 618 1553096381947 
512 872 609 1553096381955 
512 875 598 1553096381961 
512 882 588 1553096381968 
512 888 580 1553096381976 
512 893 572 1553096381984 
512 907 563 1553096381994 
512 915 554 1553096382002 
512 925 545 1553096382010 
512 934 536 1553096382019 
512 946 527 1553096382026 
512 955 517 1553096382034 
512 962 502 1553096382040 
512 968 483 1553096382048 
512 975 461 1553096382056 
512 980 429 1553096382064 
512 982 391 1553096382072 
512 982 358 1553096382080 
512 983 328 1553096382088 
512 983 301 1553096382095 
512 983 287 1553096382106 
512 983 279 1553096382111 
512 983 277 1553096382119 
512 983 276 1553096382127 
512 981 276 1553096382157 
512 976 278 1553096382167 
512 974 280 1553096382175 
512 969 283 1553096382183 
512 968 288 1553096382190 
512 966 289 1553096382198 
512 965 290 1553096382207 
512 964 291 1553096382222 
512 963 292 1553096382236 
512 961 294 1553096382244 
512 960 296 1553096382252 
512 960 299 1553096382259 
512 959 302 1553096382268 
512 957 305 1553096382276 
512 955 311 1553096382285 
512 954 314 1553096382291 
512 954 318 1553096382301 
512 954 322 1553096382307 
512 954 328 1553096382313 
512 954 332 1553096382323 
512 954 337 1553096382330 
512 954 343 1553096382339 
512 954 346 1553096382346 
512 954 351 1553096382355 
512 954 355 1553096382362 
512 954 358 1553096382370 
512 954 360 1553096382379 
512 954 362 1553096382386 
512 954 365 1553096382392 
512 952 367 1553096382400 
512 951 370 1553096382408 
512 951 372 1553096382416 
512 951 373 1553096382424 
512 950 374 1553096382431 
512 948 376 1553096382439 
512 947 377 1553096382447 
512 946 378 1553096382463 
512 945 378 1553096382473 
512 945 379 1553096382479 
512 944 379 1553096382489 
512 943 379 1553096382494 
512 942 379 1553096382502 
512 941 380 1553096382518 
512 940 380 1553096382534 
512 939 381 1553096382542 
512 938 381 1553096382558 
512 937 381 1553096382574 
512 936 381 1553096382604 
512 935 381 1553096382645 
512 935 380 1553096382738 
512 934 380 1553096382754 
512 934 379 1553096382775 
512 933 378 1553096382783 
512 932 377 1553096382801 
513 932 377 1553096382802 
514 932 377 1553096382947 
512 931 377 1553096382979 
512 930 377 1553096382987 
512 929 377 1553096383003 
512 929 378 1553096383145 
512 929 379 1553096383207 
512 926 382 1553096383214 
512 923 384 1553096383225 
512 921 385 1553096383230 
512 914 387 1553096383236 
512 907 388 1553096383244 
512 898 388 1553096383254 
512 890 388 1553096383262 
512 877 388 1553096383270 
512 858 385 1553096383278 
512 828 377 1553096383286 
512 802 372 1553096383294 
512 780 368 1553096383299 
512 745 366 1553096383307 
512 712 366 1553096383315 
512 668 367 1553096383325 
512 638 368 1553096383333 
512 601 374 1553096383339 
512 559 377 1553096383347 
512 515 383 1553096383357 
512 466 385 1553096383363 
512 430 386 1553096383373 
512 394 388 1553096383381 
512 366 391 1553096383389 
512 346 393 1553096383394 
512 329 393 1553096383402 
512 320 393 1553096383410 
512 313 393 1553096383418 
512 311 393 1553096383426 
512 314 393 1553096383481 
512 326 395 1553096383489 
512 335 397 1553096383495 
512 344 397 1553096383503 
512 353 397 1553096383513 
512 363 397 1553096383521 
512 368 397 1553096383529 
512 375 397 1553096383535 
512 379 396 1553096383543 
512 383 394 1553096383551 
512 383 393 1553096383559 
512 385 393 1553096383566 
512 385 392 1553096383574 
512 386 391 1553096383590 
512 387 391 1553096383598 
512 388 391 1553096383608 
512 390 390 1553096383614 
512 393 390 1553096383622 
512 397 390 1553096383630 
512 401 390 1553096383638 
512 407 390 1553096383645 
512 409 390 1553096383654 
512 410 390 1553096383659 
512 412 390 1553096383667 
512 414 390 1553096383675 
512 416 389 1553096383685 
512 418 387 1553096383691 
512 420 387 1553096383701 
512 422 387 1553096383707 
512 423 387 1553096383717 
512 425 387 1553096383723 
512 429 387 1553096383733 
512 436 387 1553096383741 
512 444 387 1553096383748 
512 457 388 1553096383754 
512 468 390 1553096383762 
512 476 391 1553096383770 
512 487 391 1553096383778 
512 495 392 1553096383786 
512 498 392 1553096383794 
512 496 390 1553096383857 
512 494 386 1553096383863 
512 489 383 1553096383873 
512 486 382 1553096383879 
512 483 381 1553096383887 
512 481 380 1553096383895 
512 478 380 1553096383903 
512 476 379 1553096383912 
512 475 379 1553096383920 
512 474 378 1553096383924 
512 473 378 1553096383942 
512 472 378 1553096383966 
512 472 377 1553096384114 
513 472 377 1553096384130 
514 472 377 1553096384239 
512 472 379 1553096384473 
512 472 385 1553096384482 
512 472 394 1553096384490 
512 472 403 1553096384497 
512 473 416 1553096384506 
512 474 427 1553096384513 
512 479 443 1553096384521 
512 483 464 1553096384529 
512 489 479 1553096384537 
512 495 493 1553096384545 
512 502 504 1553096384553 
512 506 517 1553096384558 
512 509 525 1553096384566 
512 513 536 1553096384574 
512 515 541 1553096384582 
512 516 546 1553096384590 
512 516 549 1553096384598 
512 518 551 1553096384606 
512 519 553 1553096384614 
512 522 555 1553096384624 
512 525 556 1553096384632 
512 528 559 1553096384640 
512 531 559 1553096384648 
512 535 561 1553096384653 
512 536 562 1553096384669 
512 537 562 1553096384677 
512 537 568 1553096384762 
512 538 573 1553096384770 
512 540 578 1553096384778 
512 540 583 1553096384786 
512 542 589 1553096384796 
512 544 594 1553096384802 
512 544 597 1553096384812 
512 545 599 1553096384820 
512 546 601 1553096384826 
512 547 604 1553096384833 
512 547 607 1553096384841 
512 547 610 1553096384849 
512 547 613 1553096384857 
512 547 616 1553096384865 
512 546 619 1553096384873 
512 546 623 1553096384881 
512 546 630 1553096384889 
512 546 635 1553096384897 
512 546 638 1553096384905 
512 546 641 1553096384913 
512 546 644 1553096384918 
512 546 646 1553096384926 
512 546 647 1553096384936 
512 546 648 1553096384942 
512 547 649 1553096384950 
512 547 650 1553096384958 
512 548 650 1553096385014 
512 549 649 1553096385021 
512 551 648 1553096385029 
512 551 647 1553096385037 
512 553 647 1553096385045 
512 553 646 1553096385053 
512 554 646 1553096385061 
512 554 645 1553096385069 
512 555 644 1553096385178 
512 556 644 1553096385193 
512 557 643 1553096385225 
513 557 643 1553096385275 
514 557 643 1553096385373 
512 559 638 1553096385453 
512 561 631 1553096385461 
512 563 623 1553096385466 
512 566 613 1553096385476 
512 572 603 1553096385484 
512 576 596 1553096385492 
512 581 590 1553096385500 
512 583 587 1553096385508 
512 583 584 1553096385516 
512 583 583 1553096385522 
512 583 582 1553096385532 
512 583 579 1553096385625 
512 585 572 1553096385632 
512 587 564 1553096385640 
512 591 550 1553096385649 
512 593 535 1553096385656 
512 594 515 1553096385664 
512 594 488 1553096385672 
512 594 463 1553096385680 
512 597 453 1553096385688 
512 601 439 1553096385696 
512 610 425 1553096385704 
512 615 413 1553096385712 
512 623 403 1553096385720 
512 633 388 1553096385728 
512 639 375 1553096385736 
512 644 363 1553096385741 
512 649 354 1553096385749 
512 654 345 1553096385759 
512 656 336 1553096385767 
512 660 329 1553096385775 
512 662 325 1553096385781 
512 664 321 1553096385789 
512 666 318 1553096385797 
512 667 315 1553096385805 
512 668 312 1553096385813 
512 669 310 1553096385821 
512 671 307 1553096385828 
512 672 305 1553096385836 
512 673 302 1553096385844 
512 673 299 1553096385852 
512 673 296 1553096385858 
512 673 295 1553096385867 
512 674 295 1553096385875 
512 674 294 1553096385884 
512 674 293 1553096385892 
512 675 292 1553096385905 
512 675 291 1553096385916 
512 675 289 1553096385923 
512 676 287 1553096385929 
512 676 284 1553096385939 
512 677 280 1553096385945 
512 677 276 1553096385953 
512 677 272 1553096385963 
512 677 269 1553096385969 
512 678 264 1553096385977 
512 678 262 1553096385987 
512 678 260 1553096385994 
512 679 258 1553096386002 
512 680 256 1553096386010 
512 681 254 1553096386016 
512 682 251 1553096386024 
512 683 250 1553096386032 
512 685 248 1553096386040 
512 686 246 1553096386048 
512 688 244 1553096386056 
512 689 242 1553096386064 
512 690 240 1553096386072 
512 691 239 1553096386080 
512 692 237 1553096386088 
512 693 236 1553096386101 
512 693 234 1553096386109 
512 693 233 1553096386117 
512 693 232 1553096386236 
512 693 231 1553096386281 
512 693 230 1553096386289 
512 693 228 1553096386313 
512 694 227 1553096386323 
512 695 226 1553096386330 
512 695 225 1553096386336 
512 695 222 1553096386344 
512 695 220 1553096386352 
512 695 219 1553096386360 
512 696 219 1553096386376 
512 696 218 1553096386384 
512 697 218 1553096386439 
512 697 217 1553096386494 
512 697 215 1553096386510 
512 698 214 1553096386518 
512 698 213 1553096386535 
513 698 213 1553096386606 
514 698 213 1553096386696 
