512 707 218 1553258607610 
512 709 223 1553258607628 
512 710 229 1553258607644 
512 714 237 1553258607660 
512 717 245 1553258607678 
512 729 260 1553258607694 
512 740 277 1553258607710 
512 750 301 1553258607728 
512 756 321 1553258607744 
512 762 352 1553258607760 
512 770 397 1553258607777 
512 787 464 1553258607794 
512 798 540 1553258607810 
512 819 614 1553258607827 
512 837 671 1553258607845 
512 851 723 1553258607861 
512 863 739 1553258607877 
512 865 743 1553258607894 
512 866 743 1553258607910 
512 865 743 1553258607994 
512 865 742 1553258608028 
512 863 734 1553258608044 
512 858 713 1553258608060 
512 854 696 1553258608078 
512 847 682 1553258608094 
512 839 658 1553258608111 
512 838 647 1553258608127 
512 838 638 1553258608145 
512 838 630 1553258608160 
512 838 620 1553258608178 
512 838 612 1553258608194 
512 838 609 1553258608211 
512 838 608 1553258608227 
512 838 610 1553258608279 
512 838 617 1553258608294 
512 838 621 1553258608311 
512 838 623 1553258608327 
512 838 627 1553258608345 
512 838 629 1553258608361 
512 838 634 1553258608378 
512 838 636 1553258608394 
512 838 638 1553258608411 
512 838 642 1553258608427 
512 838 647 1553258608444 
512 838 649 1553258608461 
512 838 651 1553258608478 
512 839 650 1553258608711 
513 839 650 1553258608738 
514 839 650 1553258608815 
512 841 650 1553258608861 
512 841 649 1553258608878 
512 841 648 1553258608911 
512 841 645 1553258608928 
512 839 642 1553258608945 
512 833 636 1553258608961 
512 830 631 1553258608978 
512 825 624 1553258608995 
512 819 606 1553258609012 
512 808 585 1553258609028 
512 780 548 1553258609045 
512 741 510 1553258609062 
512 704 488 1553258609079 
512 673 475 1553258609096 
512 655 468 1553258609111 
512 639 463 1553258609128 
512 622 455 1553258609146 
512 618 449 1553258609163 
512 617 447 1553258609178 
512 615 441 1553258609195 
512 610 434 1553258609212 
512 603 428 1553258609228 
512 601 427 1553258609245 
512 600 427 1553258609261 
512 598 427 1553258609279 
512 594 426 1553258609295 
512 587 422 1553258609311 
512 579 418 1553258609328 
512 568 414 1553258609346 
512 552 409 1553258609362 
512 537 403 1553258609378 
512 521 399 1553258609396 
512 519 399 1553258609412 
512 517 399 1553258609428 
512 515 398 1553258609445 
512 512 397 1553258609461 
512 509 396 1553258609479 
512 498 389 1553258609495 
512 490 387 1553258609512 
512 486 385 1553258609529 
512 485 383 1553258609595 
512 485 382 1553258609612 
512 484 381 1553258609629 
512 483 380 1553258609762 
512 483 379 1553258609780 
513 483 379 1553258609849 
514 483 379 1553258609951 
512 482 379 1553258610080 
512 481 379 1553258610095 
512 476 378 1553258610247 
512 475 377 1553258610263 
513 475 377 1553258610312 
514 475 377 1553258610397 
512 478 377 1553258610546 
512 513 377 1553258610564 
512 545 376 1553258610579 
512 572 376 1553258610596 
512 621 374 1553258610613 
512 652 374 1553258610630 
512 676 371 1553258610646 
512 693 363 1553258610663 
512 712 350 1553258610680 
512 721 341 1553258610696 
512 725 328 1553258610713 
512 730 315 1553258610731 
512 732 307 1553258610746 
512 734 300 1553258610763 
512 734 294 1553258610781 
512 732 280 1553258610797 
512 727 262 1553258610813 
512 707 234 1553258610830 
512 696 217 1553258610847 
512 689 206 1553258610864 
512 688 205 1553258610880 
512 687 205 1553258610931 
512 687 208 1553258610980 
512 688 213 1553258610996 
512 691 218 1553258611014 
512 691 219 1553258611031 
512 693 219 1553258611046 
512 694 219 1553258611063 
512 695 219 1553258611080 
512 699 219 1553258611097 
512 701 219 1553258611113 
512 704 219 1553258611130 
512 704 218 1553258611263 
512 702 216 1553258611281 
512 702 215 1553258611296 
512 702 212 1553258611314 
512 701 210 1553258611330 
512 701 209 1553258611347 
512 701 208 1553258611380 
513 701 208 1553258611424 
514 701 208 1553258611479 
512 702 208 1553258611547 
512 707 216 1553258611563 
512 712 228 1553258611582 
512 714 239 1553258611597 
512 717 261 1553258611615 
512 727 294 1553258611630 
512 733 319 1553258611647 
512 738 330 1553258611664 
512 741 334 1553258611680 
512 746 337 1553258611697 
512 760 344 1553258611713 
512 781 351 1553258611730 
512 799 354 1553258611747 
512 815 356 1553258611764 
512 829 357 1553258611780 
512 836 357 1553258611798 
512 838 357 1553258611814 
512 843 357 1553258611848 
512 850 360 1553258611864 
512 868 365 1553258611881 
512 881 371 1553258611898 
512 887 371 1553258611913 
512 888 371 1553258611931 
512 889 371 1553258612015 
512 894 377 1553258612030 
512 902 382 1553258612047 
512 903 383 1553258612065 
512 903 384 1553258612147 
512 909 384 1553258612181 
512 914 385 1553258612197 
512 915 385 1553258612281 
512 916 385 1553258612298 
512 917 384 1553258612316 
512 920 384 1553258612331 
512 924 383 1553258612347 
512 925 383 1553258612365 
512 927 383 1553258612382 
512 929 382 1553258612398 
512 935 381 1553258612414 
512 939 380 1553258612431 
512 942 379 1553258612447 
512 943 379 1553258612482 
512 943 378 1553258612548 
512 943 377 1553258612565 
512 943 376 1553258612597 
512 940 373 1553258612616 
512 937 371 1553258612632 
512 934 370 1553258612648 
512 933 370 1553258612681 
512 929 370 1553258612748 
512 927 370 1553258612764 
512 925 370 1553258612782 
513 925 370 1553258612825 
514 925 370 1553258612911 
512 924 372 1553258612982 
512 923 373 1553258612998 
512 921 375 1553258613016 
512 920 378 1553258613031 
512 915 383 1553258613048 
512 903 385 1553258613065 
512 878 392 1553258613083 
512 857 398 1553258613098 
512 831 409 1553258613115 
512 796 427 1553258613131 
512 774 433 1553258613148 
512 758 434 1553258613165 
512 740 434 1553258613181 
512 711 428 1553258613198 
512 697 427 1553258613215 
512 684 431 1553258613231 
512 679 445 1553258613250 
512 675 459 1553258613265 
512 667 479 1553258613283 
512 661 502 1553258613298 
512 653 530 1553258613315 
512 649 578 1553258613332 
512 640 635 1553258613348 
512 639 670 1553258613365 
512 636 676 1553258613382 
512 632 679 1553258613400 
512 624 679 1553258613415 
512 608 679 1553258613432 
512 587 679 1553258613450 
512 563 678 1553258613466 
512 544 678 1553258613482 
512 531 679 1553258613498 
512 526 682 1553258613515 
512 527 683 1553258613548 
512 535 683 1553258613565 
512 549 682 1553258613581 
512 560 677 1553258613598 
512 565 668 1553258613615 
512 565 660 1553258613632 
512 565 655 1553258613650 
512 565 653 1553258613666 
512 565 650 1553258613682 
512 565 649 1553258613699 
512 565 645 1553258613716 
512 562 641 1553258613733 
512 561 637 1553258613748 
512 558 634 1553258613766 
512 557 633 1553258613782 
512 556 633 1553258613832 
512 555 633 1553258613867 
513 555 633 1553258613970 
514 555 633 1553258614063 
512 555 636 1553258614133 
512 555 637 1553258614215 
512 554 639 1553258614232 
512 554 640 1553258614250 
512 553 642 1553258614265 
512 552 645 1553258614282 
512 552 646 1553258614300 
513 552 646 1553258614448 
514 552 646 1553258614533 
512 553 645 1553258614550 
512 553 638 1553258614566 
512 554 634 1553258614582 
512 557 636 1553258614616 
512 559 639 1553258614632 
512 564 638 1553258614668 
512 570 635 1553258614684 
512 581 626 1553258614701 
512 595 618 1553258614716 
512 603 609 1553258614733 
512 609 601 1553258614750 
512 614 584 1553258614766 
512 618 578 1553258614783 
512 636 578 1553258614799 
512 655 590 1553258614816 
512 697 611 1553258614835 
512 748 634 1553258614851 
512 783 649 1553258614866 
512 801 654 1553258614883 
512 804 655 1553258614899 
512 805 655 1553258614983 
512 807 654 1553258614999 
512 808 653 1553258615017 
512 810 652 1553258615034 
512 815 652 1553258615050 
512 824 652 1553258615066 
512 828 652 1553258615083 
512 830 652 1553258615101 
512 830 651 1553258615151 
512 830 650 1553258615183 
512 831 650 1553258615200 
512 833 650 1553258615233 
512 834 650 1553258615250 
512 834 649 1553258615268 
512 837 648 1553258615317 
512 839 648 1553258615333 
512 844 648 1553258615350 
512 846 648 1553258615366 
513 846 648 1553258615457 
514 846 648 1553258615535 
512 848 648 1553258615651 
512 852 642 1553258615667 
512 854 636 1553258615683 
512 858 619 1553258615700 
512 863 606 1553258615717 
512 869 596 1553258615733 
512 875 585 1553258615751 
512 889 568 1553258615767 
512 899 550 1553258615783 
512 909 513 1553258615801 
512 916 494 1553258615817 
512 920 480 1553258615835 
512 925 466 1553258615850 
512 930 452 1553258615868 
512 932 440 1553258615884 
512 933 433 1553258615900 
512 933 428 1553258615918 
512 933 427 1553258615934 
512 934 426 1553258615951 
512 934 424 1553258615968 
512 934 422 1553258615984 
512 934 419 1553258616001 
512 934 414 1553258616017 
512 933 409 1553258616035 
512 933 408 1553258616050 
512 933 407 1553258616067 
512 932 405 1553258616085 
512 932 404 1553258616100 
512 931 402 1553258616117 
512 931 399 1553258616134 
512 929 395 1553258616151 
512 929 391 1553258616167 
512 928 387 1553258616185 
512 927 385 1553258616201 
512 927 383 1553258616218 
512 927 380 1553258616235 
512 927 379 1553258616251 
512 927 378 1553258616267 
512 927 377 1553258616301 
512 927 376 1553258616334 
512 927 375 1553258616401 
512 927 374 1553258616419 
512 927 372 1553258616434 
512 927 371 1553258616451 
512 927 370 1553258616468 
513 927 370 1553258616499 
514 927 370 1553258616561 
512 925 373 1553258616668 
512 925 374 1553258616685 
512 921 385 1553258616719 
512 916 399 1553258616735 
512 910 408 1553258616752 
512 902 413 1553258616768 
512 892 416 1553258616785 
512 877 418 1553258616801 
512 850 420 1553258616818 
512 820 420 1553258616835 
512 749 420 1553258616851 
512 691 417 1553258616869 
512 635 419 1553258616885 
512 607 426 1553258616902 
512 586 428 1553258616918 
512 574 428 1553258616935 
512 569 428 1553258616951 
512 568 427 1553258616968 
512 566 426 1553258616986 
512 565 425 1553258617002 
512 561 422 1553258617018 
512 550 417 1553258617035 
512 536 412 1553258617052 
512 526 408 1553258617068 
512 523 407 1553258617085 
512 523 406 1553258617119 
512 522 405 1553258617135 
512 520 402 1553258617152 
512 515 398 1553258617169 
512 509 396 1553258617185 
512 506 394 1553258617201 
512 504 394 1553258617218 
512 503 393 1553258617353 
512 502 392 1553258617368 
512 499 390 1553258617386 
512 490 385 1553258617402 
512 475 377 1553258617418 
512 464 372 1553258617436 
512 459 370 1553258617453 
512 460 370 1553258617553 
512 461 370 1553258617585 
512 462 370 1553258617619 
512 463 370 1553258617635 
512 465 370 1553258617652 
512 468 370 1553258617669 
512 470 370 1553258617685 
512 471 370 1553258617702 
512 472 370 1553258617752 
512 473 370 1553258617769 
512 474 370 1553258617786 
512 475 370 1553258617803 
513 475 370 1553258617885 
514 475 370 1553258617979 
512 484 370 1553258618119 
512 500 366 1553258618136 
512 521 362 1553258618152 
512 548 357 1553258618170 
512 573 352 1553258618186 
512 600 350 1553258618203 
512 614 346 1553258618220 
512 621 342 1553258618235 
512 624 342 1553258618252 
512 631 351 1553258618270 
512 637 365 1553258618286 
512 642 387 1553258618303 
512 644 414 1553258618320 
512 641 450 1553258618337 
512 630 511 1553258618353 
512 617 587 1553258618369 
512 609 647 1553258618386 
512 604 687 1553258618403 
512 604 696 1553258618419 
512 604 697 1553258618437 
512 604 698 1553258618452 
512 603 698 1553258618502 
512 602 698 1553258618519 
512 601 697 1553258618537 
512 598 695 1553258618553 
512 593 691 1553258618570 
512 587 684 1553258618587 
512 582 676 1553258618603 
512 580 673 1553258618621 
512 580 668 1553258618636 
512 579 657 1553258618653 
512 578 654 1553258618670 
512 578 653 1553258618687 
512 577 651 1553258618703 
512 577 650 1553258618720 
512 576 650 1553258618736 
512 575 650 1553258618754 
512 573 649 1553258618769 
512 570 649 1553258618787 
512 567 649 1553258618804 
512 561 649 1553258618820 
512 557 649 1553258618837 
512 555 649 1553258618854 
512 555 648 1553258618871 
512 555 647 1553258618886 
512 554 644 1553258618904 
512 554 641 1553258618920 
512 554 639 1553258618936 
512 554 637 1553258618953 
512 554 636 1553258618970 
512 555 636 1553258618987 
512 556 634 1553258619004 
513 556 634 1553258619115 
514 556 634 1553258619209 
512 557 634 1553258619470 
512 557 636 1553258619488 
512 557 640 1553258619503 
512 558 643 1553258619522 
512 559 643 1553258619604 
512 559 642 1553258619620 
513 559 642 1553258619639 
514 559 642 1553258619749 
512 563 636 1553258619804 
512 565 636 1553258619822 
512 566 636 1553258619871 
512 569 632 1553258619887 
512 575 626 1553258619904 
512 591 617 1553258619921 
512 611 607 1553258619938 
512 632 598 1553258619954 
512 649 587 1553258619971 
512 661 576 1553258619987 
512 668 564 1553258620005 
512 671 549 1553258620022 
512 674 532 1553258620038 
512 676 508 1553258620055 
512 674 463 1553258620071 
512 668 422 1553258620088 
512 663 386 1553258620104 
512 663 339 1553258620121 
512 671 295 1553258620138 
512 674 257 1553258620154 
512 675 231 1553258620172 
512 679 208 1553258620188 
512 679 207 1553258620204 
512 681 208 1553258620239 
512 682 215 1553258620254 
512 682 219 1553258620271 
512 683 224 1553258620287 
512 685 230 1553258620305 
512 685 231 1553258620321 
512 686 231 1553258620438 
512 691 227 1553258620454 
512 694 222 1553258620471 
512 696 217 1553258620488 
512 697 212 1553258620504 
512 698 210 1553258620522 
512 698 209 1553258620538 
512 699 207 1553258620556 
512 700 206 1553258620572 
512 701 205 1553258620587 
512 702 204 1553258620621 
512 702 203 1553258620639 
513 702 203 1553258620690 
514 702 203 1553258620751 
