512 698 206 1553258655700 
512 698 208 1553258655717 
512 696 215 1553258655733 
512 697 228 1553258655751 
512 701 246 1553258655767 
512 706 267 1553258655784 
512 713 291 1553258655801 
512 713 316 1553258655817 
512 717 360 1553258655835 
512 720 403 1553258655850 
512 724 434 1553258655868 
512 729 461 1553258655883 
512 737 479 1553258655900 
512 744 497 1553258655917 
512 753 516 1553258655934 
512 765 536 1553258655951 
512 793 562 1553258655967 
512 807 569 1553258655984 
512 818 577 1553258656001 
512 821 580 1553258656017 
512 823 584 1553258656034 
512 824 590 1553258656050 
512 824 599 1553258656067 
512 824 601 1553258656084 
512 824 603 1553258656101 
512 826 611 1553258656118 
512 826 617 1553258656135 
512 829 624 1553258656150 
512 829 629 1553258656168 
512 830 633 1553258656184 
512 830 635 1553258656201 
512 830 642 1553258656218 
512 830 647 1553258656234 
512 833 647 1553258656301 
512 839 647 1553258656318 
512 842 646 1553258656334 
513 842 646 1553258656525 
514 842 646 1553258656607 
512 842 644 1553258656650 
512 842 639 1553258656667 
512 841 635 1553258656684 
512 840 630 1553258656701 
512 838 618 1553258656718 
512 837 598 1553258656735 
512 830 581 1553258656751 
512 820 557 1553258656768 
512 808 540 1553258656784 
512 798 530 1553258656800 
512 762 499 1553258656820 
512 744 482 1553258656834 
512 630 405 1553258656852 
512 522 354 1553258656868 
512 453 342 1553258656884 
512 423 340 1553258656901 
512 415 339 1553258656918 
512 414 339 1553258656935 
512 413 343 1553258656984 
512 413 347 1553258657085 
512 415 356 1553258657102 
512 420 362 1553258657118 
512 424 366 1553258657135 
512 430 369 1553258657152 
512 436 372 1553258657168 
512 444 373 1553258657185 
512 451 374 1553258657201 
512 453 374 1553258657285 
512 454 375 1553258657301 
512 455 375 1553258657318 
512 457 375 1553258657436 
512 458 375 1553258657452 
512 459 375 1553258657568 
512 463 376 1553258657585 
512 465 376 1553258657603 
512 467 376 1553258657619 
512 468 376 1553258657668 
512 472 376 1553258657686 
512 475 377 1553258657702 
512 476 377 1553258657719 
513 476 377 1553258657785 
514 476 377 1553258657916 
512 478 377 1553258658036 
512 500 382 1553258658053 
512 549 394 1553258658069 
512 601 403 1553258658085 
512 640 407 1553258658103 
512 656 408 1553258658119 
512 658 407 1553258658136 
512 659 407 1553258658236 
512 659 403 1553258658286 
512 660 374 1553258658303 
512 660 338 1553258658319 
512 655 284 1553258658336 
512 656 259 1553258658353 
512 659 246 1553258658369 
512 663 236 1553258658385 
512 668 224 1553258658403 
512 676 219 1553258658419 
512 685 215 1553258658436 
512 695 211 1553258658452 
512 702 205 1553258658469 
512 706 197 1553258658486 
512 712 186 1553258658504 
512 714 185 1553258658519 
512 715 184 1553258658536 
512 716 185 1553258658619 
512 716 186 1553258658636 
512 716 189 1553258658669 
512 715 192 1553258658686 
512 713 197 1553258658703 
512 713 202 1553258658721 
512 712 206 1553258658736 
512 711 208 1553258658753 
512 709 210 1553258658770 
512 708 212 1553258658786 
512 707 215 1553258658803 
512 706 216 1553258658821 
512 705 216 1553258659004 
512 703 215 1553258659019 
512 702 214 1553258659053 
512 701 213 1553258659087 
512 701 212 1553258659103 
512 699 211 1553258659120 
512 699 210 1553258659136 
513 699 210 1553258659170 
514 699 210 1553258659238 
512 699 212 1553258659303 
512 700 218 1553258659319 
512 702 223 1553258659337 
512 707 230 1553258659353 
512 710 238 1553258659371 
512 715 252 1553258659387 
512 719 264 1553258659403 
512 724 275 1553258659420 
512 730 288 1553258659436 
512 741 302 1553258659453 
512 757 323 1553258659470 
512 808 363 1553258659486 
512 884 400 1553258659503 
512 941 425 1553258659520 
512 978 434 1553258659538 
512 990 436 1553258659553 
512 990 427 1553258659604 
512 983 412 1553258659621 
512 981 401 1553258659637 
512 981 399 1553258659654 
512 980 394 1553258659687 
512 980 393 1553258659703 
512 979 393 1553258659720 
512 974 390 1553258659736 
512 960 387 1553258659754 
512 943 385 1553258659770 
512 932 385 1553258659787 
512 930 385 1553258659803 
512 929 382 1553258659920 
512 929 380 1553258659936 
512 929 379 1553258659987 
512 929 378 1553258660054 
513 929 378 1553258660100 
514 929 378 1553258660170 
512 919 382 1553258660254 
512 909 387 1553258660271 
512 897 391 1553258660287 
512 880 396 1553258660304 
512 867 401 1553258660321 
512 855 407 1553258660337 
512 832 414 1553258660355 
512 800 424 1553258660370 
512 749 429 1553258660387 
512 691 432 1553258660404 
512 636 441 1553258660421 
512 616 456 1553258660438 
512 593 489 1553258660455 
512 590 517 1553258660471 
512 586 548 1553258660487 
512 585 587 1553258660505 
512 585 615 1553258660521 
512 581 633 1553258660538 
512 577 642 1553258660554 
512 573 658 1553258660571 
512 570 671 1553258660588 
512 568 680 1553258660605 
512 568 685 1553258660621 
512 563 676 1553258660722 
512 562 669 1553258660739 
512 561 663 1553258660755 
512 559 656 1553258660772 
512 559 651 1553258660788 
512 559 647 1553258660805 
512 559 646 1553258660822 
512 559 644 1553258660839 
512 559 642 1553258660854 
513 559 642 1553258660990 
514 559 642 1553258661064 
512 574 641 1553258661122 
512 592 645 1553258661138 
512 606 649 1553258661155 
512 621 649 1553258661171 
512 638 647 1553258661188 
512 657 642 1553258661205 
512 691 614 1553258661221 
512 716 586 1553258661239 
512 734 547 1553258661255 
512 744 524 1553258661272 
512 752 496 1553258661288 
512 756 467 1553258661305 
512 758 442 1553258661324 
512 762 428 1553258661338 
512 762 417 1553258661355 
512 762 411 1553258661372 
512 762 416 1553258661421 
512 764 440 1553258661438 
512 769 481 1553258661455 
512 782 575 1553258661472 
512 802 633 1553258661489 
512 821 660 1553258661506 
512 840 682 1553258661522 
512 848 687 1553258661538 
512 851 687 1553258661555 
512 853 687 1553258661572 
512 861 687 1553258661590 
512 864 687 1553258661605 
512 871 687 1553258661622 
512 870 685 1553258661689 
512 855 674 1553258661705 
512 851 670 1553258661723 
512 843 669 1553258661739 
512 839 667 1553258661756 
512 837 666 1553258661772 
512 837 665 1553258661805 
512 837 662 1553258661823 
512 836 661 1553258661839 
512 836 658 1553258661856 
512 836 657 1553258661872 
512 836 656 1553258661889 
512 836 655 1553258661905 
512 836 654 1553258661922 
512 836 653 1553258661939 
512 836 652 1553258661955 
512 836 650 1553258661972 
512 837 647 1553258661989 
512 838 645 1553258662005 
512 838 642 1553258662022 
512 838 641 1553258662039 
512 838 640 1553258662055 
513 838 640 1553258662114 
514 838 640 1553258662192 
512 831 629 1553258662272 
512 820 613 1553258662289 
512 801 594 1553258662307 
512 777 568 1553258662322 
512 754 550 1553258662339 
512 739 538 1553258662356 
512 729 532 1553258662373 
512 725 526 1553258662389 
512 722 522 1553258662406 
512 722 518 1553258662422 
512 722 515 1553258662439 
512 722 512 1553258662456 
512 724 507 1553258662472 
512 733 501 1553258662489 
512 774 478 1553258662507 
512 811 454 1553258662523 
512 838 434 1553258662540 
512 858 413 1553258662556 
512 869 396 1553258662573 
512 877 384 1553258662589 
512 882 379 1553258662606 
512 892 377 1553258662623 
512 906 374 1553258662640 
512 914 370 1553258662656 
512 918 367 1553258662673 
512 920 364 1553258662689 
512 920 363 1553258662706 
512 921 363 1553258662723 
512 928 367 1553258662858 
512 934 372 1553258662872 
512 935 374 1553258662889 
512 935 375 1553258663024 
512 934 377 1553258663039 
513 934 377 1553258663137 
514 934 377 1553258663194 
512 923 373 1553258663440 
512 894 359 1553258663458 
512 829 339 1553258663474 
512 755 314 1553258663490 
512 682 296 1553258663506 
512 599 296 1553258663523 
512 574 305 1553258663541 
512 553 320 1553258663556 
512 540 336 1553258663574 
512 531 354 1553258663592 
512 522 373 1553258663607 
512 520 384 1553258663624 
512 519 387 1553258663640 
512 519 388 1553258663657 
512 512 380 1553258663774 
512 503 371 1553258663791 
512 494 367 1553258663807 
512 492 367 1553258663824 
512 491 367 1553258663841 
512 489 371 1553258663857 
512 487 375 1553258663874 
512 487 380 1553258663891 
512 484 390 1553258663908 
512 482 394 1553258663924 
512 482 395 1553258663940 
512 481 387 1553258664058 
512 481 384 1553258664074 
512 481 383 1553258664091 
512 481 382 1553258664107 
512 481 380 1553258664125 
512 481 379 1553258664207 
513 481 379 1553258664231 
514 481 379 1553258664306 
512 482 379 1553258664458 
512 491 379 1553258664475 
512 502 379 1553258664491 
512 504 379 1553258664508 
512 505 379 1553258664524 
512 505 378 1553258664557 
512 501 381 1553258664625 
512 497 382 1553258664641 
512 495 383 1553258664658 
512 494 383 1553258664691 
512 493 383 1553258664792 
512 489 378 1553258664808 
512 484 377 1553258664825 
512 482 376 1553258664841 
512 481 375 1553258664857 
512 480 375 1553258664875 
512 480 376 1553258665008 
513 480 376 1553258665051 
512 479 377 1553258665108 
512 478 377 1553258665128 
514 478 377 1553258665128 
512 477 377 1553258665141 
512 477 378 1553258665175 
512 483 384 1553258665393 
512 495 399 1553258665410 
512 512 428 1553258665425 
512 527 465 1553258665442 
512 542 510 1553258665458 
512 550 557 1553258665476 
512 565 614 1553258665492 
512 576 629 1553258665508 
512 590 638 1553258665525 
512 594 639 1553258665542 
512 594 633 1553258665577 
512 591 623 1553258665592 
512 587 618 1553258665609 
512 586 617 1553258665626 
512 585 617 1553258665659 
512 584 617 1553258665675 
512 576 617 1553258665693 
512 570 619 1553258665708 
512 560 626 1553258665726 
512 556 633 1553258665742 
512 553 641 1553258665759 
512 553 643 1553258665776 
512 553 645 1553258665792 
512 553 646 1553258665843 
513 553 646 1553258665985 
514 553 646 1553258666038 
512 555 646 1553258666058 
512 557 646 1553258666076 
512 560 636 1553258666226 
512 564 625 1553258666242 
512 568 599 1553258666259 
512 572 574 1553258666276 
512 579 546 1553258666292 
512 594 513 1553258666309 
512 611 479 1553258666326 
512 636 437 1553258666343 
512 668 393 1553258666359 
512 676 370 1553258666376 
512 679 347 1553258666393 
512 680 322 1553258666410 
512 679 289 1553258666426 
512 675 267 1553258666442 
512 676 260 1553258666460 
512 678 254 1553258666476 
512 678 248 1553258666492 
512 678 245 1553258666509 
512 678 243 1553258666526 
512 679 241 1553258666543 
512 679 237 1553258666560 
512 680 231 1553258666577 
512 681 225 1553258666593 
512 683 220 1553258666610 
512 684 216 1553258666626 
512 685 215 1553258666644 
512 686 215 1553258666660 
512 689 215 1553258666676 
512 693 213 1553258666693 
512 695 212 1553258666710 
512 697 210 1553258666726 
512 697 208 1553258666743 
512 698 205 1553258666760 
513 698 205 1553258666909 
514 698 205 1553258666978 
