512 693 212 1553258679170 
512 692 228 1553258679187 
512 687 254 1553258679203 
512 680 279 1553258679219 
512 670 338 1553258679237 
512 669 394 1553258679253 
512 679 462 1553258679269 
512 703 521 1553258679286 
512 734 579 1553258679303 
512 754 608 1553258679319 
512 766 627 1553258679337 
512 784 653 1553258679352 
512 796 666 1553258679370 
512 804 674 1553258679387 
512 808 676 1553258679403 
512 809 676 1553258679419 
512 813 680 1553258679486 
512 827 692 1553258679503 
512 836 694 1553258679520 
512 841 693 1553258679536 
512 843 684 1553258679554 
512 843 669 1553258679571 
512 837 651 1553258679587 
512 828 633 1553258679604 
512 828 632 1553258679653 
512 828 631 1553258679670 
512 828 629 1553258679686 
512 828 628 1553258679703 
512 828 627 1553258679720 
512 828 628 1553258679837 
512 829 630 1553258679853 
512 833 634 1553258679870 
512 840 640 1553258679888 
513 840 640 1553258680099 
514 840 640 1553258680176 
512 840 639 1553258680254 
512 838 633 1553258680271 
512 835 627 1553258680288 
512 831 617 1553258680304 
512 823 600 1553258680321 
512 809 585 1553258680337 
512 794 575 1553258680353 
512 778 569 1553258680371 
512 750 561 1553258680387 
512 719 545 1553258680404 
512 677 520 1553258680422 
512 624 483 1553258680437 
512 581 453 1553258680454 
512 532 420 1553258680470 
512 514 406 1553258680487 
512 511 403 1553258680505 
512 511 402 1553258680704 
512 506 399 1553258680721 
512 503 398 1553258680737 
512 500 397 1553258680754 
512 494 396 1553258680772 
512 490 396 1553258680788 
512 489 395 1553258680806 
512 488 395 1553258680889 
512 487 394 1553258680905 
512 486 393 1553258680921 
512 485 392 1553258680954 
512 484 390 1553258680971 
512 480 388 1553258680987 
512 478 386 1553258681004 
512 478 385 1553258681021 
512 477 385 1553258681154 
512 477 384 1553258681172 
513 477 384 1553258681241 
514 477 384 1553258681318 
512 481 387 1553258681471 
512 497 403 1553258681488 
512 543 431 1553258681504 
512 588 447 1553258681522 
512 650 466 1553258681537 
512 696 473 1553258681555 
512 703 472 1553258681572 
512 706 461 1553258681587 
512 707 442 1553258681605 
512 709 409 1553258681622 
512 711 372 1553258681637 
512 711 333 1553258681655 
512 711 305 1553258681672 
512 711 276 1553258681688 
512 708 244 1553258681705 
512 707 233 1553258681721 
512 707 227 1553258681739 
512 707 226 1553258681755 
512 707 225 1553258681821 
512 707 222 1553258681838 
512 707 219 1553258681855 
512 706 215 1553258681871 
512 705 211 1553258681888 
512 704 210 1553258681904 
513 704 210 1553258682050 
514 704 210 1553258682126 
512 707 217 1553258682206 
512 713 226 1553258682222 
512 718 232 1553258682239 
512 722 238 1553258682256 
512 730 247 1553258682272 
512 735 254 1553258682290 
512 741 263 1553258682305 
512 750 274 1553258682322 
512 782 307 1553258682340 
512 820 341 1553258682356 
512 864 372 1553258682372 
512 888 387 1553258682389 
512 905 394 1553258682405 
512 911 394 1553258682422 
512 913 394 1553258682440 
512 914 394 1553258682455 
512 916 391 1553258682473 
512 920 385 1553258682490 
512 924 381 1553258682506 
512 927 375 1553258682523 
512 931 374 1553258682539 
512 932 374 1553258682557 
513 932 374 1553258682771 
514 932 374 1553258682846 
512 931 373 1553258683039 
512 905 372 1553258683057 
512 886 374 1553258683073 
512 862 380 1553258683090 
512 827 397 1553258683106 
512 802 419 1553258683124 
512 766 469 1553258683140 
512 741 516 1553258683156 
512 717 552 1553258683173 
512 701 571 1553258683190 
512 687 588 1553258683206 
512 669 609 1553258683224 
512 663 622 1553258683239 
512 661 631 1553258683256 
512 659 634 1553258683274 
512 656 635 1553258683306 
512 648 635 1553258683324 
512 637 635 1553258683340 
512 630 635 1553258683357 
512 625 635 1553258683373 
512 621 635 1553258683390 
512 616 633 1553258683407 
512 604 630 1553258683423 
512 591 628 1553258683440 
512 583 628 1553258683457 
512 573 629 1553258683474 
512 571 632 1553258683490 
512 570 635 1553258683506 
512 569 635 1553258683807 
512 568 637 1553258683840 
512 566 640 1553258683857 
512 565 642 1553258683873 
512 564 644 1553258683889 
512 564 645 1553258683907 
512 564 646 1553258683924 
513 564 646 1553258684038 
514 564 646 1553258684076 
512 569 643 1553258684175 
512 578 637 1553258684191 
512 601 628 1553258684208 
512 635 616 1553258684224 
512 714 592 1553258684241 
512 754 569 1553258684257 
512 785 548 1553258684274 
512 801 524 1553258684290 
512 812 509 1553258684307 
512 819 504 1553258684324 
512 822 502 1553258684340 
512 823 502 1553258684357 
512 824 502 1553258684373 
512 826 506 1553258684390 
512 829 533 1553258684407 
512 833 558 1553258684423 
512 844 591 1553258684441 
512 873 637 1553258684458 
512 906 672 1553258684474 
512 925 681 1553258684491 
512 929 681 1553258684507 
512 925 677 1553258684541 
512 905 661 1553258684558 
512 884 653 1553258684574 
512 870 653 1553258684590 
512 859 655 1553258684607 
512 856 657 1553258684624 
512 853 661 1553258684641 
512 850 660 1553258684741 
512 844 654 1553258684758 
512 838 652 1553258684774 
512 838 651 1553258684825 
512 837 649 1553258684841 
512 835 642 1553258684858 
512 831 631 1553258684874 
512 828 627 1553258684891 
512 827 626 1553258684909 
512 828 626 1553258685141 
512 830 627 1553258685158 
512 832 632 1553258685174 
512 834 634 1553258685191 
512 836 637 1553258685324 
512 837 637 1553258685341 
512 837 638 1553258685360 
513 837 638 1553258685441 
514 837 638 1553258685518 
512 838 637 1553258685575 
512 838 636 1553258685593 
512 838 635 1553258685608 
512 839 634 1553258685642 
512 839 631 1553258685659 
512 838 615 1553258685675 
512 835 600 1553258685691 
512 834 582 1553258685709 
512 833 574 1553258685725 
512 833 562 1553258685742 
512 837 540 1553258685759 
512 845 518 1553258685775 
512 849 494 1553258685792 
512 856 464 1553258685809 
512 868 432 1553258685825 
512 876 417 1553258685842 
512 880 408 1553258685859 
512 882 404 1553258685875 
512 884 401 1553258685893 
512 884 400 1553258685908 
512 887 398 1553258685942 
512 887 397 1553258685958 
512 891 396 1553258685975 
512 893 396 1553258685992 
512 895 395 1553258686008 
512 901 394 1553258686026 
512 903 392 1553258686042 
512 908 392 1553258686058 
512 918 391 1553258686076 
512 922 389 1553258686092 
512 924 387 1553258686110 
512 926 385 1553258686126 
512 927 383 1553258686142 
512 929 380 1553258686159 
512 930 375 1553258686177 
512 930 372 1553258686192 
512 930 371 1553258686208 
512 929 371 1553258686308 
513 929 371 1553258686325 
514 929 371 1553258686402 
512 926 371 1553258686458 
512 923 371 1553258686475 
512 922 372 1553258686492 
512 920 373 1553258686509 
512 917 379 1553258686526 
512 915 389 1553258686542 
512 907 411 1553258686559 
512 899 424 1553258686576 
512 884 437 1553258686593 
512 864 441 1553258686609 
512 833 441 1553258686626 
512 791 434 1553258686643 
512 762 432 1553258686660 
512 738 432 1553258686676 
512 722 436 1553258686693 
512 707 444 1553258686710 
512 702 444 1553258686726 
512 693 441 1553258686743 
512 667 425 1553258686760 
512 625 402 1553258686776 
512 589 376 1553258686792 
512 571 368 1553258686810 
512 566 365 1553258686827 
512 565 365 1553258686860 
512 562 365 1553258686877 
512 552 374 1553258686893 
512 534 381 1553258686909 
512 521 387 1553258686927 
512 509 392 1553258686943 
512 507 395 1553258686960 
512 502 394 1553258687093 
512 500 392 1553258687110 
512 500 390 1553258687144 
512 500 387 1553258687160 
512 497 384 1553258687177 
512 494 380 1553258687193 
512 489 378 1553258687210 
512 487 378 1553258687227 
512 485 378 1553258687243 
512 484 379 1553258687261 
512 482 381 1553258687276 
512 481 382 1553258687293 
512 480 382 1553258687477 
512 479 379 1553258687493 
512 478 379 1553258687511 
512 478 378 1553258687527 
513 478 378 1553258687588 
514 478 378 1553258687678 
512 484 378 1553258687744 
512 492 381 1553258687760 
512 498 382 1553258687777 
512 508 385 1553258687794 
512 532 395 1553258687810 
512 564 416 1553258687827 
512 598 429 1553258687843 
512 630 443 1553258687860 
512 633 445 1553258687877 
512 630 452 1553258687961 
512 621 487 1553258687977 
512 607 545 1553258687994 
512 598 578 1553258688011 
512 595 601 1553258688027 
512 591 608 1553258688044 
512 590 610 1553258688061 
512 586 610 1553258688077 
512 583 610 1553258688095 
512 581 612 1553258688110 
512 577 617 1553258688127 
512 576 619 1553258688143 
512 575 621 1553258688160 
512 575 623 1553258688177 
512 575 624 1553258688195 
512 574 627 1553258688211 
512 573 628 1553258688227 
512 573 631 1553258688245 
512 571 635 1553258688260 
512 569 640 1553258688277 
512 566 646 1553258688294 
512 564 649 1553258688311 
512 560 650 1553258688328 
512 559 652 1553258688344 
512 559 653 1553258688361 
512 558 653 1553258688411 
512 557 653 1553258688478 
512 557 652 1553258688546 
512 557 650 1553258688561 
512 557 649 1553258688578 
512 557 648 1553258688594 
513 557 648 1553258688693 
514 557 648 1553258688745 
512 558 648 1553258688794 
512 560 647 1553258688810 
512 560 645 1553258688829 
512 561 644 1553258688844 
512 561 642 1553258688861 
512 564 636 1553258688878 
512 565 629 1553258688895 
512 569 604 1553258688911 
512 573 590 1553258688928 
512 582 573 1553258688945 
512 599 552 1553258688962 
512 623 530 1553258688978 
512 646 513 1553258688995 
512 670 491 1553258689011 
512 697 441 1553258689028 
512 702 414 1553258689044 
512 704 386 1553258689061 
512 706 361 1553258689078 
512 706 340 1553258689095 
512 707 326 1553258689111 
512 707 317 1553258689129 
512 707 307 1553258689145 
512 707 294 1553258689163 
512 706 285 1553258689178 
512 703 276 1553258689195 
512 702 269 1553258689212 
512 701 265 1553258689228 
512 701 263 1553258689261 
512 701 261 1553258689279 
512 701 259 1553258689295 
512 702 257 1553258689313 
512 704 253 1553258689329 
512 706 248 1553258689345 
512 707 243 1553258689362 
512 708 238 1553258689378 
512 708 234 1553258689395 
512 708 229 1553258689412 
512 708 225 1553258689429 
512 708 218 1553258689445 
512 706 214 1553258689462 
512 705 211 1553258689478 
512 705 210 1553258689495 
513 705 210 1553258689617 
514 705 210 1553258689676 
