512 704 205 1553284530385 
512 706 212 1553284530394 
512 707 221 1553284530402 
512 712 229 1553284530409 
512 719 237 1553284530418 
512 721 242 1553284530428 
512 723 246 1553284530433 
512 726 252 1553284530442 
512 727 257 1553284530447 
512 729 262 1553284530457 
512 729 266 1553284530463 
512 729 269 1553284530472 
512 729 274 1553284530481 
512 730 277 1553284530488 
512 730 280 1553284530496 
512 731 283 1553284530505 
512 731 289 1553284530513 
512 732 294 1553284530523 
512 734 300 1553284530529 
512 735 310 1553284530538 
512 738 322 1553284530544 
512 743 331 1553284530551 
512 749 346 1553284530558 
512 756 365 1553284530567 
512 760 378 1553284530574 
512 767 398 1553284530582 
512 772 412 1553284530590 
512 779 431 1553284530598 
512 790 448 1553284530606 
512 799 460 1553284530615 
512 803 466 1553284530622 
512 804 470 1553284530631 
512 805 474 1553284530636 
512 807 480 1553284530646 
512 808 487 1553284530653 
512 808 495 1553284530660 
512 810 508 1553284530669 
512 813 519 1553284530676 
512 816 529 1553284530684 
512 818 537 1553284530692 
512 821 547 1553284530700 
512 824 558 1553284530708 
512 827 566 1553284530716 
512 829 577 1553284530725 
512 829 586 1553284530732 
512 830 594 1553284530738 
512 830 606 1553284530746 
512 830 616 1553284530755 
512 831 623 1553284530762 
512 831 632 1553284530771 
512 831 636 1553284530778 
512 832 640 1553284530786 
512 833 645 1553284530794 
512 833 646 1553284530803 
512 833 651 1553284530810 
512 834 653 1553284530816 
512 834 655 1553284530823 
512 834 657 1553284530832 
512 834 658 1553284530942 
512 834 660 1553284530951 
512 835 659 1553284531029 
512 835 657 1553284531037 
512 835 655 1553284531053 
512 835 653 1553284531060 
512 835 652 1553284531069 
512 835 651 1553284531076 
512 835 649 1553284531085 
512 835 647 1553284531092 
512 835 646 1553284531107 
512 835 645 1553284531131 
513 835 645 1553284531219 
514 835 645 1553284531334 
512 835 644 1553284531420 
512 835 642 1553284531428 
512 832 636 1553284531437 
512 830 631 1553284531448 
512 824 625 1553284531451 
512 814 615 1553284531459 
512 807 606 1553284531466 
512 796 600 1553284531473 
512 788 597 1553284531482 
512 782 594 1553284531489 
512 775 591 1553284531497 
512 770 589 1553284531505 
512 766 588 1553284531515 
512 759 587 1553284531523 
512 756 585 1553284531531 
512 751 582 1553284531539 
512 747 579 1553284531546 
512 740 573 1553284531557 
512 732 565 1553284531560 
512 718 552 1553284531568 
512 708 542 1553284531575 
512 682 521 1553284531584 
512 641 490 1553284531591 
512 600 460 1553284531599 
512 571 443 1553284531607 
512 538 433 1553284531616 
512 515 424 1553284531624 
512 495 415 1553284531633 
512 485 409 1553284531640 
512 477 405 1553284531649 
512 468 402 1553284531656 
512 463 398 1553284531662 
512 457 393 1553284531671 
512 454 391 1553284531677 
512 449 389 1553284531685 
512 448 389 1553284531694 
512 446 387 1553284531701 
512 444 386 1553284531709 
512 441 386 1553284531717 
512 439 386 1553284531725 
512 438 385 1553284531734 
512 437 384 1553284531742 
512 434 383 1553284531749 
512 433 381 1553284531756 
512 432 379 1553284531765 
512 428 375 1553284531772 
512 424 371 1553284531781 
512 422 368 1553284531789 
512 422 367 1553284531796 
512 422 366 1553284531805 
512 427 366 1553284531866 
512 430 367 1553284531875 
512 436 368 1553284531882 
512 442 369 1553284531890 
512 450 369 1553284531898 
512 454 369 1553284531906 
512 462 369 1553284531914 
512 470 371 1553284531921 
512 474 371 1553284531930 
512 480 372 1553284531937 
512 481 372 1553284531953 
512 482 372 1553284531976 
512 483 372 1553284532016 
512 482 372 1553284532226 
512 480 373 1553284532234 
512 479 373 1553284532242 
512 477 373 1553284532251 
512 475 374 1553284532258 
512 474 374 1553284532266 
512 472 374 1553284532274 
512 472 375 1553284532283 
512 471 375 1553284532297 
512 470 375 1553284532305 
513 470 375 1553284532400 
514 470 375 1553284532500 
512 470 376 1553284532594 
512 470 378 1553284532610 
512 472 382 1553284532617 
512 478 388 1553284532629 
512 485 395 1553284532633 
512 493 404 1553284532641 
512 503 410 1553284532649 
512 517 415 1553284532655 
512 541 427 1553284532665 
512 559 437 1553284532671 
512 571 443 1553284532679 
512 594 456 1553284532688 
512 623 471 1553284532696 
512 650 477 1553284532704 
512 681 489 1553284532712 
512 700 496 1553284532720 
512 718 497 1553284532727 
512 727 497 1553284532735 
512 734 497 1553284532744 
512 737 495 1553284532752 
512 740 489 1553284532757 
512 743 481 1553284532766 
512 747 471 1553284532773 
512 748 464 1553284532782 
512 748 450 1553284532790 
512 747 435 1553284532798 
512 747 419 1553284532806 
512 744 393 1553284532814 
512 742 375 1553284532824 
512 740 362 1553284532830 
512 737 348 1553284532838 
512 737 335 1553284532844 
512 736 326 1553284532853 
512 735 319 1553284532860 
512 734 311 1553284532869 
512 734 307 1553284532877 
512 733 304 1553284532885 
512 733 301 1553284532892 
512 733 299 1553284532900 
512 733 297 1553284532909 
512 733 295 1553284532916 
512 733 294 1553284532924 
512 733 293 1553284532933 
512 733 292 1553284532940 
512 733 291 1553284532946 
512 732 288 1553284532954 
512 732 286 1553284532962 
512 732 283 1553284532970 
512 732 281 1553284532978 
512 731 279 1553284532987 
512 731 278 1553284532994 
512 730 275 1553284533003 
512 728 272 1553284533010 
512 728 270 1553284533018 
512 728 268 1553284533026 
512 725 266 1553284533033 
512 722 260 1553284533040 
512 721 255 1553284533049 
512 717 250 1553284533057 
512 715 248 1553284533064 
512 714 246 1553284533074 
512 711 244 1553284533080 
512 711 241 1553284533089 
512 709 241 1553284533096 
512 709 240 1553284533104 
512 708 239 1553284533110 
512 708 238 1553284533120 
512 708 237 1553284533126 
512 708 236 1553284533135 
512 708 235 1553284533151 
512 708 234 1553284533158 
512 708 233 1553284533175 
512 708 231 1553284533182 
512 708 230 1553284533190 
512 708 229 1553284533207 
512 708 228 1553284533293 
512 707 225 1553284533301 
512 706 223 1553284533308 
512 706 221 1553284533315 
512 704 218 1553284533324 
512 703 216 1553284533330 
512 703 215 1553284533338 
512 702 215 1553284533346 
512 702 214 1553284533355 
512 702 213 1553284533361 
512 701 213 1553284533370 
512 701 212 1553284533416 
512 700 212 1553284533440 
512 700 211 1553284533448 
513 700 211 1553284533545 
514 700 211 1553284533603 
512 700 216 1553284533652 
512 700 221 1553284533659 
512 701 228 1553284533667 
512 702 234 1553284533673 
512 707 243 1553284533682 
512 712 250 1553284533690 
512 717 259 1553284533698 
512 720 266 1553284533707 
512 728 277 1553284533714 
512 734 287 1553284533722 
512 743 300 1553284533730 
512 755 309 1553284533739 
512 765 318 1553284533746 
512 777 337 1553284533755 
512 786 348 1553284533762 
512 798 358 1553284533769 
512 810 368 1553284533775 
512 816 373 1553284533786 
512 821 375 1553284533791 
512 822 376 1553284533800 
512 823 377 1553284533807 
512 824 378 1553284533823 
512 826 379 1553284533832 
512 828 383 1553284533839 
512 834 387 1553284533848 
512 843 391 1553284533857 
512 852 395 1553284533862 
512 866 399 1553284533870 
512 877 402 1553284533878 
512 886 403 1553284533886 
512 894 403 1553284533894 
512 900 403 1553284533903 
512 903 403 1553284533910 
512 904 401 1553284533926 
512 904 399 1553284533934 
512 904 395 1553284533943 
512 904 391 1553284533949 
512 904 387 1553284533957 
512 902 382 1553284533964 
512 901 377 1553284533973 
512 900 372 1553284533980 
512 900 370 1553284533989 
512 900 369 1553284533996 
512 900 368 1553284534004 
512 900 367 1553284534058 
512 900 366 1553284534083 
512 900 365 1553284534114 
512 901 365 1553284534123 
512 902 365 1553284534128 
512 903 365 1553284534144 
512 904 365 1553284534152 
512 906 365 1553284534278 
512 907 365 1553284534286 
512 909 366 1553284534294 
512 910 367 1553284534303 
512 911 368 1553284534308 
512 912 369 1553284534324 
512 912 370 1553284534380 
512 914 371 1553284534388 
512 916 373 1553284534397 
512 917 373 1553284534403 
512 918 373 1553284534426 
512 919 373 1553284534671 
512 921 374 1553284534687 
512 922 377 1553284534692 
512 923 377 1553284534700 
512 924 377 1553284534716 
513 924 377 1553284534774 
514 924 377 1553284534888 
512 924 378 1553284534952 
512 924 379 1553284534966 
512 923 381 1553284534973 
512 922 382 1553284534982 
512 919 385 1553284534990 
512 918 387 1553284534997 
512 914 389 1553284535005 
512 910 392 1553284535014 
512 906 395 1553284535022 
512 901 398 1553284535030 
512 898 401 1553284535038 
512 893 406 1553284535045 
512 889 410 1553284535054 
512 878 415 1553284535062 
512 871 420 1553284535068 
512 859 426 1553284535077 
512 843 431 1553284535084 
512 832 435 1553284535093 
512 818 441 1553284535100 
512 800 448 1553284535108 
512 786 458 1553284535117 
512 765 470 1553284535127 
512 747 480 1553284535133 
512 736 487 1553284535142 
512 725 495 1553284535148 
512 716 500 1553284535154 
512 708 506 1553284535163 
512 707 508 1553284535170 
512 704 511 1553284535179 
512 702 513 1553284535187 
512 699 515 1553284535194 
512 697 517 1553284535203 
512 694 520 1553284535210 
512 690 522 1553284535219 
512 686 525 1553284535226 
512 683 529 1553284535235 
512 679 532 1553284535241 
512 670 539 1553284535248 
512 664 543 1553284535257 
512 657 549 1553284535265 
512 651 555 1553284535272 
512 644 563 1553284535280 
512 639 568 1553284535288 
512 634 573 1553284535297 
512 629 579 1553284535305 
512 623 585 1553284535313 
512 617 589 1553284535321 
512 613 593 1553284535329 
512 607 597 1553284535335 
512 605 601 1553284535342 
512 601 606 1553284535350 
512 599 608 1553284535360 
512 595 612 1553284535367 
512 592 615 1553284535375 
512 590 618 1553284535382 
512 588 621 1553284535389 
512 588 623 1553284535398 
512 586 626 1553284535405 
512 586 627 1553284535414 
512 585 627 1553284535420 
512 585 629 1553284535428 
512 584 629 1553284535436 
512 583 629 1553284535443 
512 582 630 1553284535452 
512 579 630 1553284535461 
512 578 631 1553284535469 
512 576 633 1553284535477 
512 573 634 1553284535485 
512 571 636 1553284535492 
512 569 637 1553284535500 
512 567 639 1553284535506 
512 565 640 1553284535514 
512 565 642 1553284535522 
512 564 642 1553284535533 
513 564 642 1553284535746 
514 564 642 1553284535852 
512 565 641 1553284535946 
512 568 639 1553284535955 
512 575 637 1553284535962 
512 592 628 1553284535976 
512 602 626 1553284535984 
512 609 623 1553284535992 
512 614 619 1553284536000 
512 624 615 1553284536008 
512 631 614 1553284536015 
512 636 612 1553284536023 
512 638 612 1553284536033 
512 640 611 1553284536041 
512 641 611 1553284536049 
512 642 611 1553284536056 
512 643 611 1553284536064 
512 645 612 1553284536086 
512 648 614 1553284536094 
512 655 617 1553284536102 
512 669 622 1553284536110 
512 687 624 1553284536119 
512 698 626 1553284536127 
512 707 629 1553284536134 
512 719 632 1553284536143 
512 731 637 1553284536149 
512 737 641 1553284536160 
512 745 646 1553284536164 
512 751 651 1553284536173 
512 756 658 1553284536180 
512 762 668 1553284536188 
512 766 674 1553284536195 
512 771 678 1553284536203 
512 773 680 1553284536211 
512 775 683 1553284536220 
512 778 684 1553284536228 
512 780 685 1553284536236 
512 782 686 1553284536244 
512 784 686 1553284536251 
512 785 686 1553284536260 
512 787 685 1553284536267 
512 788 684 1553284536275 
512 791 682 1553284536282 
512 792 679 1553284536291 
512 794 677 1553284536298 
512 795 675 1553284536307 
512 797 673 1553284536314 
512 798 670 1553284536322 
512 798 668 1553284536337 
512 798 667 1553284536345 
512 798 666 1553284536351 
512 798 665 1553284536360 
512 799 665 1553284536368 
512 800 664 1553284536400 
512 801 664 1553284536410 
512 804 662 1553284536417 
512 808 661 1553284536424 
512 811 658 1553284536430 
512 813 657 1553284536440 
512 816 657 1553284536446 
512 819 656 1553284536455 
512 821 655 1553284536463 
512 825 655 1553284536471 
512 829 655 1553284536479 
512 834 655 1553284536487 
512 837 655 1553284536494 
512 839 655 1553284536502 
512 839 654 1553284536510 
512 840 654 1553284536527 
512 840 653 1553284536540 
512 840 652 1553284536557 
512 840 651 1553284536573 
512 841 650 1553284536581 
512 842 649 1553284536589 
512 842 648 1553284536596 
512 842 647 1553284536604 
512 842 646 1553284536614 
512 842 645 1553284536618 
512 842 644 1553284536628 
512 842 643 1553284536660 
513 842 643 1553284536722 
514 842 643 1553284536813 
512 843 643 1553284536892 
512 843 642 1553284536910 
512 843 640 1553284536925 
512 843 639 1553284536932 
512 844 637 1553284536940 
512 844 634 1553284536953 
512 844 629 1553284536955 
512 844 621 1553284536963 
512 842 611 1553284536971 
512 841 607 1553284536979 
512 840 601 1553284536985 
512 838 595 1553284536994 
512 838 591 1553284537001 
512 838 586 1553284537010 
512 838 579 1553284537018 
512 841 571 1553284537026 
512 845 562 1553284537034 
512 848 555 1553284537043 
512 855 549 1553284537050 
512 861 543 1553284537059 
512 872 529 1553284537066 
512 884 514 1553284537072 
512 894 499 1553284537083 
512 905 482 1553284537088 
512 913 464 1553284537096 
512 919 450 1553284537105 
512 922 426 1553284537112 
512 924 409 1553284537120 
512 926 394 1553284537128 
512 926 382 1553284537136 
512 926 377 1553284537145 
512 926 371 1553284537153 
512 926 370 1553284537159 
512 926 369 1553284537175 
512 927 369 1553284537230 
512 928 369 1553284537300 
512 928 367 1553284537324 
512 928 368 1553284537480 
512 928 369 1553284537489 
512 928 370 1553284537496 
512 928 371 1553284537504 
512 928 373 1553284537520 
512 928 374 1553284537550 
512 928 375 1553284537591 
513 928 375 1553284537645 
514 928 375 1553284537714 
512 923 376 1553284537777 
512 918 376 1553284537788 
512 910 379 1553284537793 
512 899 382 1553284537801 
512 888 384 1553284537808 
512 884 386 1553284537818 
512 876 389 1553284537824 
512 870 393 1553284537831 
512 863 398 1553284537840 
512 858 404 1553284537848 
512 850 412 1553284537856 
512 842 418 1553284537863 
512 831 426 1553284537871 
512 813 440 1553284537879 
512 795 449 1553284537888 
512 779 459 1553284537896 
512 763 468 1553284537904 
512 729 484 1553284537910 
512 708 496 1553284537919 
512 698 503 1553284537928 
512 682 510 1553284537935 
512 667 515 1553284537943 
512 661 516 1553284537950 
512 652 518 1553284537958 
512 646 518 1553284537966 
512 642 516 1553284537974 
512 637 514 1553284537982 
512 631 509 1553284537991 
512 614 498 1553284537996 
512 597 482 1553284538005 
512 570 456 1553284538013 
512 540 432 1553284538021 
512 504 406 1553284538029 
512 482 390 1553284538037 
512 465 378 1553284538044 
512 457 369 1553284538053 
512 452 366 1553284538061 
512 450 365 1553284538069 
512 450 364 1553284538078 
512 451 362 1553284538163 
512 453 359 1553284538171 
512 453 357 1553284538177 
512 455 355 1553284538184 
512 455 354 1553284538191 
512 455 353 1553284538199 
512 456 353 1553284538215 
512 457 354 1553284538287 
512 458 357 1553284538294 
512 460 362 1553284538303 
512 462 366 1553284538311 
512 464 372 1553284538318 
512 465 375 1553284538328 
512 467 377 1553284538335 
512 468 377 1553284538343 
512 469 378 1553284538351 
512 469 379 1553284538357 
512 470 380 1553284538364 
513 470 380 1553284538714 
514 470 380 1553284538796 
512 471 380 1553284538820 
512 473 384 1553284538825 
512 475 392 1553284538834 
512 476 400 1553284538846 
512 481 407 1553284538849 
512 495 427 1553284538858 
512 510 446 1553284538865 
512 529 469 1553284538873 
512 538 479 1553284538881 
512 549 484 1553284538889 
512 561 489 1553284538898 
512 572 497 1553284538906 
512 580 500 1553284538912 
512 585 502 1553284538922 
512 593 504 1553284538928 
512 600 505 1553284538937 
512 609 506 1553284538945 
512 620 509 1553284538951 
512 630 514 1553284538961 
512 642 518 1553284538968 
512 656 521 1553284538976 
512 670 526 1553284538985 
512 684 532 1553284538992 
512 697 537 1553284538997 
512 702 539 1553284539008 
512 705 539 1553284539013 
512 703 539 1553284539063 
512 701 539 1553284539070 
512 699 541 1553284539079 
512 697 542 1553284539087 
512 695 544 1553284539095 
512 693 545 1553284539100 
512 691 548 1553284539108 
512 689 551 1553284539116 
512 688 552 1553284539125 
512 686 554 1553284539132 
512 683 559 1553284539140 
512 678 564 1553284539148 
512 673 570 1553284539157 
512 670 575 1553284539164 
512 664 580 1553284539173 
512 659 585 1553284539181 
512 653 590 1553284539187 
512 645 596 1553284539197 
512 639 601 1553284539203 
512 633 607 1553284539211 
512 630 610 1553284539219 
512 627 613 1553284539227 
512 626 617 1553284539235 
512 626 620 1553284539242 
512 625 620 1553284539250 
512 624 621 1553284539259 
512 623 622 1553284539275 
512 622 623 1553284539281 
512 621 623 1553284539288 
512 617 625 1553284539297 
512 616 626 1553284539304 
512 613 630 1553284539313 
512 611 632 1553284539321 
512 609 634 1553284539330 
512 604 637 1553284539336 
512 600 641 1553284539345 
512 595 643 1553284539352 
512 592 645 1553284539360 
512 589 648 1553284539366 
512 587 649 1553284539377 
512 586 651 1553284539382 
512 584 651 1553284539391 
512 584 652 1553284539414 
512 583 652 1553284539476 
512 580 652 1553284539485 
512 578 652 1553284539493 
512 577 652 1553284539508 
512 575 651 1553284539578 
512 572 650 1553284539586 
512 569 650 1553284539595 
512 568 650 1553284539611 
512 566 649 1553284539618 
512 564 648 1553284539634 
512 562 648 1553284539642 
512 561 648 1553284539648 
512 560 648 1553284539657 
512 559 648 1553284539681 
512 559 647 1553284539773 
512 558 647 1553284539798 
512 558 646 1553284539806 
512 558 645 1553284539860 
512 558 644 1553284539876 
512 558 643 1553284539893 
513 558 643 1553284539895 
514 558 643 1553284539986 
512 557 643 1553284540023 
512 561 642 1553284540089 
512 567 639 1553284540096 
512 574 637 1553284540107 
512 580 632 1553284540110 
512 588 628 1553284540118 
512 595 624 1553284540125 
512 605 618 1553284540134 
512 612 612 1553284540142 
512 617 607 1553284540149 
512 621 604 1553284540157 
512 627 599 1553284540165 
512 632 593 1553284540174 
512 633 592 1553284540182 
512 637 589 1553284540189 
512 640 584 1553284540198 
512 644 580 1553284540204 
512 649 575 1553284540214 
512 656 567 1553284540220 
512 659 559 1553284540230 
512 661 548 1553284540236 
512 664 535 1553284540245 
512 668 517 1553284540252 
512 668 490 1553284540261 
512 668 460 1553284540268 
512 668 433 1553284540276 
512 668 400 1553284540284 
512 671 367 1553284540291 
512 674 341 1553284540299 
512 676 316 1553284540306 
512 680 300 1553284540314 
512 685 281 1553284540323 
512 689 259 1553284540330 
512 693 243 1553284540339 
512 694 233 1553284540346 
512 695 223 1553284540355 
512 695 213 1553284540362 
512 696 206 1553284540371 
512 697 200 1553284540377 
512 697 198 1553284540386 
512 697 196 1553284540393 
512 697 195 1553284540400 
512 697 196 1553284540621 
512 698 199 1553284540629 
512 698 202 1553284540636 
512 699 205 1553284540644 
512 699 208 1553284540653 
512 699 210 1553284540659 
512 700 213 1553284540666 
512 701 215 1553284540682 
513 701 215 1553284540967 
514 701 215 1553284541028 
