512 699 212 1553518453408 
512 699 216 1553518453425 
512 701 229 1553518453442 
512 705 246 1553518453459 
512 711 258 1553518453476 
512 717 265 1553518453493 
512 724 273 1553518453509 
512 730 286 1553518453526 
512 739 302 1553518453543 
512 742 314 1553518453559 
512 748 331 1553518453576 
512 753 349 1553518453592 
512 756 367 1553518453609 
512 759 387 1553518453626 
512 761 408 1553518453643 
512 761 434 1553518453658 
512 755 486 1553518453676 
512 754 539 1553518453693 
512 752 581 1553518453710 
512 755 613 1553518453727 
512 759 632 1553518453742 
512 766 645 1553518453759 
512 772 648 1553518453776 
512 782 648 1553518453793 
512 789 645 1553518453809 
512 802 643 1553518453825 
512 814 639 1553518453843 
512 818 637 1553518453859 
512 820 636 1553518453876 
512 822 635 1553518453893 
512 824 634 1553518453909 
512 824 633 1553518453925 
512 824 632 1553518453942 
512 828 634 1553518454026 
512 838 639 1553518454043 
512 846 642 1553518454060 
512 850 645 1553518454076 
512 851 645 1553518454092 
512 850 645 1553518454226 
512 849 644 1553518454243 
512 847 643 1553518454259 
512 846 643 1553518454276 
512 844 643 1553518454310 
512 842 643 1553518454327 
512 841 643 1553518454359 
513 841 643 1553518454459 
514 841 643 1553518454527 
512 835 643 1553518454593 
512 828 642 1553518454609 
512 822 643 1553518454626 
512 811 643 1553518454643 
512 796 639 1553518454660 
512 772 631 1553518454678 
512 760 631 1553518454693 
512 751 634 1553518454710 
512 746 637 1553518454727 
512 742 640 1553518454743 
512 740 642 1553518454760 
512 719 607 1553518454827 
512 692 569 1553518454844 
512 657 524 1553518454860 
512 614 479 1553518454876 
512 587 451 1553518454893 
512 573 439 1553518454911 
512 567 435 1553518454927 
512 565 435 1553518454944 
512 564 435 1553518454960 
512 561 442 1553518454977 
512 561 451 1553518454993 
512 559 458 1553518455011 
512 557 463 1553518455027 
512 556 467 1553518455043 
512 555 467 1553518455076 
512 549 464 1553518455094 
512 535 448 1553518455110 
512 517 432 1553518455127 
512 501 419 1553518455143 
512 494 412 1553518455160 
512 493 408 1553518455177 
512 493 405 1553518455193 
512 493 399 1553518455210 
512 493 396 1553518455227 
512 493 391 1553518455244 
512 491 389 1553518455261 
512 491 387 1553518455278 
512 491 386 1553518455360 
512 487 382 1553518455378 
512 476 376 1553518455394 
512 468 372 1553518455410 
512 467 371 1553518455427 
512 466 371 1553518455494 
513 466 371 1553518455588 
514 466 371 1553518455663 
512 476 381 1553518455745 
512 505 408 1553518455760 
512 518 412 1553518455778 
512 519 413 1553518455794 
512 521 416 1553518455844 
512 548 436 1553518455861 
512 578 448 1553518455877 
512 624 460 1553518455894 
512 656 468 1553518455911 
512 671 468 1553518455928 
512 678 458 1553518455944 
512 681 444 1553518455961 
512 681 424 1553518455978 
512 683 403 1553518455994 
512 693 376 1553518456011 
512 700 358 1553518456027 
512 710 340 1553518456044 
512 720 319 1553518456061 
512 725 297 1553518456078 
512 731 274 1553518456095 
512 736 242 1553518456112 
512 739 227 1553518456128 
512 741 209 1553518456145 
512 741 205 1553518456161 
512 741 203 1553518456178 
512 739 203 1553518456262 
512 729 203 1553518456278 
512 722 203 1553518456294 
512 719 203 1553518456312 
512 717 203 1553518456328 
512 716 204 1553518456361 
512 714 205 1553518456378 
512 711 206 1553518456395 
512 709 207 1553518456413 
512 706 207 1553518456429 
512 705 208 1553518456445 
512 704 208 1553518456461 
512 704 209 1553518456511 
513 704 209 1553518456638 
514 704 209 1553518456713 
512 704 210 1553518456727 
512 703 210 1553518456745 
512 703 212 1553518456761 
512 701 219 1553518456778 
512 704 230 1553518456795 
512 705 231 1553518456812 
512 705 235 1553518456828 
512 706 238 1553518456845 
512 709 244 1553518456861 
512 716 258 1553518456878 
512 726 277 1553518456895 
512 741 297 1553518456912 
512 763 327 1553518456929 
512 807 372 1553518456945 
512 858 403 1553518456962 
512 897 422 1553518456979 
512 912 427 1553518456995 
512 919 428 1553518457012 
512 924 428 1553518457028 
512 925 428 1553518457045 
512 926 427 1553518457062 
512 929 424 1553518457078 
512 931 422 1553518457095 
512 934 422 1553518457112 
512 940 422 1553518457129 
512 951 421 1553518457146 
512 954 420 1553518457162 
512 955 418 1553518457180 
512 955 412 1553518457195 
512 954 398 1553518457212 
512 946 382 1553518457229 
512 941 375 1553518457246 
512 939 374 1553518457262 
512 938 373 1553518457279 
512 938 372 1553518457295 
512 937 372 1553518457413 
512 937 373 1553518457429 
512 937 375 1553518457446 
512 937 377 1553518457463 
512 937 380 1553518457479 
512 937 385 1553518457496 
512 936 390 1553518457513 
512 934 395 1553518457529 
512 934 397 1553518457546 
512 934 399 1553518457563 
513 934 399 1553518457681 
512 933 398 1553518457762 
512 933 390 1553518457780 
512 930 385 1553518457793 
514 930 385 1553518457793 
512 930 385 1553518457795 
512 930 382 1553518457811 
512 930 380 1553518457828 
512 929 379 1553518457846 
513 929 379 1553518457962 
514 929 379 1553518458046 
512 929 383 1553518458146 
512 935 393 1553518458163 
512 940 402 1553518458180 
512 945 414 1553518458196 
512 947 424 1553518458213 
512 950 433 1553518458228 
512 952 442 1553518458246 
512 952 445 1553518458262 
512 952 447 1553518458279 
512 951 450 1553518458296 
512 947 456 1553518458312 
512 936 466 1553518458329 
512 922 478 1553518458345 
512 895 492 1553518458363 
512 845 509 1553518458380 
512 780 539 1553518458396 
512 715 565 1553518458414 
512 643 594 1553518458429 
512 568 627 1553518458446 
512 551 637 1553518458464 
512 547 642 1553518458480 
512 546 643 1553518458496 
512 544 642 1553518458548 
512 537 633 1553518458563 
512 529 631 1553518458581 
512 525 631 1553518458596 
512 518 633 1553518458613 
512 514 637 1553518458630 
512 510 643 1553518458646 
512 509 647 1553518458663 
512 513 647 1553518458713 
512 514 647 1553518458730 
512 520 649 1553518458747 
512 533 653 1553518458763 
512 561 656 1553518458780 
512 602 661 1553518458797 
512 633 666 1553518458815 
512 636 666 1553518458830 
512 634 665 1553518458880 
512 628 662 1553518458897 
512 623 660 1553518458913 
512 616 659 1553518458930 
512 608 659 1553518458947 
512 598 659 1553518458963 
512 593 658 1553518458980 
512 591 658 1553518458997 
512 590 658 1553518459014 
512 589 657 1553518459030 
512 584 654 1553518459097 
512 577 650 1553518459113 
512 566 647 1553518459130 
512 558 644 1553518459147 
512 556 642 1553518459163 
512 556 641 1553518459179 
513 556 641 1553518459372 
514 556 641 1553518459455 
512 556 640 1553518459515 
512 556 639 1553518459531 
512 557 639 1553518459547 
512 557 638 1553518459565 
512 558 637 1553518459581 
512 558 636 1553518459614 
512 559 633 1553518459631 
512 562 627 1553518459647 
512 570 623 1553518459664 
512 582 621 1553518459681 
512 619 617 1553518459698 
512 666 618 1553518459714 
512 715 629 1553518459730 
512 724 633 1553518459748 
512 735 641 1553518459764 
512 743 652 1553518459781 
512 752 660 1553518459797 
512 760 666 1553518459815 
512 769 669 1553518459831 
512 777 669 1553518459848 
512 780 667 1553518459864 
512 785 661 1553518459881 
512 787 656 1553518459897 
512 791 651 1553518459914 
512 798 647 1553518459931 
512 810 643 1553518459949 
512 812 643 1553518459964 
512 813 641 1553518459981 
512 815 641 1553518460032 
512 822 643 1553518460047 
512 827 644 1553518460064 
512 830 645 1553518460081 
512 831 645 1553518460314 
512 832 645 1553518460332 
512 833 645 1553518460348 
512 834 645 1553518460381 
512 835 645 1553518460399 
513 835 645 1553518460460 
514 835 645 1553518460535 
512 834 645 1553518460681 
512 829 645 1553518460698 
512 821 645 1553518460715 
512 811 647 1553518460732 
512 800 650 1553518460748 
512 799 650 1553518460765 
512 809 639 1553518460831 
512 827 620 1553518460849 
512 847 601 1553518460866 
512 881 565 1553518460881 
512 898 533 1553518460899 
512 906 511 1553518460915 
512 908 493 1553518460932 
512 908 475 1553518460949 
512 907 459 1553518460965 
512 906 449 1553518460982 
512 906 447 1553518460999 
512 906 446 1553518461016 
512 906 445 1553518461032 
512 907 444 1553518461048 
512 908 439 1553518461065 
512 908 435 1553518461082 
512 909 430 1553518461098 
512 912 423 1553518461116 
512 913 422 1553518461131 
512 915 417 1553518461148 
512 917 413 1553518461165 
512 920 405 1553518461182 
512 920 397 1553518461200 
512 921 388 1553518461215 
512 921 379 1553518461233 
512 921 376 1553518461248 
512 921 377 1553518461416 
513 921 377 1553518461526 
514 921 377 1553518461593 
512 921 378 1553518461631 
512 916 385 1553518461648 
512 911 395 1553518461665 
512 905 405 1553518461683 
512 893 413 1553518461699 
512 876 414 1553518461716 
512 850 414 1553518461733 
512 836 414 1553518461749 
512 833 411 1553518462066 
512 828 406 1553518462082 
512 826 404 1553518462101 
512 817 401 1553518462116 
512 803 398 1553518462133 
512 783 398 1553518462149 
512 752 405 1553518462167 
512 724 412 1553518462182 
512 701 419 1553518462199 
512 684 422 1553518462216 
512 674 422 1553518462233 
512 672 422 1553518462249 
512 670 422 1553518462266 
512 665 422 1553518462283 
512 653 421 1553518462300 
512 638 418 1553518462316 
512 617 415 1553518462333 
512 594 411 1553518462350 
512 572 405 1553518462366 
512 549 399 1553518462383 
512 541 395 1553518462399 
512 539 394 1553518462416 
512 537 393 1553518462433 
512 528 391 1553518462450 
512 521 390 1553518462466 
512 507 389 1553518462484 
512 493 389 1553518462502 
512 474 389 1553518462517 
512 468 389 1553518462533 
512 467 389 1553518462550 
512 467 388 1553518462683 
512 467 385 1553518462700 
512 467 381 1553518462718 
512 467 380 1553518462733 
512 468 378 1553518462750 
512 470 377 1553518462784 
513 470 377 1553518462842 
514 470 377 1553518462926 
512 470 376 1553518462949 
512 473 378 1553518463067 
512 493 399 1553518463084 
512 531 417 1553518463101 
512 567 426 1553518463117 
512 580 428 1553518463134 
512 580 429 1553518463200 
512 587 464 1553518463218 
512 591 502 1553518463234 
512 591 543 1553518463251 
512 587 579 1553518463267 
512 581 607 1553518463283 
512 577 618 1553518463301 
512 577 621 1553518463317 
512 577 624 1553518463333 
512 577 626 1553518463350 
512 577 627 1553518463367 
512 577 628 1553518463384 
512 577 629 1553518463400 
512 571 628 1553518463467 
512 563 628 1553518463484 
512 557 632 1553518463500 
512 551 638 1553518463517 
512 549 644 1553518463534 
512 547 649 1553518463551 
512 547 655 1553518463568 
512 547 658 1553518463584 
512 550 658 1553518463684 
512 556 656 1553518463701 
512 561 653 1553518463718 
512 562 652 1553518463734 
512 564 652 1553518463751 
512 564 650 1553518463768 
512 564 649 1553518463834 
512 565 647 1553518463850 
512 566 646 1553518463867 
512 566 645 1553518463884 
513 566 645 1553518463928 
514 566 645 1553518464013 
512 566 644 1553518464201 
512 574 639 1553518464218 
512 626 624 1553518464235 
512 697 601 1553518464252 
512 764 575 1553518464267 
512 820 529 1553518464285 
512 853 456 1553518464301 
512 862 383 1553518464318 
512 866 285 1553518464334 
512 865 160 1553518464351 
512 853 89 1553518464368 
512 841 43 1553518464384 
512 837 27 1553518464401 
512 835 24 1553518464418 
512 833 25 1553518464484 
512 830 29 1553518464502 
512 828 32 1553518464518 
512 827 33 1553518464534 
512 827 34 1553518464551 
512 825 36 1553518464569 
512 823 40 1553518464584 
512 818 53 1553518464601 
512 807 70 1553518464619 
512 795 80 1553518464634 
512 782 89 1553518464653 
512 765 102 1553518464668 
512 755 112 1553518464685 
512 744 122 1553518464701 
512 731 133 1553518464719 
512 726 138 1553518464735 
512 721 144 1553518464752 
512 717 150 1553518464769 
512 715 153 1553518464785 
512 713 162 1553518464802 
512 712 169 1553518464818 
512 712 174 1553518464835 
512 712 177 1553518464852 
512 714 179 1553518464868 
512 715 181 1553518464885 
512 716 181 1553518464902 
512 716 182 1553518464968 
512 716 185 1553518464985 
512 716 188 1553518465002 
512 716 191 1553518465019 
512 714 193 1553518465035 
512 713 194 1553518465052 
512 711 195 1553518465068 
512 711 196 1553518465086 
512 710 197 1553518465102 
512 708 199 1553518465119 
512 708 200 1553518465135 
512 707 202 1553518465152 
512 707 203 1553518465186 
512 706 203 1553518465269 
512 705 204 1553518465285 
512 704 204 1553518465302 
512 704 205 1553518465318 
512 704 206 1553518465337 
512 703 206 1553518465369 
512 703 207 1553518465418 
512 702 208 1553518465436 
513 702 208 1553518465472 
514 702 208 1553518465533 
