512 696 206 1553540776736 
512 695 206 1553540776744 
512 693 207 1553540776751 
512 691 210 1553540776758 
512 690 215 1553540776766 
512 688 222 1553540776774 
512 688 229 1553540776782 
512 688 230 1553540776790 
512 688 233 1553540776798 
512 688 235 1553540776806 
512 689 237 1553540776813 
512 689 238 1553540776823 
512 689 239 1553540776830 
512 689 241 1553540776837 
512 689 245 1553540776845 
512 689 250 1553540776853 
512 689 260 1553540776861 
512 690 272 1553540776868 
512 691 292 1553540776877 
512 692 325 1553540776885 
512 701 360 1553540776893 
512 709 403 1553540776901 
512 714 424 1553540776909 
512 719 445 1553540776917 
512 719 467 1553540776925 
512 722 493 1553540776931 
512 722 506 1553540776939 
512 727 530 1553540776948 
512 732 553 1553540776955 
512 737 572 1553540776964 
512 740 585 1553540776971 
512 748 595 1553540776979 
512 754 604 1553540776987 
512 762 612 1553540776995 
512 771 615 1553540777003 
512 774 618 1553540777010 
512 778 618 1553540777017 
512 780 618 1553540777026 
512 781 618 1553540777032 
512 782 618 1553540777048 
512 783 620 1553540777073 
512 785 624 1553540777081 
512 790 628 1553540777089 
512 794 633 1553540777098 
512 801 640 1553540777105 
512 809 647 1553540777114 
512 815 656 1553540777118 
512 819 662 1553540777127 
512 823 665 1553540777134 
512 826 671 1553540777143 
512 826 673 1553540777151 
512 826 674 1553540777159 
512 827 671 1553540777221 
512 827 669 1553540777229 
512 828 667 1553540777237 
512 828 666 1553540777245 
512 828 665 1553540777252 
512 828 664 1553540777261 
512 829 662 1553540777269 
512 830 661 1553540777277 
512 831 660 1553540777285 
512 834 659 1553540777291 
512 837 658 1553540777300 
512 839 656 1553540777306 
512 840 655 1553540777315 
512 842 654 1553540777323 
512 843 652 1553540777331 
512 844 651 1553540777340 
512 845 649 1553540777347 
512 845 647 1553540777354 
512 845 646 1553540777365 
512 845 645 1553540777371 
512 845 644 1553540777379 
512 846 643 1553540777385 
512 846 642 1553540777393 
512 846 641 1553540777409 
513 846 641 1553540777512 
514 846 641 1553540777596 
512 844 641 1553540777644 
512 841 641 1553540777652 
512 837 641 1553540777664 
512 836 641 1553540777746 
512 828 637 1553540777753 
512 818 635 1553540777760 
512 800 629 1553540777769 
512 775 619 1553540777776 
512 745 609 1553540777784 
512 724 606 1553540777793 
512 706 602 1553540777800 
512 695 598 1553540777809 
512 684 596 1553540777817 
512 680 595 1553540777825 
512 675 593 1553540777832 
512 674 592 1553540777840 
512 673 592 1553540777847 
512 673 591 1553540777855 
512 672 590 1553540777864 
512 671 588 1553540777871 
512 669 584 1553540777879 
512 665 580 1553540777886 
512 662 573 1553540777895 
512 653 566 1553540777903 
512 647 560 1553540777911 
512 642 551 1553540777919 
512 633 537 1553540777927 
512 623 518 1553540777932 
512 613 504 1553540777943 
512 606 494 1553540777949 
512 601 479 1553540777957 
512 597 469 1553540777965 
512 595 463 1553540777973 
512 593 457 1553540777981 
512 592 454 1553540777989 
512 592 453 1553540777998 
512 590 451 1553540778005 
512 589 449 1553540778013 
512 588 447 1553540778021 
512 587 445 1553540778029 
512 584 442 1553540778035 
512 577 439 1553540778043 
512 566 435 1553540778051 
512 552 431 1553540778059 
512 543 430 1553540778066 
512 529 428 1553540778075 
512 517 427 1553540778083 
512 506 424 1553540778091 
512 499 422 1553540778098 
512 491 420 1553540778107 
512 484 418 1553540778115 
512 482 417 1553540778121 
512 480 416 1553540778129 
512 479 416 1553540778144 
512 478 416 1553540778177 
512 478 415 1553540778184 
512 477 414 1553540778193 
512 474 411 1553540778200 
512 470 409 1553540778207 
512 468 405 1553540778217 
512 464 399 1553540778223 
512 461 393 1553540778232 
512 459 390 1553540778239 
512 458 388 1553540778249 
512 458 387 1553540778255 
512 458 386 1553540778271 
512 458 385 1553540778300 
512 458 384 1553540778309 
512 458 383 1553540778325 
512 458 382 1553540778332 
512 458 380 1553540778348 
512 458 379 1553540778357 
512 458 378 1553540778372 
512 458 377 1553540778383 
512 459 377 1553540778482 
512 460 377 1553540778489 
512 463 378 1553540778499 
512 464 378 1553540778513 
512 466 378 1553540778521 
512 467 378 1553540778693 
513 467 378 1553540778735 
514 467 378 1553540778802 
512 468 378 1553540778842 
512 469 378 1553540778851 
512 471 380 1553540778857 
512 475 386 1553540778865 
512 483 397 1553540778892 
512 484 397 1553540778896 
512 485 397 1553540778912 
512 486 397 1553540778921 
512 488 397 1553540778928 
512 492 397 1553540778935 
512 500 398 1553540778942 
512 511 401 1553540778950 
512 523 402 1553540778958 
512 536 402 1553540778966 
512 545 403 1553540778975 
512 562 404 1553540778982 
512 577 405 1553540778992 
512 591 406 1553540778999 
512 606 408 1553540779007 
512 622 408 1553540779016 
512 631 408 1553540779023 
512 638 408 1553540779029 
512 640 408 1553540779037 
512 642 406 1553540779045 
512 643 405 1553540779061 
512 644 404 1553540779069 
512 645 402 1553540779077 
512 647 399 1553540779085 
512 650 396 1553540779093 
512 656 391 1553540779101 
512 661 383 1553540779109 
512 665 377 1553540779117 
512 670 371 1553540779123 
512 676 361 1553540779133 
512 685 351 1553540779139 
512 688 339 1553540779148 
512 692 329 1553540779155 
512 695 317 1553540779163 
512 698 305 1553540779171 
512 700 296 1553540779179 
512 702 283 1553540779187 
512 705 275 1553540779195 
512 707 269 1553540779203 
512 709 264 1553540779210 
512 709 261 1553540779217 
512 709 258 1553540779225 
512 709 256 1553540779233 
512 709 255 1553540779241 
512 709 254 1553540779343 
512 709 252 1553540779366 
512 705 249 1553540779375 
512 704 248 1553540779382 
512 703 248 1553540779391 
512 701 247 1553540779397 
512 700 247 1553540779404 
512 699 247 1553540779413 
512 699 244 1553540779493 
512 698 241 1553540779499 
512 698 238 1553540779507 
512 698 236 1553540779517 
512 698 234 1553540779523 
512 698 232 1553540779531 
512 698 231 1553540779539 
512 698 229 1553540779546 
512 698 228 1553540779554 
512 698 227 1553540779562 
512 698 226 1553540779568 
512 698 225 1553540779679 
512 698 224 1553540779686 
512 698 223 1553540779694 
512 698 222 1553540779710 
512 698 221 1553540779726 
512 698 220 1553540779735 
512 698 219 1553540779743 
512 698 217 1553540779757 
512 698 215 1553540779773 
512 698 214 1553540779781 
512 698 212 1553540779789 
512 698 211 1553540779797 
512 698 210 1553540779813 
512 697 209 1553540779820 
513 697 209 1553540779908 
514 697 209 1553540779969 
512 697 210 1553540779992 
512 697 213 1553540780000 
512 697 214 1553540780009 
512 694 218 1553540780017 
512 693 221 1553540780025 
512 692 223 1553540780034 
512 691 226 1553540780042 
512 690 231 1553540780046 
512 689 235 1553540780055 
512 688 241 1553540780063 
512 687 248 1553540780071 
512 687 258 1553540780079 
512 686 267 1553540780086 
512 685 277 1553540780095 
512 685 286 1553540780102 
512 684 298 1553540780111 
512 684 311 1553540780119 
512 684 322 1553540780125 
512 684 331 1553540780136 
512 684 342 1553540780141 
512 684 352 1553540780151 
512 686 362 1553540780157 
512 687 370 1553540780165 
512 687 379 1553540780173 
512 687 386 1553540780181 
512 691 393 1553540780189 
512 692 399 1553540780197 
512 698 408 1553540780205 
512 703 413 1553540780211 
512 714 420 1553540780220 
512 725 426 1553540780227 
512 741 432 1553540780235 
512 756 435 1553540780243 
512 780 437 1553540780251 
512 799 439 1553540780259 
512 814 439 1553540780267 
512 827 438 1553540780275 
512 833 435 1553540780284 
512 836 433 1553540780292 
512 838 429 1553540780301 
512 838 425 1553540780307 
512 839 419 1553540780313 
512 839 412 1553540780321 
512 840 405 1553540780329 
512 840 400 1553540780337 
512 840 395 1553540780344 
512 840 388 1553540780353 
512 840 382 1553540780361 
512 841 379 1553540780369 
512 841 375 1553540780377 
512 842 373 1553540780385 
512 844 371 1553540780393 
512 847 369 1553540780401 
512 849 368 1553540780407 
512 852 368 1553540780415 
512 855 368 1553540780423 
512 857 368 1553540780431 
512 860 368 1553540780438 
512 863 368 1553540780447 
512 865 369 1553540780455 
512 866 369 1553540780484 
512 867 369 1553540780495 
512 870 369 1553540780500 
512 875 371 1553540780509 
512 883 373 1553540780517 
512 889 374 1553540780525 
512 897 377 1553540780533 
512 904 379 1553540780541 
512 906 379 1553540780551 
512 907 379 1553540780557 
512 908 379 1553540780782 
512 909 379 1553540780791 
512 910 379 1553540780799 
512 911 379 1553540780823 
512 912 378 1553540780855 
512 913 378 1553540780863 
512 914 378 1553540780877 
512 916 377 1553540780884 
512 918 376 1553540780893 
512 921 376 1553540780901 
512 924 376 1553540780909 
512 926 375 1553540780925 
512 927 375 1553540780949 
513 927 375 1553540781069 
514 927 375 1553540781142 
512 927 374 1553540781190 
512 921 375 1553540781207 
512 913 377 1553540781218 
512 906 377 1553540781220 
512 898 378 1553540781228 
512 891 379 1553540781236 
512 885 381 1553540781244 
512 879 385 1553540781252 
512 872 388 1553540781260 
512 869 391 1553540781270 
512 862 395 1553540781278 
512 854 402 1553540781285 
512 847 408 1553540781293 
512 841 411 1553540781300 
512 831 416 1553540781308 
512 821 421 1553540781318 
512 810 426 1553540781323 
512 799 429 1553540781331 
512 785 434 1553540781340 
512 769 439 1553540781347 
512 751 447 1553540781355 
512 737 456 1553540781363 
512 723 462 1553540781371 
512 714 466 1553540781379 
512 706 471 1553540781387 
512 700 475 1553540781395 
512 697 476 1553540781401 
512 696 476 1553540781409 
512 695 477 1553540781418 
512 694 477 1553540781425 
512 693 477 1553540781434 
512 690 477 1553540781441 
512 689 477 1553540781449 
512 686 477 1553540781457 
512 682 478 1553540781465 
512 680 480 1553540781472 
512 677 481 1553540781480 
512 673 484 1553540781486 
512 669 489 1553540781496 
512 667 492 1553540781502 
512 663 496 1553540781511 
512 660 503 1553540781518 
512 656 510 1553540781527 
512 651 520 1553540781534 
512 646 529 1553540781543 
512 641 537 1553540781551 
512 636 547 1553540781559 
512 629 560 1553540781568 
512 625 571 1553540781575 
512 620 582 1553540781581 
512 615 594 1553540781590 
512 607 607 1553540781596 
512 600 617 1553540781605 
512 594 627 1553540781612 
512 588 634 1553540781620 
512 581 642 1553540781629 
512 579 648 1553540781636 
512 577 652 1553540781645 
512 576 654 1553540781653 
512 576 656 1553540781661 
512 576 657 1553540781669 
512 575 658 1553540781690 
512 574 659 1553540781715 
512 574 660 1553540781730 
512 573 661 1553540781738 
512 569 664 1553540781746 
512 568 665 1553540781754 
512 566 666 1553540781763 
512 564 666 1553540781768 
512 563 666 1553540781777 
512 562 667 1553540781785 
512 562 666 1553540781825 
512 562 663 1553540781833 
512 562 658 1553540781842 
512 562 655 1553540781850 
512 563 651 1553540781857 
512 563 649 1553540781863 
512 563 647 1553540781871 
512 563 646 1553540781879 
512 563 645 1553540781895 
513 563 645 1553540782031 
512 563 644 1553540782115 
514 563 644 1553540782115 
512 562 643 1553540782152 
512 560 643 1553540782160 
512 559 643 1553540782169 
512 559 641 1553540782186 
512 559 639 1553540782202 
512 559 637 1553540782213 
512 562 633 1553540782216 
512 564 629 1553540782221 
512 566 626 1553540782231 
512 576 621 1553540782238 
512 585 612 1553540782246 
512 592 603 1553540782254 
512 600 593 1553540782263 
512 606 575 1553540782269 
512 609 562 1553540782278 
512 614 546 1553540782286 
512 618 525 1553540782294 
512 618 506 1553540782302 
512 618 481 1553540782310 
512 618 467 1553540782318 
512 619 455 1553540782325 
512 621 442 1553540782333 
512 622 437 1553540782342 
512 625 432 1553540782349 
512 629 429 1553540782357 
512 635 429 1553540782365 
512 644 429 1553540782372 
512 660 434 1553540782381 
512 691 446 1553540782389 
512 717 461 1553540782397 
512 756 474 1553540782405 
512 796 497 1553540782411 
512 820 515 1553540782419 
512 834 530 1553540782427 
512 843 537 1553540782436 
512 847 546 1553540782443 
512 848 554 1553540782452 
512 848 562 1553540782459 
512 848 568 1553540782467 
512 848 572 1553540782475 
512 848 578 1553540782483 
512 848 579 1553540782491 
512 848 580 1553540782497 
512 848 582 1553540782504 
512 848 583 1553540782514 
512 848 584 1553540782521 
512 848 585 1553540782531 
512 848 586 1553540782537 
512 849 587 1553540782544 
512 850 590 1553540782553 
512 851 593 1553540782561 
512 853 596 1553540782568 
512 856 601 1553540782577 
512 859 605 1553540782586 
512 862 609 1553540782592 
512 863 613 1553540782599 
512 864 616 1553540782606 
512 865 619 1553540782615 
512 866 621 1553540782622 
512 866 622 1553540782630 
512 866 623 1553540782639 
512 865 624 1553540782693 
512 863 625 1553540782703 
512 861 626 1553540782709 
512 860 628 1553540782717 
512 857 629 1553540782724 
512 857 632 1553540782732 
512 854 634 1553540782740 
512 854 636 1553540782748 
512 853 638 1553540782756 
512 853 639 1553540782764 
512 853 640 1553540782770 
512 852 640 1553540782787 
512 851 641 1553540782811 
512 850 641 1553540782826 
512 849 641 1553540782836 
512 847 641 1553540782843 
512 846 641 1553540782848 
512 845 641 1553540782858 
512 843 642 1553540782866 
512 842 642 1553540782871 
512 841 642 1553540782888 
513 841 642 1553540783002 
514 841 642 1553540783085 
512 838 640 1553540783155 
512 834 634 1553540783163 
512 831 628 1553540783175 
512 825 617 1553540783177 
512 817 607 1553540783185 
512 804 592 1553540783194 
512 781 570 1553540783202 
512 755 548 1553540783210 
512 739 537 1553540783218 
512 730 530 1553540783226 
512 720 525 1553540783232 
512 713 520 1553540783240 
512 704 514 1553540783248 
512 698 511 1553540783256 
512 696 510 1553540783264 
512 690 507 1553540783272 
512 688 506 1553540783281 
512 681 504 1553540783288 
512 670 499 1553540783296 
512 659 495 1553540783305 
512 643 489 1553540783313 
512 623 480 1553540783320 
512 607 476 1553540783327 
512 594 473 1553540783337 
512 587 471 1553540783343 
512 586 471 1553540783351 
512 588 470 1553540783383 
512 597 470 1553540783391 
512 611 467 1553540783400 
512 641 466 1553540783407 
512 683 462 1553540783415 
512 732 460 1553540783421 
512 767 460 1553540783429 
512 808 458 1553540783437 
512 848 453 1553540783445 
512 875 447 1553540783453 
512 882 444 1553540783461 
512 890 438 1553540783470 
512 893 431 1553540783476 
512 896 421 1553540783487 
512 898 411 1553540783493 
512 898 399 1553540783501 
512 898 389 1553540783506 
512 898 384 1553540783515 
512 898 379 1553540783522 
512 900 374 1553540783531 
512 900 371 1553540783538 
512 900 368 1553540783547 
512 901 366 1553540783555 
512 902 364 1553540783563 
512 902 362 1553540783570 
512 902 361 1553540783587 
512 904 361 1553540783625 
512 911 366 1553540783633 
512 921 371 1553540783641 
512 927 372 1553540783649 
512 932 372 1553540783656 
512 934 373 1553540783665 
512 934 374 1553540783805 
512 934 375 1553540783821 
513 934 375 1553540783949 
514 934 375 1553540784032 
512 931 375 1553540784102 
512 929 375 1553540784111 
512 924 375 1553540784122 
512 920 375 1553540784126 
512 913 375 1553540784134 
512 908 375 1553540784140 
512 897 375 1553540784151 
512 888 375 1553540784156 
512 876 376 1553540784164 
512 866 378 1553540784172 
512 857 379 1553540784180 
512 847 383 1553540784188 
512 836 385 1553540784197 
512 828 387 1553540784203 
512 818 391 1553540784212 
512 809 392 1553540784220 
512 802 394 1553540784229 
512 791 396 1553540784237 
512 785 396 1553540784243 
512 775 396 1553540784251 
512 765 396 1553540784258 
512 756 394 1553540784266 
512 742 392 1553540784274 
512 721 387 1553540784282 
512 694 380 1553540784290 
512 677 379 1553540784298 
512 659 377 1553540784306 
512 643 377 1553540784315 
512 632 376 1553540784322 
512 625 376 1553540784329 
512 618 376 1553540784337 
512 616 376 1553540784345 
512 612 376 1553540784352 
512 606 377 1553540784361 
512 601 379 1553540784371 
512 593 379 1553540784377 
512 586 380 1553540784386 
512 580 380 1553540784393 
512 574 382 1553540784401 
512 570 382 1553540784409 
512 567 382 1553540784416 
512 562 382 1553540784425 
512 559 382 1553540784431 
512 558 382 1553540784439 
512 557 382 1553540784447 
512 552 382 1553540784454 
512 549 382 1553540784463 
512 546 382 1553540784470 
512 544 382 1553540784479 
512 543 382 1553540784487 
512 541 384 1553540784495 
512 541 385 1553540784503 
512 539 386 1553540784511 
512 538 387 1553540784517 
512 536 388 1553540784525 
512 535 390 1553540784533 
512 533 391 1553540784541 
512 530 391 1553540784549 
512 527 392 1553540784557 
512 523 392 1553540784565 
512 520 392 1553540784573 
512 516 392 1553540784583 
512 510 392 1553540784589 
512 508 392 1553540784595 
512 504 392 1553540784603 
512 501 392 1553540784611 
512 498 392 1553540784620 
512 496 392 1553540784626 
512 495 392 1553540784635 
512 494 392 1553540784643 
512 493 392 1553540784650 
512 489 391 1553540784729 
512 484 389 1553540784737 
512 484 388 1553540784807 
512 484 387 1553540784822 
512 483 386 1553540784839 
512 481 384 1553540784847 
512 480 383 1553540784855 
512 476 380 1553540784863 
512 473 379 1553540784870 
512 472 379 1553540784879 
512 471 379 1553540784886 
512 471 378 1553540784909 
512 471 376 1553540784973 
512 471 375 1553540784979 
512 470 373 1553540784988 
512 469 371 1553540784995 
512 469 370 1553540785004 
512 468 369 1553540785011 
513 468 369 1553540785075 
514 468 369 1553540785159 
512 469 369 1553540785182 
512 471 369 1553540785190 
512 473 369 1553540785199 
512 475 369 1553540785208 
512 477 369 1553540785213 
512 479 369 1553540785222 
512 481 372 1553540785230 
512 483 373 1553540785236 
512 484 374 1553540785246 
512 486 374 1553540785260 
512 488 374 1553540785269 
512 488 375 1553540785276 
512 494 377 1553540785284 
512 501 380 1553540785292 
512 505 383 1553540785300 
512 514 390 1553540785308 
512 523 397 1553540785316 
512 532 406 1553540785324 
512 542 415 1553540785331 
512 552 423 1553540785339 
512 558 428 1553540785347 
512 564 434 1553540785354 
512 567 437 1553540785363 
512 568 440 1553540785371 
512 570 443 1553540785379 
512 571 446 1553540785387 
512 572 449 1553540785395 
512 579 455 1553540785404 
512 584 463 1553540785411 
512 592 472 1553540785417 
512 596 479 1553540785427 
512 600 486 1553540785433 
512 605 496 1553540785441 
512 608 503 1553540785449 
512 609 508 1553540785457 
512 610 512 1553540785466 
512 610 519 1553540785473 
512 610 524 1553540785481 
512 610 530 1553540785489 
512 610 539 1553540785497 
512 610 548 1553540785504 
512 610 558 1553540785513 
512 609 567 1553540785519 
512 609 574 1553540785527 
512 609 581 1553540785535 
512 609 585 1553540785542 
512 609 587 1553540785551 
512 609 589 1553540785567 
512 609 591 1553540785583 
512 608 593 1553540785591 
512 608 595 1553540785599 
512 608 597 1553540785605 
512 608 599 1553540785613 
512 608 601 1553540785622 
512 608 604 1553540785629 
512 608 607 1553540785639 
512 608 610 1553540785645 
512 607 612 1553540785653 
512 607 614 1553540785661 
512 607 615 1553540785669 
512 606 616 1553540785677 
512 605 618 1553540785685 
512 602 618 1553540785691 
512 598 618 1553540785701 
512 592 618 1553540785707 
512 585 617 1553540785715 
512 575 615 1553540785722 
512 564 613 1553540785731 
512 560 613 1553540785738 
512 553 613 1553540785747 
512 551 613 1553540785755 
512 549 613 1553540785763 
512 548 614 1553540785772 
512 547 615 1553540785777 
512 546 616 1553540785787 
512 545 618 1553540785793 
512 545 620 1553540785800 
512 544 621 1553540785809 
512 543 623 1553540785817 
512 543 624 1553540785833 
512 543 625 1553540785841 
512 543 626 1553540785849 
512 543 628 1553540785879 
512 543 629 1553540785895 
512 543 630 1553540785911 
512 543 631 1553540785919 
512 543 632 1553540785935 
512 544 634 1553540785942 
512 544 636 1553540785951 
512 544 637 1553540785959 
512 545 639 1553540785965 
512 547 641 1553540785973 
512 547 642 1553540785981 
512 548 643 1553540785989 
512 548 644 1553540786005 
512 548 645 1553540786013 
512 549 645 1553540786022 
512 549 646 1553540786107 
512 551 646 1553540786115 
512 552 647 1553540786123 
512 553 647 1553540786131 
512 555 648 1553540786247 
512 557 648 1553540786263 
512 558 647 1553540786272 
512 559 647 1553540786279 
512 560 646 1553540786295 
513 560 646 1553540786360 
514 560 646 1553540786427 
512 560 642 1553540786450 
512 559 638 1553540786458 
512 559 635 1553540786467 
512 559 631 1553540786474 
512 559 628 1553540786482 
512 560 628 1553540786489 
512 561 628 1553540786498 
512 562 628 1553540786506 
512 564 628 1553540786512 
512 566 625 1553540786522 
512 568 621 1553540786529 
512 570 619 1553540786536 
512 573 615 1553540786544 
512 578 610 1553540786552 
512 584 606 1553540786560 
512 591 601 1553540786568 
512 601 596 1553540786578 
512 616 586 1553540786585 
512 629 578 1553540786593 
512 650 566 1553540786601 
512 673 551 1553540786607 
512 679 542 1553540786615 
512 691 533 1553540786623 
512 702 525 1553540786632 
512 711 517 1553540786639 
512 718 512 1553540786647 
512 720 510 1553540786656 
512 722 508 1553540786662 
512 724 507 1553540786672 
512 726 505 1553540786679 
512 727 505 1553540786687 
512 729 504 1553540786692 
512 729 503 1553540786709 
512 732 502 1553540786717 
512 734 500 1553540786724 
512 738 498 1553540786733 
512 741 495 1553540786741 
512 746 491 1553540786749 
512 749 483 1553540786757 
512 751 471 1553540786765 
512 755 456 1553540786773 
512 756 439 1553540786779 
512 758 414 1553540786787 
512 758 386 1553540786794 
512 757 369 1553540786803 
512 756 344 1553540786811 
512 750 325 1553540786818 
512 749 314 1553540786826 
512 748 303 1553540786835 
512 747 294 1553540786842 
512 746 283 1553540786850 
512 746 272 1553540786858 
512 746 267 1553540786866 
512 746 262 1553540786874 
512 745 259 1553540786881 
512 745 257 1553540786889 
512 744 256 1553540786898 
512 744 255 1553540786983 
512 743 255 1553540786999 
512 741 253 1553540787108 
512 736 251 1553540787117 
512 733 247 1553540787125 
512 730 242 1553540787133 
512 727 240 1553540787140 
512 726 238 1553540787149 
512 725 236 1553540787156 
512 725 235 1553540787163 
512 725 234 1553540787172 
512 725 233 1553540787187 
512 722 230 1553540787398 
512 719 227 1553540787407 
512 714 224 1553540787415 
512 713 222 1553540787423 
512 712 222 1553540787429 
512 710 220 1553540787437 
513 710 220 1553540787667 
512 710 219 1553540787735 
512 709 218 1553540787743 
512 708 216 1553540787751 
512 707 215 1553540787758 
514 707 215 1553540787758 
512 706 213 1553540787767 
512 705 212 1553540787773 
512 704 210 1553540787782 
512 703 209 1553540787790 
512 703 207 1553540787805 
512 702 206 1553540787828 
513 702 206 1553540787994 
514 702 206 1553540788064 
