512 702 213 1553604007585 
512 705 219 1553604007603 
512 706 225 1553604007620 
512 713 238 1553604007637 
512 720 252 1553604007654 
512 732 278 1553604007670 
512 739 313 1553604007687 
512 751 361 1553604007703 
512 756 409 1553604007720 
512 759 468 1553604007736 
512 802 543 1553604007753 
512 821 573 1553604007770 
512 840 586 1553604007786 
512 852 593 1553604007804 
512 854 596 1553604007820 
512 854 597 1553604007837 
512 854 600 1553604007853 
512 850 613 1553604007869 
512 846 630 1553604007887 
512 839 643 1553604007903 
512 832 651 1553604007921 
512 828 657 1553604007936 
512 827 660 1553604007953 
512 826 671 1553604007970 
512 826 676 1553604007986 
512 826 680 1553604008003 
512 828 678 1553604008204 
512 834 674 1553604008220 
512 839 672 1553604008236 
512 843 667 1553604008254 
512 844 664 1553604008270 
512 845 663 1553604008286 
512 845 661 1553604008304 
512 845 657 1553604008538 
512 844 651 1553604008554 
512 843 648 1553604008571 
512 843 646 1553604008587 
512 842 646 1553604008604 
512 842 645 1553604008637 
513 842 645 1553604008694 
514 842 645 1553604008786 
512 841 645 1553604008803 
512 841 643 1553604008855 
512 841 639 1553604008870 
512 842 629 1553604008889 
512 842 621 1553604008904 
512 838 601 1553604008921 
512 820 573 1553604008938 
512 791 550 1553604008954 
512 751 534 1553604008970 
512 708 526 1553604008988 
512 682 521 1553604009004 
512 666 516 1553604009021 
512 655 508 1553604009038 
512 637 496 1553604009054 
512 602 472 1553604009070 
512 567 453 1553604009088 
512 527 437 1553604009106 
512 512 430 1553604009120 
512 503 428 1553604009138 
512 501 428 1553604009155 
512 501 426 1553604009188 
512 502 418 1553604009204 
512 502 410 1553604009221 
512 502 402 1553604009238 
512 502 391 1553604009255 
512 502 384 1553604009271 
512 502 383 1553604009287 
512 502 380 1553604009372 
512 502 377 1553604009387 
512 496 373 1553604009404 
512 487 373 1553604009421 
512 483 373 1553604009438 
512 482 373 1553604009454 
512 482 374 1553604009471 
512 481 375 1553604009488 
512 480 375 1553604009622 
512 479 376 1553604009638 
513 479 376 1553604009680 
512 476 377 1553604009737 
512 474 378 1553604009755 
512 473 379 1553604009764 
514 473 379 1553604009764 
512 473 379 1553604009771 
512 472 380 1553604009788 
512 472 381 1553604009822 
512 474 381 1553604010021 
512 480 380 1553604010038 
512 502 375 1553604010055 
512 511 365 1553604010072 
512 526 352 1553604010088 
512 555 329 1553604010105 
512 607 295 1553604010123 
512 659 258 1553604010138 
512 696 237 1553604010154 
512 713 226 1553604010173 
512 721 219 1553604010189 
512 721 216 1553604010205 
512 723 210 1553604010221 
512 724 203 1553604010239 
512 724 192 1553604010255 
512 724 186 1553604010272 
512 721 181 1553604010289 
512 718 194 1553604010421 
512 715 205 1553604010438 
512 709 218 1553604010455 
512 709 221 1553604010472 
512 709 218 1553604010573 
512 709 217 1553604010588 
512 709 216 1553604010622 
512 709 215 1553604010638 
512 709 214 1553604010655 
512 709 213 1553604010672 
513 709 213 1553604010800 
512 708 213 1553604010889 
514 708 213 1553604010892 
512 707 213 1553604010922 
512 706 214 1553604010938 
512 706 216 1553604010956 
512 706 219 1553604011055 
512 707 228 1553604011073 
512 711 233 1553604011089 
512 713 234 1553604011105 
512 714 234 1553604011122 
512 715 234 1553604011139 
512 715 231 1553604011156 
512 715 224 1553604011172 
512 715 217 1553604011189 
512 713 211 1553604011205 
512 711 208 1553604011222 
512 710 207 1553604011239 
513 710 207 1553604011346 
514 710 207 1553604011440 
512 708 208 1553604011489 
512 707 209 1553604011506 
512 707 210 1553604011523 
512 706 210 1553604011538 
512 705 211 1553604011556 
512 704 212 1553604011573 
512 703 212 1553604011589 
513 703 212 1553604011738 
514 703 212 1553604011799 
512 702 213 1553604011839 
512 702 217 1553604011855 
512 702 221 1553604011873 
512 703 224 1553604011889 
512 707 229 1553604011905 
512 712 236 1553604011923 
512 725 251 1553604011940 
512 742 269 1553604011956 
512 762 295 1553604011973 
512 787 323 1553604011990 
512 802 352 1553604012006 
512 820 391 1553604012023 
512 848 434 1553604012039 
512 872 463 1553604012056 
512 894 477 1553604012073 
512 907 480 1553604012089 
512 909 471 1553604012106 
512 910 452 1553604012123 
512 909 430 1553604012139 
512 897 405 1553604012156 
512 892 397 1553604012173 
512 893 395 1553604012257 
512 895 392 1553604012272 
512 896 390 1553604012290 
512 897 390 1553604012307 
512 903 390 1553604012323 
512 916 390 1553604012340 
512 928 390 1553604012357 
512 933 387 1553604012373 
512 935 384 1553604012390 
512 935 380 1553604012406 
512 936 377 1553604012423 
512 936 375 1553604012440 
512 936 374 1553604012456 
512 936 373 1553604012540 
513 936 373 1553604012680 
514 936 373 1553604012747 
512 935 373 1553604012790 
512 933 374 1553604012806 
512 932 374 1553604012824 
512 932 375 1553604012874 
512 931 375 1553604012974 
512 927 376 1553604012990 
512 920 377 1553604013007 
512 910 378 1553604013024 
512 890 382 1553604013040 
512 869 389 1553604013058 
512 844 407 1553604013075 
512 810 428 1553604013091 
512 755 483 1553604013107 
512 696 533 1553604013125 
512 648 579 1553604013141 
512 608 627 1553604013158 
512 603 633 1553604013174 
512 606 628 1553604013224 
512 609 624 1553604013240 
512 613 616 1553604013258 
512 616 612 1553604013274 
512 619 610 1553604013291 
512 620 609 1553604013308 
512 621 609 1553604013325 
512 624 609 1553604013341 
512 625 608 1553604013357 
512 625 606 1553604013374 
512 617 611 1553604013441 
512 603 616 1553604013457 
512 585 622 1553604013475 
512 558 636 1553604013492 
512 552 640 1553604013507 
512 549 645 1553604013524 
512 548 645 1553604013542 
512 548 646 1553604013624 
512 549 646 1553604013775 
512 556 644 1553604013791 
512 563 642 1553604013808 
512 568 642 1553604013825 
512 569 641 1553604013841 
513 569 641 1553604013926 
514 569 641 1553604013993 
512 568 641 1553604014024 
512 566 641 1553604014041 
512 564 643 1553604014058 
512 563 643 1553604014074 
512 563 644 1553604014091 
513 563 644 1553604014309 
514 563 644 1553604014377 
512 567 644 1553604014475 
512 572 644 1553604014492 
512 581 640 1553604014509 
512 594 632 1553604014526 
512 610 622 1553604014542 
512 625 616 1553604014560 
512 631 616 1553604014575 
512 633 616 1553604014592 
512 635 616 1553604014608 
512 642 626 1553604014625 
512 662 639 1553604014642 
512 689 652 1553604014659 
512 727 655 1553604014675 
512 747 655 1553604014692 
512 752 655 1553604014710 
512 754 653 1553604014725 
512 757 647 1553604014743 
512 760 643 1553604014759 
512 766 642 1553604014776 
512 776 642 1553604014792 
512 791 642 1553604014808 
512 796 641 1553604014825 
512 797 641 1553604014842 
512 802 641 1553604014959 
512 804 641 1553604014975 
512 804 640 1553604015109 
512 806 639 1553604015126 
512 808 639 1553604015142 
512 810 638 1553604015159 
512 813 638 1553604015175 
512 820 638 1553604015193 
512 833 641 1553604015209 
512 840 641 1553604015225 
512 843 642 1553604015242 
512 843 643 1553604015377 
512 844 643 1553604015393 
513 844 643 1553604015501 
514 844 643 1553604015576 
512 844 644 1553604015592 
512 840 641 1553604015728 
512 837 635 1553604015743 
512 834 632 1553604015759 
512 832 630 1553604015777 
512 830 623 1553604015793 
512 827 602 1553604015810 
512 826 584 1553604015826 
512 829 550 1553604015843 
512 838 522 1553604015859 
512 846 503 1553604015877 
512 858 483 1553604015893 
512 870 464 1553604015909 
512 879 449 1553604015926 
512 885 437 1553604015943 
512 888 429 1553604015960 
512 890 422 1553604015977 
512 892 417 1553604015993 
512 893 416 1553604016010 
512 894 416 1553604016061 
512 894 415 1553604016094 
512 895 415 1553604016110 
512 899 413 1553604016127 
512 903 409 1553604016143 
512 906 407 1553604016160 
512 907 404 1553604016176 
512 908 398 1553604016195 
512 909 397 1553604016210 
512 911 393 1553604016227 
512 913 391 1553604016243 
512 914 388 1553604016259 
512 916 386 1553604016277 
512 916 385 1553604016295 
512 917 384 1553604016310 
512 919 382 1553604016327 
512 921 381 1553604016344 
512 923 380 1553604016360 
512 925 378 1553604016378 
512 926 377 1553604016393 
512 926 376 1553604016410 
512 927 376 1553604016428 
512 927 375 1553604016461 
513 927 375 1553604016495 
514 927 375 1553604016594 
512 926 377 1553604016660 
512 923 383 1553604016678 
512 920 390 1553604016694 
512 915 403 1553604016711 
512 909 419 1553604016727 
512 901 432 1553604016743 
512 888 443 1553604016760 
512 872 451 1553604016777 
512 855 460 1553604016794 
512 846 466 1553604016811 
512 836 471 1553604016828 
512 828 477 1553604016845 
512 806 487 1553604016862 
512 789 491 1553604016878 
512 753 484 1553604016894 
512 725 476 1553604016910 
512 688 463 1553604016928 
512 668 455 1553604016944 
512 642 446 1553604016961 
512 623 438 1553604016977 
512 611 433 1553604016995 
512 591 429 1553604017011 
512 585 429 1553604017027 
512 582 429 1553604017044 
512 578 429 1553604017061 
512 576 429 1553604017077 
512 570 429 1553604017094 
512 560 429 1553604017111 
512 557 429 1553604017128 
512 556 429 1553604017144 
512 554 429 1553604017160 
512 549 423 1553604017178 
512 544 416 1553604017194 
512 540 413 1553604017210 
512 532 406 1553604017227 
512 528 404 1553604017244 
512 527 402 1553604017261 
512 524 400 1553604017277 
512 521 400 1553604017294 
512 516 399 1553604017310 
512 511 398 1553604017327 
512 505 397 1553604017344 
512 496 394 1553604017360 
512 490 391 1553604017377 
512 487 390 1553604017394 
512 485 389 1553604017410 
512 485 387 1553604017428 
512 484 386 1553604017444 
512 484 384 1553604017460 
512 483 382 1553604017477 
512 480 379 1553604017495 
512 479 377 1553604017510 
512 478 377 1553604017527 
512 478 376 1553604017661 
513 478 376 1553604017730 
514 478 376 1553604017807 
512 481 376 1553604017877 
512 495 383 1553604017894 
512 511 387 1553604017911 
512 531 390 1553604017927 
512 551 394 1553604017945 
512 579 401 1553604017960 
512 592 402 1553604017978 
512 599 402 1553604017994 
512 601 402 1553604018011 
512 602 402 1553604018028 
512 603 407 1553604018095 
512 605 427 1553604018111 
512 598 469 1553604018128 
512 594 512 1553604018145 
512 577 570 1553604018161 
512 570 600 1553604018178 
512 567 619 1553604018194 
512 567 625 1553604018211 
512 567 626 1553604018228 
512 567 628 1553604018328 
512 567 629 1553604018362 
512 567 631 1553604018495 
512 566 635 1553604018512 
512 566 636 1553604018528 
512 566 637 1553604018628 
512 565 638 1553604018646 
512 564 641 1553604018661 
512 562 644 1553604018679 
512 562 646 1553604018695 
512 562 647 1553604018779 
512 561 647 1553604018813 
513 561 647 1553604018819 
514 561 647 1553604018904 
512 561 646 1553604018961 
512 563 643 1553604018979 
512 565 640 1553604018995 
512 569 638 1553604019013 
512 571 637 1553604019029 
512 577 635 1553604019046 
512 590 633 1553604019063 
512 608 630 1553604019079 
512 628 627 1553604019095 
512 655 624 1553604019113 
512 689 610 1553604019129 
512 728 567 1553604019147 
512 739 548 1553604019162 
512 773 478 1553604019179 
512 785 420 1553604019195 
512 790 353 1553604019214 
512 791 320 1553604019229 
512 791 295 1553604019246 
512 788 278 1553604019263 
512 782 263 1553604019280 
512 781 257 1553604019296 
512 778 251 1553604019313 
512 773 244 1553604019329 
512 768 242 1553604019345 
512 764 240 1553604019362 
512 758 238 1553604019378 
512 752 236 1553604019396 
512 747 234 1553604019413 
512 741 231 1553604019430 
512 739 231 1553604019446 
512 738 231 1553604019462 
512 737 230 1553604019479 
512 733 228 1553604019497 
512 726 225 1553604019513 
512 722 221 1553604019529 
512 718 217 1553604019547 
512 716 215 1553604019563 
512 714 215 1553604019579 
512 714 214 1553604019596 
512 713 214 1553604019713 
512 710 213 1553604019729 
512 709 213 1553604019747 
512 708 213 1553604019764 
512 707 212 1553604019796 
512 705 211 1553604019812 
512 704 211 1553604019830 
513 704 211 1553604019965 
514 704 211 1553604020023 
