512 699 207 1553627209057 
512 699 211 1553627209066 
512 699 218 1553627209072 
512 699 225 1553627209079 
512 699 230 1553627209087 
512 699 239 1553627209095 
512 699 246 1553627209104 
512 699 252 1553627209111 
512 699 256 1553627209119 
512 699 260 1553627209128 
512 699 267 1553627209136 
512 699 270 1553627209144 
512 698 275 1553627209152 
512 696 282 1553627209160 
512 695 293 1553627209165 
512 695 303 1553627209176 
512 695 317 1553627209182 
512 695 331 1553627209190 
512 696 344 1553627209198 
512 696 359 1553627209205 
512 702 377 1553627209214 
512 708 392 1553627209222 
512 713 404 1553627209229 
512 714 413 1553627209238 
512 717 422 1553627209246 
512 722 432 1553627209252 
512 729 440 1553627209260 
512 736 447 1553627209268 
512 744 454 1553627209275 
512 750 458 1553627209284 
512 755 464 1553627209291 
512 762 471 1553627209299 
512 767 477 1553627209307 
512 771 482 1553627209315 
512 778 489 1553627209323 
512 781 494 1553627209331 
512 786 501 1553627209339 
512 790 507 1553627209345 
512 793 514 1553627209356 
512 795 524 1553627209362 
512 796 529 1553627209370 
512 797 536 1553627209377 
512 797 542 1553627209386 
512 797 546 1553627209393 
512 797 551 1553627209402 
512 797 554 1553627209409 
512 797 558 1553627209418 
512 797 561 1553627209425 
512 798 566 1553627209432 
512 798 571 1553627209442 
512 798 573 1553627209448 
512 798 577 1553627209456 
512 798 580 1553627209464 
512 798 584 1553627209473 
512 798 588 1553627209480 
512 798 593 1553627209489 
512 798 598 1553627209496 
512 799 606 1553627209504 
512 802 612 1553627209512 
512 806 621 1553627209521 
512 810 629 1553627209528 
512 814 638 1553627209534 
512 822 648 1553627209541 
512 828 653 1553627209550 
512 834 661 1553627209558 
512 842 666 1553627209566 
512 850 670 1553627209574 
512 859 673 1553627209582 
512 864 676 1553627209589 
512 867 677 1553627209598 
512 867 678 1553627209604 
512 866 677 1553627209762 
512 863 676 1553627209770 
512 860 674 1553627209778 
512 858 673 1553627209786 
512 855 671 1553627209793 
512 854 669 1553627209801 
512 852 668 1553627209807 
512 851 667 1553627209815 
512 851 666 1553627209823 
512 851 665 1553627209831 
512 850 664 1553627209838 
512 849 664 1553627209855 
512 849 662 1553627209958 
512 848 661 1553627209974 
512 847 659 1553627209981 
512 846 657 1553627209990 
512 845 654 1553627209995 
512 844 652 1553627210004 
512 843 650 1553627210012 
512 842 648 1553627210021 
512 839 646 1553627210027 
512 837 644 1553627210037 
512 835 641 1553627210043 
512 834 639 1553627210052 
512 834 638 1553627210066 
512 833 638 1553627210075 
513 833 638 1553627210185 
514 833 638 1553627210269 
512 830 636 1553627210412 
512 819 628 1553627210420 
512 768 598 1553627210447 
512 746 591 1553627210449 
512 724 583 1553627210457 
512 703 580 1553627210465 
512 694 577 1553627210473 
512 683 573 1553627210480 
512 677 570 1553627210489 
512 671 568 1553627210497 
512 667 565 1553627210504 
512 664 564 1553627210513 
512 663 562 1553627210521 
512 658 560 1553627210530 
512 654 554 1553627210537 
512 643 543 1553627210543 
512 631 528 1553627210552 
512 611 511 1553627210560 
512 584 495 1553627210568 
512 555 470 1553627210576 
512 519 451 1553627210584 
512 487 436 1553627210591 
512 462 417 1553627210600 
512 444 409 1553627210607 
512 426 399 1553627210616 
512 415 394 1553627210624 
512 413 389 1553627210630 
512 411 388 1553627210638 
512 409 386 1553627210647 
512 409 385 1553627210654 
512 408 384 1553627210662 
512 407 383 1553627210678 
512 406 382 1553627210694 
512 406 381 1553627210709 
512 406 380 1553627210718 
512 405 379 1553627210724 
512 404 378 1553627210732 
512 403 376 1553627210739 
512 401 372 1553627210748 
512 398 368 1553627210756 
512 396 364 1553627210764 
512 392 358 1553627210772 
512 390 356 1553627210780 
512 389 354 1553627210788 
512 389 353 1553627210792 
512 392 353 1553627210865 
512 400 356 1553627210874 
512 411 360 1553627210882 
512 425 362 1553627210888 
512 434 363 1553627210897 
512 440 364 1553627210903 
512 443 365 1553627210910 
512 444 365 1553627210919 
512 445 367 1553627211006 
512 449 369 1553627211014 
512 454 374 1553627211022 
512 459 379 1553627211029 
512 462 382 1553627211037 
512 468 385 1553627211045 
512 474 389 1553627211053 
512 476 389 1553627211061 
512 478 390 1553627211069 
512 479 391 1553627211077 
512 480 390 1553627211177 
512 480 389 1553627211186 
512 480 388 1553627211193 
512 480 387 1553627211201 
512 480 385 1553627211209 
512 480 384 1553627211217 
512 480 383 1553627211225 
512 480 382 1553627211233 
512 480 381 1553627211241 
512 480 380 1553627211247 
512 480 379 1553627211382 
512 479 379 1553627211397 
513 479 379 1553627211462 
514 479 379 1553627211537 
512 482 379 1553627211688 
512 484 379 1553627211696 
512 490 378 1553627211726 
512 492 378 1553627211733 
512 494 378 1553627211741 
512 501 378 1553627211749 
512 510 384 1553627211756 
512 519 386 1553627211765 
512 531 387 1553627211773 
512 545 388 1553627211781 
512 554 389 1553627211790 
512 565 389 1553627211797 
512 576 388 1553627211803 
512 589 386 1553627211811 
512 600 383 1553627211819 
512 608 378 1553627211827 
512 617 372 1553627211835 
512 626 365 1553627211843 
512 631 357 1553627211852 
512 639 347 1553627211859 
512 645 338 1553627211868 
512 650 328 1553627211876 
512 657 316 1553627211883 
512 663 307 1553627211891 
512 669 299 1553627211900 
512 676 293 1553627211906 
512 679 287 1553627211914 
512 682 283 1553627211922 
512 687 278 1553627211930 
512 692 273 1553627211938 
512 696 267 1553627211946 
512 699 264 1553627211954 
512 701 262 1553627211961 
512 704 259 1553627211970 
512 705 257 1553627211976 
512 708 253 1553627211986 
512 709 250 1553627211992 
512 709 246 1553627212000 
512 710 241 1553627212008 
512 710 236 1553627212016 
512 711 230 1553627212025 
512 711 228 1553627212032 
512 711 226 1553627212041 
512 711 225 1553627212048 
512 711 224 1553627212134 
512 711 223 1553627212142 
512 711 222 1553627212150 
512 711 221 1553627212181 
512 711 220 1553627212219 
512 710 218 1553627212235 
512 709 217 1553627212241 
512 708 215 1553627212252 
512 707 214 1553627212257 
512 705 212 1553627212266 
512 704 212 1553627212275 
512 703 210 1553627212291 
512 703 212 1553627212556 
512 704 218 1553627212564 
512 704 224 1553627212572 
512 705 227 1553627212579 
512 705 228 1553627212588 
512 705 224 1553627212728 
512 705 221 1553627212736 
512 702 219 1553627212744 
512 702 216 1553627212752 
512 701 214 1553627212759 
512 700 214 1553627212767 
512 700 213 1553627212775 
513 700 213 1553627212894 
514 700 213 1553627212971 
512 702 218 1553627213025 
512 704 226 1553627213033 
512 708 237 1553627213042 
512 712 247 1553627213050 
512 715 254 1553627213059 
512 720 266 1553627213066 
512 726 278 1553627213075 
512 734 297 1553627213079 
512 743 315 1553627213090 
512 752 333 1553627213095 
512 759 355 1553627213104 
512 768 375 1553627213112 
512 770 385 1553627213120 
512 773 394 1553627213127 
512 775 401 1553627213136 
512 777 408 1553627213143 
512 778 414 1553627213152 
512 779 420 1553627213160 
512 780 424 1553627213166 
512 780 428 1553627213176 
512 781 431 1553627213181 
512 782 435 1553627213190 
512 783 438 1553627213198 
512 784 439 1553627213206 
512 786 440 1553627213213 
512 788 440 1553627213222 
512 790 440 1553627213230 
512 792 440 1553627213238 
512 794 440 1553627213246 
512 798 438 1553627213254 
512 801 435 1553627213260 
512 805 432 1553627213267 
512 809 429 1553627213276 
512 812 427 1553627213284 
512 819 425 1553627213291 
512 825 420 1553627213298 
512 831 417 1553627213308 
512 839 414 1553627213315 
512 848 410 1553627213324 
512 855 407 1553627213331 
512 863 404 1553627213338 
512 870 401 1553627213345 
512 878 398 1553627213354 
512 884 395 1553627213361 
512 889 392 1553627213370 
512 897 389 1553627213377 
512 899 388 1553627213386 
512 904 386 1553627213393 
512 907 385 1553627213402 
512 910 383 1553627213410 
512 911 382 1553627213418 
512 912 380 1553627213425 
512 913 379 1553627213432 
512 914 378 1553627213442 
512 915 378 1553627213456 
512 918 378 1553627213463 
512 920 378 1553627213472 
512 921 378 1553627213480 
512 923 378 1553627213488 
512 926 378 1553627213495 
512 929 378 1553627213504 
512 932 378 1553627213511 
512 934 378 1553627213520 
513 934 378 1553627213802 
514 934 378 1553627213879 
512 933 379 1553627214037 
512 932 379 1553627214043 
512 922 379 1553627214052 
512 906 379 1553627214061 
512 891 378 1553627214067 
512 870 375 1553627214073 
512 843 375 1553627214084 
512 815 373 1553627214090 
512 782 372 1553627214098 
512 732 366 1553627214106 
512 692 366 1553627214114 
512 648 364 1553627214121 
512 607 364 1553627214130 
512 563 362 1553627214138 
512 513 369 1553627214146 
512 486 377 1553627214154 
512 463 388 1553627214162 
512 447 403 1553627214170 
512 436 416 1553627214176 
512 428 427 1553627214184 
512 424 441 1553627214194 
512 421 461 1553627214198 
512 420 479 1553627214208 
512 420 489 1553627214215 
512 422 504 1553627214223 
512 425 515 1553627214232 
512 429 521 1553627214241 
512 433 527 1553627214247 
512 437 530 1553627214256 
512 439 531 1553627214262 
512 443 532 1553627214270 
512 446 533 1553627214278 
512 448 533 1553627214287 
512 449 533 1553627214309 
512 449 534 1553627214342 
512 450 537 1553627214359 
512 451 541 1553627214364 
512 453 545 1553627214372 
512 455 550 1553627214380 
512 459 556 1553627214388 
512 463 565 1553627214396 
512 467 571 1553627214404 
512 472 576 1553627214413 
512 474 578 1553627214419 
512 479 582 1553627214427 
512 481 584 1553627214434 
512 483 586 1553627214443 
512 484 587 1553627214450 
512 484 588 1553627214459 
512 485 588 1553627214465 
512 485 590 1553627214475 
512 487 591 1553627214481 
512 487 594 1553627214491 
512 488 595 1553627214497 
512 490 598 1553627214505 
512 491 601 1553627214513 
512 493 602 1553627214521 
512 493 604 1553627214527 
512 495 607 1553627214535 
512 496 610 1553627214543 
512 496 612 1553627214553 
512 497 614 1553627214560 
512 499 616 1553627214569 
512 499 619 1553627214576 
512 503 623 1553627214585 
512 506 628 1553627214594 
512 510 633 1553627214600 
512 514 635 1553627214607 
512 520 638 1553627214614 
512 524 641 1553627214624 
512 528 643 1553627214630 
512 534 645 1553627214638 
512 541 646 1553627214646 
512 544 646 1553627214654 
512 546 646 1553627214662 
512 547 647 1553627214670 
512 547 646 1553627214874 
512 548 646 1553627214882 
512 548 645 1553627214890 
512 549 644 1553627214897 
512 550 643 1553627214912 
512 551 643 1553627214927 
512 552 643 1553627215030 
513 552 643 1553627215072 
514 552 643 1553627215163 
512 553 643 1553627215217 
512 555 643 1553627215234 
512 557 643 1553627215242 
512 561 634 1553627215273 
512 563 630 1553627215279 
512 567 625 1553627215288 
512 571 619 1553627215295 
512 576 613 1553627215304 
512 581 605 1553627215311 
512 585 596 1553627215320 
512 591 584 1553627215328 
512 597 572 1553627215336 
512 602 554 1553627215342 
512 606 540 1553627215351 
512 615 520 1553627215358 
512 618 502 1553627215366 
512 625 483 1553627215374 
512 631 468 1553627215381 
512 640 443 1553627215390 
512 647 433 1553627215398 
512 652 417 1553627215406 
512 655 406 1553627215414 
512 659 394 1553627215422 
512 665 384 1553627215430 
512 670 371 1553627215438 
512 672 363 1553627215444 
512 674 355 1553627215452 
512 675 350 1553627215461 
512 677 348 1553627215470 
512 678 347 1553627215477 
512 678 358 1553627215570 
512 677 373 1553627215578 
512 676 388 1553627215586 
512 677 404 1553627215593 
512 681 417 1553627215601 
512 685 436 1553627215610 
512 697 453 1553627215618 
512 704 470 1553627215624 
512 715 486 1553627215632 
512 727 501 1553627215640 
512 736 510 1553627215648 
512 742 516 1553627215655 
512 747 519 1553627215663 
512 748 521 1553627215672 
512 751 523 1553627215680 
512 754 523 1553627215688 
512 756 527 1553627215695 
512 759 528 1553627215704 
512 763 531 1553627215712 
512 766 532 1553627215718 
512 770 535 1553627215725 
512 773 537 1553627215734 
512 776 539 1553627215741 
512 779 541 1553627215749 
512 783 543 1553627215758 
512 784 546 1553627215766 
512 787 548 1553627215774 
512 788 551 1553627215782 
512 790 553 1553627215789 
512 791 556 1553627215797 
512 792 558 1553627215805 
512 794 559 1553627215810 
512 795 563 1553627215819 
512 796 564 1553627215827 
512 796 565 1553627215835 
512 796 567 1553627215843 
512 796 568 1553627215851 
512 797 569 1553627215860 
512 797 571 1553627215868 
512 797 573 1553627215877 
512 797 577 1553627215884 
512 797 580 1553627215890 
512 797 583 1553627215900 
512 798 584 1553627215906 
512 798 588 1553627215913 
512 798 591 1553627215922 
512 798 593 1553627215930 
512 798 595 1553627215938 
512 799 599 1553627215946 
512 799 602 1553627215954 
512 800 605 1553627215962 
512 800 607 1553627215970 
512 802 612 1553627215976 
512 803 614 1553627215986 
512 805 618 1553627215992 
512 807 625 1553627215998 
512 809 630 1553627216007 
512 814 634 1553627216015 
512 817 637 1553627216023 
512 821 640 1553627216031 
512 824 643 1553627216039 
512 827 644 1553627216048 
512 828 645 1553627216055 
512 829 646 1553627216064 
512 830 646 1553627216070 
512 831 647 1553627216078 
512 833 648 1553627216086 
512 834 648 1553627216095 
512 835 649 1553627216111 
512 836 649 1553627216142 
512 838 649 1553627216150 
512 839 649 1553627216164 
512 841 647 1553627216172 
512 842 647 1553627216180 
512 843 647 1553627216188 
512 843 646 1553627216198 
512 843 645 1553627216212 
513 843 645 1553627216348 
514 843 645 1553627216453 
512 842 645 1553627216501 
512 839 645 1553627216563 
512 828 636 1553627216572 
512 817 626 1553627216584 
512 795 616 1553627216587 
512 762 602 1553627216595 
512 733 588 1553627216603 
512 713 579 1553627216611 
512 695 571 1553627216619 
512 688 568 1553627216625 
512 683 564 1553627216633 
512 678 562 1553627216641 
512 677 559 1553627216649 
512 676 557 1553627216657 
512 675 554 1553627216666 
512 674 550 1553627216674 
512 674 545 1553627216682 
512 674 543 1553627216690 
512 674 540 1553627216698 
512 674 538 1553627216704 
512 676 537 1553627216711 
512 680 534 1553627216720 
512 682 532 1553627216728 
512 695 527 1553627216736 
512 710 525 1553627216746 
512 719 523 1553627216752 
512 730 522 1553627216760 
512 738 519 1553627216768 
512 747 512 1553627216776 
512 753 509 1553627216783 
512 759 506 1553627216792 
512 763 500 1553627216800 
512 766 496 1553627216806 
512 768 492 1553627216813 
512 771 486 1553627216822 
512 775 479 1553627216830 
512 779 473 1553627216838 
512 786 463 1553627216846 
512 796 458 1553627216854 
512 801 456 1553627216862 
512 810 454 1553627216870 
512 818 452 1553627216879 
512 826 451 1553627216884 
512 834 449 1553627216891 
512 841 447 1553627216900 
512 847 445 1553627216907 
512 855 444 1553627216915 
512 860 444 1553627216924 
512 861 442 1553627216931 
512 863 441 1553627216940 
512 865 438 1553627216948 
512 866 436 1553627216956 
512 868 434 1553627216964 
512 870 432 1553627216970 
512 874 432 1553627216980 
512 880 430 1553627216986 
512 888 429 1553627216996 
512 892 429 1553627217002 
512 899 428 1553627217010 
512 900 427 1553627217017 
512 902 424 1553627217025 
512 903 419 1553627217034 
512 902 416 1553627217042 
512 902 413 1553627217050 
512 904 414 1553627217292 
512 908 415 1553627217300 
512 909 415 1553627217308 
512 911 414 1553627217332 
512 915 413 1553627217340 
512 916 411 1553627217346 
512 918 410 1553627217363 
512 919 409 1553627217370 
512 921 408 1553627217378 
512 924 406 1553627217386 
512 930 405 1553627217394 
512 934 403 1553627217402 
512 937 401 1553627217410 
512 940 400 1553627217417 
512 940 398 1553627217423 
512 941 397 1553627217432 
512 941 396 1553627217439 
512 942 394 1553627217447 
512 942 392 1553627217455 
512 942 389 1553627217471 
512 942 388 1553627217479 
512 942 386 1553627217487 
512 941 384 1553627217496 
512 940 384 1553627217573 
512 940 382 1553627217581 
512 940 381 1553627217597 
512 939 380 1553627217606 
512 939 379 1553627217613 
512 938 379 1553627217706 
512 937 379 1553627217753 
513 937 379 1553627217896 
514 937 379 1553627217987 
512 936 379 1553627218035 
512 941 379 1553627218167 
512 947 379 1553627218176 
512 964 378 1553627218204 
512 966 377 1553627218207 
512 967 377 1553627218223 
512 965 378 1553627218310 
512 963 379 1553627218318 
512 962 380 1553627218326 
512 959 381 1553627218335 
512 958 382 1553627218342 
512 957 383 1553627218348 
512 955 383 1553627218356 
512 952 383 1553627218364 
512 950 383 1553627218372 
512 947 382 1553627218380 
512 945 382 1553627218388 
512 943 382 1553627218398 
512 942 382 1553627218403 
512 941 382 1553627218465 
512 941 381 1553627218481 
512 940 381 1553627218490 
512 939 380 1553627218576 
512 938 379 1553627218584 
512 936 378 1553627218592 
512 934 376 1553627218600 
512 932 375 1553627218607 
512 931 374 1553627218613 
512 929 373 1553627218623 
512 927 373 1553627218629 
512 927 372 1553627218645 
513 927 372 1553627218718 
514 927 372 1553627218801 
512 925 372 1553627218920 
512 921 374 1553627218929 
512 893 383 1553627218959 
512 886 384 1553627218967 
512 877 385 1553627218975 
512 866 386 1553627218980 
512 854 386 1553627218989 
512 843 388 1553627218997 
512 830 389 1553627219005 
512 819 392 1553627219012 
512 806 393 1553627219022 
512 795 395 1553627219030 
512 783 396 1553627219037 
512 772 398 1553627219045 
512 759 399 1553627219053 
512 745 399 1553627219061 
512 731 400 1553627219069 
512 713 400 1553627219075 
512 689 398 1553627219083 
512 671 395 1553627219091 
512 648 392 1553627219099 
512 634 387 1553627219107 
512 618 383 1553627219115 
512 600 381 1553627219123 
512 588 380 1553627219131 
512 578 377 1553627219139 
512 571 376 1553627219147 
512 567 376 1553627219156 
512 566 375 1553627219162 
512 565 374 1553627219194 
512 565 372 1553627219210 
512 564 371 1553627219218 
512 563 369 1553627219225 
512 561 367 1553627219233 
512 559 366 1553627219242 
512 558 366 1553627219256 
512 557 366 1553627219273 
512 556 366 1553627219280 
512 555 366 1553627219289 
512 554 368 1553627219295 
512 553 368 1553627219303 
512 550 371 1553627219311 
512 548 372 1553627219320 
512 545 372 1553627219328 
512 542 374 1553627219335 
512 539 374 1553627219342 
512 533 375 1553627219352 
512 529 376 1553627219358 
512 523 377 1553627219366 
512 519 378 1553627219374 
512 513 378 1553627219381 
512 508 378 1553627219390 
512 505 378 1553627219398 
512 503 378 1553627219406 
512 501 378 1553627219415 
512 498 378 1553627219422 
512 496 378 1553627219428 
512 493 378 1553627219437 
512 491 378 1553627219445 
512 490 378 1553627219450 
512 489 378 1553627219459 
512 488 378 1553627219467 
512 487 378 1553627219498 
512 486 378 1553627219537 
512 484 378 1553627219546 
512 481 378 1553627219553 
512 478 378 1553627219561 
512 473 378 1553627219569 
512 468 378 1553627219577 
512 464 378 1553627219585 
512 460 378 1553627219594 
512 459 378 1553627219599 
512 458 377 1553627219610 
513 458 377 1553627219714 
514 458 377 1553627219803 
512 460 377 1553627219898 
512 462 377 1553627219906 
512 463 377 1553627219915 
512 466 377 1553627219944 
512 466 376 1553627219946 
512 467 376 1553627219953 
513 467 376 1553627220048 
514 467 376 1553627220163 
512 469 376 1553627220266 
512 473 376 1553627220273 
512 481 376 1553627220287 
512 495 377 1553627220288 
512 516 381 1553627220297 
512 541 381 1553627220305 
512 559 384 1553627220312 
512 575 387 1553627220321 
512 584 387 1553627220330 
512 594 387 1553627220337 
512 597 387 1553627220345 
512 597 385 1553627220351 
512 598 383 1553627220359 
512 598 379 1553627220367 
512 598 374 1553627220376 
512 594 366 1553627220383 
512 585 359 1553627220392 
512 580 355 1553627220401 
512 577 355 1553627220408 
512 572 357 1553627220416 
512 569 365 1553627220424 
512 566 377 1553627220431 
512 566 390 1553627220438 
512 566 406 1553627220446 
512 567 423 1553627220453 
512 567 438 1553627220461 
512 571 452 1553627220470 
512 571 471 1553627220478 
512 577 495 1553627220486 
512 580 516 1553627220492 
512 585 532 1553627220501 
512 593 562 1553627220509 
512 603 605 1553627220517 
512 614 643 1553627220525 
512 624 666 1553627220531 
512 636 680 1553627220539 
512 644 688 1553627220547 
512 654 693 1553627220556 
512 659 698 1553627220564 
512 663 700 1553627220572 
512 665 700 1553627220580 
512 666 700 1553627220587 
512 666 698 1553627220625 
512 665 696 1553627220633 
512 664 691 1553627220641 
512 661 690 1553627220649 
512 659 687 1553627220658 
512 656 685 1553627220666 
512 651 683 1553627220674 
512 648 682 1553627220682 
512 642 681 1553627220690 
512 639 680 1553627220698 
512 635 680 1553627220704 
512 634 680 1553627220713 
512 632 680 1553627220719 
512 629 680 1553627220728 
512 627 680 1553627220736 
512 625 680 1553627220744 
512 622 680 1553627220751 
512 618 679 1553627220759 
512 610 677 1553627220768 
512 603 676 1553627220776 
512 597 674 1553627220781 
512 586 672 1553627220791 
512 579 671 1553627220799 
512 572 669 1553627220805 
512 569 666 1553627220815 
512 566 665 1553627220822 
512 564 664 1553627220829 
512 564 663 1553627220838 
512 564 662 1553627220870 
512 563 659 1553627220878 
512 563 658 1553627220892 
512 562 658 1553627220901 
512 562 657 1553627220907 
512 562 656 1553627220972 
512 562 655 1553627220986 
512 562 653 1553627220995 
512 562 651 1553627221001 
512 562 649 1553627221010 
512 562 647 1553627221017 
512 562 646 1553627221026 
512 562 643 1553627221034 
512 562 642 1553627221042 
512 561 642 1553627221104 
513 561 642 1553627221154 
514 561 642 1553627221260 
512 561 640 1553627221315 
512 565 638 1553627221324 
512 570 634 1553627221330 
512 573 629 1553627221342 
512 576 626 1553627221345 
512 580 621 1553627221353 
512 583 615 1553627221361 
512 590 609 1553627221369 
512 596 600 1553627221377 
512 605 591 1553627221385 
512 613 585 1553627221393 
512 621 581 1553627221401 
512 624 579 1553627221410 
512 628 578 1553627221417 
512 629 578 1553627221426 
512 630 578 1553627221432 
512 631 572 1553627221533 
512 633 559 1553627221542 
512 639 534 1553627221550 
512 647 506 1553627221558 
512 650 475 1553627221565 
512 655 444 1553627221575 
512 660 412 1553627221583 
512 664 376 1553627221590 
512 667 345 1553627221599 
512 671 319 1553627221604 
512 677 300 1553627221612 
512 683 270 1553627221619 
512 687 257 1553627221628 
512 694 241 1553627221635 
512 701 226 1553627221643 
512 704 214 1553627221652 
512 708 201 1553627221660 
512 713 193 1553627221668 
512 717 184 1553627221676 
512 720 177 1553627221683 
512 723 172 1553627221692 
512 724 168 1553627221699 
512 724 165 1553627221706 
512 725 161 1553627221714 
512 725 159 1553627221721 
512 725 156 1553627221730 
512 725 153 1553627221738 
512 726 150 1553627221746 
512 726 146 1553627221754 
512 726 142 1553627221763 
512 726 139 1553627221769 
512 726 134 1553627221778 
512 725 130 1553627221786 
512 725 128 1553627221795 
512 725 137 1553627221885 
512 725 148 1553627221894 
512 725 161 1553627221902 
512 725 172 1553627221909 
512 724 180 1553627221918 
512 723 187 1553627221926 
512 722 190 1553627221934 
512 722 192 1553627221942 
512 722 193 1553627221950 
512 721 196 1553627221958 
512 720 197 1553627221971 
512 719 197 1553627221988 
512 719 198 1553627221996 
512 718 199 1553627222004 
512 717 199 1553627222013 
512 715 200 1553627222019 
512 713 202 1553627222027 
512 711 205 1553627222035 
512 708 208 1553627222044 
512 706 210 1553627222050 
512 704 212 1553627222057 
512 701 213 1553627222065 
512 701 214 1553627222081 
512 700 214 1553627222090 
513 700 214 1553627222320 
514 700 214 1553627222395 
