512 697 207 1553627234261 
512 699 212 1553627234269 
512 700 215 1553627234277 
512 701 224 1553627234285 
512 702 231 1553627234292 
512 703 237 1553627234299 
512 704 242 1553627234309 
512 704 249 1553627234316 
512 704 254 1553627234324 
512 704 264 1553627234331 
512 704 272 1553627234339 
512 704 283 1553627234347 
512 704 294 1553627234355 
512 705 306 1553627234364 
512 705 320 1553627234371 
512 707 337 1553627234379 
512 711 345 1553627234387 
512 712 353 1553627234395 
512 719 358 1553627234400 
512 723 364 1553627234409 
512 725 368 1553627234417 
512 728 371 1553627234425 
512 729 374 1553627234434 
512 732 375 1553627234442 
512 733 378 1553627234450 
512 737 383 1553627234458 
512 741 388 1553627234465 
512 751 395 1553627234474 
512 766 405 1553627234482 
512 779 413 1553627234487 
512 789 421 1553627234494 
512 794 426 1553627234503 
512 800 434 1553627234510 
512 806 443 1553627234519 
512 808 453 1553627234527 
512 812 466 1553627234535 
512 814 480 1553627234543 
512 817 495 1553627234552 
512 819 510 1553627234560 
512 821 518 1553627234568 
512 821 529 1553627234577 
512 821 534 1553627234584 
512 821 537 1553627234590 
512 821 538 1553627234598 
512 821 539 1553627234606 
512 821 541 1553627234613 
512 821 543 1553627234622 
512 821 546 1553627234629 
512 821 549 1553627234638 
512 821 552 1553627234645 
512 821 555 1553627234653 
512 821 558 1553627234662 
512 821 563 1553627234670 
512 821 570 1553627234677 
512 821 575 1553627234684 
512 821 581 1553627234694 
512 821 586 1553627234700 
512 823 592 1553627234708 
512 823 598 1553627234715 
512 823 605 1553627234724 
512 824 613 1553627234731 
512 824 618 1553627234740 
512 825 623 1553627234747 
512 826 626 1553627234756 
512 827 629 1553627234762 
512 828 631 1553627234769 
512 829 633 1553627234777 
512 830 633 1553627234785 
512 830 634 1553627234794 
512 831 634 1553627234826 
512 833 634 1553627234843 
512 835 633 1553627234850 
512 837 632 1553627234856 
512 838 632 1553627234863 
512 839 631 1553627234872 
512 840 631 1553627234879 
512 840 632 1553627235013 
512 839 633 1553627235021 
512 839 634 1553627235028 
512 839 635 1553627235044 
512 839 636 1553627235060 
512 839 637 1553627235068 
512 838 637 1553627235084 
512 838 638 1553627235091 
512 838 640 1553627235107 
512 837 640 1553627235114 
512 837 641 1553627235123 
512 837 642 1553627235130 
512 837 644 1553627235138 
512 836 644 1553627235146 
512 836 645 1553627235153 
513 836 645 1553627235234 
514 836 645 1553627235325 
512 836 643 1553627235381 
512 835 641 1553627235387 
512 834 640 1553627235397 
512 832 638 1553627235420 
512 830 636 1553627235420 
512 827 633 1553627235427 
512 824 631 1553627235434 
512 821 628 1553627235443 
512 818 625 1553627235451 
512 813 622 1553627235459 
512 805 618 1553627235467 
512 796 612 1553627235476 
512 786 607 1553627235481 
512 776 601 1553627235489 
512 762 594 1553627235498 
512 744 586 1553627235508 
512 730 577 1553627235514 
512 718 564 1553627235522 
512 702 555 1553627235529 
512 689 548 1553627235538 
512 680 543 1553627235545 
512 673 540 1553627235553 
512 662 537 1553627235561 
512 655 535 1553627235568 
512 648 533 1553627235578 
512 641 532 1553627235584 
512 637 531 1553627235592 
512 632 530 1553627235600 
512 627 527 1553627235607 
512 621 525 1553627235615 
512 615 520 1553627235624 
512 611 516 1553627235632 
512 602 511 1553627235640 
512 589 498 1553627235647 
512 572 486 1553627235656 
512 556 476 1553627235664 
512 536 468 1553627235670 
512 523 463 1553627235678 
512 515 461 1553627235686 
512 513 460 1553627235694 
512 511 460 1553627235702 
512 511 459 1553627235750 
512 511 458 1553627235764 
512 509 456 1553627235772 
512 508 453 1553627235779 
512 508 451 1553627235787 
512 505 448 1553627235796 
512 504 446 1553627235804 
512 503 444 1553627235811 
512 502 441 1553627235820 
512 501 437 1553627235827 
512 500 434 1553627235835 
512 497 431 1553627235842 
512 492 423 1553627235850 
512 489 420 1553627235857 
512 487 414 1553627235865 
512 484 411 1553627235874 
512 482 410 1553627235890 
512 481 408 1553627235898 
512 480 407 1553627235906 
512 479 405 1553627235914 
512 478 405 1553627235922 
512 477 404 1553627235927 
512 476 404 1553627235937 
512 476 403 1553627235943 
512 476 402 1553627235991 
512 475 401 1553627236039 
512 475 400 1553627236054 
512 475 399 1553627236070 
512 475 398 1553627236077 
512 475 396 1553627236086 
512 475 393 1553627236095 
512 475 392 1553627236108 
512 475 391 1553627236116 
512 474 389 1553627236124 
512 474 387 1553627236132 
512 473 384 1553627236140 
512 473 382 1553627236147 
512 473 379 1553627236156 
512 473 376 1553627236163 
512 473 375 1553627236172 
512 473 374 1553627236179 
512 473 372 1553627236188 
512 473 371 1553627236195 
512 472 370 1553627236212 
512 472 369 1553627236218 
513 472 369 1553627236297 
514 472 369 1553627236384 
512 474 370 1553627236475 
512 475 371 1553627236483 
512 479 373 1553627236492 
512 487 376 1553627236504 
512 496 380 1553627236506 
512 507 384 1553627236515 
512 519 386 1553627236522 
512 535 389 1553627236531 
512 547 390 1553627236539 
512 559 390 1553627236547 
512 571 393 1553627236555 
512 578 393 1553627236563 
512 580 393 1553627236569 
512 581 392 1553627236580 
512 584 391 1553627236585 
512 586 391 1553627236594 
512 588 391 1553627236602 
512 593 389 1553627236611 
512 599 387 1553627236617 
512 607 385 1553627236626 
512 614 380 1553627236633 
512 623 376 1553627236642 
512 634 373 1553627236650 
512 645 366 1553627236655 
512 651 359 1553627236665 
512 657 349 1553627236672 
512 661 338 1553627236680 
512 662 325 1553627236688 
512 666 314 1553627236695 
512 668 304 1553627236704 
512 669 290 1553627236712 
512 669 279 1553627236720 
512 669 266 1553627236729 
512 669 254 1553627236736 
512 669 246 1553627236744 
512 669 239 1553627236749 
512 669 232 1553627236757 
512 669 229 1553627236766 
512 669 227 1553627236774 
512 669 225 1553627236782 
512 669 223 1553627236797 
512 669 222 1553627236838 
512 670 221 1553627236884 
512 671 221 1553627236891 
512 672 220 1553627236908 
512 673 220 1553627236916 
512 675 220 1553627236924 
512 676 220 1553627236930 
512 678 220 1553627236938 
512 682 220 1553627236945 
512 685 220 1553627236954 
512 689 220 1553627236961 
512 692 220 1553627236970 
512 696 220 1553627236979 
512 699 219 1553627236986 
512 701 219 1553627236992 
512 702 219 1553627237001 
512 703 219 1553627237009 
512 703 218 1553627237017 
512 704 218 1553627237023 
512 704 217 1553627237039 
512 705 217 1553627237048 
512 705 216 1553627237064 
512 705 215 1553627237080 
512 705 214 1553627237096 
512 706 213 1553627237112 
512 706 212 1553627237118 
512 706 211 1553627237134 
512 706 210 1553627237142 
512 706 209 1553627237275 
512 706 208 1553627237290 
512 705 208 1553627237338 
513 705 208 1553627237357 
514 705 208 1553627237423 
512 707 211 1553627237534 
512 713 220 1553627237541 
512 725 232 1553627237549 
512 739 242 1553627237557 
512 754 256 1553627237563 
512 769 268 1553627237571 
512 790 282 1553627237579 
512 813 298 1553627237587 
512 825 309 1553627237596 
512 837 318 1553627237604 
512 845 324 1553627237614 
512 851 329 1553627237619 
512 854 330 1553627237629 
512 854 331 1553627237636 
512 855 331 1553627237657 
512 858 333 1553627237674 
512 861 335 1553627237681 
512 872 341 1553627237690 
512 878 345 1553627237698 
512 883 348 1553627237706 
512 891 353 1553627237714 
512 898 361 1553627237722 
512 905 366 1553627237729 
512 912 370 1553627237736 
512 920 375 1553627237745 
512 926 378 1553627237752 
512 926 379 1553627237760 
512 927 379 1553627237767 
512 928 379 1553627237824 
512 928 376 1553627237832 
512 928 374 1553627237839 
512 928 373 1553627237846 
512 928 371 1553627237854 
512 929 369 1553627237863 
512 929 368 1553627237880 
512 930 368 1553627237895 
512 930 367 1553627237900 
513 930 367 1553627238084 
514 930 367 1553627238207 
512 929 367 1553627238372 
512 924 368 1553627238380 
512 916 368 1553627238391 
512 909 368 1553627238394 
512 902 368 1553627238401 
512 897 368 1553627238409 
512 887 365 1553627238416 
512 880 364 1553627238424 
512 875 364 1553627238433 
512 873 364 1553627238441 
512 872 366 1553627238449 
512 870 368 1553627238457 
512 866 372 1553627238465 
512 864 373 1553627238473 
512 862 375 1553627238480 
512 859 377 1553627238489 
512 856 379 1553627238495 
512 854 381 1553627238503 
512 852 382 1553627238511 
512 846 382 1553627238519 
512 842 382 1553627238527 
512 839 381 1553627238536 
512 832 380 1553627238544 
512 826 376 1553627238552 
512 819 372 1553627238559 
512 812 370 1553627238566 
512 807 368 1553627238574 
512 804 366 1553627238582 
512 806 366 1553627238630 
512 813 366 1553627238638 
512 826 366 1553627238647 
512 841 366 1553627238654 
512 860 368 1553627238660 
512 878 370 1553627238668 
512 897 370 1553627238676 
512 908 370 1553627238684 
512 915 370 1553627238692 
512 917 370 1553627238698 
512 918 370 1553627238762 
512 919 370 1553627238785 
512 920 371 1553627238793 
512 921 371 1553627238801 
512 922 372 1553627238809 
512 923 372 1553627238825 
512 924 373 1553627238847 
512 925 374 1553627238856 
512 927 374 1553627238864 
512 931 377 1553627238872 
512 938 380 1553627238880 
512 944 383 1553627238888 
512 955 387 1553627238896 
512 967 392 1553627238903 
512 975 395 1553627238912 
512 978 396 1553627238919 
512 979 396 1553627238925 
512 977 393 1553627238981 
512 972 389 1553627238990 
512 964 385 1553627238998 
512 956 380 1553627239005 
512 947 377 1553627239014 
512 940 376 1553627239022 
512 934 375 1553627239028 
512 930 375 1553627239035 
512 926 375 1553627239044 
512 924 375 1553627239052 
512 922 375 1553627239059 
512 921 375 1553627239067 
513 921 375 1553627239217 
514 921 375 1553627239333 
512 920 375 1553627239466 
512 919 375 1553627239476 
512 915 377 1553627239482 
512 888 381 1553627239512 
512 876 384 1553627239513 
512 862 387 1553627239521 
512 854 389 1553627239531 
512 847 391 1553627239538 
512 837 391 1553627239546 
512 828 391 1553627239554 
512 819 393 1553627239559 
512 805 394 1553627239567 
512 792 394 1553627239575 
512 774 394 1553627239584 
512 761 396 1553627239592 
512 750 401 1553627239599 
512 741 411 1553627239608 
512 732 422 1553627239616 
512 723 436 1553627239623 
512 714 462 1553627239631 
512 708 478 1553627239639 
512 697 506 1553627239646 
512 694 529 1553627239656 
512 691 543 1553627239662 
512 688 560 1553627239670 
512 688 576 1553627239678 
512 685 589 1553627239685 
512 685 603 1553627239693 
512 680 617 1553627239702 
512 678 629 1553627239710 
512 675 636 1553627239718 
512 672 645 1553627239726 
512 668 651 1553627239733 
512 665 657 1553627239739 
512 663 658 1553627239749 
512 662 659 1553627239756 
512 660 659 1553627239764 
512 657 659 1553627239772 
512 655 659 1553627239781 
512 650 659 1553627239787 
512 642 657 1553627239797 
512 634 655 1553627239804 
512 626 652 1553627239811 
512 616 649 1553627239820 
512 603 646 1553627239826 
512 589 642 1553627239835 
512 580 639 1553627239841 
512 562 634 1553627239849 
512 550 632 1553627239858 
512 543 630 1553627239865 
512 537 629 1553627239874 
512 535 628 1553627239882 
512 534 628 1553627240078 
512 534 629 1553627240094 
512 534 632 1553627240102 
512 534 635 1553627240108 
512 534 638 1553627240116 
512 534 640 1553627240124 
512 534 642 1553627240132 
512 535 643 1553627240140 
512 536 643 1553627240147 
512 537 644 1553627240156 
512 540 645 1553627240165 
512 541 645 1553627240181 
512 541 646 1553627240233 
512 545 647 1553627240240 
512 548 648 1553627240249 
512 553 650 1553627240257 
512 555 651 1553627240265 
512 556 651 1553627240273 
512 557 652 1553627240281 
512 556 652 1553627240462 
512 555 651 1553627240470 
512 555 650 1553627240476 
512 555 649 1553627240483 
512 554 647 1553627240492 
512 554 646 1553627240499 
512 553 645 1553627240508 
512 553 643 1553627240516 
512 553 642 1553627240524 
512 553 641 1553627240532 
512 553 639 1553627240540 
512 553 638 1553627240556 
513 553 638 1553627240620 
514 553 638 1553627240711 
512 552 638 1553627240749 
512 552 639 1553627240773 
512 553 640 1553627240781 
512 557 640 1553627240851 
512 566 638 1553627240860 
512 579 636 1553627240873 
512 596 631 1553627240875 
512 613 624 1553627240883 
512 636 615 1553627240891 
512 654 613 1553627240899 
512 678 607 1553627240907 
512 704 604 1553627240915 
512 730 599 1553627240922 
512 751 595 1553627240930 
512 760 592 1553627240937 
512 761 589 1553627240946 
512 764 585 1553627240953 
512 766 582 1553627240962 
512 766 579 1553627240970 
512 766 577 1553627240977 
512 766 575 1553627240986 
512 766 578 1553627241031 
512 766 588 1553627241040 
512 768 601 1553627241048 
512 770 614 1553627241056 
512 773 627 1553627241065 
512 780 635 1553627241072 
512 787 641 1553627241080 
512 793 645 1553627241088 
512 802 649 1553627241095 
512 809 650 1553627241104 
512 815 650 1553627241110 
512 818 650 1553627241117 
512 819 650 1553627241125 
512 819 649 1553627241134 
512 819 648 1553627241149 
512 820 648 1553627241212 
512 820 650 1553627241228 
512 822 652 1553627241235 
512 822 654 1553627241244 
512 824 654 1553627241252 
512 824 655 1553627241260 
512 825 655 1553627241267 
512 826 655 1553627241298 
512 827 655 1553627241306 
512 827 654 1553627241321 
512 827 653 1553627241329 
512 828 651 1553627241338 
512 828 650 1553627241354 
512 828 649 1553627241369 
512 829 648 1553627241378 
512 830 647 1553627241392 
512 831 647 1553627241400 
512 832 646 1553627241408 
512 833 645 1553627241432 
512 833 644 1553627241440 
512 834 644 1553627241449 
512 835 644 1553627241456 
512 837 644 1553627241464 
512 840 642 1553627241471 
512 841 641 1553627241478 
512 842 641 1553627241486 
512 842 640 1553627241494 
513 842 640 1553627241621 
514 842 640 1553627241705 
512 835 636 1553627241832 
512 822 628 1553627241843 
512 806 618 1553627241845 
512 785 608 1553627241854 
512 767 598 1553627241862 
512 749 590 1553627241869 
512 725 576 1553627241878 
512 704 563 1553627241886 
512 692 554 1553627241894 
512 683 540 1553627241902 
512 673 530 1553627241909 
512 666 520 1553627241917 
512 656 509 1553627241924 
512 649 500 1553627241932 
512 642 493 1553627241939 
512 634 487 1553627241948 
512 624 482 1553627241956 
512 615 475 1553627241964 
512 605 471 1553627241972 
512 598 466 1553627241980 
512 592 463 1553627241987 
512 590 462 1553627241996 
512 597 462 1553627242066 
512 610 463 1553627242074 
512 632 463 1553627242082 
512 671 467 1553627242090 
512 697 470 1553627242100 
512 722 470 1553627242103 
512 757 469 1553627242112 
512 777 469 1553627242119 
512 798 465 1553627242128 
512 810 463 1553627242135 
512 818 461 1553627242144 
512 825 457 1553627242151 
512 829 453 1553627242160 
512 830 451 1553627242167 
512 833 447 1553627242176 
512 837 442 1553627242183 
512 841 440 1553627242190 
512 847 436 1553627242200 
512 853 433 1553627242206 
512 864 430 1553627242214 
512 876 427 1553627242221 
512 888 427 1553627242230 
512 898 425 1553627242237 
512 915 423 1553627242246 
512 924 422 1553627242253 
512 932 420 1553627242262 
512 937 419 1553627242270 
512 939 417 1553627242278 
512 940 416 1553627242284 
512 942 413 1553627242292 
512 944 410 1553627242300 
512 945 406 1553627242308 
512 945 404 1553627242315 
512 945 399 1553627242324 
512 945 395 1553627242334 
512 945 394 1553627242339 
512 945 392 1553627242347 
512 946 392 1553627242355 
512 946 391 1553627242363 
512 946 390 1553627242393 
512 946 389 1553627242434 
512 946 388 1553627242550 
512 943 387 1553627242559 
512 942 386 1553627242565 
512 941 385 1553627242573 
512 940 385 1553627242590 
512 939 385 1553627242606 
512 939 384 1553627242629 
512 938 384 1553627242638 
512 938 383 1553627242646 
512 937 382 1553627242660 
512 936 382 1553627242667 
512 935 380 1553627242676 
512 934 380 1553627242683 
512 932 380 1553627242693 
512 930 378 1553627242698 
512 928 377 1553627242707 
512 927 376 1553627242723 
512 926 376 1553627242745 
512 925 376 1553627242840 
512 925 375 1553627242856 
513 925 375 1553627242898 
514 925 375 1553627242975 
512 924 375 1553627243052 
512 919 373 1553627243060 
512 912 372 1553627243072 
512 901 369 1553627243075 
512 898 369 1553627243084 
512 895 369 1553627243092 
512 893 370 1553627243101 
512 891 372 1553627243105 
512 890 376 1553627243114 
512 889 381 1553627243121 
512 888 389 1553627243128 
512 887 395 1553627243137 
512 886 403 1553627243147 
512 886 407 1553627243153 
512 886 410 1553627243162 
512 886 411 1553627243171 
512 887 411 1553627243177 
512 887 412 1553627243183 
512 888 412 1553627243201 
512 889 411 1553627243217 
512 891 409 1553627243224 
512 891 403 1553627243232 
512 892 398 1553627243240 
512 893 391 1553627243247 
512 893 385 1553627243255 
512 889 376 1553627243264 
512 882 368 1553627243272 
512 875 363 1553627243280 
512 869 361 1553627243285 
512 865 359 1553627243293 
512 856 359 1553627243301 
512 842 359 1553627243309 
512 830 359 1553627243318 
512 814 359 1553627243326 
512 792 360 1553627243335 
512 765 364 1553627243342 
512 740 367 1553627243350 
512 713 372 1553627243358 
512 690 376 1553627243367 
512 661 381 1553627243372 
512 632 384 1553627243380 
512 609 389 1553627243388 
512 591 391 1553627243397 
512 572 395 1553627243403 
512 557 398 1553627243412 
512 545 399 1553627243420 
512 536 400 1553627243428 
512 527 402 1553627243436 
512 522 402 1553627243444 
512 519 403 1553627243451 
512 516 403 1553627243459 
512 514 404 1553627243468 
512 511 405 1553627243474 
512 509 405 1553627243491 
512 508 405 1553627243509 
512 506 405 1553627243514 
512 503 405 1553627243522 
512 502 405 1553627243530 
512 499 404 1553627243538 
512 498 404 1553627243546 
512 498 403 1553627243552 
512 498 402 1553627243624 
512 498 400 1553627243640 
512 498 397 1553627243648 
512 498 396 1553627243653 
512 498 394 1553627243670 
512 498 393 1553627243678 
512 496 391 1553627243685 
512 492 390 1553627243694 
512 489 387 1553627243702 
512 486 386 1553627243710 
512 478 386 1553627243717 
512 470 385 1553627243726 
512 459 385 1553627243731 
512 454 385 1553627243742 
512 448 385 1553627243748 
512 447 385 1553627243756 
512 445 385 1553627243764 
512 444 385 1553627243772 
512 445 385 1553627243882 
512 447 385 1553627243906 
512 449 385 1553627243914 
512 452 385 1553627243919 
512 455 385 1553627243928 
512 461 385 1553627243936 
512 465 385 1553627243943 
512 469 385 1553627243951 
512 476 385 1553627243960 
512 479 385 1553627243968 
512 480 385 1553627243975 
512 481 385 1553627243984 
513 481 385 1553627244165 
514 481 385 1553627244279 
512 481 384 1553627244360 
512 481 382 1553627244368 
512 481 381 1553627244390 
512 481 380 1553627244406 
512 481 378 1553627244434 
512 480 378 1553627244437 
512 480 377 1553627244461 
512 479 377 1553627244562 
512 478 375 1553627244569 
512 477 375 1553627244578 
512 476 375 1553627244601 
513 476 375 1553627244650 
514 476 375 1553627244735 
512 488 378 1553627244844 
512 499 384 1553627244856 
512 518 392 1553627244858 
512 541 403 1553627244867 
512 561 412 1553627244875 
512 582 416 1553627244884 
512 592 420 1553627244891 
512 602 424 1553627244898 
512 605 424 1553627244907 
512 607 424 1553627244915 
512 607 425 1553627244921 
512 607 429 1553627244994 
512 611 441 1553627245001 
512 611 449 1553627245010 
512 611 464 1553627245015 
512 611 475 1553627245022 
512 611 487 1553627245031 
512 611 501 1553627245039 
512 609 515 1553627245047 
512 607 530 1553627245055 
512 606 540 1553627245063 
512 606 550 1553627245071 
512 604 562 1553627245078 
512 602 575 1553627245087 
512 599 587 1553627245095 
512 598 604 1553627245100 
512 597 624 1553627245108 
512 597 640 1553627245117 
512 596 657 1553627245125 
512 596 668 1553627245134 
512 596 677 1553627245141 
512 596 683 1553627245150 
512 596 687 1553627245158 
512 595 690 1553627245166 
512 595 691 1553627245173 
512 594 691 1553627245182 
512 593 691 1553627245188 
512 591 691 1553627245198 
512 589 691 1553627245204 
512 584 691 1553627245211 
512 580 687 1553627245220 
512 578 685 1553627245231 
512 573 683 1553627245235 
512 570 679 1553627245244 
512 569 677 1553627245251 
512 568 676 1553627245260 
512 567 674 1553627245267 
512 566 672 1553627245276 
512 566 671 1553627245282 
512 566 669 1553627245289 
512 566 668 1553627245306 
512 566 667 1553627245330 
512 566 665 1553627245354 
512 566 663 1553627245376 
512 566 662 1553627245386 
512 566 661 1553627245400 
512 566 660 1553627245416 
512 565 660 1553627245424 
512 564 659 1553627245440 
512 564 658 1553627245447 
512 564 657 1553627245456 
512 562 656 1553627245462 
512 562 654 1553627245472 
512 561 653 1553627245478 
512 559 651 1553627245485 
512 558 648 1553627245494 
512 556 647 1553627245502 
512 556 646 1553627245510 
512 555 645 1553627245520 
513 555 645 1553627245606 
514 555 645 1553627245720 
512 555 644 1553627245829 
512 558 639 1553627245838 
512 577 619 1553627245864 
512 583 611 1553627245869 
512 587 600 1553627245877 
512 591 589 1553627245884 
512 597 578 1553627245893 
512 601 572 1553627245902 
512 604 570 1553627245909 
512 606 565 1553627245915 
512 608 564 1553627245925 
512 611 561 1553627245931 
512 617 559 1553627245939 
512 625 556 1553627245947 
512 636 553 1553627245955 
512 646 551 1553627245964 
512 658 548 1553627245971 
512 667 545 1553627245980 
512 681 540 1553627245988 
512 695 535 1553627245996 
512 705 531 1553627246003 
512 714 523 1553627246012 
512 722 515 1553627246020 
512 727 509 1553627246026 
512 732 501 1553627246034 
512 737 491 1553627246042 
512 741 480 1553627246050 
512 744 463 1553627246058 
512 748 447 1553627246066 
512 750 432 1553627246074 
512 754 420 1553627246082 
512 756 406 1553627246089 
512 757 395 1553627246098 
512 757 384 1553627246104 
512 757 373 1553627246112 
512 758 366 1553627246119 
512 758 360 1553627246128 
512 757 357 1553627246136 
512 757 355 1553627246144 
512 756 354 1553627246152 
512 755 353 1553627246160 
512 755 352 1553627246176 
512 754 351 1553627246184 
512 751 348 1553627246189 
512 748 346 1553627246198 
512 743 343 1553627246205 
512 735 340 1553627246213 
512 729 336 1553627246221 
512 725 334 1553627246230 
512 720 331 1553627246238 
512 714 329 1553627246246 
512 712 327 1553627246254 
512 710 325 1553627246262 
512 710 324 1553627246269 
512 708 323 1553627246278 
512 708 321 1553627246284 
512 708 319 1553627246291 
512 707 318 1553627246299 
512 707 317 1553627246307 
512 707 313 1553627246315 
512 707 311 1553627246324 
512 707 308 1553627246332 
512 707 305 1553627246339 
512 707 303 1553627246348 
512 707 297 1553627246355 
512 707 293 1553627246364 
512 708 284 1553627246370 
512 709 277 1553627246380 
512 709 271 1553627246386 
512 709 267 1553627246394 
512 709 263 1553627246402 
512 709 260 1553627246409 
512 709 255 1553627246418 
512 709 251 1553627246425 
512 710 246 1553627246434 
512 710 244 1553627246442 
512 710 242 1553627246449 
512 710 240 1553627246454 
512 710 237 1553627246466 
512 710 233 1553627246471 
512 710 232 1553627246479 
512 710 229 1553627246488 
512 710 228 1553627246496 
512 710 227 1553627246504 
512 710 226 1553627246512 
512 710 225 1553627246520 
512 709 224 1553627246528 
512 709 223 1553627246543 
512 708 221 1553627246557 
512 707 221 1553627246582 
512 707 220 1553627246590 
512 706 220 1553627246655 
512 705 220 1553627246746 
512 704 217 1553627246754 
512 702 215 1553627246762 
512 701 212 1553627246769 
512 700 211 1553627246778 
512 699 209 1553627246787 
512 698 207 1553627246794 
512 697 206 1553627246804 
512 697 204 1553627246810 
513 697 204 1553627246890 
514 697 204 1553627246981 
