512 664 286 1551307808347 
512 695 338 1551307808364 
512 729 385 1551307808380 
512 754 419 1551307808393 
512 774 453 1551307808413 
512 790 483 1551307808430 
512 818 526 1551307808447 
512 835 548 1551307808464 
512 847 563 1551307808480 
512 852 570 1551307808494 
512 853 570 1551307808513 
512 853 571 1551307808547 
512 850 573 1551307808580 
512 849 574 1551307808593 
512 844 579 1551307808615 
512 840 583 1551307808631 
512 838 586 1551307808648 
512 838 588 1551307808664 
512 838 591 1551307808681 
512 839 594 1551307808694 
512 841 607 1551307808714 
512 841 619 1551307808731 
512 842 629 1551307808747 
512 844 638 1551307808763 
512 846 642 1551307808781 
512 847 643 1551307808793 
512 849 646 1551307808814 
512 850 647 1551307808831 
512 850 649 1551307808847 
512 850 650 1551307808880 
512 849 650 1551307808897 
512 846 652 1551307808914 
512 844 654 1551307808930 
512 843 654 1551307808948 
512 843 655 1551307808964 
512 842 655 1551307808998 
512 842 654 1551307809015 
512 841 654 1551307809032 
512 840 654 1551307809082 
512 838 653 1551307809095 
512 838 653 1551307809115 
512 837 652 1551307809131 
512 837 650 1551307809148 
512 837 650 1551307809165 
513 837 650 1551307809295 
514 837 650 1551307809466 
512 835 648 1551307809666 
512 834 646 1551307809678 
512 833 639 1551307809699 
512 831 627 1551307809715 
512 826 606 1551307809733 
512 818 580 1551307809749 
512 794 550 1551307809766 
512 784 537 1551307809779 
512 729 498 1551307809799 
512 679 475 1551307809815 
512 633 459 1551307809831 
512 604 447 1551307809848 
512 589 442 1551307809865 
512 576 439 1551307809878 
512 566 436 1551307809898 
512 564 436 1551307809915 
512 561 434 1551307809931 
512 558 434 1551307809948 
512 555 434 1551307809965 
512 551 432 1551307809978 
512 548 431 1551307809999 
512 543 428 1551307810011 
512 532 422 1551307810032 
512 522 411 1551307810049 
512 511 401 1551307810064 
512 495 390 1551307810081 
512 482 382 1551307810095 
512 466 378 1551307810114 
512 466 378 1551307810131 
512 466 377 1551307810315 
512 467 376 1551307810332 
512 468 376 1551307810345 
512 470 374 1551307810365 
513 470 374 1551307810395 
514 470 374 1551307810577 
512 470 374 1551307810750 
512 472 372 1551307810932 
512 486 356 1551307810949 
512 518 326 1551307810965 
512 534 311 1551307810979 
512 586 256 1551307811000 
512 616 221 1551307811016 
512 662 164 1551307811033 
512 690 152 1551307811049 
512 708 141 1551307811066 
512 714 136 1551307811078 
512 717 133 1551307811099 
512 718 131 1551307811116 
512 716 138 1551307811200 
512 715 142 1551307811217 
512 717 146 1551307811233 
512 717 149 1551307811250 
512 717 151 1551307811266 
512 715 154 1551307811279 
512 714 157 1551307811300 
512 712 159 1551307811317 
512 706 162 1551307811333 
512 702 166 1551307811350 
512 698 170 1551307811366 
512 698 171 1551307811379 
512 697 174 1551307811400 
512 697 174 1551307811434 
512 697 176 1551307811450 
512 693 178 1551307811467 
512 690 185 1551307811479 
512 686 198 1551307811500 
512 687 202 1551307811517 
512 688 203 1551307811533 
512 692 206 1551307811550 
512 693 206 1551307811566 
512 694 206 1551307811599 
512 694 207 1551307811616 
512 694 207 1551307811667 
513 694 207 1551307811820 
514 694 207 1551307812013 
512 695 207 1551307812317 
512 694 210 1551307812451 
512 695 216 1551307812464 
512 714 244 1551307812485 
512 741 270 1551307812501 
512 796 305 1551307812516 
512 822 317 1551307812534 
512 842 327 1551307812551 
512 848 330 1551307812563 
512 858 335 1551307812583 
512 862 337 1551307812600 
512 864 341 1551307812616 
512 866 343 1551307812634 
512 869 344 1551307812650 
512 870 345 1551307812663 
512 874 344 1551307812684 
512 876 344 1551307812700 
512 879 345 1551307812717 
512 882 346 1551307812734 
512 888 350 1551307812750 
512 894 354 1551307812764 
512 899 358 1551307812784 
512 901 359 1551307812800 
512 903 362 1551307812817 
512 906 363 1551307812834 
512 909 365 1551307812850 
512 910 367 1551307812863 
512 915 370 1551307812883 
512 918 370 1551307812902 
512 921 372 1551307812918 
512 923 374 1551307812934 
512 926 375 1551307812951 
512 929 376 1551307812968 
512 930 376 1551307812984 
513 930 376 1551307813129 
514 930 376 1551307813290 
512 922 376 1551307813567 
512 908 378 1551307813584 
512 898 383 1551307813597 
512 835 403 1551307813617 
512 757 429 1551307813634 
512 656 464 1551307813650 
512 582 506 1551307813667 
512 541 533 1551307813684 
512 524 549 1551307813698 
512 515 570 1551307813717 
512 515 582 1551307813734 
512 516 595 1551307813750 
512 516 607 1551307813767 
512 517 620 1551307813783 
512 518 630 1551307813797 
512 519 635 1551307813817 
512 520 639 1551307813834 
512 522 646 1551307813851 
512 528 654 1551307813868 
512 536 661 1551307813884 
512 541 666 1551307813898 
512 550 669 1551307813918 
512 555 670 1551307813935 
512 559 670 1551307813952 
512 562 670 1551307813968 
512 564 670 1551307813985 
512 564 670 1551307814001 
512 565 667 1551307814017 
512 566 660 1551307814034 
512 568 657 1551307814051 
512 567 654 1551307814067 
512 568 652 1551307814084 
512 566 650 1551307814097 
512 565 649 1551307814118 
512 563 646 1551307814135 
512 562 646 1551307814152 
513 562 646 1551307814329 
514 562 646 1551307814489 
512 562 644 1551307814682 
512 561 630 1551307814702 
512 559 619 1551307814718 
512 558 610 1551307814736 
512 557 607 1551307814752 
512 557 605 1551307814769 
512 557 604 1551307814801 
512 568 602 1551307814818 
512 642 610 1551307814834 
512 738 619 1551307814851 
512 779 622 1551307814865 
512 845 630 1551307814886 
512 853 630 1551307814902 
512 855 630 1551307814919 
512 858 631 1551307814935 
512 860 634 1551307814952 
512 862 635 1551307814965 
512 863 635 1551307814985 
512 864 635 1551307815019 
512 882 634 1551307815053 
512 894 635 1551307815069 
512 897 634 1551307815081 
512 898 634 1551307815101 
512 894 635 1551307815165 
512 879 639 1551307815185 
512 870 642 1551307815201 
512 867 643 1551307815219 
512 862 643 1551307815235 
512 860 645 1551307815253 
512 858 644 1551307815265 
512 854 645 1551307815286 
512 853 646 1551307815303 
512 852 646 1551307815319 
512 850 645 1551307815336 
512 848 644 1551307815352 
512 847 645 1551307815485 
512 846 645 1551307815498 
513 846 645 1551307815593 
514 846 645 1551307815773 
512 845 643 1551307815836 
512 844 643 1551307815852 
512 843 642 1551307815936 
512 841 641 1551307815953 
512 833 631 1551307815969 
512 822 618 1551307815986 
512 808 599 1551307815998 
512 796 583 1551307816020 
512 786 570 1551307816036 
512 779 554 1551307816052 
512 778 542 1551307816069 
512 778 526 1551307816085 
512 783 503 1551307816098 
512 793 474 1551307816119 
512 806 447 1551307816136 
512 826 422 1551307816152 
512 835 413 1551307816169 
512 846 402 1551307816186 
512 857 391 1551307816203 
512 875 380 1551307816219 
512 898 367 1551307816236 
512 917 359 1551307816249 
512 923 358 1551307816269 
512 925 358 1551307816286 
512 922 360 1551307816420 
512 920 362 1551307816437 
512 916 365 1551307816453 
512 913 371 1551307816470 
512 910 376 1551307816486 
512 912 376 1551307816520 
512 913 376 1551307816536 
512 914 375 1551307816870 
512 916 374 1551307816883 
512 919 374 1551307816904 
512 922 375 1551307816920 
512 924 375 1551307816937 
512 926 375 1551307816954 
512 927 375 1551307816970 
513 927 375 1551307817107 
512 928 375 1551307817120 
514 928 375 1551307817301 
512 886 382 1551307817538 
512 827 389 1551307817554 
512 797 392 1551307817567 
512 685 382 1551307817588 
512 615 377 1551307817604 
512 585 374 1551307817620 
512 573 374 1551307817637 
512 570 374 1551307817655 
512 562 374 1551307817667 
512 546 376 1551307817688 
512 535 378 1551307817704 
512 531 378 1551307817721 
512 530 379 1551307817738 
512 528 381 1551307817754 
512 527 381 1551307817767 
512 522 383 1551307817788 
512 506 384 1551307817805 
512 494 385 1551307817821 
512 486 385 1551307817837 
512 485 384 1551307817854 
512 484 384 1551307817867 
512 482 382 1551307817887 
512 482 382 1551307817904 
512 481 380 1551307817920 
512 480 379 1551307817937 
512 478 378 1551307817954 
512 478 378 1551307817970 
513 478 378 1551307818153 
514 478 378 1551307818306 
512 478 377 1551307818455 
512 482 376 1551307818468 
512 490 374 1551307818488 
512 508 367 1551307818505 
512 518 366 1551307818521 
512 527 365 1551307818538 
512 533 363 1551307818555 
512 534 362 1551307818568 
512 539 364 1551307818588 
512 545 374 1551307818605 
512 556 394 1551307818621 
512 570 430 1551307818638 
512 577 476 1551307818655 
512 575 488 1551307818668 
512 556 542 1551307818688 
512 544 583 1551307818705 
512 539 609 1551307818722 
512 539 629 1551307818738 
512 541 642 1551307818755 
512 540 643 1551307818771 
512 540 645 1551307818888 
512 540 648 1551307818906 
512 542 650 1551307818923 
512 544 651 1551307818940 
512 546 652 1551307818956 
512 550 651 1551307818968 
512 567 646 1551307818989 
512 573 644 1551307819006 
512 574 643 1551307819022 
512 573 643 1551307819202 
512 570 644 1551307819223 
512 567 644 1551307819239 
512 566 644 1551307819256 
512 565 645 1551307819272 
512 564 645 1551307819289 
512 563 645 1551307819301 
512 562 645 1551307819322 
512 561 646 1551307819339 
513 561 646 1551307819485 
514 561 646 1551307819636 
512 560 645 1551307819756 
512 559 643 1551307819773 
512 560 638 1551307819789 
512 562 631 1551307819805 
512 564 626 1551307819818 
512 571 618 1551307819838 
512 578 608 1551307819855 
512 591 587 1551307819871 
512 622 554 1551307819889 
512 669 510 1551307819905 
512 708 458 1551307819922 
512 742 409 1551307819939 
512 768 364 1551307819955 
512 776 325 1551307819972 
512 775 310 1551307819989 
512 774 301 1551307820005 
512 770 290 1551307820021 
512 767 278 1551307820039 
512 764 258 1551307820061 
512 757 232 1551307820088 
512 750 226 1551307820102 
512 743 220 1551307820121 
512 739 215 1551307820139 
512 735 214 1551307820156 
512 732 213 1551307820172 
512 730 212 1551307820186 
512 726 210 1551307820207 
512 724 212 1551307820224 
512 722 214 1551307820241 
512 720 217 1551307820257 
512 719 219 1551307820274 
512 719 221 1551307820290 
512 718 223 1551307820303 
512 718 225 1551307820325 
512 718 226 1551307820357 
512 715 225 1551307820424 
512 713 223 1551307820441 
512 711 220 1551307820457 
512 710 217 1551307820474 
512 707 215 1551307820490 
512 706 214 1551307820503 
512 706 214 1551307820603 
512 705 214 1551307820623 
512 704 214 1551307820640 
512 703 214 1551307820686 
513 703 214 1551307820727 
514 703 214 1551307820897 
