512 707 214 1551363298730 
512 715 235 1551363298747 
512 726 261 1551363298764 
512 746 315 1551363298779 
512 753 363 1551363298796 
512 758 384 1551363298808 
512 772 418 1551363298829 
512 784 431 1551363298845 
512 794 438 1551363298862 
512 804 441 1551363298878 
512 806 442 1551363298895 
512 805 445 1551363298929 
512 798 458 1551363298945 
512 791 470 1551363298963 
512 784 486 1551363298978 
512 782 503 1551363298995 
512 794 526 1551363299008 
512 802 537 1551363299043 
512 840 588 1551363299062 
512 838 599 1551363299078 
512 828 614 1551363299095 
512 824 618 1551363299111 
512 822 624 1551363299129 
512 821 625 1551363299145 
512 821 626 1551363299158 
512 820 627 1551363299229 
512 819 630 1551363299245 
512 820 633 1551363299258 
512 819 637 1551363299280 
512 822 638 1551363299296 
512 822 639 1551363299313 
512 824 639 1551363299329 
512 825 639 1551363299379 
512 826 639 1551363299395 
512 826 639 1551363299412 
512 829 640 1551363299429 
512 830 640 1551363299446 
512 830 640 1551363299459 
512 831 640 1551363299479 
512 832 640 1551363299496 
512 833 641 1551363299595 
512 834 642 1551363299612 
512 835 642 1551363299629 
512 838 643 1551363299645 
512 840 644 1551363299662 
512 842 644 1551363299675 
512 843 644 1551363299696 
512 844 644 1551363299713 
513 844 644 1551363299841 
514 844 644 1551363300044 
512 844 643 1551363300096 
512 844 642 1551363300114 
512 842 641 1551363300180 
512 842 639 1551363300197 
512 840 636 1551363300214 
512 829 626 1551363300230 
512 821 622 1551363300243 
512 791 606 1551363300264 
512 776 598 1551363300280 
512 766 592 1551363300297 
512 757 585 1551363300314 
512 734 573 1551363300331 
512 721 563 1551363300342 
512 622 504 1551363300364 
512 530 454 1551363300380 
512 466 414 1551363300397 
512 430 385 1551363300414 
512 419 367 1551363300430 
512 420 347 1551363300447 
512 424 342 1551363300459 
512 435 328 1551363300481 
512 438 326 1551363300497 
512 438 324 1551363300514 
512 439 324 1551363300643 
512 442 325 1551363300664 
512 445 331 1551363300680 
512 448 339 1551363300698 
512 449 346 1551363300714 
512 451 352 1551363300731 
512 452 354 1551363300743 
512 456 360 1551363300764 
512 458 363 1551363300781 
512 462 366 1551363300797 
512 463 370 1551363300813 
512 466 371 1551363300830 
512 468 372 1551363300843 
512 471 374 1551363300863 
512 472 374 1551363300879 
512 472 374 1551363300998 
512 474 374 1551363301015 
513 474 374 1551363301093 
512 474 374 1551363301285 
514 474 374 1551363301285 
512 474 374 1551363301314 
512 476 373 1551363301514 
512 493 363 1551363301531 
512 510 350 1551363301548 
512 526 339 1551363301564 
512 538 330 1551363301576 
512 558 315 1551363301598 
512 570 305 1551363301614 
512 583 291 1551363301630 
512 597 281 1551363301647 
512 610 270 1551363301664 
512 619 260 1551363301677 
512 626 248 1551363301698 
512 629 243 1551363301714 
512 632 236 1551363301731 
512 638 230 1551363301747 
512 642 224 1551363301764 
512 650 218 1551363301776 
512 663 211 1551363301814 
512 664 210 1551363301827 
512 665 208 1551363301847 
512 666 206 1551363301863 
512 666 206 1551363301880 
512 668 205 1551363301897 
512 670 204 1551363301913 
512 671 204 1551363301930 
512 672 203 1551363301944 
512 674 202 1551363301964 
512 675 202 1551363301982 
512 678 203 1551363301998 
512 679 205 1551363302015 
512 682 206 1551363302031 
512 687 208 1551363302043 
512 691 209 1551363302065 
512 693 210 1551363302081 
512 694 210 1551363302098 
512 695 210 1551363302115 
512 698 210 1551363302132 
512 699 211 1551363302148 
512 701 212 1551363302165 
512 703 213 1551363302181 
512 706 214 1551363302198 
512 708 215 1551363302215 
512 708 214 1551363302465 
512 708 214 1551363302515 
512 707 214 1551363302527 
512 706 214 1551363302548 
512 706 213 1551363302565 
512 704 213 1551363302581 
512 703 213 1551363302648 
513 703 213 1551363302653 
512 702 213 1551363302848 
512 700 216 1551363302850 
514 700 216 1551363302851 
512 697 218 1551363302864 
512 690 231 1551363302881 
512 684 247 1551363302898 
512 682 282 1551363302914 
512 677 295 1551363302927 
512 682 345 1551363302948 
512 690 378 1551363302964 
512 698 408 1551363302981 
512 702 431 1551363302998 
512 699 451 1551363303015 
512 697 457 1551363303027 
512 694 464 1551363303048 
512 693 467 1551363303064 
512 694 471 1551363303082 
512 694 474 1551363303098 
512 700 478 1551363303115 
512 722 476 1551363303132 
512 823 465 1551363303148 
512 883 457 1551363303164 
512 912 446 1551363303181 
512 928 437 1551363303198 
512 936 430 1551363303216 
512 940 428 1551363303232 
512 946 422 1551363303248 
512 949 422 1551363303265 
512 950 419 1551363303282 
512 950 418 1551363303298 
512 951 417 1551363303315 
512 954 415 1551363303331 
512 958 413 1551363303348 
512 964 408 1551363303365 
512 966 406 1551363303382 
512 966 403 1551363303398 
512 965 398 1551363303415 
512 958 394 1551363303432 
512 955 393 1551363303448 
512 954 392 1551363303461 
512 950 390 1551363303483 
512 949 388 1551363303499 
512 947 387 1551363303516 
512 945 385 1551363303531 
512 941 382 1551363303548 
512 938 381 1551363303565 
512 936 380 1551363303582 
512 935 380 1551363303598 
512 935 379 1551363303632 
512 934 378 1551363303883 
512 933 378 1551363303900 
512 932 377 1551363303916 
512 931 377 1551363303933 
513 931 377 1551363303977 
512 930 377 1551363304167 
514 930 377 1551363304171 
512 928 381 1551363304184 
512 916 392 1551363304201 
512 899 406 1551363304217 
512 858 443 1551363304233 
512 833 451 1551363304245 
512 780 492 1551363304266 
512 738 510 1551363304283 
512 698 522 1551363304300 
512 652 534 1551363304316 
512 624 540 1551363304333 
512 612 541 1551363304345 
512 611 541 1551363304367 
512 610 541 1551363304434 
512 608 540 1551363304445 
512 602 539 1551363304467 
512 583 545 1551363304483 
512 570 553 1551363304500 
512 566 557 1551363304517 
512 561 566 1551363304533 
512 559 571 1551363304546 
512 562 574 1551363304566 
512 563 582 1551363304583 
512 563 585 1551363304599 
512 565 587 1551363304616 
512 566 591 1551363304633 
512 566 596 1551363304646 
512 568 599 1551363304666 
512 566 604 1551363304682 
512 566 609 1551363304699 
512 566 611 1551363304716 
512 564 615 1551363304734 
512 564 617 1551363304746 
512 565 622 1551363304767 
512 566 625 1551363304784 
512 565 628 1551363304799 
512 565 629 1551363304816 
512 565 630 1551363304833 
512 565 631 1551363305001 
512 563 634 1551363305017 
512 562 635 1551363305033 
512 561 638 1551363305046 
513 561 638 1551363305224 
514 561 638 1551363305404 
512 563 631 1551363305550 
512 570 618 1551363305566 
512 582 600 1551363305584 
512 602 578 1551363305595 
512 618 562 1551363305616 
512 641 542 1551363305633 
512 653 531 1551363305650 
512 659 524 1551363305667 
512 663 522 1551363305684 
512 668 520 1551363305696 
512 674 519 1551363305718 
512 679 521 1551363305734 
512 694 527 1551363305751 
512 701 538 1551363305768 
512 722 569 1551363305800 
512 743 590 1551363305817 
512 810 627 1551363305851 
512 829 639 1551363305867 
512 841 643 1551363305884 
512 842 643 1551363305896 
512 842 643 1551363305917 
513 842 643 1551363306171 
514 842 643 1551363306327 
512 831 637 1551363306402 
512 818 618 1551363306418 
512 804 600 1551363306435 
512 790 581 1551363306452 
512 777 562 1551363306468 
512 762 544 1551363306481 
512 725 514 1551363306502 
512 701 498 1551363306518 
512 685 480 1551363306535 
512 682 469 1551363306551 
512 685 459 1551363306568 
512 688 446 1551363306580 
512 694 433 1551363306601 
512 715 402 1551363306618 
512 740 387 1551363306634 
512 774 374 1551363306652 
512 806 363 1551363306668 
512 829 357 1551363306685 
512 844 356 1551363306701 
512 858 358 1551363306718 
512 889 366 1551363306734 
512 914 375 1551363306751 
512 934 379 1551363306768 
512 943 380 1551363306784 
512 946 380 1551363306801 
512 946 378 1551363306835 
512 946 378 1551363306851 
512 946 378 1551363306867 
512 946 377 1551363306884 
512 942 375 1551363306901 
512 940 374 1551363306914 
512 934 372 1551363306935 
512 929 370 1551363306951 
512 925 369 1551363306969 
512 920 367 1551363306985 
512 918 366 1551363307002 
512 916 366 1551363307014 
512 915 366 1551363307035 
512 916 367 1551363307251 
512 917 369 1551363307264 
512 921 371 1551363307285 
512 924 373 1551363307301 
512 926 374 1551363307318 
512 929 375 1551363307335 
512 932 377 1551363307351 
512 933 378 1551363307364 
512 934 378 1551363307418 
512 934 378 1551363307435 
513 934 378 1551363307484 
514 934 378 1551363307684 
512 929 378 1551363307736 
512 910 378 1551363307753 
512 842 397 1551363307769 
512 762 395 1551363307786 
512 676 396 1551363307803 
512 626 393 1551363307814 
512 502 390 1551363307836 
512 477 394 1551363307852 
512 474 394 1551363307869 
512 474 395 1551363307885 
512 473 396 1551363307918 
512 470 397 1551363307935 
512 469 398 1551363307948 
512 465 400 1551363307969 
512 466 395 1551363308101 
512 469 389 1551363308118 
512 470 386 1551363308135 
512 471 384 1551363308151 
512 472 382 1551363308169 
512 472 382 1551363308181 
512 472 381 1551363308201 
512 470 380 1551363308220 
512 469 380 1551363308335 
512 468 378 1551363308352 
512 467 378 1551363308369 
512 467 377 1551363308381 
512 467 375 1551363308402 
512 467 374 1551363308419 
513 467 374 1551363308458 
514 467 374 1551363308676 
512 476 370 1551363308803 
512 490 364 1551363308820 
512 503 360 1551363308836 
512 511 358 1551363308852 
512 515 357 1551363308866 
512 519 357 1551363308887 
512 524 359 1551363308903 
512 534 366 1551363308919 
512 543 376 1551363308936 
512 550 390 1551363308952 
512 556 411 1551363308969 
512 570 454 1551363308986 
512 566 534 1551363309019 
512 562 562 1551363309036 
512 554 600 1551363309069 
512 553 610 1551363309086 
512 553 614 1551363309103 
512 554 615 1551363309186 
512 553 618 1551363309203 
512 554 622 1551363309219 
512 555 626 1551363309236 
512 556 632 1551363309253 
512 558 638 1551363309266 
512 558 644 1551363309286 
512 560 652 1551363309302 
512 561 654 1551363309319 
512 561 657 1551363309336 
512 561 658 1551363309352 
512 561 657 1551363309455 
512 561 656 1551363309471 
512 561 653 1551363309488 
512 560 652 1551363309503 
512 559 650 1551363309516 
512 559 648 1551363309537 
512 561 645 1551363309552 
512 562 642 1551363309570 
512 562 640 1551363309586 
512 562 638 1551363309603 
512 562 637 1551363309616 
513 562 637 1551363309678 
514 562 637 1551363309901 
512 567 628 1551363310154 
512 587 605 1551363310171 
512 610 576 1551363310188 
512 646 534 1551363310205 
512 672 494 1551363310216 
512 697 426 1551363310238 
512 714 360 1551363310255 
512 720 307 1551363310272 
512 722 274 1551363310288 
512 721 246 1551363310305 
512 716 225 1551363310316 
512 714 206 1551363310338 
512 715 202 1551363310355 
512 714 202 1551363310488 
512 711 202 1551363310505 
512 710 203 1551363310516 
512 707 206 1551363310538 
512 704 207 1551363310554 
512 699 210 1551363310571 
512 697 212 1551363310588 
512 694 213 1551363310604 
512 694 214 1551363310637 
513 694 214 1551363310949 
512 694 214 1551363311040 
514 694 214 1551363311164 
