512 695 216 1551363311188 
512 714 237 1551363311204 
512 747 270 1551363311217 
512 790 314 1551363311237 
512 853 387 1551363311255 
512 869 434 1551363311271 
512 878 463 1551363311288 
512 877 478 1551363311305 
512 873 486 1551363311320 
512 870 490 1551363311334 
512 868 492 1551363311355 
512 865 494 1551363311372 
512 861 496 1551363311388 
512 859 496 1551363311404 
512 858 497 1551363311438 
512 857 498 1551363311454 
512 852 503 1551363311471 
512 846 512 1551363311488 
512 838 522 1551363311505 
512 831 533 1551363311517 
512 828 546 1551363311538 
512 838 571 1551363311554 
512 845 594 1551363311572 
512 850 614 1551363311587 
512 850 626 1551363311604 
512 846 637 1551363311621 
512 845 641 1551363311638 
512 843 643 1551363311655 
512 843 644 1551363311667 
513 843 644 1551363311900 
514 843 644 1551363312077 
512 840 642 1551363312155 
512 831 631 1551363312171 
512 807 607 1551363312189 
512 795 587 1551363312205 
512 781 574 1551363312222 
512 769 568 1551363312234 
512 710 543 1551363312254 
512 653 523 1551363312272 
512 607 507 1551363312288 
512 586 490 1551363312305 
512 583 475 1551363312322 
512 583 466 1551363312334 
512 573 442 1551363312356 
512 555 426 1551363312372 
512 519 409 1551363312388 
512 483 398 1551363312405 
512 468 393 1551363312421 
512 466 391 1551363312435 
512 468 387 1551363312455 
512 470 386 1551363312472 
512 472 382 1551363312489 
512 474 380 1551363312505 
512 474 378 1551363312521 
512 475 376 1551363312534 
512 475 375 1551363312555 
512 475 374 1551363312588 
512 476 373 1551363312605 
512 477 371 1551363312622 
513 477 371 1551363312740 
514 477 371 1551363312998 
512 477 372 1551363313089 
512 479 373 1551363313106 
512 493 373 1551363313123 
512 511 372 1551363313139 
512 519 370 1551363313152 
512 537 368 1551363313172 
512 552 364 1551363313189 
512 578 361 1551363313206 
512 682 346 1551363313223 
512 773 356 1551363313239 
512 813 352 1551363313251 
512 892 329 1551363313272 
512 900 318 1551363313289 
512 895 308 1551363313306 
512 880 300 1551363313322 
512 858 292 1551363313339 
512 835 288 1551363313351 
512 819 285 1551363313372 
512 818 282 1551363313389 
512 814 281 1551363313406 
512 812 278 1551363313422 
512 810 277 1551363313439 
512 805 275 1551363313451 
512 798 273 1551363313473 
512 794 271 1551363313489 
512 790 270 1551363313506 
512 787 268 1551363313523 
512 785 266 1551363313539 
512 782 261 1551363313555 
512 774 254 1551363313572 
512 754 242 1551363313589 
512 738 234 1551363313606 
512 726 228 1551363313622 
512 717 224 1551363313641 
512 714 222 1551363313656 
512 714 222 1551363313672 
512 714 220 1551363313705 
512 714 220 1551363313856 
512 712 218 1551363313872 
512 710 218 1551363313889 
512 710 216 1551363313906 
512 709 215 1551363313940 
512 708 214 1551363313957 
512 707 214 1551363313974 
512 706 213 1551363313990 
512 706 212 1551363314006 
512 704 211 1551363314023 
512 703 211 1551363314040 
513 703 211 1551363314182 
514 703 211 1551363314363 
512 702 214 1551363314373 
512 701 225 1551363314390 
512 701 230 1551363314402 
512 700 258 1551363314424 
512 703 283 1551363314440 
512 718 332 1551363314456 
512 731 362 1551363314473 
512 738 374 1551363314486 
512 757 408 1551363314507 
512 766 429 1551363314523 
512 771 445 1551363314540 
512 774 457 1551363314557 
512 777 464 1551363314574 
512 779 466 1551363314590 
512 780 467 1551363314603 
512 782 468 1551363314623 
512 787 466 1551363314640 
512 805 454 1551363314657 
512 824 444 1551363314674 
512 846 432 1551363314689 
512 881 413 1551363314706 
512 901 402 1551363314724 
512 912 393 1551363314736 
512 922 390 1551363314757 
512 923 386 1551363314773 
512 925 385 1551363314790 
512 926 383 1551363314806 
512 926 381 1551363314823 
512 927 378 1551363314840 
512 927 377 1551363314874 
512 927 376 1551363314886 
512 927 375 1551363314908 
512 928 374 1551363314920 
513 928 374 1551363315060 
512 927 374 1551363315247 
514 927 374 1551363315247 
512 917 379 1551363315257 
512 870 402 1551363315274 
512 822 419 1551363315290 
512 766 445 1551363315303 
512 723 466 1551363315324 
512 701 484 1551363315340 
512 696 493 1551363315357 
512 692 498 1551363315374 
512 690 503 1551363315390 
512 685 509 1551363315403 
512 678 524 1551363315424 
512 674 527 1551363315441 
512 666 538 1551363315458 
512 662 541 1551363315475 
512 661 544 1551363315491 
512 660 546 1551363315509 
512 659 549 1551363315525 
512 657 551 1551363315540 
512 653 554 1551363315558 
512 634 566 1551363315575 
512 615 577 1551363315591 
512 606 581 1551363315603 
512 586 594 1551363315624 
512 582 601 1551363315641 
512 578 603 1551363315658 
512 573 606 1551363315675 
512 570 609 1551363315691 
512 569 611 1551363315707 
512 569 613 1551363315724 
512 569 614 1551363315737 
512 568 616 1551363315758 
512 567 618 1551363315774 
512 566 622 1551363315790 
512 567 623 1551363315807 
512 567 625 1551363315825 
512 568 626 1551363315837 
512 567 630 1551363315858 
512 566 634 1551363315875 
512 565 637 1551363315891 
512 564 639 1551363315908 
512 562 642 1551363315925 
512 562 643 1551363315937 
512 562 644 1551363315975 
513 562 644 1551363316111 
514 562 644 1551363316275 
512 562 642 1551363316359 
512 569 630 1551363316375 
512 578 612 1551363316392 
512 586 600 1551363316405 
512 618 563 1551363316425 
512 651 532 1551363316441 
512 675 504 1551363316458 
512 690 484 1551363316475 
512 698 462 1551363316492 
512 699 456 1551363316509 
512 704 458 1551363316571 
512 714 466 1551363316591 
512 723 476 1551363316608 
512 735 498 1551363316624 
512 746 514 1551363316642 
512 752 522 1551363316654 
512 764 542 1551363316675 
512 768 548 1551363316691 
512 769 552 1551363316708 
512 771 557 1551363316724 
512 773 560 1551363316741 
512 773 562 1551363316754 
512 780 570 1551363316775 
512 782 573 1551363316792 
512 783 576 1551363316809 
512 786 580 1551363316826 
512 794 588 1551363316842 
512 798 594 1551363316855 
512 806 610 1551363316877 
512 806 618 1551363316894 
512 807 623 1551363316910 
512 807 630 1551363316927 
512 807 638 1551363316942 
512 808 642 1551363316959 
512 809 644 1551363316976 
512 810 645 1551363316993 
512 811 645 1551363317009 
512 812 645 1551363317026 
512 814 646 1551363317042 
512 815 646 1551363317054 
512 820 647 1551363317075 
512 824 648 1551363317091 
512 830 649 1551363317108 
512 834 650 1551363317125 
512 834 650 1551363317158 
513 834 650 1551363317269 
514 834 650 1551363317510 
512 834 649 1551363317625 
512 835 647 1551363317638 
512 835 646 1551363317659 
512 834 646 1551363317726 
512 833 644 1551363317739 
512 832 641 1551363317759 
512 824 634 1551363317775 
512 820 629 1551363317792 
512 818 625 1551363317808 
512 817 620 1551363317826 
512 819 612 1551363317838 
512 870 557 1551363317859 
512 910 515 1551363317876 
512 927 470 1551363317892 
512 930 441 1551363317908 
512 933 418 1551363317925 
512 933 409 1551363317938 
512 934 382 1551363317959 
512 938 370 1551363317976 
512 953 358 1551363317992 
512 961 351 1551363318009 
512 963 349 1551363318026 
512 964 348 1551363318039 
512 965 346 1551363318059 
512 964 346 1551363318093 
512 963 346 1551363318127 
512 961 346 1551363318143 
512 959 349 1551363318160 
512 958 350 1551363318172 
512 954 353 1551363318194 
512 953 355 1551363318209 
512 951 359 1551363318226 
512 950 362 1551363318243 
512 946 366 1551363318260 
512 943 368 1551363318272 
512 934 380 1551363318293 
512 930 386 1551363318310 
512 926 389 1551363318326 
512 925 390 1551363318343 
512 922 390 1551363318427 
512 922 389 1551363318455 
512 921 386 1551363318476 
512 923 383 1551363318493 
512 926 382 1551363318510 
512 928 379 1551363318526 
512 929 378 1551363318544 
512 929 377 1551363318555 
512 930 376 1551363318576 
513 930 376 1551363318662 
514 930 376 1551363318892 
512 924 378 1551363318910 
512 897 382 1551363318927 
512 813 396 1551363318944 
512 752 397 1551363318956 
512 526 404 1551363318978 
512 382 410 1551363318994 
512 266 417 1551363319011 
512 222 423 1551363319028 
512 216 423 1551363319043 
512 221 422 1551363319093 
512 229 422 1551363319109 
512 234 420 1551363319127 
512 236 420 1551363319143 
512 237 420 1551363319160 
512 238 420 1551363319172 
512 259 420 1551363319194 
512 306 419 1551363319211 
512 366 421 1551363319227 
512 416 427 1551363319244 
512 447 429 1551363319260 
512 462 426 1551363319277 
512 466 425 1551363319300 
512 473 421 1551363319311 
512 475 418 1551363319323 
512 478 415 1551363319343 
512 483 410 1551363319356 
512 491 404 1551363319376 
512 494 401 1551363319393 
512 496 398 1551363319410 
512 497 396 1551363319427 
512 497 395 1551363319443 
512 497 394 1551363319456 
512 494 394 1551363319477 
512 494 394 1551363319494 
512 493 394 1551363319511 
512 492 393 1551363319556 
512 490 390 1551363319578 
512 490 387 1551363319594 
512 488 385 1551363319611 
512 486 382 1551363319628 
512 486 381 1551363319644 
512 484 379 1551363319656 
512 482 378 1551363319695 
512 479 378 1551363319712 
512 476 376 1551363319728 
512 471 374 1551363319746 
512 467 373 1551363319762 
512 465 372 1551363319779 
513 465 372 1551363320017 
512 466 372 1551363320046 
512 467 372 1551363320061 
512 469 372 1551363320078 
512 470 372 1551363320094 
514 470 372 1551363320203 
512 470 372 1551363320294 
512 474 374 1551363320395 
512 481 372 1551363320407 
512 508 363 1551363320428 
512 523 361 1551363320444 
512 535 361 1551363320461 
512 542 362 1551363320477 
512 546 374 1551363320494 
512 545 384 1551363320511 
512 539 398 1551363320527 
512 530 418 1551363320544 
512 518 442 1551363320561 
512 507 467 1551363320577 
512 501 497 1551363320594 
512 505 532 1551363320610 
512 513 551 1551363320624 
512 522 572 1551363320644 
512 526 576 1551363320663 
512 526 578 1551363320679 
512 529 580 1551363320695 
512 530 582 1551363320711 
512 531 583 1551363320728 
512 534 586 1551363320744 
512 536 589 1551363320761 
512 537 592 1551363320778 
512 539 598 1551363320794 
512 541 604 1551363320811 
512 543 611 1551363320828 
512 543 615 1551363320844 
512 542 618 1551363320862 
512 542 619 1551363320874 
512 542 622 1551363320894 
512 541 624 1551363320911 
512 541 626 1551363320974 
512 540 628 1551363320996 
512 539 630 1551363321012 
512 538 634 1551363321030 
512 538 636 1551363321045 
512 538 637 1551363321061 
512 538 638 1551363321077 
512 539 638 1551363321094 
512 540 638 1551363321108 
512 542 639 1551363321128 
512 542 640 1551363321144 
512 545 641 1551363321161 
512 548 642 1551363321178 
512 550 643 1551363321195 
512 552 644 1551363321207 
512 554 645 1551363321228 
512 555 645 1551363321246 
512 558 646 1551363321262 
512 561 646 1551363321279 
512 562 645 1551363321295 
512 562 645 1551363321308 
513 562 645 1551363321405 
514 562 645 1551363321588 
512 564 641 1551363321662 
512 566 631 1551363321678 
512 570 619 1551363321695 
512 580 597 1551363321708 
512 611 535 1551363321729 
512 620 493 1551363321745 
512 625 456 1551363321762 
512 628 430 1551363321778 
512 633 412 1551363321795 
512 640 397 1551363321808 
512 648 383 1551363321829 
512 666 360 1551363321845 
512 680 342 1551363321862 
512 695 318 1551363321878 
512 713 282 1551363321896 
512 718 263 1551363321908 
512 726 207 1551363321929 
512 719 182 1551363321945 
512 714 161 1551363321962 
512 717 157 1551363321979 
512 716 157 1551363322045 
512 713 162 1551363322062 
512 709 170 1551363322078 
512 707 176 1551363322092 
512 706 182 1551363322112 
512 704 189 1551363322129 
512 704 195 1551363322145 
512 704 200 1551363322162 
512 703 204 1551363322179 
512 703 206 1551363322191 
512 704 213 1551363322212 
512 704 216 1551363322228 
512 705 218 1551363322245 
512 706 218 1551363322262 
512 705 218 1551363322447 
512 704 217 1551363322463 
512 703 217 1551363322476 
512 702 216 1551363322497 
512 702 215 1551363322513 
512 702 214 1551363322557 
512 702 214 1551363322579 
513 702 214 1551363322588 
514 702 214 1551363322806 
