512 710 220 1551387407818 
512 746 242 1551387407830 
512 786 269 1551387407851 
512 814 294 1551387407867 
512 842 329 1551387407884 
512 857 348 1551387407900 
512 867 356 1551387407916 
512 869 357 1551387407930 
512 869 358 1551387407952 
512 869 363 1551387408034 
512 866 373 1551387408051 
512 863 384 1551387408068 
512 861 395 1551387408080 
512 858 419 1551387408101 
512 854 438 1551387408118 
512 846 469 1551387408135 
512 838 512 1551387408151 
512 834 561 1551387408167 
512 834 586 1551387408208 
512 838 638 1551387408217 
512 838 640 1551387408233 
512 839 641 1551387408351 
512 843 644 1551387408369 
512 843 646 1551387408385 
512 844 647 1551387408397 
512 845 648 1551387408418 
513 845 648 1551387408552 
514 845 648 1551387408725 
512 844 648 1551387408750 
512 845 641 1551387408766 
512 852 621 1551387408780 
512 865 595 1551387408800 
512 876 571 1551387408817 
512 886 546 1551387408834 
512 900 506 1551387408851 
512 910 478 1551387408867 
512 922 450 1551387408884 
512 933 418 1551387408900 
512 942 394 1551387408917 
512 948 376 1551387408934 
512 949 361 1551387408950 
512 947 351 1551387408967 
512 943 348 1551387408984 
512 941 348 1551387408997 
512 933 346 1551387409019 
512 867 358 1551387409053 
512 558 414 1551387409084 
512 430 425 1551387409119 
512 421 425 1551387409152 
512 419 424 1551387409219 
512 415 418 1551387409252 
512 414 414 1551387409284 
512 414 412 1551387409301 
512 420 407 1551387409336 
512 434 393 1551387409369 
512 464 379 1551387409402 
512 475 375 1551387409417 
512 479 372 1551387409451 
512 480 372 1551387409468 
512 479 373 1551387409631 
512 476 374 1551387409651 
512 473 375 1551387409668 
512 470 377 1551387409685 
512 467 378 1551387409702 
513 467 378 1551387409793 
514 467 378 1551387409989 
512 469 378 1551387410052 
512 494 374 1551387410069 
512 531 378 1551387410086 
512 608 382 1551387410103 
512 658 395 1551387410118 
512 684 395 1551387410131 
512 748 405 1551387410152 
512 767 405 1551387410168 
512 773 405 1551387410185 
512 771 403 1551387410251 
512 770 402 1551387410268 
512 770 402 1551387410285 
512 770 400 1551387410319 
512 760 378 1551387410331 
512 728 325 1551387410351 
512 708 296 1551387410368 
512 697 276 1551387410385 
512 688 252 1551387410401 
512 679 231 1551387410418 
512 674 213 1551387410434 
512 666 196 1551387410448 
512 659 186 1551387410469 
512 658 186 1551387410487 
512 660 188 1551387410536 
512 672 195 1551387410553 
512 679 200 1551387410569 
512 683 202 1551387410585 
512 686 205 1551387410602 
512 689 206 1551387410619 
512 690 207 1551387410632 
512 698 211 1551387410652 
512 710 214 1551387410669 
512 716 216 1551387410685 
512 722 215 1551387410701 
512 723 216 1551387410715 
512 726 216 1551387410735 
512 726 215 1551387410802 
512 725 214 1551387410818 
512 722 213 1551387410832 
512 718 210 1551387410852 
512 714 209 1551387410868 
512 710 207 1551387410885 
512 706 206 1551387410901 
512 705 205 1551387410918 
512 704 205 1551387410970 
512 703 205 1551387411004 
513 703 205 1551387411109 
512 702 209 1551387411288 
512 706 212 1551387411291 
514 706 212 1551387411291 
512 719 235 1551387411322 
512 782 270 1551387411354 
512 809 277 1551387411369 
512 898 301 1551387411386 
512 950 316 1551387411402 
512 967 325 1551387411419 
512 970 329 1551387411436 
512 962 339 1551387411452 
512 942 354 1551387411469 
512 924 368 1551387411482 
512 898 386 1551387411502 
512 885 397 1551387411519 
512 879 399 1551387411536 
512 878 399 1551387411553 
512 875 398 1551387411569 
512 874 393 1551387411582 
512 872 387 1551387411602 
512 872 381 1551387411619 
512 873 378 1551387411636 
512 874 374 1551387411653 
512 874 372 1551387411669 
512 876 373 1551387411753 
512 879 376 1551387411769 
512 886 377 1551387411782 
512 892 378 1551387411803 
512 899 375 1551387411820 
512 902 375 1551387411837 
512 903 375 1551387411853 
512 904 374 1551387411936 
512 905 373 1551387411953 
512 906 372 1551387411969 
512 906 372 1551387411983 
512 908 371 1551387412002 
512 909 371 1551387412020 
512 911 372 1551387412036 
512 914 374 1551387412053 
512 918 374 1551387412069 
512 919 375 1551387412083 
512 923 377 1551387412103 
512 927 378 1551387412120 
512 930 379 1551387412137 
512 934 381 1551387412154 
512 938 380 1551387412171 
512 939 379 1551387412203 
512 938 378 1551387412353 
512 938 378 1551387412365 
513 938 378 1551387412366 
512 937 377 1551387412387 
512 935 377 1551387412403 
512 934 377 1551387412454 
512 934 377 1551387412467 
512 933 376 1551387412487 
512 931 376 1551387412504 
512 929 375 1551387412521 
512 926 374 1551387412537 
512 926 374 1551387412551 
514 926 374 1551387412552 
512 925 374 1551387412567 
513 925 374 1551387412708 
514 925 374 1551387412951 
512 914 394 1551387412987 
512 906 402 1551387413000 
512 846 462 1551387413037 
512 785 508 1551387413073 
512 753 532 1551387413108 
512 750 535 1551387413120 
512 747 541 1551387413154 
512 746 545 1551387413187 
512 744 549 1551387413206 
512 736 554 1551387413237 
512 722 563 1551387413254 
512 674 598 1551387413289 
512 619 636 1551387413324 
512 595 651 1551387413355 
512 592 653 1551387413371 
512 586 655 1551387413405 
512 574 658 1551387413438 
512 571 658 1551387413471 
512 574 651 1551387413504 
512 582 643 1551387413538 
512 582 642 1551387413553 
512 578 644 1551387413703 
512 570 645 1551387413720 
512 565 646 1551387413733 
512 563 646 1551387413753 
512 562 646 1551387413856 
512 562 646 1551387413873 
513 562 646 1551387413947 
514 562 646 1551387414142 
512 572 646 1551387414188 
512 587 646 1551387414204 
512 607 646 1551387414217 
512 641 652 1551387414237 
512 662 653 1551387414255 
512 680 654 1551387414271 
512 696 655 1551387414288 
512 703 656 1551387414301 
512 722 657 1551387414321 
512 734 657 1551387414337 
512 739 657 1551387414354 
512 742 656 1551387414371 
512 747 653 1551387414387 
512 750 653 1551387414404 
512 755 651 1551387414417 
512 760 652 1551387414438 
512 769 652 1551387414456 
512 780 650 1551387414473 
512 782 650 1551387414485 
512 787 648 1551387414506 
512 790 646 1551387414522 
512 793 645 1551387414538 
512 797 643 1551387414555 
512 799 641 1551387414567 
512 806 638 1551387414588 
512 809 638 1551387414605 
512 812 638 1551387414621 
512 813 638 1551387414638 
512 814 638 1551387414655 
512 814 638 1551387414668 
512 817 638 1551387414688 
512 818 639 1551387414704 
512 821 641 1551387414721 
512 822 641 1551387414738 
512 824 642 1551387414755 
512 826 643 1551387414768 
512 826 643 1551387414789 
512 828 644 1551387414805 
512 830 644 1551387414821 
512 831 644 1551387414839 
512 832 644 1551387414855 
512 835 646 1551387414872 
512 837 644 1551387414885 
512 838 643 1551387414905 
512 840 642 1551387414921 
512 841 642 1551387414940 
512 843 641 1551387414972 
512 845 640 1551387415007 
513 845 640 1551387415027 
514 845 640 1551387415282 
512 842 638 1551387415323 
512 838 634 1551387415356 
512 833 629 1551387415390 
512 799 598 1551387415423 
512 761 562 1551387415456 
512 707 499 1551387415489 
512 692 481 1551387415505 
512 666 456 1551387415539 
512 654 451 1551387415552 
512 638 450 1551387415572 
512 630 450 1551387415589 
512 630 450 1551387415606 
512 657 442 1551387415656 
512 696 433 1551387415673 
512 722 424 1551387415689 
512 742 415 1551387415705 
512 758 406 1551387415722 
512 774 396 1551387415736 
512 804 377 1551387415756 
512 832 368 1551387415772 
512 848 362 1551387415789 
512 854 359 1551387415806 
512 856 358 1551387415822 
512 857 358 1551387415889 
512 859 358 1551387415906 
512 862 360 1551387415922 
512 863 361 1551387415935 
512 866 362 1551387415955 
512 874 364 1551387415972 
512 884 366 1551387415989 
512 896 367 1551387416005 
512 910 366 1551387416022 
512 916 366 1551387416035 
512 924 367 1551387416055 
512 926 367 1551387416072 
512 926 366 1551387416090 
513 926 366 1551387416315 
514 926 366 1551387416509 
512 919 367 1551387416540 
512 904 368 1551387416557 
512 882 371 1551387416573 
512 858 374 1551387416589 
512 833 380 1551387416603 
512 801 388 1551387416623 
512 766 397 1551387416640 
512 738 404 1551387416677 
512 707 413 1551387416689 
512 705 414 1551387416706 
512 702 414 1551387416719 
512 698 415 1551387416738 
512 694 417 1551387416756 
512 690 418 1551387416772 
512 683 418 1551387416786 
512 679 417 1551387416806 
512 678 417 1551387416823 
512 683 414 1551387416889 
512 685 413 1551387416902 
512 687 411 1551387416922 
512 691 412 1551387416941 
512 694 412 1551387416953 
512 698 414 1551387416989 
512 698 414 1551387417024 
512 694 415 1551387419741 
512 678 415 1551387419758 
512 662 418 1551387419772 
512 638 413 1551387419792 
512 610 410 1551387419808 
512 573 409 1551387419825 
512 557 402 1551387419842 
512 554 401 1551387419858 
512 551 400 1551387419926 
512 548 399 1551387419942 
512 544 398 1551387419959 
512 542 396 1551387419972 
512 541 395 1551387419992 
512 538 394 1551387420043 
512 521 392 1551387420060 
512 514 390 1551387420071 
512 492 384 1551387420092 
512 482 382 1551387420108 
512 475 380 1551387420126 
512 474 380 1551387420143 
512 470 378 1551387420159 
512 468 378 1551387420172 
512 462 376 1551387420192 
512 459 375 1551387420209 
512 457 374 1551387420226 
512 458 374 1551387420292 
512 462 374 1551387420311 
512 464 374 1551387420344 
512 465 374 1551387420373 
512 466 374 1551387420393 
512 468 373 1551387420411 
512 470 372 1551387420427 
512 470 372 1551387420442 
512 471 372 1551387420459 
512 472 372 1551387420472 
512 474 372 1551387420492 
512 477 372 1551387420510 
512 478 373 1551387420526 
512 479 373 1551387420539 
512 480 373 1551387420559 
513 480 373 1551387420589 
514 480 373 1551387420801 
512 486 377 1551387421081 
512 510 378 1551387421111 
512 530 370 1551387421126 
512 562 360 1551387421160 
512 566 362 1551387421176 
512 574 371 1551387421192 
512 585 391 1551387421210 
512 594 416 1551387421222 
512 596 460 1551387421244 
512 568 532 1551387421278 
512 528 578 1551387421311 
512 515 593 1551387421344 
512 517 594 1551387421411 
512 518 594 1551387421444 
512 521 595 1551387421477 
512 527 611 1551387421510 
512 530 619 1551387421527 
512 538 638 1551387421560 
512 542 644 1551387421577 
512 547 650 1551387421594 
512 547 653 1551387421610 
512 550 654 1551387421627 
512 550 654 1551387421643 
512 551 654 1551387421877 
512 554 651 1551387421894 
512 556 648 1551387421939 
512 557 647 1551387421959 
512 557 646 1551387421976 
512 557 645 1551387421993 
512 558 644 1551387422009 
512 559 642 1551387422026 
512 560 641 1551387422043 
512 561 640 1551387422057 
513 561 640 1551387422100 
512 562 639 1551387422276 
514 562 639 1551387422277 
512 564 634 1551387422294 
512 568 626 1551387422311 
512 571 618 1551387422328 
512 573 614 1551387422345 
512 573 610 1551387422357 
512 574 599 1551387422378 
512 578 585 1551387422395 
512 592 565 1551387422412 
512 616 538 1551387422428 
512 635 517 1551387422444 
512 645 496 1551387422456 
512 648 472 1551387422478 
512 649 459 1551387422494 
512 649 450 1551387422510 
512 653 440 1551387422527 
512 663 430 1551387422544 
512 677 416 1551387422561 
512 687 403 1551387422577 
512 688 399 1551387422590 
512 684 377 1551387422611 
512 673 354 1551387422627 
512 658 332 1551387422644 
512 653 318 1551387422661 
512 657 308 1551387422677 
512 664 298 1551387422693 
512 674 284 1551387422710 
512 680 275 1551387422727 
512 684 268 1551387422744 
512 687 263 1551387422761 
512 688 261 1551387422774 
512 689 258 1551387422794 
512 690 254 1551387422811 
512 691 250 1551387422828 
512 693 246 1551387422845 
512 694 239 1551387422861 
512 696 234 1551387422874 
512 697 231 1551387422893 
512 698 229 1551387422911 
512 700 226 1551387422928 
512 701 225 1551387422941 
512 702 222 1551387422963 
512 702 220 1551387422996 
512 702 219 1551387423008 
512 701 214 1551387423065 
512 701 214 1551387423078 
512 702 209 1551387423111 
512 702 206 1551387423145 
512 702 205 1551387423161 
512 702 204 1551387423195 
513 702 204 1551387423265 
514 702 204 1551387423444 
