512 698 215 1551387423528 
512 694 230 1551387423544 
512 690 260 1551387423561 
512 684 283 1551387423579 
512 682 297 1551387423591 
512 687 344 1551387423611 
512 692 372 1551387423628 
512 697 399 1551387423645 
512 698 421 1551387423662 
512 698 442 1551387423678 
512 698 448 1551387423690 
512 704 464 1551387423711 
512 714 477 1551387423729 
512 738 497 1551387423746 
512 779 528 1551387423762 
512 830 566 1551387423779 
512 866 595 1551387423792 
512 882 621 1551387423813 
512 882 634 1551387423829 
512 879 643 1551387423844 
512 874 647 1551387423861 
512 870 651 1551387423878 
512 868 654 1551387423891 
512 867 655 1551387423978 
512 864 656 1551387423995 
512 863 657 1551387424011 
512 862 654 1551387424095 
512 859 652 1551387424112 
512 858 652 1551387424125 
512 855 650 1551387424263 
512 853 649 1551387424279 
512 850 647 1551387424296 
512 847 646 1551387424313 
512 846 646 1551387424325 
512 846 645 1551387424346 
512 843 644 1551387424362 
512 841 643 1551387424378 
512 839 642 1551387424395 
512 838 642 1551387424411 
512 837 642 1551387424425 
512 835 642 1551387424445 
513 835 642 1551387424509 
514 835 642 1551387424693 
512 836 639 1551387424776 
512 840 634 1551387424796 
512 846 626 1551387424812 
512 850 606 1551387424830 
512 846 584 1551387424847 
512 838 551 1551387424863 
512 830 530 1551387424876 
512 831 511 1551387424918 
512 837 484 1551387424929 
512 832 456 1551387424945 
512 814 439 1551387424962 
512 764 426 1551387424979 
512 692 426 1551387424993 
512 536 418 1551387425029 
512 501 415 1551387425062 
512 505 411 1551387425146 
512 510 406 1551387425180 
512 512 403 1551387425195 
512 516 398 1551387425230 
512 516 392 1551387425262 
512 512 389 1551387425280 
512 494 381 1551387425314 
512 482 377 1551387425342 
512 478 376 1551387425366 
512 472 374 1551387425398 
512 470 374 1551387425413 
512 470 374 1551387425448 
512 470 374 1551387425614 
513 470 374 1551387425618 
514 470 374 1551387425790 
512 471 374 1551387425914 
512 476 375 1551387425931 
512 500 370 1551387425946 
512 549 361 1551387425963 
512 582 358 1551387425979 
512 591 355 1551387425992 
512 612 349 1551387426013 
512 615 347 1551387426031 
512 617 346 1551387426047 
512 618 346 1551387426064 
512 622 343 1551387426081 
512 630 335 1551387426093 
512 654 319 1551387426114 
512 670 306 1551387426130 
512 686 297 1551387426147 
512 695 289 1551387426164 
512 698 286 1551387426180 
512 699 283 1551387426193 
512 701 276 1551387426213 
512 704 270 1551387426230 
512 703 266 1551387426246 
512 702 265 1551387426263 
512 702 264 1551387426280 
512 701 263 1551387426296 
512 701 262 1551387426313 
512 701 262 1551387426330 
512 702 260 1551387426347 
512 702 257 1551387426363 
512 702 255 1551387426376 
512 701 253 1551387426397 
512 699 250 1551387426413 
512 697 250 1551387426430 
512 695 248 1551387426447 
512 694 246 1551387426463 
512 692 242 1551387426480 
512 690 238 1551387426496 
512 690 232 1551387426514 
512 690 226 1551387426530 
512 692 219 1551387426547 
512 692 214 1551387426563 
512 690 210 1551387426580 
512 687 206 1551387426597 
512 687 204 1551387426613 
512 686 203 1551387426627 
512 686 202 1551387426730 
512 686 203 1551387426797 
512 689 206 1551387426814 
512 690 209 1551387426831 
512 694 210 1551387426847 
512 696 211 1551387426864 
512 697 210 1551387426877 
512 699 210 1551387426897 
512 699 209 1551387426914 
512 700 208 1551387426964 
512 701 206 1551387427000 
512 702 206 1551387427032 
513 702 206 1551387427083 
514 702 206 1551387427277 
512 709 240 1551387427399 
512 706 282 1551387427432 
512 703 324 1551387427465 
512 704 351 1551387427498 
512 704 361 1551387427513 
512 706 374 1551387427547 
512 706 379 1551387427564 
512 706 382 1551387427581 
512 708 385 1551387427597 
512 723 384 1551387427614 
512 751 376 1551387427631 
512 782 369 1551387427644 
512 814 358 1551387427665 
512 835 350 1551387427681 
512 854 342 1551387427697 
512 869 338 1551387427714 
512 874 336 1551387427731 
512 876 336 1551387427744 
512 877 336 1551387427764 
512 878 336 1551387427781 
512 879 338 1551387427798 
512 882 340 1551387427815 
512 884 344 1551387427831 
512 885 346 1551387427844 
512 886 346 1551387427865 
512 888 347 1551387427881 
512 889 348 1551387427898 
512 890 350 1551387427915 
512 892 355 1551387427931 
512 893 356 1551387427944 
512 894 361 1551387427964 
512 897 363 1551387427981 
512 898 363 1551387427997 
512 900 364 1551387428015 
512 902 365 1551387428032 
512 904 366 1551387428048 
512 908 366 1551387428064 
512 912 364 1551387428081 
512 917 364 1551387428098 
512 922 364 1551387428114 
512 924 364 1551387428131 
512 926 365 1551387428148 
512 927 365 1551387428173 
512 930 366 1551387428177 
512 930 366 1551387428199 
512 931 366 1551387428231 
512 932 366 1551387428247 
512 933 366 1551387428264 
512 934 367 1551387428278 
512 935 368 1551387428298 
512 934 369 1551387428448 
512 934 370 1551387428465 
512 934 371 1551387428478 
512 934 372 1551387428531 
512 932 373 1551387428565 
512 932 374 1551387428578 
512 932 374 1551387428599 
513 932 374 1551387428657 
514 932 374 1551387428830 
512 931 374 1551387428895 
512 929 374 1551387428914 
512 926 374 1551387428931 
512 922 373 1551387428948 
512 908 377 1551387428964 
512 884 385 1551387428982 
512 841 399 1551387428994 
512 746 435 1551387429016 
512 714 446 1551387429029 
512 625 482 1551387429065 
512 611 491 1551387429101 
512 596 510 1551387429136 
512 578 527 1551387429149 
512 544 554 1551387429182 
512 530 578 1551387429215 
512 525 588 1551387429232 
512 513 621 1551387429266 
512 510 631 1551387429299 
512 510 633 1551387429316 
512 514 637 1551387429351 
512 518 638 1551387429384 
512 527 638 1551387429418 
512 557 632 1551387429450 
512 579 632 1551387429483 
512 582 633 1551387429516 
512 582 633 1551387429532 
512 581 634 1551387429683 
512 576 636 1551387429699 
512 573 638 1551387429715 
512 570 639 1551387429733 
512 569 640 1551387429746 
512 568 642 1551387429765 
512 567 642 1551387429783 
512 566 642 1551387429965 
512 566 643 1551387429983 
512 563 646 1551387429999 
512 561 646 1551387430015 
512 560 647 1551387430029 
513 560 647 1551387430109 
514 560 647 1551387430317 
512 562 646 1551387430400 
512 565 643 1551387430416 
512 566 642 1551387430430 
512 571 635 1551387430449 
512 576 627 1551387430466 
512 583 616 1551387430483 
512 590 606 1551387430500 
512 594 602 1551387430516 
512 595 599 1551387430529 
512 597 595 1551387430550 
512 602 586 1551387430567 
512 619 566 1551387430584 
512 665 534 1551387430600 
512 704 516 1551387430616 
512 724 511 1551387430630 
512 732 514 1551387430651 
512 734 514 1551387430667 
512 737 521 1551387430683 
512 743 530 1551387430699 
512 747 536 1551387430716 
512 751 540 1551387430729 
512 754 547 1551387430750 
512 755 552 1551387430767 
512 756 555 1551387430784 
512 758 558 1551387430800 
512 760 562 1551387430817 
512 762 567 1551387430833 
512 762 572 1551387430851 
512 764 575 1551387430867 
512 766 579 1551387430879 
512 769 583 1551387430900 
512 771 586 1551387430916 
512 776 590 1551387430933 
512 785 594 1551387430950 
512 793 598 1551387430967 
512 802 602 1551387430983 
512 804 602 1551387430999 
512 804 604 1551387431017 
512 805 606 1551387431034 
512 805 608 1551387431047 
512 806 614 1551387431084 
512 809 618 1551387431118 
512 815 627 1551387431155 
512 822 633 1551387431186 
512 826 634 1551387431218 
512 826 634 1551387431252 
512 830 635 1551387431335 
512 835 638 1551387431368 
512 838 638 1551387431414 
512 841 639 1551387431434 
513 841 639 1551387431601 
514 841 639 1551387431769 
512 840 639 1551387431797 
512 839 635 1551387431817 
512 839 633 1551387431835 
512 839 628 1551387431852 
512 840 625 1551387431868 
512 841 619 1551387431885 
512 841 614 1551387431897 
512 842 599 1551387431917 
512 846 588 1551387431934 
512 851 574 1551387431950 
512 859 559 1551387431967 
512 868 544 1551387431983 
512 872 526 1551387432000 
512 876 514 1551387432017 
512 878 506 1551387432030 
512 884 471 1551387432052 
512 890 450 1551387432067 
512 898 433 1551387432084 
512 901 420 1551387432101 
512 904 409 1551387432118 
512 906 399 1551387432130 
512 914 384 1551387432152 
512 918 378 1551387432168 
512 919 376 1551387432184 
512 921 373 1551387432200 
512 922 371 1551387432217 
512 922 370 1551387432230 
512 922 370 1551387432251 
512 922 368 1551387432268 
512 922 366 1551387432285 
512 922 365 1551387432302 
512 923 366 1551387432402 
512 924 366 1551387432418 
512 924 367 1551387432553 
512 924 370 1551387432569 
512 923 373 1551387432585 
512 924 374 1551387432602 
512 925 374 1551387432652 
513 925 374 1551387432729 
514 925 374 1551387432906 
512 924 373 1551387433153 
512 922 372 1551387433240 
512 709 438 1551387433270 
512 327 494 1551387433303 
512 174 466 1551387433337 
512 186 449 1551387433370 
512 200 438 1551387433385 
512 240 424 1551387433418 
512 247 422 1551387433431 
512 259 418 1551387433452 
512 262 415 1551387433468 
512 265 414 1551387433485 
512 270 411 1551387433498 
512 278 406 1551387433519 
512 290 405 1551387433536 
512 302 404 1551387433553 
512 313 404 1551387433570 
512 325 402 1551387433586 
512 340 399 1551387433603 
512 362 386 1551387433620 
512 374 383 1551387433632 
512 405 373 1551387433654 
512 422 369 1551387433669 
512 429 366 1551387433686 
512 431 366 1551387433702 
512 432 366 1551387433770 
512 434 367 1551387433804 
512 434 367 1551387433821 
512 434 369 1551387433833 
512 438 371 1551387433853 
512 442 373 1551387433869 
512 443 376 1551387433886 
512 446 378 1551387433903 
512 450 379 1551387433919 
512 451 380 1551387433932 
512 454 381 1551387433953 
512 455 382 1551387433970 
512 458 383 1551387433985 
512 461 382 1551387434003 
512 464 381 1551387434019 
512 466 381 1551387434036 
512 467 381 1551387434053 
512 468 380 1551387434069 
512 469 379 1551387434119 
512 469 378 1551387434132 
512 474 376 1551387434152 
512 475 375 1551387434169 
512 476 374 1551387434186 
512 476 374 1551387434219 
513 476 374 1551387434259 
514 476 374 1551387434466 
512 476 373 1551387434588 
512 477 373 1551387434605 
512 478 371 1551387434620 
512 478 370 1551387434638 
512 478 370 1551387434654 
512 479 369 1551387434667 
512 483 366 1551387434686 
512 491 366 1551387434702 
512 506 366 1551387434719 
512 522 368 1551387434736 
512 538 378 1551387434749 
512 547 414 1551387434770 
512 548 450 1551387434787 
512 543 495 1551387434803 
512 537 537 1551387434819 
512 529 567 1551387434836 
512 518 588 1551387434849 
512 509 601 1551387434870 
512 500 614 1551387434885 
512 497 618 1551387434920 
512 486 626 1551387434936 
512 486 630 1551387435004 
512 484 651 1551387435037 
512 486 656 1551387435072 
512 511 650 1551387435104 
512 542 643 1551387435137 
512 555 642 1551387435170 
512 557 642 1551387435204 
512 558 642 1551387435337 
513 558 642 1551387435423 
514 558 642 1551387435585 
512 558 642 1551387435666 
512 560 634 1551387435687 
512 566 618 1551387435703 
512 580 599 1551387435720 
512 596 566 1551387435737 
512 618 548 1551387435754 
512 622 540 1551387435767 
512 636 514 1551387435787 
512 653 497 1551387435803 
512 669 480 1551387435821 
512 681 464 1551387435837 
512 688 450 1551387435854 
512 694 435 1551387435866 
512 695 411 1551387435887 
512 691 396 1551387435904 
512 687 382 1551387435920 
512 684 366 1551387435936 
512 682 352 1551387435954 
512 686 340 1551387435966 
512 697 316 1551387435987 
512 708 302 1551387436003 
512 717 286 1551387436021 
512 722 271 1551387436037 
512 722 259 1551387436050 
512 721 252 1551387436071 
512 719 246 1551387436087 
512 721 243 1551387436103 
512 726 242 1551387436121 
512 730 240 1551387436137 
512 733 239 1551387436153 
512 732 239 1551387436187 
512 731 239 1551387436372 
512 718 233 1551387436385 
512 712 228 1551387436406 
512 712 227 1551387436601 
512 709 223 1551387436622 
512 708 221 1551387436639 
512 707 218 1551387436655 
512 706 214 1551387436672 
512 704 214 1551387436684 
512 703 213 1551387436704 
512 702 211 1551387436805 
513 702 211 1551387436861 
514 702 211 1551387437067 
