512 701 216 1550788168785 
512 705 226 1550788168801 
512 709 237 1550788168818 
512 714 252 1550788168834 
512 720 263 1550788168851 
512 726 270 1550788168864 
512 745 291 1550788168884 
512 757 309 1550788168901 
512 768 326 1550788168917 
512 774 345 1550788168934 
512 779 366 1550788168951 
512 785 392 1550788168964 
512 793 433 1550788168984 
512 803 458 1550788169001 
512 810 479 1550788169018 
512 814 497 1550788169035 
512 816 516 1550788169051 
512 815 527 1550788169067 
512 813 532 1550788169081 
512 810 538 1550788169101 
512 809 540 1550788169118 
512 808 542 1550788169134 
512 809 546 1550788169151 
512 812 549 1550788169168 
512 815 554 1550788169181 
512 821 568 1550788169201 
512 825 580 1550788169218 
512 832 592 1550788169235 
512 842 605 1550788169252 
512 855 618 1550788169268 
512 866 630 1550788169285 
512 874 646 1550788169303 
512 877 654 1550788169319 
512 878 658 1550788169334 
512 878 662 1550788169352 
512 878 663 1550788169368 
512 875 662 1550788169451 
512 872 660 1550788169468 
512 868 657 1550788169484 
512 864 654 1550788169501 
512 861 651 1550788169518 
512 858 648 1550788169532 
512 854 644 1550788169552 
512 854 642 1550788169568 
512 853 642 1550788169652 
512 852 642 1550788169668 
512 850 642 1550788169685 
512 850 644 1550788169702 
512 849 644 1550788169715 
512 847 645 1550788169735 
512 843 646 1550788169751 
512 841 647 1550788169768 
512 839 648 1550788169785 
512 838 648 1550788169802 
512 837 648 1550788169815 
512 835 648 1550788169885 
513 835 648 1550788170001 
514 835 648 1550788170230 
512 835 647 1550788170436 
512 832 646 1550788170452 
512 830 646 1550788170469 
512 828 644 1550788170483 
512 825 641 1550788170502 
512 821 636 1550788170519 
512 807 626 1550788170536 
512 788 612 1550788170552 
512 759 597 1550788170569 
512 726 574 1550788170585 
512 691 549 1550788170602 
512 662 524 1550788170618 
512 639 495 1550788170636 
512 629 476 1550788170653 
512 622 458 1550788170669 
512 618 447 1550788170686 
512 614 440 1550788170703 
512 610 436 1550788170716 
512 605 432 1550788170736 
512 602 430 1550788170752 
512 598 430 1550788170768 
512 592 430 1550788170786 
512 580 430 1550788170802 
512 567 426 1550788170815 
512 550 422 1550788170835 
512 524 418 1550788170852 
512 506 417 1550788170869 
512 490 413 1550788170885 
512 478 409 1550788170902 
512 474 405 1550788170916 
512 471 402 1550788170935 
512 470 399 1550788170952 
512 470 393 1550788170969 
512 470 386 1550788170986 
512 470 381 1550788171002 
512 471 378 1550788171016 
512 473 376 1550788171036 
512 473 375 1550788171052 
512 474 375 1550788171152 
513 474 375 1550788171328 
514 474 375 1550788171533 
512 474 375 1550788171783 
512 482 370 1550788171803 
512 506 354 1550788171820 
512 545 330 1550788171837 
512 605 297 1550788171853 
512 651 278 1550788171870 
512 682 262 1550788171884 
512 704 255 1550788171903 
512 706 253 1550788171920 
512 705 250 1550788171953 
512 702 246 1550788171970 
512 699 244 1550788171984 
512 696 242 1550788172003 
512 694 241 1550788172019 
512 690 239 1550788172037 
512 689 235 1550788172053 
512 688 232 1550788172070 
512 687 231 1550788172083 
512 687 227 1550788172103 
512 687 224 1550788172120 
512 687 222 1550788172137 
512 689 219 1550788172153 
512 691 214 1550788172170 
512 693 213 1550788172184 
512 696 209 1550788172203 
512 697 208 1550788172220 
513 697 208 1550788172428 
512 697 207 1550788172504 
514 697 207 1550788172629 
512 698 207 1550788172704 
512 700 222 1550788172721 
512 702 244 1550788172738 
512 702 266 1550788172753 
512 702 294 1550788172770 
512 698 317 1550788172784 
512 686 346 1550788172803 
512 682 356 1550788172821 
512 679 362 1550788172837 
512 677 364 1550788172854 
512 676 364 1550788172887 
512 676 357 1550788172903 
512 679 352 1550788172921 
512 690 346 1550788172938 
512 700 342 1550788172955 
512 712 338 1550788172970 
512 723 336 1550788172988 
512 738 334 1550788173004 
512 754 334 1550788173021 
512 787 339 1550788173037 
512 810 344 1550788173055 
512 832 349 1550788173070 
512 854 350 1550788173084 
512 870 352 1550788173104 
512 882 350 1550788173120 
512 892 346 1550788173137 
512 900 342 1550788173154 
512 903 342 1550788173171 
512 906 341 1550788173188 
512 908 341 1550788173204 
512 911 341 1550788173221 
512 914 341 1550788173237 
512 915 342 1550788173255 
512 918 342 1550788173271 
512 922 344 1550788173288 
512 922 345 1550788173305 
512 926 347 1550788173321 
512 928 350 1550788173338 
512 930 353 1550788173354 
512 934 357 1550788173371 
512 934 359 1550788173387 
512 934 362 1550788173405 
512 934 364 1550788173421 
512 934 367 1550788173438 
512 934 370 1550788173454 
512 934 372 1550788173471 
512 934 375 1550788173487 
512 934 379 1550788173505 
512 932 379 1550788173588 
512 930 378 1550788173604 
512 930 378 1550788173618 
512 929 377 1550788173638 
512 928 377 1550788173654 
512 927 376 1550788173671 
512 927 375 1550788173721 
512 926 375 1550788173768 
513 926 375 1550788173799 
514 926 375 1550788174017 
512 924 380 1550788174122 
512 912 398 1550788174138 
512 898 417 1550788174154 
512 882 434 1550788174169 
512 867 452 1550788174189 
512 846 474 1550788174205 
512 833 487 1550788174222 
512 816 500 1550788174238 
512 794 514 1550788174255 
512 765 529 1550788174268 
512 734 542 1550788174288 
512 712 550 1550788174305 
512 694 558 1550788174322 
512 690 562 1550788174338 
512 687 565 1550788174355 
512 684 570 1550788174371 
512 681 574 1550788174388 
512 678 580 1550788174405 
512 674 586 1550788174422 
512 670 590 1550788174439 
512 667 594 1550788174455 
512 665 597 1550788174472 
512 661 600 1550788174488 
512 655 605 1550788174505 
512 644 610 1550788174521 
512 609 622 1550788174569 
512 586 630 1550788174585 
512 570 634 1550788174605 
512 556 638 1550788174622 
512 550 640 1550788174638 
512 548 642 1550788174651 
512 548 642 1550788174805 
512 549 644 1550788175091 
512 550 645 1550788175105 
512 551 645 1550788175122 
513 551 645 1550788175261 
514 551 645 1550788175455 
512 558 645 1550788175569 
512 584 650 1550788175589 
512 618 655 1550788175606 
512 667 660 1550788175623 
512 724 663 1550788175639 
512 789 665 1550788175655 
512 836 665 1550788175669 
512 860 665 1550788175689 
512 862 664 1550788175706 
512 865 662 1550788175806 
512 873 660 1550788175823 
512 878 658 1550788175840 
512 880 658 1550788175856 
512 883 656 1550788175870 
512 886 655 1550788175890 
512 889 653 1550788175906 
512 891 650 1550788175923 
512 895 647 1550788175939 
512 894 647 1550788176006 
512 893 647 1550788176022 
512 887 647 1550788176039 
512 881 647 1550788176056 
512 875 646 1550788176069 
512 871 646 1550788176090 
512 866 643 1550788176106 
512 863 641 1550788176123 
512 860 639 1550788176140 
512 859 638 1550788176157 
512 858 638 1550788176206 
512 857 638 1550788176223 
512 854 638 1550788176240 
512 853 638 1550788176256 
512 852 638 1550788176273 
512 851 638 1550788176323 
512 847 639 1550788176340 
512 843 642 1550788176356 
512 840 644 1550788176373 
512 838 645 1550788176389 
513 838 645 1550788176542 
514 838 645 1550788176769 
512 837 640 1550788176840 
512 833 630 1550788176857 
512 825 612 1550788176873 
512 815 592 1550788176887 
512 800 569 1550788176906 
512 778 542 1550788176923 
512 746 518 1550788176940 
512 708 496 1550788176957 
512 658 472 1550788176973 
512 629 455 1550788176987 
512 614 440 1550788177007 
512 610 422 1550788177023 
512 619 406 1550788177040 
512 646 388 1550788177057 
512 668 381 1550788177074 
512 682 378 1550788177087 
512 729 370 1550788177108 
512 782 364 1550788177121 
512 841 362 1550788177140 
512 897 364 1550788177157 
512 934 364 1550788177173 
512 958 367 1550788177190 
512 960 368 1550788177207 
512 960 369 1550788177257 
512 954 373 1550788177274 
512 950 376 1550788177290 
512 945 379 1550788177307 
512 942 379 1550788177324 
512 939 379 1550788177340 
512 938 378 1550788177354 
512 938 376 1550788177374 
513 938 376 1550788177595 
512 935 375 1550788177708 
512 934 374 1550788177724 
512 932 374 1550788177737 
512 931 373 1550788177757 
514 931 373 1550788177769 
513 931 373 1550788177988 
512 930 371 1550788178208 
512 928 370 1550788178217 
514 928 370 1550788178218 
512 926 370 1550788178241 
512 924 370 1550788178258 
512 922 370 1550788178271 
512 920 370 1550788178291 
512 919 369 1550788178341 
512 918 369 1550788178358 
512 915 369 1550788178374 
512 902 369 1550788178391 
512 894 367 1550788178405 
512 869 366 1550788178425 
512 851 366 1550788178441 
512 830 366 1550788178458 
512 789 366 1550788178474 
512 714 373 1550788178491 
512 610 381 1550788178505 
512 473 402 1550788178525 
512 430 404 1550788178541 
512 414 403 1550788178558 
512 412 402 1550788178574 
512 412 402 1550788178605 
512 418 397 1550788178624 
512 429 392 1550788178641 
512 435 389 1550788178658 
512 438 386 1550788178675 
512 442 386 1550788178691 
512 442 386 1550788178708 
512 446 386 1550788178725 
512 448 386 1550788178741 
512 450 385 1550788178755 
512 454 383 1550788178775 
512 458 382 1550788178792 
512 459 382 1550788178809 
512 461 382 1550788178825 
512 462 382 1550788178842 
512 463 381 1550788178855 
512 467 378 1550788178874 
512 472 374 1550788178892 
512 475 371 1550788178909 
512 478 370 1550788178925 
512 479 369 1550788178942 
512 479 368 1550788178955 
513 479 368 1550788179049 
514 479 368 1550788179263 
512 478 368 1550788179359 
512 478 368 1550788179376 
512 477 368 1550788179389 
512 474 370 1550788179408 
512 471 373 1550788179425 
512 469 374 1550788179442 
512 466 386 1550788179725 
512 460 422 1550788179742 
512 458 468 1550788179758 
512 469 548 1550788179775 
512 475 575 1550788179789 
512 498 624 1550788179809 
512 507 638 1550788179825 
512 511 642 1550788179842 
512 512 643 1550788179859 
512 514 644 1550788179876 
512 515 645 1550788179893 
512 518 645 1550788179909 
512 521 645 1550788179926 
512 524 644 1550788179943 
512 526 642 1550788179959 
512 530 639 1550788179975 
512 532 638 1550788179992 
512 536 638 1550788180009 
512 538 638 1550788180026 
512 538 638 1550788180043 
512 541 638 1550788180059 
512 545 638 1550788180076 
512 550 638 1550788180092 
512 562 640 1550788180109 
512 570 643 1550788180125 
512 574 645 1550788180142 
512 574 646 1550788180159 
512 573 646 1550788180312 
512 572 646 1550788180323 
512 568 646 1550788180339 
512 565 646 1550788180359 
512 562 646 1550788180376 
512 562 646 1550788180392 
513 562 646 1550788180545 
514 562 646 1550788180743 
512 590 641 1550788180843 
512 624 632 1550788180859 
512 656 627 1550788180877 
512 682 625 1550788180893 
512 698 624 1550788180910 
512 703 624 1550788180924 
512 703 625 1550788180943 
512 704 626 1550788181093 
512 704 627 1550788181110 
512 705 628 1550788181126 
512 706 628 1550788181143 
512 707 628 1550788181160 
512 710 626 1550788181174 
512 719 619 1550788181194 
512 723 614 1550788181210 
512 725 611 1550788181227 
512 726 610 1550788181243 
512 726 607 1550788181260 
512 725 604 1550788181277 
512 724 592 1550788181294 
512 724 567 1550788181310 
512 730 540 1550788181327 
512 734 511 1550788181343 
512 737 477 1550788181360 
512 737 451 1550788181374 
512 727 409 1550788181393 
512 716 379 1550788181410 
512 710 347 1550788181426 
512 708 310 1550788181443 
512 711 290 1550788181460 
512 716 270 1550788181474 
512 719 258 1550788181493 
512 719 251 1550788181510 
512 719 250 1550788181526 
512 719 250 1550788181593 
512 717 248 1550788181610 
512 715 246 1550788181626 
512 714 246 1550788181643 
512 713 244 1550788181661 
512 711 242 1550788181674 
512 710 238 1550788181694 
512 709 236 1550788181711 
512 706 233 1550788181727 
512 703 230 1550788181744 
512 702 227 1550788181761 
512 702 226 1550788181774 
512 702 226 1550788181794 
512 701 226 1550788181827 
512 701 225 1550788181843 
512 700 223 1550788181861 
512 700 222 1550788181874 
512 700 221 1550788181894 
512 700 219 1550788181910 
512 700 218 1550788181974 
512 700 216 1550788181994 
512 700 213 1550788182011 
512 700 210 1550788182027 
512 700 210 1550788182060 
513 700 210 1550788182191 
514 700 210 1550788182373 
