512 694 212 1550843539328 
512 696 218 1550843539345 
512 700 231 1550843539362 
512 703 248 1550843539378 
512 706 271 1550843539395 
512 709 303 1550843539412 
512 712 320 1550843539429 
512 716 336 1550843539445 
512 718 349 1550843539462 
512 718 361 1550843539478 
512 716 377 1550843539495 
512 714 394 1550843539511 
512 721 421 1550843539528 
512 729 447 1550843539545 
512 738 471 1550843539562 
512 744 491 1550843539578 
512 749 510 1550843539594 
512 753 533 1550843539611 
512 760 557 1550843539629 
512 773 573 1550843539645 
512 799 592 1550843539662 
512 814 597 1550843539678 
512 820 601 1550843539695 
512 818 601 1550843539762 
512 816 602 1550843539779 
512 814 605 1550843539795 
512 814 609 1550843539812 
512 815 611 1550843539829 
512 818 615 1550843539845 
512 819 620 1550843539862 
512 822 626 1550843539879 
512 826 628 1550843539895 
512 829 631 1550843539912 
512 832 634 1550843539928 
512 836 638 1550843539946 
512 837 640 1550843539962 
512 838 642 1550843539979 
512 840 642 1550843540012 
512 842 642 1550843540029 
512 844 642 1550843540045 
512 846 642 1550843540062 
512 847 642 1550843540079 
513 847 642 1550843540174 
512 846 642 1550843540297 
512 845 642 1550843540330 
514 845 642 1550843540342 
512 844 642 1550843540431 
512 843 642 1550843540446 
512 839 642 1550843540464 
512 837 643 1550843540480 
512 836 644 1550843540496 
512 833 642 1550843540563 
512 827 638 1550843540580 
512 814 628 1550843540596 
512 802 620 1550843540614 
512 786 614 1550843540630 
512 761 606 1550843540647 
512 750 603 1550843540663 
512 719 586 1550843540679 
512 709 571 1550843540696 
512 709 542 1550843540729 
512 713 526 1550843540746 
512 706 504 1550843540780 
512 691 494 1550843540797 
512 669 487 1550843540815 
512 645 482 1550843540830 
512 626 474 1550843540848 
512 609 466 1550843540865 
512 588 456 1550843540881 
512 572 450 1550843540898 
512 555 446 1550843540914 
512 534 439 1550843540931 
512 513 430 1550843540947 
512 494 418 1550843540965 
512 483 406 1550843540981 
512 483 402 1550843540997 
512 484 397 1550843541014 
512 487 394 1550843541031 
512 490 390 1550843541048 
512 490 390 1550843541065 
512 490 390 1550843541115 
512 492 389 1550843541131 
512 494 388 1550843541148 
512 496 386 1550843541164 
512 497 384 1550843541181 
512 497 383 1550843541198 
512 496 382 1550843541215 
512 492 377 1550843541231 
512 489 374 1550843541247 
512 486 371 1550843541265 
512 485 370 1550843541282 
512 482 368 1550843541298 
512 479 366 1550843541315 
512 476 364 1550843541331 
512 474 363 1550843541348 
512 474 362 1550843541365 
512 473 362 1550843541381 
512 472 362 1550843541398 
512 471 362 1550843541415 
512 470 362 1550843541432 
512 470 362 1550843541465 
512 469 362 1550843541481 
512 469 363 1550843541498 
512 469 364 1550843541514 
512 466 366 1550843541531 
512 464 370 1550843541549 
512 460 377 1550843541564 
512 458 381 1550843541582 
512 458 384 1550843541599 
512 458 386 1550843541615 
512 458 387 1550843541632 
512 459 387 1550843541682 
513 459 387 1550843541775 
512 460 387 1550843541931 
512 462 386 1550843541943 
514 462 386 1550843541944 
512 466 385 1550843541965 
512 469 383 1550843541981 
512 472 380 1550843541999 
512 474 377 1550843542015 
512 478 374 1550843542032 
512 479 372 1550843542049 
512 480 371 1550843542065 
512 480 372 1550843542215 
513 480 372 1550843542217 
512 479 373 1550843542232 
512 478 373 1550843542248 
512 478 373 1550843542316 
512 477 373 1550843542349 
512 476 373 1550843542382 
512 475 374 1550843542399 
514 475 374 1550843542401 
512 478 374 1550843542749 
512 487 370 1550843542766 
512 496 365 1550843542782 
512 504 359 1550843542799 
512 517 349 1550843542816 
512 533 335 1550843542833 
512 559 318 1550843542849 
512 576 305 1550843542866 
512 597 290 1550843542883 
512 610 278 1550843542899 
512 618 270 1550843542915 
512 621 265 1550843542933 
512 621 263 1550843542950 
512 623 263 1550843542999 
512 627 264 1550843543016 
512 636 261 1550843543033 
512 643 258 1550843543049 
512 650 254 1550843543066 
512 659 250 1550843543082 
512 670 242 1550843543099 
512 684 231 1550843543116 
512 708 211 1550843543132 
512 721 198 1550843543149 
512 725 194 1550843543166 
512 726 191 1550843543183 
512 727 191 1550843543199 
512 726 191 1550843543250 
512 726 191 1550843543266 
512 725 191 1550843543282 
512 723 191 1550843543300 
512 720 192 1550843543316 
512 714 196 1550843543333 
512 708 199 1550843543350 
512 702 202 1550843543366 
512 698 206 1550843543382 
512 698 207 1550843543400 
512 696 208 1550843543416 
513 696 208 1550843543605 
514 696 208 1550843543782 
512 696 209 1550843543800 
512 696 214 1550843543817 
512 698 226 1550843543833 
512 704 245 1550843543850 
512 712 271 1550843543867 
512 720 297 1550843543883 
512 726 325 1550843543900 
512 729 362 1550843543917 
512 729 382 1550843543933 
512 726 394 1550843543950 
512 724 404 1550843543966 
512 722 413 1550843543983 
512 722 422 1550843543999 
512 723 436 1550843544016 
512 742 454 1550843544033 
512 754 458 1550843544050 
512 769 455 1550843544067 
512 783 448 1550843544083 
512 796 438 1550843544100 
512 807 426 1550843544117 
512 832 404 1550843544134 
512 850 390 1550843544151 
512 869 378 1550843544167 
512 885 367 1550843544183 
512 891 364 1550843544200 
512 894 366 1550843544300 
512 895 366 1550843544317 
512 897 367 1550843544334 
512 898 368 1550843544350 
512 899 368 1550843544383 
512 900 369 1550843544417 
512 902 370 1550843544434 
512 905 372 1550843544450 
512 909 374 1550843544467 
512 913 374 1550843544484 
512 919 374 1550843544500 
512 922 374 1550843544517 
513 922 374 1550843544718 
514 922 374 1550843544905 
512 922 374 1550843544967 
512 919 378 1550843544984 
512 906 391 1550843545000 
512 894 404 1550843545018 
512 881 418 1550843545034 
512 870 430 1550843545051 
512 861 442 1550843545068 
512 854 451 1550843545084 
512 850 456 1550843545101 
512 842 459 1550843545118 
512 830 464 1550843545134 
512 818 474 1550843545150 
512 806 483 1550843545169 
512 790 496 1550843545184 
512 758 522 1550843545200 
512 726 545 1550843545218 
512 711 562 1550843545233 
512 699 577 1550843545250 
512 695 584 1550843545265 
512 694 586 1550843545283 
512 693 586 1550843545333 
512 688 589 1550843545349 
512 677 593 1550843545366 
512 667 596 1550843545383 
512 658 599 1550843545399 
512 654 601 1550843545416 
512 651 602 1550843545432 
512 646 605 1550843545449 
512 630 610 1550843545466 
512 610 622 1550843545483 
512 578 637 1550843545499 
512 548 651 1550843545516 
512 526 660 1550843545532 
512 518 663 1550843545550 
512 519 663 1550843545616 
512 521 663 1550843545649 
512 522 663 1550843545666 
512 526 665 1550843545682 
512 533 666 1550843545699 
512 540 668 1550843545716 
512 550 668 1550843545733 
512 554 668 1550843545750 
512 558 667 1550843545766 
512 559 666 1550843545783 
512 562 664 1550843545799 
512 565 661 1550843545817 
512 569 658 1550843545833 
512 573 654 1550843545849 
512 574 654 1550843545866 
512 573 654 1550843545949 
512 570 654 1550843545966 
512 568 654 1550843545983 
512 566 653 1550843546000 
512 565 652 1550843546016 
512 563 651 1550843546033 
512 562 650 1550843546050 
512 560 649 1550843546067 
513 560 649 1550843546231 
514 560 649 1550843546410 
512 559 649 1550843546451 
512 562 642 1550843546519 
512 564 637 1550843546535 
512 569 623 1550843546552 
512 576 603 1550843546568 
512 582 586 1550843546585 
512 587 562 1550843546602 
512 591 546 1550843546619 
512 595 529 1550843546635 
512 599 514 1550843546652 
512 604 498 1550843546669 
512 614 482 1550843546685 
512 640 470 1550843546702 
512 728 466 1550843546719 
512 812 466 1550843546736 
512 873 473 1550843546752 
512 903 487 1550843546768 
512 909 499 1550843546785 
512 906 514 1550843546802 
512 886 542 1550843546818 
512 869 561 1550843546835 
512 854 577 1550843546852 
512 847 588 1550843546869 
512 846 591 1550843546886 
512 849 594 1550843546902 
512 850 596 1550843546919 
512 851 598 1550843546935 
512 851 600 1550843546952 
512 852 603 1550843546969 
512 852 606 1550843546986 
512 853 609 1550843547002 
512 854 613 1550843547017 
512 857 616 1550843547034 
512 859 618 1550843547051 
512 862 620 1550843547068 
512 864 620 1550843547084 
512 864 621 1550843547135 
512 862 625 1550843547151 
512 858 630 1550843547168 
512 854 635 1550843547185 
512 850 638 1550843547201 
512 849 641 1550843547218 
512 846 642 1550843547235 
512 844 645 1550843547251 
512 842 646 1550843547268 
512 842 645 1550843547385 
512 842 645 1550843547401 
512 842 644 1550843547419 
513 842 644 1550843547426 
514 842 644 1550843547595 
512 841 644 1550843547684 
512 838 638 1550843547702 
512 834 627 1550843547719 
512 827 615 1550843547736 
512 810 597 1550843547752 
512 798 580 1550843547769 
512 786 563 1550843547786 
512 778 538 1550843547803 
512 773 511 1550843547819 
512 770 486 1550843547836 
512 774 462 1550843547852 
512 784 446 1550843547869 
512 803 425 1550843547886 
512 816 414 1550843547903 
512 823 406 1550843547920 
512 826 404 1550843547936 
512 827 402 1550843547952 
512 829 402 1550843547970 
512 831 403 1550843547986 
512 837 405 1550843548003 
512 848 405 1550843548019 
512 858 405 1550843548036 
512 863 405 1550843548052 
512 866 405 1550843548070 
512 867 405 1550843548086 
512 870 405 1550843548103 
512 880 401 1550843548120 
512 901 397 1550843548137 
512 926 392 1550843548153 
512 940 388 1550843548169 
512 942 386 1550843548186 
512 942 385 1550843548203 
512 941 384 1550843548220 
512 940 384 1550843548236 
512 939 384 1550843548253 
512 938 384 1550843548287 
512 938 382 1550843548320 
512 935 379 1550843548337 
512 934 374 1550843548353 
512 932 374 1550843548370 
512 930 373 1550843548386 
512 929 373 1550843548403 
512 926 373 1550843548420 
512 926 373 1550843548437 
512 925 373 1550843548453 
512 924 373 1550843548470 
513 924 373 1550843548494 
514 924 373 1550843548673 
512 923 374 1550843548787 
512 922 374 1550843548804 
512 919 377 1550843548820 
512 914 381 1550843548838 
512 906 385 1550843548853 
512 894 389 1550843548870 
512 862 394 1550843548887 
512 834 398 1550843548904 
512 810 398 1550843548920 
512 786 398 1550843548937 
512 761 398 1550843548953 
512 738 398 1550843548970 
512 710 398 1550843548987 
512 693 398 1550843549003 
512 678 398 1550843549020 
512 665 398 1550843549036 
512 654 398 1550843549053 
512 641 397 1550843549070 
512 626 393 1550843549087 
512 609 389 1550843549103 
512 584 382 1550843549121 
512 578 378 1550843549137 
512 576 376 1550843549154 
512 575 374 1550843549171 
512 573 373 1550843549187 
512 567 370 1550843549204 
512 554 370 1550843549220 
512 530 370 1550843549237 
512 511 369 1550843549254 
512 498 366 1550843549270 
512 494 365 1550843549287 
512 493 365 1550843549303 
512 492 365 1550843549321 
512 490 365 1550843549337 
512 488 365 1550843549354 
512 486 366 1550843549370 
512 485 366 1550843549387 
512 485 366 1550843549487 
512 483 366 1550843549504 
512 481 368 1550843549521 
512 478 370 1550843549538 
512 476 372 1550843549554 
512 474 375 1550843549571 
512 471 376 1550843549587 
512 471 377 1550843549604 
513 471 377 1550843549708 
512 471 376 1550843549871 
512 472 376 1550843549887 
514 472 376 1550843549887 
512 474 378 1550843550104 
512 496 374 1550843550121 
512 526 361 1550843550137 
512 550 352 1550843550153 
512 568 347 1550843550170 
512 583 349 1550843550187 
512 594 361 1550843550203 
512 614 411 1550843550220 
512 618 461 1550843550236 
512 620 501 1550843550253 
512 625 538 1550843550270 
512 630 562 1550843550287 
512 630 582 1550843550303 
512 628 598 1550843550321 
512 624 614 1550843550336 
512 618 626 1550843550353 
512 618 627 1550843550370 
512 614 628 1550843550454 
512 609 630 1550843550471 
512 601 632 1550843550488 
512 594 633 1550843550505 
512 591 633 1550843550522 
512 589 634 1550843550537 
512 585 634 1550843550554 
512 578 636 1550843550571 
512 568 640 1550843550587 
512 558 644 1550843550605 
512 553 646 1550843550621 
513 553 646 1550843550892 
512 554 646 1550843551068 
514 554 646 1550843551068 
512 554 646 1550843551087 
512 559 640 1550843551105 
512 568 626 1550843551121 
512 581 610 1550843551138 
512 600 579 1550843551155 
512 626 531 1550843551172 
512 642 500 1550843551188 
512 666 453 1550843551205 
512 676 426 1550843551221 
512 684 399 1550843551237 
512 687 378 1550843551254 
512 692 364 1550843551270 
512 696 350 1550843551287 
512 702 335 1550843551303 
512 715 316 1550843551320 
512 730 293 1550843551337 
512 736 261 1550843551353 
512 731 244 1550843551371 
512 719 226 1550843551387 
512 702 212 1550843551404 
512 690 206 1550843551421 
512 688 202 1550843551437 
512 688 201 1550843551453 
512 688 202 1550843551704 
512 690 204 1550843551721 
512 694 206 1550843551737 
512 698 207 1550843551754 
512 700 209 1550843551770 
513 700 209 1550843551881 
512 701 209 1550843551904 
512 701 210 1550843551937 
514 701 210 1550843552075 
