512 702 212 1550780388939 
512 690 225 1550780388956 
512 679 239 1550780388972 
512 666 260 1550780388989 
512 638 301 1550780389005 
512 611 334 1550780389022 
512 584 361 1550780389039 
512 557 382 1550780389055 
512 537 396 1550780389072 
512 522 400 1550780389089 
512 508 402 1550780389105 
512 505 402 1550780389123 
512 502 399 1550780389139 
512 500 398 1550780389156 
512 499 398 1550780389255 
512 526 412 1550780389272 
512 622 450 1550780389289 
512 762 478 1550780389306 
512 899 510 1550780389323 
512 1032 546 1550780389339 
512 1049 559 1550780389356 
512 1046 572 1550780389372 
512 1030 583 1550780389389 
512 1010 594 1550780389406 
512 992 605 1550780389422 
512 970 612 1550780389439 
512 963 615 1550780389455 
512 959 618 1550780389472 
512 955 622 1550780389489 
512 951 624 1550780389506 
512 946 627 1550780389522 
512 943 630 1550780389539 
512 939 632 1550780389555 
512 936 633 1550780389572 
512 930 635 1550780389590 
512 923 637 1550780389605 
512 918 639 1550780389623 
512 914 640 1550780389639 
512 914 641 1550780389656 
512 908 643 1550780389740 
512 897 647 1550780389757 
512 890 650 1550780389773 
512 888 651 1550780389790 
512 886 651 1550780389840 
512 886 651 1550780389855 
512 880 647 1550780389872 
512 875 645 1550780389889 
512 872 642 1550780389906 
512 871 641 1550780389922 
512 870 639 1550780389939 
512 869 638 1550780389972 
512 867 637 1550780389989 
512 865 636 1550780390005 
512 862 636 1550780390022 
512 859 636 1550780390039 
512 858 637 1550780390057 
512 857 638 1550780390073 
512 855 639 1550780390140 
512 850 642 1550780390157 
512 846 646 1550780390173 
512 844 647 1550780390191 
513 844 647 1550780390315 
514 844 647 1550780390490 
512 842 648 1550780390674 
512 839 648 1550780390691 
512 833 648 1550780390708 
512 787 652 1550780390725 
512 702 646 1550780390741 
512 618 626 1550780390757 
512 553 596 1550780390775 
512 514 573 1550780390791 
512 498 550 1550780390807 
512 498 538 1550780390825 
512 500 525 1550780390841 
512 504 509 1550780390858 
512 510 492 1550780390874 
512 514 478 1550780390892 
512 517 464 1550780390908 
512 508 446 1550780390924 
512 495 434 1550780390941 
512 488 422 1550780390958 
512 486 412 1550780390974 
512 486 409 1550780390991 
512 486 406 1550780391007 
512 486 403 1550780391025 
512 486 402 1550780391042 
512 486 398 1550780391058 
512 483 395 1550780391075 
512 482 393 1550780391092 
512 479 389 1550780391107 
512 478 386 1550780391124 
512 477 383 1550780391141 
512 477 380 1550780391157 
512 477 378 1550780391175 
512 477 378 1550780391191 
512 477 377 1550780391208 
513 477 377 1550780391291 
514 477 377 1550780391454 
512 486 377 1550780391641 
512 504 380 1550780391658 
512 524 383 1550780391675 
512 545 386 1550780391692 
512 577 389 1550780391709 
512 618 392 1550780391725 
512 700 380 1550780391742 
512 738 367 1550780391758 
512 754 359 1550780391775 
512 759 354 1550780391792 
512 759 350 1550780391808 
512 759 343 1550780391825 
512 754 329 1550780391842 
512 753 314 1550780391859 
512 751 301 1550780391875 
512 749 288 1550780391892 
512 749 277 1550780391909 
512 750 265 1550780391925 
512 749 260 1550780391943 
512 746 258 1550780391958 
512 741 258 1550780391976 
512 737 258 1550780391992 
512 734 259 1550780392008 
512 732 259 1550780392025 
512 731 259 1550780392075 
512 728 256 1550780392092 
512 725 254 1550780392108 
512 720 250 1550780392125 
512 716 247 1550780392142 
512 712 242 1550780392159 
512 709 234 1550780392175 
512 706 224 1550780392192 
512 706 218 1550780392209 
512 706 214 1550780392226 
512 706 210 1550780392243 
512 706 207 1550780392259 
512 706 205 1550780392275 
512 705 205 1550780392293 
513 705 205 1550780392422 
514 705 205 1550780392596 
512 698 213 1550780392643 
512 675 229 1550780392659 
512 657 242 1550780392676 
512 638 253 1550780392693 
512 626 262 1550780392710 
512 626 262 1550780392793 
512 626 264 1550780392842 
512 626 266 1550780392859 
512 640 274 1550780392876 
512 674 282 1550780392892 
512 732 286 1550780392910 
512 796 294 1550780392926 
512 841 300 1550780392943 
512 865 306 1550780392959 
512 883 310 1550780392976 
512 895 313 1550780392993 
512 898 314 1550780393009 
512 898 315 1550780393109 
512 898 325 1550780393126 
512 901 333 1550780393143 
512 903 339 1550780393160 
512 910 357 1550780393176 
512 914 369 1550780393192 
512 926 384 1550780393209 
512 942 402 1550780393226 
512 956 414 1550780393243 
512 965 422 1550780393260 
512 965 418 1550780393343 
512 965 411 1550780393359 
512 965 408 1550780393376 
512 964 405 1550780393393 
512 962 402 1550780393410 
512 961 400 1550780393427 
512 960 400 1550780393443 
512 957 398 1550780393460 
512 954 398 1550780393476 
512 952 396 1550780393493 
512 949 394 1550780393509 
512 946 392 1550780393526 
512 943 389 1550780393543 
512 938 385 1550780393560 
512 935 382 1550780393577 
512 933 382 1550780393593 
512 930 381 1550780393610 
512 927 380 1550780393626 
512 926 379 1550780393643 
512 926 378 1550780393710 
513 926 378 1550780393750 
514 926 378 1550780393913 
512 926 378 1550780394027 
512 922 387 1550780394043 
512 915 401 1550780394060 
512 906 413 1550780394077 
512 897 424 1550780394094 
512 885 437 1550780394110 
512 873 447 1550780394126 
512 860 457 1550780394143 
512 840 470 1550780394160 
512 826 475 1550780394177 
512 813 479 1550780394194 
512 792 484 1550780394210 
512 750 498 1550780394227 
512 697 513 1550780394244 
512 600 539 1550780394260 
512 554 558 1550780394277 
512 536 573 1550780394294 
512 527 586 1550780394310 
512 525 598 1550780394327 
512 525 610 1550780394344 
512 527 617 1550780394360 
512 530 622 1550780394377 
512 530 624 1550780394394 
512 533 627 1550780394411 
512 534 629 1550780394427 
512 534 630 1550780394443 
512 537 631 1550780394461 
512 538 633 1550780394477 
512 542 636 1550780394493 
512 545 637 1550780394510 
512 547 639 1550780394527 
512 550 640 1550780394544 
512 552 642 1550780394561 
512 554 642 1550780394577 
512 558 645 1550780394594 
512 560 646 1550780394610 
512 562 647 1550780394627 
512 562 649 1550780394644 
512 563 649 1550780394660 
512 563 650 1550780394677 
513 563 650 1550780394754 
512 564 650 1550780394826 
514 564 650 1550780394935 
512 566 645 1550780395077 
512 570 633 1550780395094 
512 575 614 1550780395110 
512 574 594 1550780395126 
512 570 578 1550780395143 
512 567 565 1550780395160 
512 575 550 1550780395177 
512 609 528 1550780395194 
512 664 503 1550780395210 
512 739 483 1550780395226 
512 840 485 1550780395244 
512 875 498 1550780395260 
512 892 518 1550780395277 
512 895 537 1550780395294 
512 890 553 1550780395309 
512 881 566 1550780395326 
512 867 586 1550780395344 
512 864 591 1550780395360 
512 862 594 1550780395376 
512 861 598 1550780395393 
512 859 602 1550780395410 
512 857 606 1550780395426 
512 854 610 1550780395443 
512 853 611 1550780395510 
512 852 613 1550780395527 
512 848 618 1550780395544 
512 844 622 1550780395560 
512 843 623 1550780395576 
512 843 624 1550780395627 
512 843 625 1550780395643 
512 842 627 1550780395660 
512 841 631 1550780395677 
512 841 633 1550780395693 
512 841 634 1550780395711 
512 840 636 1550780395811 
512 838 638 1550780395827 
512 837 641 1550780395844 
512 836 642 1550780395861 
512 836 643 1550780395877 
512 836 645 1550780395894 
512 836 646 1550780395910 
512 836 647 1550780395924 
513 836 647 1550780395925 
512 836 648 1550780395943 
514 836 648 1550780396097 
512 838 647 1550780396194 
512 838 646 1550780396211 
512 839 644 1550780396228 
512 840 643 1550780396244 
512 840 642 1550780396260 
512 841 642 1550780396278 
512 842 639 1550780396293 
512 843 637 1550780396311 
512 845 634 1550780396327 
512 848 627 1550780396344 
512 856 610 1550780396361 
512 877 575 1550780396377 
512 891 542 1550780396394 
512 898 510 1550780396411 
512 902 474 1550780396428 
512 902 443 1550780396445 
512 902 394 1550780396460 
512 902 369 1550780396477 
512 906 355 1550780396494 
512 908 351 1550780396511 
512 909 349 1550780396527 
512 910 350 1550780396645 
512 913 354 1550780396661 
512 914 360 1550780396678 
512 914 363 1550780396695 
512 914 367 1550780396711 
512 917 371 1550780396728 
512 920 377 1550780396745 
512 925 383 1550780396762 
512 926 385 1550780396779 
512 926 386 1550780396795 
512 928 384 1550780396863 
512 928 382 1550780396875 
513 928 382 1550780397004 
512 928 382 1550780397145 
514 928 382 1550780397161 
512 929 381 1550780397179 
512 929 380 1550780397278 
512 916 382 1550780397312 
512 895 386 1550780397328 
512 868 391 1550780397342 
512 811 407 1550780397362 
512 754 419 1550780397378 
512 701 429 1550780397396 
512 615 450 1550780397412 
512 512 467 1550780397429 
512 374 489 1550780397446 
512 332 484 1550780397462 
512 314 472 1550780397478 
512 313 468 1550780397495 
512 313 465 1550780397512 
512 314 461 1550780397529 
512 318 456 1550780397546 
512 325 448 1550780397562 
512 334 437 1550780397579 
512 347 423 1550780397595 
512 358 413 1550780397613 
512 364 407 1550780397629 
512 370 403 1550780397646 
512 374 401 1550780397662 
512 379 398 1550780397679 
512 396 390 1550780397695 
512 408 386 1550780397712 
512 417 383 1550780397729 
512 425 380 1550780397745 
512 431 379 1550780397762 
512 439 378 1550780397778 
512 446 378 1550780397794 
512 449 378 1550780397811 
512 452 378 1550780397827 
512 454 378 1550780397845 
512 454 378 1550780397861 
512 456 378 1550780397878 
512 458 378 1550780397895 
512 458 378 1550780397911 
512 459 378 1550780397962 
512 461 378 1550780397978 
512 462 378 1550780397994 
512 463 377 1550780398011 
512 465 376 1550780398028 
512 466 375 1550780398044 
512 466 375 1550780398061 
512 467 375 1550780398112 
513 467 375 1550780398112 
512 468 375 1550780398145 
514 468 375 1550780398322 
512 478 390 1550780398664 
512 516 436 1550780398680 
512 550 474 1550780398697 
512 580 510 1550780398714 
512 596 539 1550780398730 
512 597 560 1550780398747 
512 590 586 1550780398764 
512 586 600 1550780398780 
512 584 611 1550780398797 
512 583 618 1550780398813 
512 583 620 1550780398830 
512 583 622 1550780398847 
512 582 623 1550780398897 
512 578 628 1550780398913 
512 568 639 1550780398931 
512 555 652 1550780398947 
512 545 658 1550780398964 
512 539 662 1550780398981 
512 536 665 1550780398997 
512 536 666 1550780399014 
512 535 666 1550780399030 
512 534 666 1550780399047 
512 530 670 1550780399064 
512 528 673 1550780399080 
512 526 674 1550780399097 
512 526 674 1550780399113 
512 526 674 1550780399180 
512 529 671 1550780399198 
512 530 670 1550780399214 
512 530 669 1550780399230 
512 532 666 1550780399247 
512 535 662 1550780399264 
512 540 658 1550780399280 
512 542 654 1550780399297 
512 546 652 1550780399314 
512 547 650 1550780399331 
512 550 648 1550780399347 
512 553 646 1550780399364 
512 555 645 1550780399381 
512 557 645 1550780399397 
512 558 644 1550780399415 
512 558 644 1550780399431 
512 559 644 1550780399447 
512 560 644 1550780399464 
513 560 644 1550780399552 
514 560 644 1550780399704 
512 560 643 1550780399864 
512 560 636 1550780399881 
512 562 623 1550780399897 
512 565 604 1550780399914 
512 569 577 1550780399931 
512 575 550 1550780399948 
512 581 510 1550780399964 
512 590 475 1550780399981 
512 610 421 1550780399998 
512 630 371 1550780400014 
512 643 332 1550780400032 
512 646 310 1550780400048 
512 646 296 1550780400064 
512 646 279 1550780400081 
512 650 258 1550780400097 
512 654 246 1550780400115 
512 657 239 1550780400131 
512 658 236 1550780400148 
512 659 234 1550780400165 
512 659 232 1550780400182 
512 660 230 1550780400198 
512 660 229 1550780400265 
512 662 228 1550780400281 
512 663 225 1550780400298 
512 666 223 1550780400315 
512 669 220 1550780400331 
512 679 215 1550780400348 
512 692 207 1550780400365 
512 710 199 1550780400382 
512 722 194 1550780400398 
512 726 191 1550780400414 
512 728 190 1550780400431 
512 729 190 1550780400448 
512 728 190 1550780400515 
512 728 191 1550780400531 
512 727 192 1550780400548 
512 725 194 1550780400565 
512 720 198 1550780400581 
512 706 206 1550780400598 
512 699 210 1550780400615 
512 694 214 1550780400632 
512 694 214 1550780400648 
512 694 212 1550780400815 
512 696 210 1550780400833 
512 697 208 1550780400848 
512 698 207 1550780400865 
512 698 206 1550780400877 
513 698 206 1550780400877 
514 698 206 1550780401049 
