512 696 217 1550876032035 
512 690 242 1550876032052 
512 687 254 1550876032068 
512 681 285 1550876032085 
512 676 301 1550876032102 
512 671 314 1550876032118 
512 667 323 1550876032136 
512 666 327 1550876032153 
512 666 329 1550876032168 
512 662 334 1550876032185 
512 656 346 1550876032201 
512 650 366 1550876032218 
512 645 392 1550876032235 
512 645 419 1550876032252 
512 655 442 1550876032269 
512 692 474 1550876032287 
512 738 498 1550876032304 
512 775 518 1550876032319 
512 801 536 1550876032335 
512 814 554 1550876032353 
512 820 572 1550876032369 
512 822 589 1550876032385 
512 821 606 1550876032402 
512 819 612 1550876032419 
512 818 622 1550876032436 
512 823 628 1550876032455 
512 826 631 1550876032470 
512 830 632 1550876032486 
512 832 634 1550876032502 
512 834 634 1550876032518 
512 835 635 1550876032536 
512 837 636 1550876032553 
512 838 636 1550876032570 
512 840 638 1550876032587 
512 843 641 1550876032605 
512 846 646 1550876032620 
512 846 646 1550876032636 
512 847 648 1550876032652 
512 848 648 1550876032669 
513 848 648 1550876032813 
512 847 648 1550876032969 
512 846 648 1550876032985 
514 846 648 1550876033009 
512 846 648 1550876033103 
512 845 646 1550876033120 
512 844 645 1550876033136 
512 843 642 1550876033153 
512 841 637 1550876033169 
512 837 625 1550876033186 
512 822 602 1550876033203 
512 803 582 1550876033221 
512 771 556 1550876033236 
512 732 529 1550876033252 
512 681 502 1550876033269 
512 601 470 1550876033286 
512 512 457 1550876033303 
512 454 442 1550876033320 
512 398 428 1550876033336 
512 391 423 1550876033353 
512 391 421 1550876033371 
512 393 418 1550876033386 
512 397 416 1550876033402 
512 402 413 1550876033420 
512 407 410 1550876033437 
512 410 409 1550876033452 
512 414 406 1550876033469 
512 417 403 1550876033486 
512 422 399 1550876033503 
512 428 396 1550876033521 
512 436 392 1550876033536 
512 446 388 1550876033552 
512 454 385 1550876033569 
512 457 382 1550876033586 
512 458 382 1550876033603 
512 459 382 1550876033769 
512 461 381 1550876033787 
512 462 380 1550876033804 
512 464 380 1550876033821 
512 465 379 1550876033836 
512 466 379 1550876033853 
512 467 378 1550876033870 
512 468 378 1550876033902 
512 470 378 1550876033920 
512 470 378 1550876033936 
513 470 378 1550876034015 
514 470 378 1550876034213 
512 470 378 1550876034354 
512 470 395 1550876034371 
512 472 406 1550876034387 
512 478 418 1550876034404 
512 486 425 1550876034424 
512 497 426 1550876034438 
512 517 420 1550876034454 
512 543 410 1550876034471 
512 579 392 1550876034488 
512 596 379 1550876034504 
512 606 370 1550876034521 
512 613 360 1550876034537 
512 622 346 1550876034555 
512 635 325 1550876034573 
512 655 298 1550876034588 
512 666 283 1550876034605 
512 676 271 1550876034620 
512 682 259 1550876034637 
512 686 251 1550876034653 
512 687 248 1550876034671 
512 687 246 1550876034687 
512 684 242 1550876034704 
512 680 238 1550876034722 
512 680 235 1550876034737 
512 683 232 1550876034754 
512 686 229 1550876034771 
512 689 226 1550876034787 
512 692 223 1550876034804 
512 694 221 1550876034821 
512 696 219 1550876034837 
512 696 218 1550876034855 
513 696 218 1550876035059 
514 696 218 1550876035265 
512 698 223 1550876035573 
512 708 236 1550876035590 
512 730 248 1550876035607 
512 792 264 1550876035625 
512 857 283 1550876035639 
512 926 301 1550876035655 
512 982 319 1550876035671 
512 1008 335 1550876035688 
512 1017 350 1550876035704 
512 1015 362 1550876035721 
512 1002 374 1550876035738 
512 989 385 1550876035755 
512 975 393 1550876035772 
512 974 394 1550876035788 
512 971 397 1550876035805 
512 966 401 1550876035821 
512 965 402 1550876035838 
512 964 403 1550876035855 
512 963 402 1550876035938 
512 960 399 1550876035954 
512 950 394 1550876035971 
512 946 394 1550876035988 
512 941 392 1550876036005 
512 940 392 1550876036022 
512 939 391 1550876036038 
512 938 391 1550876036105 
512 938 391 1550876036121 
512 937 391 1550876036205 
512 934 387 1550876036223 
512 933 386 1550876036238 
512 930 382 1550876036255 
512 929 380 1550876036271 
512 928 378 1550876036288 
512 928 377 1550876036305 
512 928 376 1550876036322 
513 928 376 1550876036446 
514 928 376 1550876036613 
512 920 382 1550876036689 
512 899 400 1550876036705 
512 853 427 1550876036722 
512 782 450 1550876036739 
512 693 466 1550876036755 
512 614 478 1550876036771 
512 574 483 1550876036788 
512 551 483 1550876036806 
512 547 480 1550876036823 
512 545 479 1550876036838 
512 542 479 1550876036855 
512 542 479 1550876036872 
512 539 481 1550876036888 
512 538 487 1550876036905 
512 538 502 1550876036922 
512 538 509 1550876036939 
512 544 524 1550876036955 
512 550 546 1550876036973 
512 554 561 1550876036989 
512 558 574 1550876037005 
512 563 586 1550876037022 
512 572 602 1550876037039 
512 578 610 1550876037056 
512 580 614 1550876037072 
512 582 618 1550876037088 
512 582 622 1550876037106 
512 579 626 1550876037124 
512 578 627 1550876037138 
512 574 631 1550876037155 
512 570 637 1550876037172 
512 566 640 1550876037189 
512 565 642 1550876037205 
512 563 644 1550876037222 
512 563 645 1550876037239 
512 563 646 1550876037256 
512 563 646 1550876037274 
512 562 647 1550876037322 
512 561 649 1550876037339 
512 558 652 1550876037356 
512 558 653 1550876037372 
512 555 653 1550876037407 
512 555 650 1550876037426 
512 555 647 1550876037440 
512 555 646 1550876037456 
513 555 646 1550876037535 
514 555 646 1550876037741 
512 555 646 1550876037890 
512 566 618 1550876037906 
512 576 593 1550876037923 
512 579 582 1550876037939 
512 579 580 1550876037956 
512 580 580 1550876038025 
512 581 580 1550876038040 
512 606 575 1550876038056 
512 661 570 1550876038073 
512 712 568 1550876038090 
512 748 568 1550876038107 
512 774 575 1550876038123 
512 779 582 1550876038140 
512 781 588 1550876038157 
512 779 592 1550876038175 
512 776 595 1550876038190 
512 774 598 1550876038207 
512 772 602 1550876038223 
512 771 605 1550876038240 
512 771 609 1550876038256 
512 774 613 1550876038274 
512 777 617 1550876038290 
512 779 620 1550876038308 
512 784 624 1550876038325 
512 785 625 1550876038340 
512 788 627 1550876038357 
512 790 628 1550876038391 
512 792 629 1550876038407 
512 794 630 1550876038423 
512 799 632 1550876038441 
512 802 634 1550876038460 
512 807 636 1550876038475 
512 811 638 1550876038491 
512 814 641 1550876038507 
512 816 641 1550876038524 
512 817 642 1550876038541 
512 818 642 1550876038557 
512 820 643 1550876038574 
512 821 643 1550876038591 
512 823 644 1550876038608 
512 824 645 1550876038626 
512 825 645 1550876038640 
512 826 646 1550876038657 
512 826 646 1550876038673 
512 827 646 1550876038690 
512 829 646 1550876038707 
512 830 646 1550876038724 
512 832 646 1550876038741 
512 834 646 1550876038841 
512 834 645 1550876038857 
512 834 645 1550876038873 
512 835 645 1550876038890 
513 835 645 1550876038989 
514 835 645 1550876039203 
512 834 643 1550876039275 
512 826 636 1550876039292 
512 814 623 1550876039309 
512 796 609 1550876039325 
512 771 591 1550876039342 
512 744 584 1550876039360 
512 690 579 1550876039377 
512 630 571 1550876039391 
512 583 566 1550876039408 
512 562 560 1550876039424 
512 560 540 1550876039442 
512 566 531 1550876039458 
512 582 513 1550876039474 
512 595 500 1550876039490 
512 610 488 1550876039508 
512 621 482 1550876039526 
512 634 475 1550876039540 
512 689 456 1550876039557 
512 722 444 1550876039573 
512 830 417 1550876039591 
512 885 404 1550876039608 
512 912 395 1550876039624 
512 920 392 1550876039640 
512 921 392 1550876039658 
512 921 391 1550876039792 
512 923 389 1550876039810 
512 926 386 1550876039826 
512 928 383 1550876039841 
512 928 382 1550876039858 
512 930 382 1550876039875 
512 930 381 1550876039892 
512 930 380 1550876039908 
512 930 380 1550876039941 
513 930 380 1550876040096 
514 930 380 1550876040285 
512 930 379 1550876040309 
512 929 378 1550876040325 
512 926 376 1550876040342 
512 922 375 1550876040358 
512 910 376 1550876040375 
512 899 378 1550876040392 
512 886 382 1550876040409 
512 850 382 1550876040429 
512 834 382 1550876040443 
512 798 386 1550876040458 
512 738 394 1550876040475 
512 706 388 1550876040492 
512 690 375 1550876040509 
512 686 366 1550876040525 
512 682 362 1550876040542 
512 679 360 1550876040559 
512 645 377 1550876040576 
512 581 407 1550876040592 
512 538 422 1550876040608 
512 411 474 1550876040625 
512 373 492 1550876040643 
512 366 494 1550876040659 
512 370 484 1550876040692 
512 377 475 1550876040709 
512 381 470 1550876040726 
512 383 468 1550876040742 
512 386 465 1550876040758 
512 390 461 1550876040774 
512 393 458 1550876040791 
512 401 449 1550876040808 
512 410 442 1550876040825 
512 418 436 1550876040842 
512 421 433 1550876040859 
512 424 430 1550876040877 
512 425 429 1550876040892 
512 426 428 1550876040908 
512 430 424 1550876040924 
512 432 422 1550876040942 
512 435 418 1550876040958 
512 441 412 1550876040974 
512 445 409 1550876040991 
512 449 405 1550876041009 
512 450 403 1550876041027 
512 452 402 1550876041041 
512 454 400 1550876041058 
512 456 398 1550876041075 
512 458 395 1550876041092 
512 462 392 1550876041108 
512 465 390 1550876041125 
512 467 386 1550876041143 
512 468 386 1550876041160 
512 469 385 1550876041177 
512 470 383 1550876041292 
512 471 382 1550876041310 
512 471 380 1550876041327 
512 472 379 1550876041342 
512 472 378 1550876041359 
512 472 378 1550876041392 
513 472 378 1550876041477 
514 472 378 1550876041649 
512 478 390 1550876041910 
512 479 396 1550876041927 
512 487 430 1550876041942 
512 494 470 1550876041958 
512 508 510 1550876041975 
512 530 553 1550876041992 
512 538 575 1550876042009 
512 546 594 1550876042026 
512 550 611 1550876042042 
512 550 629 1550876042059 
512 547 634 1550876042077 
512 544 636 1550876042092 
512 542 636 1550876042109 
512 539 636 1550876042126 
512 538 636 1550876042142 
512 538 637 1550876042275 
512 539 638 1550876042292 
512 542 642 1550876042309 
512 545 643 1550876042325 
512 546 643 1550876042342 
512 547 644 1550876042359 
512 548 644 1550876042392 
512 549 644 1550876042409 
512 550 644 1550876042426 
512 551 644 1550876042444 
512 552 644 1550876042542 
512 554 643 1550876042559 
512 556 642 1550876042576 
512 558 642 1550876042592 
512 559 641 1550876042609 
512 560 641 1550876042642 
512 561 641 1550876042659 
513 561 641 1550876042739 
512 562 641 1550876042777 
512 563 641 1550876042794 
514 563 641 1550876042934 
512 564 641 1550876043076 
512 566 640 1550876043093 
512 567 638 1550876043110 
512 570 637 1550876043128 
512 570 635 1550876043143 
512 571 634 1550876043209 
512 603 585 1550876043226 
512 608 574 1550876043243 
512 613 559 1550876043260 
512 614 552 1550876043279 
512 618 540 1550876043293 
512 620 533 1550876043310 
512 655 466 1550876043327 
512 695 412 1550876043343 
512 717 378 1550876043360 
512 729 355 1550876043377 
512 732 344 1550876043394 
512 732 333 1550876043412 
512 728 314 1550876043430 
512 725 301 1550876043445 
512 725 289 1550876043460 
512 725 280 1550876043477 
512 726 271 1550876043493 
512 727 256 1550876043510 
512 727 246 1550876043527 
512 727 240 1550876043544 
512 726 237 1550876043560 
512 725 234 1550876043578 
512 722 231 1550876043593 
512 719 230 1550876043610 
512 718 229 1550876043627 
512 717 228 1550876043644 
512 715 226 1550876043660 
512 714 223 1550876043677 
512 712 221 1550876043694 
512 707 216 1550876043711 
512 705 214 1550876043728 
512 703 212 1550876043744 
512 701 209 1550876043760 
512 700 206 1550876043777 
512 699 204 1550876043793 
512 699 202 1550876043810 
512 699 201 1550876043826 
513 699 201 1550876043941 
514 699 201 1550876044128 
512 699 204 1550876044143 
512 700 213 1550876044161 
512 700 222 1550876044179 
512 700 225 1550876044194 
512 698 229 1550876044210 
512 698 230 1550876044227 
512 698 233 1550876044244 
512 697 236 1550876044260 
512 690 250 1550876044276 
512 674 269 1550876044294 
512 648 299 1550876044311 
512 626 325 1550876044329 
512 622 334 1550876044344 
512 614 351 1550876044360 
512 611 356 1550876044378 
512 604 365 1550876044394 
512 601 366 1550876044411 
512 581 378 1550876044428 
512 569 386 1550876044445 
512 559 392 1550876044461 
512 554 395 1550876044478 
512 554 396 1550876044494 
512 581 374 1550876044545 
512 595 358 1550876044561 
512 608 344 1550876044578 
512 621 331 1550876044595 
512 626 322 1550876044612 
512 630 312 1550876044629 
512 635 302 1550876044644 
512 644 284 1550876044661 
512 654 270 1550876044678 
512 659 261 1550876044694 
512 661 259 1550876044711 
512 661 258 1550876044728 
512 647 272 1550876044779 
512 637 284 1550876044795 
512 631 292 1550876044811 
512 626 298 1550876044828 
512 623 301 1550876044846 
512 620 304 1550876044862 
512 615 310 1550876044878 
512 602 322 1550876044895 
512 588 334 1550876044912 
512 570 349 1550876044929 
512 563 354 1550876044944 
512 560 358 1550876044961 
512 558 358 1550876045027 
512 555 362 1550876045044 
512 553 364 1550876045062 
512 551 365 1550876045079 
512 551 366 1550876045094 
512 552 363 1550876045195 
512 554 360 1550876045212 
512 554 359 1550876045230 
