512 700 213 1550876061840 
512 697 229 1550876061856 
512 696 239 1550876061874 
512 696 249 1550876061891 
512 696 258 1550876061907 
512 698 262 1550876061923 
512 701 271 1550876061940 
512 702 282 1550876061956 
512 702 291 1550876061974 
512 697 304 1550876061990 
512 695 310 1550876062006 
512 690 326 1550876062024 
512 686 338 1550876062041 
512 685 361 1550876062057 
512 688 382 1550876062073 
512 693 402 1550876062090 
512 703 430 1550876062107 
512 720 455 1550876062123 
512 751 489 1550876062140 
512 786 523 1550876062157 
512 834 578 1550876062174 
512 849 600 1550876062191 
512 852 609 1550876062207 
512 854 625 1550876062223 
512 852 630 1550876062241 
512 848 638 1550876062257 
512 847 642 1550876062274 
512 847 648 1550876062291 
512 850 652 1550876062307 
512 852 654 1550876062324 
512 855 656 1550876062342 
512 857 658 1550876062357 
512 857 661 1550876062374 
512 858 663 1550876062390 
512 858 662 1550876062457 
512 854 658 1550876062474 
512 851 655 1550876062492 
512 849 653 1550876062507 
512 847 652 1550876062524 
512 847 651 1550876062557 
512 846 651 1550876062590 
512 846 651 1550876062607 
512 845 651 1550876062624 
512 845 650 1550876062642 
513 845 650 1550876062805 
514 845 650 1550876062972 
512 844 650 1550876063057 
512 842 647 1550876063075 
512 839 639 1550876063092 
512 838 635 1550876063108 
512 836 622 1550876063125 
512 834 613 1550876063141 
512 834 602 1550876063157 
512 832 578 1550876063174 
512 832 567 1550876063191 
512 830 530 1550876063207 
512 826 492 1550876063224 
512 812 478 1550876063242 
512 787 469 1550876063258 
512 754 461 1550876063274 
512 729 458 1550876063291 
512 706 458 1550876063307 
512 690 462 1550876063324 
512 668 470 1550876063341 
512 642 478 1550876063358 
512 601 483 1550876063375 
512 550 485 1550876063392 
512 518 480 1550876063408 
512 505 470 1550876063424 
512 499 451 1550876063441 
512 499 446 1550876063457 
512 505 430 1550876063474 
512 508 424 1550876063491 
512 510 421 1550876063508 
512 513 418 1550876063525 
512 516 412 1550876063543 
512 517 410 1550876063557 
512 518 404 1550876063574 
512 519 398 1550876063591 
512 518 394 1550876063607 
512 516 392 1550876063624 
512 515 392 1550876063641 
512 512 390 1550876063658 
512 509 389 1550876063675 
512 506 388 1550876063693 
512 503 387 1550876063708 
512 501 386 1550876063725 
512 498 385 1550876063741 
512 497 384 1550876063758 
512 496 383 1550876063775 
512 496 382 1550876063791 
512 495 382 1550876063807 
512 494 381 1550876063824 
512 493 380 1550876063843 
512 492 379 1550876063858 
512 490 379 1550876063874 
512 488 379 1550876063891 
512 486 379 1550876063930 
512 476 376 1550876063975 
512 473 375 1550876063992 
512 470 375 1550876064008 
512 468 376 1550876064024 
512 467 376 1550876064041 
512 466 376 1550876064108 
512 466 376 1550876064126 
513 466 376 1550876064246 
512 466 376 1550876064358 
512 467 376 1550876064375 
512 468 375 1550876064426 
512 470 374 1550876064443 
512 471 373 1550876064448 
514 471 373 1550876064449 
512 473 372 1550876064458 
512 474 372 1550876064491 
512 477 372 1550876064508 
512 479 372 1550876064525 
512 482 370 1550876064541 
512 490 366 1550876064558 
512 506 355 1550876064576 
512 524 343 1550876064594 
512 542 335 1550876064608 
512 552 331 1550876064625 
512 558 328 1550876064642 
512 562 326 1550876064658 
512 572 322 1550876064675 
512 594 313 1550876064692 
512 666 291 1550876064708 
512 749 268 1550876064726 
512 826 256 1550876064743 
512 837 253 1550876064759 
512 838 253 1550876064776 
512 832 254 1550876064809 
512 821 257 1550876064826 
512 812 257 1550876064842 
512 807 257 1550876064859 
512 797 258 1550876064876 
512 783 258 1550876064893 
512 766 261 1550876064908 
512 745 263 1550876064926 
512 721 262 1550876064942 
512 715 261 1550876064959 
512 708 258 1550876064975 
512 707 255 1550876064992 
512 706 253 1550876065009 
512 706 250 1550876065026 
512 706 248 1550876065043 
512 706 246 1550876065059 
512 706 243 1550876065076 
512 706 239 1550876065092 
512 706 236 1550876065109 
512 706 233 1550876065125 
512 706 230 1550876065142 
512 706 229 1550876065159 
512 706 226 1550876065177 
512 705 225 1550876065194 
512 704 224 1550876065209 
512 702 224 1550876065225 
512 702 223 1550876065243 
512 700 222 1550876065259 
512 699 222 1550876065276 
512 698 221 1550876065293 
512 695 219 1550876065308 
512 693 217 1550876065326 
512 692 215 1550876065343 
512 692 214 1550876065359 
512 692 213 1550876065376 
512 692 210 1550876065392 
512 692 209 1550876065410 
512 692 208 1550876065427 
512 692 207 1550876065444 
512 692 206 1550876065459 
512 693 206 1550876065528 
513 693 206 1550876065552 
514 693 206 1550876065784 
512 694 208 1550876065944 
512 694 208 1550876065960 
512 698 212 1550876065977 
512 698 215 1550876065993 
512 700 218 1550876066010 
512 702 221 1550876066026 
512 709 228 1550876066043 
512 721 238 1550876066059 
512 742 259 1550876066077 
512 768 274 1550876066094 
512 799 296 1550876066110 
512 828 318 1550876066127 
512 859 339 1550876066143 
512 888 360 1550876066160 
512 898 370 1550876066193 
512 900 372 1550876066343 
512 903 374 1550876066360 
512 906 377 1550876066377 
512 909 379 1550876066394 
512 910 381 1550876066409 
512 914 382 1550876066427 
512 918 382 1550876066443 
512 918 382 1550876066459 
512 920 382 1550876066476 
512 922 383 1550876066493 
512 926 386 1550876066510 
512 929 389 1550876066527 
512 930 390 1550876066545 
512 930 387 1550876066659 
512 928 385 1550876066676 
512 926 382 1550876066694 
512 925 381 1550876066710 
512 923 377 1550876066727 
512 923 375 1550876066743 
512 923 374 1550876066760 
512 923 373 1550876066777 
513 923 373 1550876066818 
514 923 373 1550876067048 
512 920 373 1550876067193 
512 902 376 1550876067210 
512 842 382 1550876067227 
512 789 389 1550876067243 
512 747 394 1550876067260 
512 718 401 1550876067278 
512 705 405 1550876067296 
512 693 410 1550876067310 
512 681 417 1550876067328 
512 668 428 1550876067343 
512 654 444 1550876067360 
512 639 470 1550876067378 
512 618 510 1550876067394 
512 610 529 1550876067410 
512 610 545 1550876067428 
512 614 567 1550876067445 
512 618 581 1550876067461 
512 618 591 1550876067477 
512 614 601 1550876067494 
512 611 608 1550876067510 
512 608 611 1550876067527 
512 606 616 1550876067543 
512 604 622 1550876067561 
512 603 628 1550876067579 
512 602 630 1550876067597 
512 602 631 1550876067612 
512 602 633 1550876067629 
512 598 634 1550876067646 
512 594 638 1550876067661 
512 590 641 1550876067677 
512 585 643 1550876067694 
512 583 644 1550876067710 
512 579 644 1550876067728 
512 577 644 1550876067745 
512 574 645 1550876067760 
512 570 646 1550876067777 
512 564 647 1550876067794 
512 561 648 1550876067810 
512 558 649 1550876067827 
513 558 649 1550876068020 
512 558 649 1550876068062 
512 559 649 1550876068095 
512 560 649 1550876068112 
514 560 649 1550876068208 
512 561 643 1550876068277 
512 562 626 1550876068295 
512 570 610 1550876068312 
512 582 594 1550876068329 
512 594 570 1550876068346 
512 599 562 1550876068362 
512 614 540 1550876068378 
512 618 529 1550876068394 
512 618 518 1550876068412 
512 613 500 1550876068428 
512 608 493 1550876068446 
512 601 484 1550876068461 
512 600 482 1550876068478 
512 602 484 1550876068528 
512 607 487 1550876068545 
512 618 496 1550876068562 
512 634 514 1550876068578 
512 651 531 1550876068595 
512 680 557 1550876068612 
512 698 575 1550876068630 
512 716 592 1550876068646 
512 749 616 1550876068663 
512 775 630 1550876068678 
512 786 636 1550876068691 
512 802 641 1550876068711 
512 802 640 1550876068745 
512 802 638 1550876068762 
512 802 638 1550876068845 
512 805 638 1550876068862 
512 806 638 1550876068879 
512 806 638 1550876068896 
512 807 638 1550876068912 
512 810 638 1550876068929 
512 814 639 1550876068947 
512 816 641 1550876068962 
512 819 642 1550876068979 
512 822 643 1550876068995 
512 826 644 1550876069011 
512 830 646 1550876069028 
512 834 648 1550876069045 
512 836 648 1550876069062 
512 837 648 1550876069079 
512 837 647 1550876069212 
512 836 647 1550876069229 
513 836 647 1550876069273 
514 836 647 1550876069443 
512 834 646 1550876069564 
512 832 641 1550876069580 
512 828 631 1550876069597 
512 821 618 1550876069613 
512 810 598 1550876069630 
512 792 558 1550876069647 
512 770 524 1550876069663 
512 748 499 1550876069679 
512 729 484 1550876069698 
512 716 475 1550876069712 
512 714 473 1550876069730 
512 714 469 1550876069746 
512 738 445 1550876069763 
512 755 434 1550876069779 
512 803 408 1550876069796 
512 825 397 1550876069813 
512 838 391 1550876069830 
512 845 387 1550876069848 
512 850 384 1550876069863 
512 854 382 1550876069880 
512 866 378 1550876069896 
512 894 371 1550876069943 
512 896 371 1550876069958 
512 905 370 1550876069979 
512 908 370 1550876069997 
512 909 374 1550876070029 
512 910 374 1550876070046 
512 914 374 1550876070063 
512 916 374 1550876070079 
512 917 374 1550876070096 
512 919 374 1550876070112 
512 922 374 1550876070130 
512 926 375 1550876070147 
512 927 375 1550876070163 
512 932 374 1550876070179 
512 932 373 1550876070196 
513 932 373 1550876070330 
514 932 373 1550876070526 
512 932 371 1550876070547 
512 931 371 1550876070563 
512 930 370 1550876070581 
512 929 370 1550876070599 
512 928 369 1550876070613 
512 925 368 1550876070631 
512 914 365 1550876070647 
512 899 362 1550876070663 
512 882 361 1550876070680 
512 844 357 1550876070696 
512 824 350 1550876070713 
512 812 342 1550876070729 
512 802 332 1550876070747 
512 786 319 1550876070763 
512 778 315 1550876070779 
512 749 310 1550876070796 
512 703 310 1550876070813 
512 646 317 1550876070829 
512 563 325 1550876070847 
512 523 326 1550876070863 
512 501 324 1550876070881 
512 488 322 1550876070898 
512 487 322 1550876070930 
512 486 322 1550876070946 
512 484 324 1550876070963 
512 481 327 1550876070980 
512 480 330 1550876070997 
512 479 334 1550876071015 
512 479 337 1550876071032 
512 479 339 1550876071050 
512 479 343 1550876071064 
512 479 347 1550876071081 
512 479 353 1550876071098 
512 480 357 1550876071113 
512 483 363 1550876071130 
512 484 366 1550876071147 
512 484 368 1550876071163 
512 484 370 1550876071180 
512 482 373 1550876071198 
512 481 374 1550876071213 
512 477 378 1550876071230 
512 476 379 1550876071247 
512 474 380 1550876071263 
512 471 381 1550876071280 
512 470 381 1550876071296 
512 470 382 1550876071313 
512 470 382 1550876071331 
513 470 382 1550876071410 
514 470 382 1550876071623 
512 470 381 1550876071847 
512 479 378 1550876071864 
512 494 374 1550876071880 
512 517 374 1550876071897 
512 546 385 1550876071914 
512 586 409 1550876071931 
512 600 430 1550876071949 
512 601 454 1550876071964 
512 590 488 1550876071981 
512 579 525 1550876071997 
512 573 566 1550876072014 
512 570 584 1550876072030 
512 570 599 1550876072047 
512 570 610 1550876072064 
512 569 612 1550876072082 
512 568 613 1550876072099 
512 567 613 1550876072114 
512 565 613 1550876072131 
512 563 612 1550876072147 
512 562 612 1550876072231 
512 560 616 1550876072249 
512 559 622 1550876072264 
512 559 630 1550876072280 
512 559 638 1550876072297 
512 559 642 1550876072314 
512 558 643 1550876072331 
512 558 645 1550876072349 
512 558 646 1550876072383 
512 557 646 1550876072401 
512 556 646 1550876072415 
513 556 646 1550876072538 
514 556 646 1550876072750 
512 561 638 1550876072865 
512 567 627 1550876072882 
512 574 615 1550876072898 
512 588 596 1550876072915 
512 619 558 1550876072931 
512 653 521 1550876072948 
512 683 491 1550876072964 
512 704 468 1550876072981 
512 710 454 1550876073000 
512 707 447 1550876073015 
512 698 437 1550876073032 
512 686 419 1550876073048 
512 680 393 1550876073065 
512 677 370 1550876073082 
512 677 344 1550876073098 
512 674 328 1550876073114 
512 670 313 1550876073132 
512 666 300 1550876073149 
512 662 286 1550876073164 
512 659 278 1550876073181 
512 657 268 1550876073198 
512 658 261 1550876073215 
512 661 256 1550876073231 
512 665 253 1550876073248 
512 669 250 1550876073264 
512 674 246 1550876073282 
512 677 242 1550876073300 
512 680 240 1550876073315 
512 682 237 1550876073331 
512 686 234 1550876073349 
512 687 232 1550876073365 
512 688 230 1550876073382 
512 690 227 1550876073398 
512 691 226 1550876073415 
512 693 224 1550876073435 
512 694 222 1550876073450 
512 696 219 1550876073465 
512 697 218 1550876073482 
512 698 216 1550876073498 
513 698 216 1550876073674 
514 698 216 1550876073855 
