512 703 217 1550876086742 
512 703 228 1550876086758 
512 708 246 1550876086775 
512 712 264 1550876086791 
512 718 295 1550876086809 
512 723 312 1550876086826 
512 726 323 1550876086841 
512 727 329 1550876086859 
512 728 330 1550876086876 
512 728 331 1550876086909 
512 730 340 1550876086941 
512 730 355 1550876086959 
512 730 374 1550876086976 
512 736 388 1550876086991 
512 746 405 1550876087008 
512 761 427 1550876087024 
512 778 452 1550876087041 
512 803 489 1550876087058 
512 821 521 1550876087075 
512 826 552 1550876087091 
512 828 569 1550876087109 
512 828 584 1550876087126 
512 826 602 1550876087141 
512 826 608 1550876087158 
512 827 625 1550876087175 
512 829 628 1550876087191 
512 830 630 1550876087208 
512 830 630 1550876087224 
512 830 631 1550876087342 
512 831 634 1550876087358 
512 832 636 1550876087374 
512 833 637 1550876087392 
512 834 638 1550876087409 
512 836 640 1550876087429 
512 838 641 1550876087458 
512 838 641 1550876087472 
512 838 642 1550876087609 
513 838 642 1550876087614 
514 838 642 1550876087794 
512 838 641 1550876087826 
512 835 636 1550876087842 
512 831 631 1550876087859 
512 828 625 1550876087877 
512 820 614 1550876087892 
512 814 608 1550876087909 
512 807 602 1550876087925 
512 794 594 1550876087942 
512 782 585 1550876087959 
512 763 576 1550876087975 
512 738 565 1550876087992 
512 670 538 1550876088009 
512 623 511 1550876088027 
512 598 488 1550876088042 
512 586 474 1550876088059 
512 581 463 1550876088075 
512 578 454 1550876088092 
512 572 447 1550876088109 
512 555 432 1550876088126 
512 542 420 1550876088142 
512 526 407 1550876088160 
512 515 395 1550876088177 
512 510 390 1550876088192 
512 506 386 1550876088209 
512 501 383 1550876088226 
512 498 382 1550876088242 
512 495 382 1550876088258 
512 493 380 1550876088275 
512 490 378 1550876088292 
512 487 377 1550876088309 
512 484 374 1550876088327 
512 482 374 1550876088342 
512 481 373 1550876088359 
512 480 373 1550876088393 
512 478 373 1550876088410 
512 474 373 1550876088426 
512 473 374 1550876088443 
512 472 374 1550876088460 
513 472 374 1550876088582 
514 472 374 1550876088782 
512 477 374 1550876088810 
512 507 369 1550876088825 
512 556 367 1550876088843 
512 617 361 1550876088860 
512 669 356 1550876088876 
512 706 351 1550876088893 
512 733 350 1550876088910 
512 762 354 1550876088927 
512 770 355 1550876088942 
512 779 360 1550876088959 
512 776 345 1550876089044 
512 772 333 1550876089061 
512 766 318 1550876089078 
512 763 313 1550876089093 
512 746 297 1550876089110 
512 728 283 1550876089127 
512 714 270 1550876089143 
512 708 259 1550876089159 
512 706 252 1550876089176 
512 704 244 1550876089193 
512 702 238 1550876089210 
512 702 234 1550876089227 
512 700 233 1550876089243 
512 699 231 1550876089260 
512 698 231 1550876089276 
512 698 230 1550876089428 
512 698 229 1550876089444 
512 698 227 1550876089461 
512 698 225 1550876089476 
512 698 222 1550876089493 
512 698 218 1550876089511 
512 698 215 1550876089528 
512 698 214 1550876089576 
513 698 214 1550876089683 
514 698 214 1550876089872 
512 699 219 1550876089910 
512 706 242 1550876089927 
512 710 258 1550876089944 
512 717 282 1550876089962 
512 722 309 1550876089979 
512 728 335 1550876089994 
512 732 358 1550876090010 
512 737 377 1550876090027 
512 742 397 1550876090043 
512 746 410 1550876090060 
512 748 422 1550876090077 
512 747 431 1550876090094 
512 744 441 1550876090111 
512 740 447 1550876090129 
512 740 444 1550876090144 
512 762 423 1550876090160 
512 812 399 1550876090177 
512 885 378 1550876090194 
512 958 354 1550876090211 
512 992 346 1550876090228 
512 1002 342 1550876090244 
512 1003 342 1550876090261 
512 1002 342 1550876090311 
512 997 346 1550876090328 
512 994 347 1550876090344 
512 984 350 1550876090361 
512 971 354 1550876090378 
512 954 359 1550876090394 
512 918 369 1550876090412 
512 896 373 1550876090431 
512 893 375 1550876090445 
512 893 376 1550876090461 
512 893 378 1550876090477 
512 893 379 1550876090510 
512 893 380 1550876090527 
512 893 382 1550876090544 
512 894 383 1550876090593 
512 894 385 1550876090627 
512 894 388 1550876090643 
512 898 390 1550876090660 
512 906 390 1550876090677 
512 917 387 1550876090694 
512 932 382 1550876090711 
512 936 378 1550876090729 
512 938 376 1550876090744 
512 938 374 1550876090761 
512 940 370 1550876090777 
512 940 370 1550876090928 
512 940 369 1550876090944 
512 939 369 1550876091077 
512 938 369 1550876091095 
512 935 372 1550876091112 
512 931 374 1550876091128 
513 931 374 1550876091273 
514 931 374 1550876091444 
512 931 375 1550876091480 
512 926 380 1550876091495 
512 908 397 1550876091512 
512 889 416 1550876091528 
512 871 434 1550876091546 
512 854 452 1550876091562 
512 841 467 1550876091578 
512 823 486 1550876091595 
512 813 499 1550876091613 
512 800 512 1550876091631 
512 783 525 1550876091646 
512 770 537 1550876091662 
512 765 544 1550876091679 
512 762 547 1550876091696 
512 758 558 1550876091712 
512 746 568 1550876091728 
512 722 578 1550876091745 
512 674 601 1550876091763 
512 626 618 1550876091781 
512 598 629 1550876091796 
512 590 634 1550876091812 
512 589 634 1550876091862 
512 588 634 1550876091913 
512 586 634 1550876091944 
512 584 633 1550876091977 
512 583 632 1550876091991 
512 581 631 1550876092011 
512 580 631 1550876092030 
512 578 630 1550876092047 
512 577 630 1550876092113 
512 576 631 1550876092130 
512 573 634 1550876092146 
512 570 636 1550876092163 
512 568 638 1550876092180 
512 567 639 1550876092195 
512 565 640 1550876092313 
512 564 642 1550876092330 
512 563 642 1550876092413 
513 563 642 1550876092500 
514 563 642 1550876092676 
512 565 640 1550876092745 
512 568 636 1550876092762 
512 577 626 1550876092778 
512 590 609 1550876092796 
512 604 589 1550876092812 
512 627 540 1550876092831 
512 644 506 1550876092846 
512 656 487 1550876092862 
512 665 470 1550876092879 
512 670 456 1550876092895 
512 677 449 1550876092912 
512 682 446 1550876092929 
512 694 443 1550876092946 
512 704 442 1550876092962 
512 712 442 1550876092981 
512 717 443 1550876092996 
512 719 446 1550876093012 
512 722 448 1550876093029 
512 722 456 1550876093045 
512 721 467 1550876093062 
512 721 482 1550876093079 
512 726 494 1550876093096 
512 737 512 1550876093113 
512 750 530 1550876093131 
512 765 549 1550876093146 
512 782 574 1550876093162 
512 789 590 1550876093179 
512 793 598 1550876093196 
512 793 603 1550876093212 
512 794 604 1550876093280 
512 796 606 1550876093295 
512 798 609 1550876093312 
512 802 612 1550876093329 
512 809 617 1550876093345 
512 814 620 1550876093363 
512 818 622 1550876093380 
512 823 626 1550876093397 
512 826 629 1550876093414 
512 830 633 1550876093433 
512 831 635 1550876093447 
512 832 636 1550876093462 
512 833 638 1550876093476 
512 836 640 1550876093496 
512 836 641 1550876093509 
512 837 641 1550876093531 
512 838 641 1550876093548 
512 838 642 1550876093612 
513 838 642 1550876093697 
514 838 642 1550876093865 
512 836 639 1550876093913 
512 834 637 1550876093929 
512 830 634 1550876093946 
512 828 630 1550876093963 
512 818 622 1550876093979 
512 806 610 1550876093997 
512 790 598 1550876094014 
512 767 582 1550876094031 
512 726 562 1550876094047 
512 618 526 1550876094063 
512 546 502 1550876094080 
512 495 486 1550876094096 
512 476 477 1550876094113 
512 473 466 1550876094131 
512 478 453 1550876094147 
512 493 440 1550876094164 
512 550 414 1550876094181 
512 577 403 1550876094196 
512 670 361 1550876094213 
512 732 338 1550876094230 
512 780 331 1550876094246 
512 814 325 1550876094263 
512 840 322 1550876094280 
512 861 323 1550876094297 
512 884 330 1550876094313 
512 889 334 1550876094332 
512 890 334 1550876094347 
512 890 335 1550876094413 
512 894 338 1550876094431 
512 897 342 1550876094448 
512 901 346 1550876094464 
512 903 349 1550876094482 
512 903 356 1550876094497 
512 903 367 1550876094514 
512 904 374 1550876094531 
512 906 376 1550876094549 
512 907 379 1550876094566 
512 911 381 1550876094582 
512 926 380 1550876094599 
512 936 377 1550876094616 
512 939 374 1550876094634 
512 940 373 1550876094648 
512 939 373 1550876094897 
512 938 373 1550876094914 
512 936 373 1550876094932 
512 934 374 1550876094947 
512 932 374 1550876094963 
512 930 374 1550876094980 
512 928 374 1550876094997 
512 925 376 1550876095014 
512 922 377 1550876095030 
512 921 378 1550876095047 
512 920 378 1550876095065 
513 920 378 1550876095109 
512 920 379 1550876095164 
514 920 379 1550876095357 
512 919 379 1550876095432 
512 915 375 1550876095449 
512 912 373 1550876095464 
512 902 370 1550876095481 
512 890 366 1550876095498 
512 870 364 1550876095514 
512 846 363 1550876095533 
512 805 369 1550876095547 
512 755 374 1550876095564 
512 685 379 1550876095581 
512 669 380 1550876095597 
512 662 380 1550876095614 
512 659 380 1550876095631 
512 652 381 1550876095647 
512 639 383 1550876095665 
512 618 384 1550876095681 
512 614 384 1550876095699 
512 610 384 1550876095714 
512 602 384 1550876095731 
512 586 384 1550876095748 
512 565 384 1550876095764 
512 542 384 1550876095781 
512 515 386 1550876095797 
512 508 384 1550876095815 
512 506 382 1550876095832 
512 503 379 1550876095848 
512 502 378 1550876095864 
512 499 376 1550876095881 
512 496 374 1550876095898 
512 490 374 1550876095914 
512 486 372 1550876095931 
512 485 372 1550876096165 
512 484 372 1550876096181 
512 483 372 1550876096231 
512 482 372 1550876096248 
512 479 372 1550876096265 
512 478 372 1550876096283 
512 475 372 1550876096298 
512 474 373 1550876096314 
512 474 374 1550876096331 
512 473 374 1550876096348 
513 473 374 1550876096495 
514 473 374 1550876096670 
512 478 370 1550876096733 
512 489 358 1550876096748 
512 506 341 1550876096765 
512 524 322 1550876096781 
512 542 305 1550876096798 
512 560 290 1550876096815 
512 573 278 1550876096832 
512 582 273 1550876096848 
512 587 268 1550876096866 
512 598 265 1550876096883 
512 608 261 1550876096898 
512 626 251 1550876096940 
512 628 251 1550876096945 
512 632 254 1550876096965 
512 635 266 1550876096981 
512 639 289 1550876096998 
512 639 333 1550876097015 
512 621 410 1550876097033 
512 615 446 1550876097049 
512 610 476 1550876097065 
512 606 496 1550876097082 
512 604 509 1550876097099 
512 603 515 1550876097115 
512 602 519 1550876097132 
512 601 522 1550876097148 
512 598 525 1550876097166 
512 597 530 1550876097184 
512 597 534 1550876097199 
512 596 542 1550876097215 
512 592 554 1550876097232 
512 588 567 1550876097249 
512 578 586 1550876097265 
512 574 594 1550876097282 
512 570 606 1550876097299 
512 566 617 1550876097315 
512 564 631 1550876097334 
512 561 646 1550876097348 
512 556 670 1550876097365 
512 554 682 1550876097383 
512 552 691 1550876097399 
512 551 694 1550876097416 
512 551 694 1550876097432 
512 550 694 1550876097449 
512 548 690 1550876097468 
512 548 679 1550876097483 
512 550 673 1550876097499 
512 550 671 1550876097515 
512 552 669 1550876097617 
512 557 661 1550876097634 
512 560 654 1550876097649 
512 564 651 1550876097666 
512 565 651 1550876097682 
512 565 650 1550876097799 
512 565 647 1550876097816 
512 565 646 1550876097834 
513 565 646 1550876097921 
514 565 646 1550876098127 
512 565 644 1550876098217 
512 570 626 1550876098234 
512 582 603 1550876098249 
512 598 570 1550876098266 
512 620 525 1550876098284 
512 644 477 1550876098300 
512 658 437 1550876098316 
512 661 416 1550876098332 
512 662 398 1550876098349 
512 662 396 1550876098367 
512 666 383 1550876098384 
512 680 367 1550876098400 
512 697 346 1550876098417 
512 708 331 1550876098433 
512 711 325 1550876098449 
512 710 321 1550876098466 
512 707 318 1550876098483 
512 705 314 1550876098500 
512 701 302 1550876098517 
512 698 286 1550876098534 
512 698 274 1550876098550 
512 699 263 1550876098566 
512 702 254 1550876098584 
512 702 251 1550876098600 
512 702 249 1550876098617 
512 702 246 1550876098634 
512 702 243 1550876098650 
512 702 242 1550876098667 
512 701 238 1550876098683 
512 701 235 1550876098701 
512 700 232 1550876098716 
512 699 230 1550876098733 
512 699 229 1550876098750 
512 699 226 1550876098766 
512 699 225 1550876098784 
512 699 224 1550876098799 
512 699 222 1550876098817 
512 699 220 1550876098835 
512 699 218 1550876098849 
512 699 217 1550876098866 
512 699 214 1550876098884 
512 699 214 1550876098901 
512 699 213 1550876098917 
512 699 212 1550876098984 
512 699 210 1550876099017 
512 699 209 1550876099034 
512 699 208 1550876099052 
513 699 208 1550876099116 
514 699 208 1550876099295 
