512 698 213 1550876099383 
512 696 224 1550876099400 
512 695 233 1550876099416 
512 693 261 1550876099435 
512 690 282 1550876099451 
512 689 287 1550876099466 
512 688 293 1550876099484 
512 688 294 1550876099501 
512 688 296 1550876099517 
512 686 306 1550876099534 
512 682 320 1550876099551 
512 678 341 1550876099568 
512 677 358 1550876099586 
512 678 374 1550876099601 
512 694 398 1550876099617 
512 709 415 1550876099634 
512 726 434 1550876099651 
512 745 452 1550876099667 
512 771 483 1550876099685 
512 794 515 1550876099700 
512 809 540 1550876099718 
512 821 568 1550876099736 
512 823 574 1550876099751 
512 826 586 1550876099767 
512 826 590 1550876099784 
512 826 593 1550876099800 
512 826 597 1550876099817 
512 825 600 1550876099834 
512 822 602 1550876099851 
512 819 606 1550876099868 
512 817 610 1550876099885 
512 816 611 1550876099901 
512 814 615 1550876099917 
512 814 618 1550876099934 
512 816 621 1550876099950 
512 818 622 1550876099968 
512 819 622 1550876099984 
512 821 622 1550876100001 
512 824 622 1550876100018 
512 826 624 1550876100036 
512 830 626 1550876100051 
512 832 628 1550876100067 
512 835 629 1550876100085 
512 837 630 1550876100101 
512 840 632 1550876100117 
512 841 634 1550876100135 
512 843 635 1550876100151 
512 845 638 1550876100168 
513 845 638 1550876100366 
514 845 638 1550876100563 
512 845 638 1550876100618 
512 843 634 1550876100636 
512 838 623 1550876100651 
512 827 610 1550876100667 
512 818 598 1550876100685 
512 811 588 1550876100701 
512 804 582 1550876100718 
512 797 578 1550876100735 
512 787 570 1550876100752 
512 778 557 1550876100768 
512 764 525 1550876100786 
512 738 477 1550876100801 
512 708 446 1550876100818 
512 653 419 1550876100835 
512 604 402 1550876100851 
512 553 385 1550876100868 
512 526 379 1550876100885 
512 507 376 1550876100901 
512 497 373 1550876100919 
512 492 369 1550876100937 
512 490 366 1550876100951 
512 489 364 1550876100968 
512 488 363 1550876100985 
512 488 362 1550876101001 
512 486 362 1550876101069 
512 486 363 1550876101087 
512 485 365 1550876101102 
512 485 366 1550876101185 
512 482 371 1550876101201 
512 479 375 1550876101219 
512 477 378 1550876101236 
512 475 379 1550876101252 
512 474 379 1550876101285 
512 473 379 1550876101301 
512 472 379 1550876101369 
513 472 379 1550876101458 
514 472 379 1550876101667 
512 483 370 1550876101687 
512 510 355 1550876101704 
512 544 338 1550876101720 
512 603 317 1550876101736 
512 672 290 1550876101752 
512 729 278 1550876101769 
512 796 272 1550876101786 
512 831 279 1550876101803 
512 850 289 1550876101820 
512 855 294 1550876101837 
512 855 294 1550876101853 
512 854 297 1550876101870 
512 848 298 1550876101887 
512 839 295 1550876101903 
512 826 291 1550876101919 
512 810 290 1550876101936 
512 791 285 1550876101953 
512 766 281 1550876101970 
512 734 274 1550876101988 
512 721 270 1550876102003 
512 715 266 1550876102019 
512 713 264 1550876102036 
512 709 257 1550876102053 
512 707 250 1550876102070 
512 705 242 1550876102086 
512 703 238 1550876102103 
512 702 230 1550876102120 
512 702 227 1550876102138 
512 702 225 1550876102153 
512 702 222 1550876102170 
512 704 219 1550876102186 
512 706 216 1550876102202 
512 707 214 1550876102219 
512 707 214 1550876102420 
512 706 213 1550876102437 
513 706 213 1550876102488 
512 708 215 1550876102685 
514 708 215 1550876102686 
512 712 222 1550876102703 
512 722 233 1550876102720 
512 733 246 1550876102739 
512 746 263 1550876102753 
512 763 284 1550876102769 
512 784 314 1550876102786 
512 806 348 1550876102803 
512 826 372 1550876102819 
512 851 402 1550876102837 
512 863 418 1550876102853 
512 866 428 1550876102870 
512 864 435 1550876102888 
512 858 439 1550876102902 
512 842 445 1550876102920 
512 838 447 1550876102937 
512 837 447 1550876102953 
512 839 438 1550876102970 
512 851 421 1550876102986 
512 866 408 1550876103003 
512 879 395 1550876103021 
512 892 385 1550876103038 
512 900 380 1550876103053 
512 904 378 1550876103069 
512 905 378 1550876103087 
512 906 381 1550876103270 
512 906 383 1550876103287 
512 907 384 1550876103303 
512 911 384 1550876103320 
512 918 382 1550876103338 
512 923 379 1550876103353 
512 927 377 1550876103370 
512 930 374 1550876103387 
513 930 374 1550876103586 
512 926 378 1550876103767 
514 926 378 1550876103768 
512 913 393 1550876103789 
512 895 415 1550876103804 
512 869 450 1550876103820 
512 842 480 1550876103837 
512 815 519 1550876103854 
512 802 534 1550876103870 
512 786 552 1550876103887 
512 769 575 1550876103904 
512 749 599 1550876103921 
512 730 618 1550876103937 
512 714 634 1550876103955 
512 712 637 1550876103970 
512 712 638 1550876103987 
512 711 638 1550876104053 
512 706 638 1550876104070 
512 691 642 1550876104089 
512 679 646 1550876104104 
512 669 650 1550876104120 
512 659 653 1550876104137 
512 646 659 1550876104153 
512 625 665 1550876104170 
512 590 674 1550876104187 
512 570 675 1550876104203 
512 560 674 1550876104221 
512 559 673 1550876104239 
512 560 671 1550876104255 
512 566 666 1550876104271 
512 574 661 1550876104288 
512 579 656 1550876104305 
512 582 654 1550876104321 
512 583 654 1550876104338 
512 584 654 1550876104372 
512 584 653 1550876104487 
512 584 652 1550876104504 
512 582 651 1550876104521 
512 580 649 1550876104539 
512 578 648 1550876104553 
512 577 648 1550876104570 
512 575 647 1550876104587 
512 574 647 1550876104604 
512 573 646 1550876104620 
512 572 646 1550876104638 
512 570 646 1550876104655 
512 569 646 1550876104671 
512 567 646 1550876104688 
512 566 646 1550876104754 
512 564 646 1550876104771 
512 562 646 1550876104787 
512 561 646 1550876104804 
512 560 646 1550876104821 
512 559 646 1550876104839 
513 559 646 1550876104945 
514 559 646 1550876105138 
512 563 647 1550876105205 
512 575 651 1550876105221 
512 595 655 1550876105238 
512 626 662 1550876105255 
512 655 666 1550876105272 
512 687 673 1550876105289 
512 702 677 1550876105305 
512 706 678 1550876105321 
512 708 679 1550876105405 
512 712 680 1550876105421 
512 718 679 1550876105438 
512 722 678 1550876105456 
512 724 674 1550876105471 
512 732 667 1550876105488 
512 744 660 1550876105505 
512 756 656 1550876105521 
512 766 652 1550876105538 
512 770 650 1550876105555 
512 772 649 1550876105572 
512 774 649 1550876105590 
512 776 648 1550876105604 
512 781 648 1550876105621 
512 789 648 1550876105639 
512 795 647 1550876105654 
512 801 647 1550876105671 
512 803 647 1550876105688 
512 804 647 1550876105705 
512 805 646 1550876105722 
512 809 645 1550876105740 
512 810 645 1550876105755 
512 817 643 1550876105771 
512 821 642 1550876105789 
512 825 642 1550876105805 
512 834 640 1550876105822 
512 842 638 1550876105838 
512 853 636 1550876105855 
512 858 635 1550876105873 
512 859 635 1550876105892 
512 858 635 1550876106005 
512 858 635 1550876106022 
512 855 635 1550876106040 
512 853 636 1550876106055 
512 850 639 1550876106071 
512 845 642 1550876106089 
512 842 644 1550876106105 
512 841 646 1550876106122 
512 840 646 1550876106139 
512 839 646 1550876106222 
513 839 646 1550876106279 
514 839 646 1550876106483 
512 837 642 1550876106522 
512 833 630 1550876106539 
512 827 618 1550876106555 
512 809 595 1550876106572 
512 794 578 1550876106589 
512 779 557 1550876106606 
512 772 542 1550876106623 
512 739 462 1550876106640 
512 720 412 1550876106656 
512 702 370 1550876106672 
512 686 341 1550876106688 
512 669 316 1550876106705 
512 650 298 1550876106723 
512 635 269 1550876106739 
512 633 256 1550876106756 
512 634 250 1550876106773 
512 642 246 1550876106791 
512 652 245 1550876106806 
512 663 249 1550876106822 
512 680 258 1550876106840 
512 700 271 1550876106856 
512 758 300 1550876106872 
512 818 331 1550876106889 
512 865 354 1550876106906 
512 895 366 1550876106923 
512 910 369 1550876106939 
512 912 369 1550876106958 
512 914 373 1550876107073 
512 917 375 1550876107091 
512 918 377 1550876107106 
512 919 377 1550876107123 
512 919 378 1550876107139 
512 920 378 1550876107155 
512 921 378 1550876107224 
512 922 377 1550876107241 
512 922 377 1550876107289 
513 922 377 1550876107387 
512 923 377 1550876107473 
512 923 376 1550876107556 
512 922 373 1550876107584 
514 922 373 1550876107584 
512 919 370 1550876107606 
512 916 366 1550876107623 
512 913 363 1550876107640 
512 908 359 1550876107658 
512 899 354 1550876107673 
512 890 348 1550876107691 
512 876 339 1550876107708 
512 854 326 1550876107723 
512 820 308 1550876107739 
512 778 294 1550876107756 
512 724 286 1550876107773 
512 692 278 1550876107789 
512 669 271 1550876107807 
512 655 266 1550876107824 
512 647 262 1550876107842 
512 641 259 1550876107857 
512 629 255 1550876107873 
512 616 255 1550876107890 
512 588 265 1550876107906 
512 565 278 1550876107923 
512 542 293 1550876107940 
512 522 312 1550876107957 
512 502 330 1550876107974 
512 485 348 1550876107991 
512 472 366 1550876108006 
512 462 387 1550876108023 
512 459 392 1550876108040 
512 459 394 1550876108056 
512 458 394 1550876108158 
512 458 393 1550876108174 
512 458 391 1550876108190 
512 460 387 1550876108206 
512 462 383 1550876108224 
512 466 378 1550876108240 
512 469 375 1550876108257 
512 472 372 1550876108274 
512 473 370 1550876108292 
512 474 369 1550876108307 
513 474 369 1550876108485 
514 474 369 1550876108691 
512 474 369 1550876108909 
512 476 377 1550876109009 
512 482 418 1550876109027 
512 486 486 1550876109044 
512 490 538 1550876109059 
512 493 568 1550876109075 
512 512 623 1550876109092 
512 538 658 1550876109109 
512 563 679 1550876109126 
512 577 695 1550876109142 
512 578 702 1550876109158 
512 578 705 1550876109174 
512 577 705 1550876109191 
512 570 701 1550876109209 
512 567 699 1550876109225 
512 562 694 1550876109241 
512 560 692 1550876109257 
512 559 690 1550876109274 
512 558 687 1550876109291 
512 557 684 1550876109307 
512 555 680 1550876109324 
512 551 667 1550876109342 
512 548 656 1550876109357 
512 548 645 1550876109375 
512 551 633 1550876109391 
512 554 627 1550876109407 
512 558 623 1550876109425 
512 559 622 1550876109442 
512 560 621 1550876109457 
512 561 620 1550876109475 
512 562 620 1550876109492 
512 566 622 1550876109508 
512 568 622 1550876109525 
512 570 624 1550876109541 
512 571 625 1550876109557 
512 572 625 1550876109574 
512 573 626 1550876109628 
512 574 631 1550876109644 
512 574 635 1550876109658 
512 574 638 1550876109675 
512 574 639 1550876109691 
512 573 639 1550876109857 
512 571 639 1550876109875 
512 568 641 1550876109893 
512 566 643 1550876109910 
512 562 645 1550876109925 
512 562 645 1550876109975 
513 562 645 1550876110037 
512 564 641 1550876110275 
512 566 639 1550876110277 
514 566 639 1550876110277 
512 566 638 1550876110291 
512 567 638 1550876110309 
512 572 631 1550876110375 
512 589 613 1550876110394 
512 622 578 1550876110408 
512 674 525 1550876110425 
512 717 495 1550876110442 
512 738 478 1550876110458 
512 750 467 1550876110475 
512 760 462 1550876110492 
512 763 458 1550876110509 
512 766 454 1550876110525 
512 783 437 1550876110544 
512 790 428 1550876110559 
512 804 403 1550876110575 
512 804 393 1550876110592 
512 797 387 1550876110609 
512 784 383 1550876110625 
512 767 379 1550876110642 
512 743 354 1550876110659 
512 731 337 1550876110675 
512 726 320 1550876110693 
512 723 304 1550876110708 
512 720 291 1550876110724 
512 717 281 1550876110742 
512 714 277 1550876110758 
512 710 270 1550876110776 
512 707 263 1550876110793 
512 703 252 1550876110809 
512 699 243 1550876110827 
512 697 238 1550876110844 
512 694 233 1550876110859 
512 693 230 1550876110876 
512 692 228 1550876110892 
512 692 227 1550876110976 
512 691 225 1550876110994 
512 691 222 1550876111009 
512 691 221 1550876111026 
512 691 218 1550876111042 
512 692 218 1550876111059 
512 692 217 1550876111076 
512 692 216 1550876111110 
512 694 214 1550876111294 
512 694 213 1550876111309 
512 694 211 1550876111326 
512 696 209 1550876111343 
512 698 206 1550876111359 
512 700 203 1550876111376 
512 702 201 1550876111393 
512 703 200 1550876111409 
513 703 200 1550876111487 
514 703 200 1550876111726 
512 703 201 1550876111760 
512 700 205 1550876111776 
512 697 210 1550876111793 
512 694 214 1550876111810 
512 697 212 1550876111876 
512 698 210 1550876111895 
512 698 210 1550876111909 
513 698 210 1550876112083 
512 698 210 1550876112177 
514 698 210 1550876112251 
