512 699 211 1551115904529 
512 695 222 1551115904546 
512 690 237 1551115904562 
512 686 252 1551115904579 
512 679 280 1551115904595 
512 671 306 1551115904612 
512 666 333 1551115904629 
512 662 350 1551115904646 
512 658 362 1551115904662 
512 658 373 1551115904679 
512 665 390 1551115904696 
512 670 405 1551115904712 
512 682 422 1551115904729 
512 694 438 1551115904745 
512 706 455 1551115904762 
512 718 473 1551115904779 
512 732 498 1551115904796 
512 746 524 1551115904812 
512 769 561 1551115904828 
512 786 579 1551115904846 
512 800 592 1551115904862 
512 809 599 1551115904879 
512 810 603 1551115904896 
512 810 605 1551115904912 
512 809 606 1551115904929 
512 810 610 1551115904979 
512 811 610 1551115904996 
512 814 612 1551115905012 
512 817 614 1551115905029 
512 822 619 1551115905046 
512 826 626 1551115905063 
512 830 631 1551115905079 
512 834 635 1551115905096 
512 838 638 1551115905113 
512 842 642 1551115905129 
512 844 643 1551115905146 
512 846 644 1551115905162 
512 846 645 1551115905179 
512 845 645 1551115905346 
512 844 645 1551115905379 
513 844 645 1551115905393 
512 843 645 1551115905412 
514 843 645 1551115905555 
512 842 645 1551115905613 
512 841 645 1551115905630 
512 840 645 1551115905647 
512 839 645 1551115905663 
512 838 644 1551115905680 
512 838 642 1551115905696 
512 835 640 1551115905712 
512 833 635 1551115905730 
512 830 619 1551115905746 
512 821 594 1551115905764 
512 811 569 1551115905780 
512 801 540 1551115905796 
512 758 486 1551115905813 
512 690 445 1551115905830 
512 586 421 1551115905847 
512 463 400 1551115905863 
512 339 387 1551115905880 
512 257 380 1551115905896 
512 210 366 1551115905913 
512 208 365 1551115905930 
512 208 364 1551115905946 
512 208 363 1551115905963 
512 210 363 1551115905980 
512 216 365 1551115905996 
512 225 368 1551115906013 
512 241 372 1551115906030 
512 267 377 1551115906046 
512 300 382 1551115906063 
512 345 387 1551115906080 
512 398 395 1551115906096 
512 428 398 1551115906113 
512 453 399 1551115906130 
512 470 398 1551115906147 
512 484 393 1551115906164 
512 490 390 1551115906181 
512 490 390 1551115906197 
512 490 388 1551115906213 
512 490 387 1551115906314 
512 490 386 1551115906330 
512 485 384 1551115906346 
512 479 381 1551115906364 
512 474 377 1551115906380 
512 473 374 1551115906397 
512 473 373 1551115906414 
512 473 372 1551115906431 
512 473 371 1551115906481 
513 473 371 1551115906572 
514 473 371 1551115906738 
512 472 373 1551115906798 
512 472 374 1551115906814 
512 471 375 1551115906832 
512 508 357 1551115907030 
512 571 329 1551115907047 
512 643 299 1551115907063 
512 685 276 1551115907080 
512 689 269 1551115907096 
512 689 265 1551115907113 
512 685 260 1551115907130 
512 674 253 1551115907146 
512 666 250 1551115907163 
512 663 246 1551115907180 
512 661 243 1551115907196 
512 658 237 1551115907213 
512 655 234 1551115907230 
512 654 231 1551115907247 
512 654 229 1551115907263 
512 654 226 1551115907280 
512 656 222 1551115907297 
512 659 219 1551115907314 
512 663 217 1551115907330 
512 668 214 1551115907346 
512 677 210 1551115907364 
512 687 207 1551115907381 
512 699 203 1551115907396 
512 706 202 1551115907413 
512 709 201 1551115907430 
512 706 203 1551115907497 
512 703 206 1551115907514 
512 702 209 1551115907531 
512 700 211 1551115907547 
513 700 211 1551115907730 
514 700 211 1551115907893 
512 699 212 1551115907997 
512 698 216 1551115908014 
512 695 221 1551115908031 
512 694 234 1551115908048 
512 698 259 1551115908065 
512 702 274 1551115908081 
512 706 288 1551115908098 
512 709 298 1551115908115 
512 710 308 1551115908132 
512 710 317 1551115908148 
512 710 328 1551115908164 
512 730 353 1551115908182 
512 780 373 1551115908198 
512 866 384 1551115908215 
512 969 386 1551115908232 
512 1058 388 1551115908248 
512 1095 384 1551115908264 
512 1100 378 1551115908281 
512 1099 375 1551115908298 
512 1090 372 1551115908314 
512 1077 369 1551115908331 
512 1066 369 1551115908348 
512 1061 368 1551115908365 
512 1058 367 1551115908382 
512 1056 366 1551115908398 
512 1048 365 1551115908415 
512 1039 367 1551115908431 
512 1027 371 1551115908448 
512 1015 375 1551115908465 
512 1002 378 1551115908481 
512 996 379 1551115908498 
512 994 379 1551115908515 
512 990 379 1551115908581 
512 978 382 1551115908598 
512 967 384 1551115908615 
512 963 384 1551115908631 
512 961 383 1551115908649 
512 960 382 1551115908665 
512 958 380 1551115908682 
512 952 378 1551115908698 
512 943 376 1551115908715 
512 932 376 1551115908732 
512 924 374 1551115908748 
512 923 374 1551115908765 
513 923 374 1551115908955 
514 923 374 1551115909121 
512 922 374 1551115909283 
512 914 383 1551115909299 
512 896 401 1551115909315 
512 866 422 1551115909332 
512 833 441 1551115909349 
512 802 454 1551115909365 
512 782 458 1551115909383 
512 769 462 1551115909398 
512 766 464 1551115909416 
512 760 481 1551115909433 
512 743 514 1551115909448 
512 718 546 1551115909466 
512 683 581 1551115909483 
512 650 621 1551115909499 
512 634 635 1551115909515 
512 630 645 1551115909533 
512 629 648 1551115909548 
512 630 651 1551115909566 
512 631 652 1551115909583 
512 632 653 1551115909599 
512 632 654 1551115909665 
512 622 656 1551115909682 
512 614 658 1551115909699 
512 608 659 1551115909716 
512 605 660 1551115909733 
512 602 660 1551115909749 
512 598 658 1551115909766 
512 594 658 1551115909782 
512 586 657 1551115909799 
512 582 656 1551115909815 
512 576 654 1551115909833 
512 574 654 1551115909849 
512 572 653 1551115909916 
512 570 651 1551115909933 
512 566 649 1551115909949 
512 564 648 1551115909966 
512 563 648 1551115909983 
512 562 648 1551115910099 
512 561 648 1551115910116 
512 559 646 1551115910132 
512 558 646 1551115910149 
513 558 646 1551115910196 
514 558 646 1551115910359 
512 559 645 1551115910518 
512 560 642 1551115910534 
512 562 638 1551115910551 
512 564 633 1551115910568 
512 570 609 1551115910584 
512 586 575 1551115910601 
512 617 550 1551115910618 
512 656 532 1551115910634 
512 683 526 1551115910651 
512 702 525 1551115910668 
512 709 526 1551115910684 
512 712 529 1551115910701 
512 718 536 1551115910717 
512 730 550 1551115910734 
512 749 566 1551115910751 
512 766 585 1551115910768 
512 785 602 1551115910785 
512 800 616 1551115910801 
512 820 628 1551115910817 
512 823 632 1551115910835 
512 825 634 1551115910851 
512 825 635 1551115910868 
512 825 637 1551115910885 
512 825 638 1551115910917 
512 826 639 1551115910934 
512 829 640 1551115910951 
512 832 642 1551115910968 
512 834 643 1551115910984 
512 838 644 1551115911001 
512 838 644 1551115911035 
513 838 644 1551115911148 
512 838 643 1551115911316 
514 838 643 1551115911317 
512 838 643 1551115911468 
512 836 642 1551115911485 
512 832 641 1551115911502 
512 831 641 1551115911519 
512 831 639 1551115911585 
512 834 622 1551115911602 
512 844 588 1551115911618 
512 866 528 1551115911635 
512 874 475 1551115911652 
512 879 446 1551115911669 
512 883 419 1551115911686 
512 885 394 1551115911701 
512 883 381 1551115911718 
512 881 369 1551115911735 
512 881 358 1551115911752 
512 881 350 1551115911768 
512 882 346 1551115911785 
512 887 342 1551115911802 
512 890 339 1551115911818 
512 891 338 1551115911836 
512 893 338 1551115911919 
512 898 342 1551115911935 
512 906 345 1551115911952 
512 916 348 1551115911969 
512 925 350 1551115911985 
512 930 351 1551115912002 
512 930 351 1551115912019 
512 931 352 1551115912086 
512 931 355 1551115912102 
512 931 356 1551115912119 
512 931 357 1551115912136 
512 931 358 1551115912168 
512 929 361 1551115912186 
512 924 366 1551115912202 
512 922 369 1551115912218 
512 918 372 1551115912235 
512 918 373 1551115912252 
512 918 374 1551115912269 
513 918 374 1551115912456 
514 918 374 1551115912622 
512 915 374 1551115912936 
512 889 381 1551115912952 
512 861 390 1551115912969 
512 831 394 1551115912985 
512 794 397 1551115913001 
512 762 399 1551115913019 
512 706 407 1551115913035 
512 666 412 1551115913051 
512 642 418 1551115913068 
512 625 422 1551115913085 
512 615 426 1551115913101 
512 614 426 1551115913118 
512 614 427 1551115913152 
512 618 434 1551115913169 
512 628 447 1551115913185 
512 636 459 1551115913202 
512 645 472 1551115913219 
512 654 484 1551115913235 
512 658 496 1551115913252 
512 658 513 1551115913269 
512 654 525 1551115913285 
512 650 537 1551115913301 
512 650 542 1551115913318 
512 650 544 1551115913335 
512 652 542 1551115913352 
512 664 526 1551115913369 
512 678 509 1551115913385 
512 690 495 1551115913402 
512 699 485 1551115913419 
512 718 467 1551115913435 
512 735 454 1551115913452 
512 755 440 1551115913469 
512 775 431 1551115913486 
512 789 429 1551115913502 
512 796 429 1551115913519 
512 798 430 1551115913535 
512 798 430 1551115913552 
512 800 430 1551115913569 
512 809 431 1551115913585 
512 838 430 1551115913602 
512 867 427 1551115913619 
512 897 422 1551115913636 
512 914 418 1551115913652 
512 918 416 1551115913669 
512 918 415 1551115913685 
512 922 411 1551115913735 
512 923 409 1551115913752 
512 924 406 1551115913769 
512 924 404 1551115913786 
512 924 402 1551115913802 
512 923 400 1551115913819 
512 922 397 1551115913836 
512 922 395 1551115913852 
512 922 394 1551115913869 
512 922 394 1551115913885 
512 922 393 1551115913903 
512 922 392 1551115913919 
512 921 392 1551115913953 
512 920 391 1551115914069 
512 919 390 1551115914085 
512 915 390 1551115914103 
512 903 390 1551115914119 
512 895 390 1551115914136 
512 885 391 1551115914152 
512 874 391 1551115914169 
512 863 391 1551115914186 
512 852 391 1551115914202 
512 836 389 1551115914219 
512 810 382 1551115914236 
512 791 376 1551115914253 
512 771 370 1551115914269 
512 749 366 1551115914286 
512 726 362 1551115914303 
512 698 362 1551115914319 
512 670 358 1551115914335 
512 649 354 1551115914352 
512 634 346 1551115914369 
512 630 342 1551115914387 
512 627 336 1551115914403 
512 625 331 1551115914419 
512 622 328 1551115914436 
512 620 324 1551115914453 
512 620 321 1551115914469 
512 619 320 1551115914487 
512 622 319 1551115914719 
512 626 318 1551115914736 
512 627 317 1551115914753 
512 626 317 1551115914920 
512 605 317 1551115914936 
512 554 323 1551115914953 
512 497 337 1551115914970 
512 453 354 1551115914987 
512 433 362 1551115915003 
512 433 363 1551115915020 
512 432 364 1551115915053 
512 431 366 1551115915070 
512 428 369 1551115915087 
512 426 370 1551115915103 
512 426 371 1551115915120 
512 437 362 1551115915170 
512 448 358 1551115915187 
512 455 357 1551115915204 
512 458 356 1551115915220 
512 461 356 1551115915237 
512 462 356 1551115915253 
512 465 357 1551115915270 
512 468 358 1551115915286 
512 472 360 1551115915304 
512 474 361 1551115915320 
512 477 363 1551115915336 
512 478 364 1551115915353 
512 478 366 1551115915370 
512 479 367 1551115915387 
512 479 372 1551115915404 
512 479 374 1551115915420 
512 478 377 1551115915437 
512 478 378 1551115915453 
512 478 380 1551115915470 
512 477 380 1551115915604 
512 475 380 1551115915620 
512 474 380 1551115915637 
512 474 380 1551115915704 
512 473 379 1551115915720 
512 472 379 1551115915737 
513 472 379 1551115915770 
514 472 379 1551115915939 
512 472 380 1551115916220 
512 482 400 1551115916238 
512 498 422 1551115916254 
512 516 441 1551115916271 
512 533 459 1551115916287 
512 547 478 1551115916304 
512 554 495 1551115916320 
512 556 518 1551115916338 
512 555 531 1551115916354 
512 554 546 1551115916371 
512 554 558 1551115916387 
512 554 570 1551115916405 
512 558 584 1551115916421 
512 561 590 1551115916437 
512 562 593 1551115916454 
512 564 595 1551115916471 
512 565 597 1551115916488 
512 566 599 1551115916554 
512 565 605 1551115916571 
512 560 614 1551115916588 
512 554 625 1551115916604 
512 548 634 1551115916621 
512 546 638 1551115916638 
512 546 640 1551115916654 
512 546 646 1551115916671 
512 547 650 1551115916687 
512 549 656 1551115916704 
512 550 660 1551115916721 
512 551 661 1551115916738 
512 552 661 1551115916754 
512 553 661 1551115916771 
512 555 658 1551115916787 
512 558 656 1551115916805 
512 559 654 1551115916821 
512 560 654 1551115916838 
512 560 653 1551115916954 
512 560 652 1551115916971 
512 559 652 1551115916986 
512 558 652 1551115917004 
512 558 651 1551115917020 
512 557 650 1551115917037 
512 556 650 1551115917054 
512 555 650 1551115917071 
512 555 648 1551115917087 
512 555 647 1551115917104 
512 555 646 1551115917121 
513 555 646 1551115917190 
514 555 646 1551115917363 
512 555 646 1551115917621 
512 557 643 1551115917638 
512 594 590 1551115917654 
512 630 546 1551115917672 
512 655 500 1551115917688 
512 664 470 1551115917704 
512 664 451 1551115917721 
512 660 434 1551115917739 
512 652 401 1551115917755 
512 650 372 1551115917772 
512 652 342 1551115917788 
512 657 321 1551115917804 
512 662 305 1551115917822 
512 666 293 1551115917839 
512 669 282 1551115917856 
512 670 270 1551115917872 
512 670 258 1551115917889 
512 670 254 1551115917905 
512 672 247 1551115917922 
512 677 241 1551115917938 
512 682 237 1551115917955 
512 686 234 1551115917972 
512 689 230 1551115917989 
512 691 230 1551115918005 
512 692 230 1551115918022 
512 693 230 1551115918039 
512 693 228 1551115918055 
512 694 227 1551115918072 
512 696 224 1551115918088 
512 699 221 1551115918105 
512 700 220 1551115918122 
512 700 219 1551115918138 
512 700 218 1551115918155 
512 702 215 1551115918172 
512 702 214 1551115918189 
512 702 214 1551115918205 
512 702 212 1551115918222 
512 702 211 1551115918256 
513 702 211 1551115918341 
514 702 211 1551115918471 
