512 694 226 1551115993061 
512 696 254 1551115993078 
512 696 280 1551115993094 
512 696 307 1551115993110 
512 696 333 1551115993128 
512 699 351 1551115993145 
512 703 362 1551115993161 
512 707 366 1551115993178 
512 712 375 1551115993194 
512 713 388 1551115993211 
512 707 403 1551115993228 
512 695 418 1551115993245 
512 683 435 1551115993261 
512 678 450 1551115993278 
512 676 478 1551115993294 
512 684 498 1551115993311 
512 700 518 1551115993327 
512 718 537 1551115993344 
512 734 554 1551115993361 
512 746 568 1551115993377 
512 757 582 1551115993394 
512 765 598 1551115993410 
512 768 605 1551115993427 
512 770 609 1551115993444 
512 774 611 1551115993461 
512 778 615 1551115993477 
512 781 618 1551115993494 
512 785 622 1551115993511 
512 788 625 1551115993527 
512 794 630 1551115993544 
512 802 633 1551115993561 
512 810 636 1551115993577 
512 814 638 1551115993595 
512 814 638 1551115993611 
512 815 638 1551115993661 
512 816 638 1551115993678 
512 819 639 1551115993694 
512 820 640 1551115993711 
512 822 640 1551115993728 
512 826 641 1551115993745 
512 829 642 1551115993761 
512 834 642 1551115993778 
512 838 642 1551115993794 
512 842 642 1551115993811 
512 844 642 1551115993828 
512 846 643 1551115993845 
512 846 644 1551115993861 
512 847 644 1551115993878 
512 846 644 1551115993978 
513 846 644 1551115994045 
512 844 644 1551115994145 
512 843 644 1551115994162 
514 843 644 1551115994213 
512 843 641 1551115994278 
512 843 634 1551115994295 
512 840 626 1551115994312 
512 831 610 1551115994329 
512 820 592 1551115994345 
512 805 563 1551115994362 
512 797 540 1551115994378 
512 786 514 1551115994395 
512 773 494 1551115994412 
512 755 472 1551115994428 
512 738 455 1551115994445 
512 712 436 1551115994461 
512 694 423 1551115994478 
512 678 411 1551115994495 
512 665 406 1551115994512 
512 653 403 1551115994528 
512 646 402 1551115994546 
512 635 403 1551115994562 
512 617 407 1551115994579 
512 603 408 1551115994595 
512 587 410 1551115994612 
512 571 410 1551115994629 
512 554 409 1551115994646 
512 538 406 1551115994662 
512 516 399 1551115994679 
512 501 392 1551115994695 
512 489 384 1551115994712 
512 481 373 1551115994729 
512 477 363 1551115994746 
512 475 359 1551115994762 
512 475 356 1551115994779 
512 474 354 1551115994795 
512 473 352 1551115994812 
512 472 352 1551115994829 
512 470 352 1551115994895 
512 470 354 1551115994913 
512 470 355 1551115994946 
512 471 357 1551115994963 
512 474 360 1551115994979 
512 477 363 1551115994996 
512 478 366 1551115995012 
512 480 370 1551115995028 
512 480 373 1551115995045 
512 477 376 1551115995062 
512 474 379 1551115995078 
512 473 381 1551115995095 
512 472 381 1551115995112 
513 472 381 1551115995212 
514 472 381 1551115995410 
512 471 382 1551115995529 
512 467 393 1551115995546 
512 465 398 1551115995562 
512 466 403 1551115995579 
512 478 414 1551115995595 
512 518 424 1551115995613 
512 561 432 1551115995629 
512 612 440 1551115995646 
512 666 450 1551115995663 
512 706 456 1551115995679 
512 724 462 1551115995696 
512 728 464 1551115995712 
512 729 464 1551115995762 
512 740 445 1551115995780 
512 762 413 1551115995796 
512 766 392 1551115995813 
512 765 372 1551115995830 
512 753 354 1551115995846 
512 737 334 1551115995863 
512 722 315 1551115995879 
512 707 291 1551115995896 
512 704 278 1551115995913 
512 704 267 1551115995929 
512 703 258 1551115995946 
512 700 250 1551115995963 
512 698 245 1551115995980 
512 693 242 1551115995996 
512 687 238 1551115996013 
512 686 235 1551115996030 
512 686 232 1551115996046 
512 689 230 1551115996063 
512 690 227 1551115996079 
512 693 226 1551115996096 
512 693 224 1551115996113 
512 694 222 1551115996130 
512 696 218 1551115996146 
512 696 216 1551115996163 
512 697 215 1551115996180 
512 698 214 1551115996196 
512 698 212 1551115996213 
512 698 211 1551115996230 
512 698 209 1551115996246 
512 698 208 1551115996263 
512 698 207 1551115996280 
512 698 206 1551115996297 
513 698 206 1551115996363 
512 695 218 1551115996530 
512 692 230 1551115996535 
514 692 230 1551115996535 
512 690 241 1551115996547 
512 687 272 1551115996563 
512 691 318 1551115996580 
512 705 379 1551115996597 
512 718 406 1551115996614 
512 734 426 1551115996630 
512 753 438 1551115996646 
512 766 442 1551115996663 
512 772 442 1551115996680 
512 774 445 1551115996697 
512 778 458 1551115996713 
512 774 474 1551115996730 
512 762 495 1551115996747 
512 757 514 1551115996763 
512 754 529 1551115996780 
512 762 524 1551115996797 
512 816 475 1551115996814 
512 918 408 1551115996830 
512 978 366 1551115996846 
512 998 346 1551115996864 
512 1003 337 1551115996881 
512 1004 334 1551115996898 
512 1002 332 1551115996914 
512 998 332 1551115996930 
512 991 334 1551115996947 
512 983 338 1551115996963 
512 978 341 1551115996980 
512 973 343 1551115996997 
512 966 345 1551115997013 
512 958 348 1551115997031 
512 948 352 1551115997047 
512 934 361 1551115997063 
512 930 364 1551115997080 
512 929 367 1551115997097 
512 929 370 1551115997114 
512 929 373 1551115997130 
512 929 374 1551115997147 
512 931 377 1551115997164 
512 934 378 1551115997181 
512 935 378 1551115997198 
512 935 379 1551115997214 
513 935 379 1551115997318 
512 934 378 1551115997480 
512 934 378 1551115997498 
512 933 378 1551115997506 
514 933 378 1551115997506 
512 932 376 1551115997530 
512 931 376 1551115997548 
512 929 374 1551115997564 
512 928 374 1551115997581 
512 926 374 1551115997697 
512 910 385 1551115997714 
512 870 404 1551115997731 
512 817 427 1551115997748 
512 766 456 1551115997764 
512 741 477 1551115997781 
512 726 492 1551115997798 
512 706 510 1551115997814 
512 672 541 1551115997831 
512 610 582 1551115997848 
512 514 640 1551115997864 
512 478 660 1551115997881 
512 466 664 1551115997898 
512 466 663 1551115997947 
512 473 654 1551115997965 
512 476 648 1551115997981 
512 479 645 1551115997998 
512 481 643 1551115998015 
512 482 642 1551115998031 
512 486 642 1551115998047 
512 496 644 1551115998065 
512 512 645 1551115998081 
512 531 646 1551115998097 
512 554 646 1551115998114 
512 566 646 1551115998131 
512 570 648 1551115998148 
512 572 650 1551115998164 
512 573 650 1551115998198 
512 574 650 1551115998215 
512 575 652 1551115998232 
512 576 652 1551115998248 
512 575 652 1551115998381 
512 573 652 1551115998397 
512 570 652 1551115998414 
512 568 652 1551115998431 
512 565 651 1551115998448 
512 562 648 1551115998465 
512 562 647 1551115998482 
512 562 646 1551115998499 
513 562 646 1551115998615 
514 562 646 1551115998786 
512 563 641 1551115998881 
512 569 630 1551115998898 
512 573 619 1551115998915 
512 578 606 1551115998931 
512 590 582 1551115998948 
512 598 564 1551115998965 
512 609 543 1551115998981 
512 616 524 1551115998998 
512 620 509 1551115999016 
512 622 501 1551115999032 
512 622 500 1551115999048 
512 624 506 1551115999081 
512 645 538 1551115999098 
512 658 558 1551115999115 
512 674 577 1551115999131 
512 698 596 1551115999148 
512 728 620 1551115999165 
512 753 642 1551115999181 
512 777 662 1551115999198 
512 782 666 1551115999216 
512 783 666 1551115999248 
512 786 666 1551115999265 
512 790 662 1551115999282 
512 794 658 1551115999298 
512 798 655 1551115999315 
512 801 654 1551115999332 
512 803 654 1551115999349 
512 809 654 1551115999365 
512 812 652 1551115999382 
512 814 651 1551115999398 
512 814 650 1551115999566 
512 822 649 1551115999582 
512 827 648 1551115999599 
512 832 648 1551115999615 
512 835 648 1551115999633 
512 836 649 1551115999649 
512 838 650 1551115999666 
512 838 650 1551115999765 
513 838 650 1551115999828 
514 838 650 1551116000000 
512 835 648 1551116000115 
512 834 646 1551116000133 
512 833 645 1551116000150 
512 830 642 1551116000166 
512 826 637 1551116000183 
512 819 630 1551116000199 
512 805 615 1551116000216 
512 786 591 1551116000232 
512 762 558 1551116000249 
512 740 510 1551116000267 
512 726 448 1551116000282 
512 736 424 1551116000300 
512 753 406 1551116000316 
512 771 386 1551116000333 
512 786 371 1551116000349 
512 798 360 1551116000366 
512 803 356 1551116000383 
512 808 353 1551116000399 
512 823 347 1551116000416 
512 834 343 1551116000432 
512 839 342 1551116000449 
512 841 342 1551116000466 
512 843 343 1551116000483 
512 846 346 1551116000499 
512 852 356 1551116000516 
512 858 365 1551116000532 
512 866 371 1551116000549 
512 877 375 1551116000566 
512 890 379 1551116000583 
512 905 379 1551116000600 
512 914 379 1551116000617 
512 915 379 1551116000633 
512 916 379 1551116000650 
512 918 380 1551116000700 
512 918 381 1551116000717 
512 921 381 1551116000733 
512 922 380 1551116000967 
513 922 380 1551116001059 
514 922 380 1551116001228 
512 922 379 1551116001250 
512 918 379 1551116001266 
512 897 378 1551116001283 
512 862 382 1551116001300 
512 809 389 1551116001317 
512 759 393 1551116001334 
512 674 398 1551116001350 
512 619 394 1551116001368 
512 578 390 1551116001383 
512 559 385 1551116001400 
512 552 382 1551116001417 
512 549 381 1551116001433 
512 545 380 1551116001450 
512 542 380 1551116001467 
512 533 381 1551116001483 
512 520 382 1551116001500 
512 503 385 1551116001517 
512 488 386 1551116001534 
512 482 386 1551116001551 
512 480 386 1551116001566 
512 479 386 1551116001667 
512 474 386 1551116001684 
512 469 383 1551116001700 
512 467 381 1551116001717 
512 467 377 1551116001734 
512 470 374 1551116001750 
512 473 371 1551116001767 
512 474 369 1551116001784 
512 476 367 1551116001800 
513 476 367 1551116001969 
514 476 367 1551116002158 
512 478 366 1551116002251 
512 514 354 1551116002267 
512 554 342 1551116002284 
512 604 328 1551116002300 
512 637 316 1551116002318 
512 649 312 1551116002334 
512 651 311 1551116002350 
512 652 312 1551116002434 
512 653 312 1551116002451 
512 651 316 1551116002500 
512 646 324 1551116002518 
512 639 332 1551116002535 
512 637 335 1551116002551 
512 634 338 1551116002567 
512 633 339 1551116002584 
512 632 340 1551116002601 
512 630 343 1551116002618 
512 627 345 1551116002634 
512 624 346 1551116002651 
512 622 348 1551116002667 
512 622 348 1551116002685 
512 621 348 1551116002801 
512 620 348 1551116002817 
512 619 348 1551116003519 
512 594 354 1551116003535 
512 578 358 1551116003552 
512 564 362 1551116003568 
512 558 365 1551116003585 
512 554 367 1551116003602 
512 548 370 1551116003618 
512 540 374 1551116003636 
512 530 378 1551116003651 
512 516 382 1551116003669 
512 512 384 1551116003685 
512 511 384 1551116003701 
512 510 384 1551116003802 
512 507 384 1551116003819 
512 503 382 1551116003835 
512 494 382 1551116003852 
512 475 379 1551116003869 
512 471 378 1551116003885 
512 474 384 1551116004919 
512 482 406 1551116004937 
512 488 418 1551116004952 
512 494 430 1551116004970 
512 506 449 1551116004986 
512 526 479 1551116005003 
512 554 519 1551116005019 
512 598 572 1551116005036 
512 610 598 1551116005053 
512 615 615 1551116005069 
512 616 623 1551116005087 
512 614 626 1551116005103 
512 613 629 1551116005119 
512 610 630 1551116005136 
512 607 632 1551116005153 
512 605 634 1551116005169 
512 602 637 1551116005187 
512 598 640 1551116005203 
512 595 643 1551116005220 
512 592 644 1551116005237 
512 590 646 1551116005253 
512 588 646 1551116005270 
512 586 647 1551116005287 
512 585 647 1551116005303 
512 582 647 1551116005319 
512 580 646 1551116005337 
512 576 643 1551116005353 
512 574 641 1551116005370 
512 571 640 1551116005386 
512 570 640 1551116005486 
512 569 640 1551116005520 
512 568 640 1551116005537 
512 567 640 1551116005687 
512 566 640 1551116005703 
512 565 640 1551116005719 
512 564 640 1551116005837 
512 563 640 1551116005870 
513 563 640 1551116005898 
514 563 640 1551116006070 
512 564 640 1551116006121 
512 566 639 1551116006137 
512 570 636 1551116006153 
512 574 630 1551116006170 
512 586 616 1551116006187 
512 600 600 1551116006203 
512 615 582 1551116006221 
512 634 562 1551116006237 
512 660 532 1551116006254 
512 672 514 1551116006270 
512 677 500 1551116006286 
512 682 482 1551116006303 
512 688 459 1551116006319 
512 699 430 1551116006336 
512 719 382 1551116006353 
512 736 341 1551116006370 
512 739 325 1551116006387 
512 738 311 1551116006402 
512 734 297 1551116006419 
512 730 280 1551116006436 
512 725 262 1551116006452 
512 721 239 1551116006470 
512 722 223 1551116006486 
512 725 212 1551116006502 
512 727 204 1551116006520 
512 728 201 1551116006536 
512 727 198 1551116006554 
512 725 196 1551116006571 
512 724 195 1551116006587 
512 723 195 1551116006653 
512 722 198 1551116006670 
512 717 202 1551116006686 
512 714 203 1551116006699 
512 709 207 1551116006719 
512 706 210 1551116006737 
512 704 212 1551116006753 
512 703 213 1551116006770 
512 703 214 1551116006787 
513 703 214 1551116006978 
514 703 214 1551116007148 
