512 698 218 1551116022533 
512 705 258 1551116022565 
512 716 326 1551116022599 
512 722 370 1551116022633 
512 716 413 1551116022665 
512 708 437 1551116022699 
512 705 446 1551116022732 
512 714 463 1551116022765 
512 725 482 1551116022799 
512 742 513 1551116022832 
512 773 552 1551116022865 
512 812 606 1551116022899 
512 815 626 1551116022933 
512 811 631 1551116022965 
512 811 635 1551116022997 
512 813 638 1551116023032 
512 814 638 1551116023066 
512 818 641 1551116023099 
512 825 646 1551116023133 
512 835 650 1551116023166 
512 841 650 1551116023198 
512 843 650 1551116023232 
512 842 649 1551116023400 
512 839 646 1551116023432 
512 837 645 1551116023466 
512 837 644 1551116023500 
512 837 643 1551116023532 
513 837 643 1551116023575 
514 837 643 1551116023748 
512 834 637 1551116023833 
512 826 606 1551116023867 
512 796 563 1551116023900 
512 742 510 1551116023934 
512 694 464 1551116023966 
512 665 426 1551116024000 
512 662 418 1551116024033 
512 659 415 1551116024065 
512 618 420 1551116024100 
512 566 414 1551116024134 
512 556 399 1551116024166 
512 552 392 1551116024200 
512 542 386 1551116024234 
512 517 384 1551116024266 
512 501 381 1551116024300 
512 495 380 1551116024333 
512 493 379 1551116024367 
512 489 379 1551116024400 
512 486 379 1551116024433 
512 482 377 1551116024468 
512 479 373 1551116024499 
512 476 370 1551116024534 
512 470 370 1551116024567 
512 467 370 1551116024599 
513 467 370 1551116024773 
514 467 370 1551116024929 
512 585 359 1551116025101 
512 725 347 1551116025133 
512 772 342 1551116025167 
512 776 341 1551116025201 
512 774 340 1551116025233 
512 760 334 1551116025268 
512 738 322 1551116025301 
512 718 298 1551116025335 
512 707 268 1551116025368 
512 700 247 1551116025400 
512 699 225 1551116025435 
512 707 205 1551116025467 
512 710 194 1551116025500 
512 710 190 1551116025534 
512 710 190 1551116025601 
512 704 199 1551116025735 
512 699 208 1551116025768 
512 698 212 1551116025802 
513 698 212 1551116026006 
514 698 212 1551116026188 
512 698 213 1551116026235 
512 698 239 1551116026269 
512 690 285 1551116026302 
512 682 350 1551116026335 
512 691 405 1551116026367 
512 704 420 1551116026402 
512 700 429 1551116026436 
512 678 454 1551116026467 
512 669 465 1551116026502 
512 695 446 1551116026535 
512 743 418 1551116026567 
512 788 389 1551116026601 
512 810 382 1551116026634 
512 816 382 1551116026669 
512 818 383 1551116026702 
512 824 389 1551116026734 
512 846 394 1551116026769 
512 878 390 1551116026802 
512 913 381 1551116026836 
512 945 369 1551116026869 
512 947 368 1551116026902 
512 947 367 1551116026936 
512 945 370 1551116027002 
512 939 374 1551116027035 
512 938 375 1551116027069 
512 935 378 1551116027102 
512 928 382 1551116027135 
512 926 383 1551116027168 
512 926 381 1551116027269 
512 925 380 1551116027302 
512 925 379 1551116027335 
512 925 378 1551116027400 
513 925 378 1551116027401 
514 925 378 1551116027593 
512 883 392 1551116027702 
512 754 439 1551116027736 
512 715 450 1551116027769 
512 702 453 1551116027802 
512 674 462 1551116027836 
512 626 475 1551116027869 
512 601 482 1551116027903 
512 601 487 1551116027936 
512 603 513 1551116027968 
512 601 537 1551116028003 
512 599 570 1551116028037 
512 600 600 1551116028069 
512 601 618 1551116028103 
512 600 622 1551116028136 
512 595 627 1551116028169 
512 578 636 1551116028203 
512 571 640 1551116028236 
512 570 642 1551116028270 
512 569 642 1551116028302 
512 564 642 1551116028337 
512 558 645 1551116028370 
512 557 646 1551116028402 
513 557 646 1551116028553 
514 557 646 1551116028722 
512 558 640 1551116028804 
512 571 610 1551116028837 
512 594 571 1551116028869 
512 628 507 1551116028903 
512 673 432 1551116028937 
512 686 402 1551116028970 
512 690 388 1551116029004 
512 697 385 1551116029037 
512 732 401 1551116029070 
512 757 429 1551116029103 
512 770 474 1551116029137 
512 782 526 1551116029170 
512 802 566 1551116029203 
512 808 575 1551116029236 
512 810 578 1551116029271 
512 814 585 1551116029303 
512 820 593 1551116029336 
512 826 598 1551116029371 
512 832 606 1551116029403 
512 832 610 1551116029436 
512 832 612 1551116029470 
512 830 619 1551116029504 
512 825 629 1551116029537 
512 823 634 1551116029571 
512 823 638 1551116029604 
512 826 642 1551116029636 
512 829 646 1551116029671 
512 833 649 1551116029704 
512 835 649 1551116029738 
512 840 647 1551116029771 
512 841 647 1551116029804 
512 842 647 1551116029837 
512 842 646 1551116029937 
513 842 646 1551116029948 
514 842 646 1551116030127 
512 842 639 1551116030171 
512 838 628 1551116030204 
512 831 620 1551116030238 
512 813 600 1551116030271 
512 781 574 1551116030305 
512 680 518 1551116030338 
512 587 474 1551116030370 
512 560 458 1551116030405 
512 558 450 1551116030438 
512 611 414 1551116030470 
512 719 394 1551116030505 
512 843 384 1551116030538 
512 1004 373 1551116030571 
512 1111 375 1551116030605 
512 1124 376 1551116030639 
512 1060 386 1551116030671 
512 950 389 1551116030705 
512 896 385 1551116030737 
512 889 378 1551116030772 
512 889 376 1551116030804 
512 896 375 1551116031006 
512 910 373 1551116031037 
512 911 374 1551116031072 
512 913 374 1551116031105 
512 916 374 1551116031139 
512 917 374 1551116031172 
512 918 374 1551116031205 
512 918 374 1551116031239 
512 920 374 1551116031339 
512 923 375 1551116031372 
512 929 377 1551116031404 
512 930 377 1551116031439 
513 930 377 1551116031496 
514 930 377 1551116031682 
512 901 377 1551116031772 
512 865 384 1551116031806 
512 817 390 1551116031839 
512 734 396 1551116031871 
512 669 406 1551116031905 
512 642 412 1551116031939 
512 631 418 1551116031972 
512 624 424 1551116032006 
512 617 426 1551116032039 
512 598 419 1551116032071 
512 537 401 1551116032106 
512 505 386 1551116032138 
512 496 380 1551116032172 
512 485 373 1551116032206 
512 478 372 1551116032239 
512 478 371 1551116032306 
513 478 371 1551116032518 
514 478 371 1551116032686 
512 486 374 1551116032905 
512 528 385 1551116032939 
512 582 394 1551116032973 
512 627 418 1551116033006 
512 669 494 1551116033040 
512 657 542 1551116033072 
512 618 576 1551116033106 
512 585 609 1551116033140 
512 582 610 1551116033173 
512 582 612 1551116033340 
512 575 624 1551116033373 
512 570 634 1551116033407 
512 568 638 1551116033440 
512 566 644 1551116033540 
512 562 648 1551116033574 
512 561 648 1551116033674 
512 559 648 1551116033707 
513 559 648 1551116033771 
514 559 648 1551116033952 
512 559 647 1551116033974 
512 564 640 1551116034007 
512 571 623 1551116034041 
512 580 607 1551116034074 
512 594 581 1551116034106 
512 620 542 1551116034141 
512 650 504 1551116034174 
512 651 502 1551116034207 
512 658 488 1551116034241 
512 693 429 1551116034275 
512 726 358 1551116034306 
512 720 327 1551116034341 
512 707 293 1551116034374 
512 703 262 1551116034406 
512 712 229 1551116034441 
512 718 216 1551116034475 
512 718 214 1551116034508 
512 716 214 1551116034708 
512 709 214 1551116034741 
512 705 214 1551116034774 
512 704 212 1551116034809 
512 702 212 1551116034908 
513 702 212 1551116034977 
514 702 212 1551116035134 
