512 698 217 1551132982535 
512 693 235 1551132982552 
512 672 283 1551132982569 
512 654 322 1551132982585 
512 640 351 1551132982602 
512 632 367 1551132982619 
512 630 378 1551132982635 
512 630 383 1551132982652 
512 633 399 1551132982668 
512 636 410 1551132982685 
512 639 423 1551132982702 
512 644 441 1551132982718 
512 649 456 1551132982736 
512 661 474 1551132982752 
512 674 490 1551132982768 
512 691 509 1551132982785 
512 724 538 1551132982802 
512 742 556 1551132982818 
512 756 570 1551132982835 
512 770 584 1551132982852 
512 782 594 1551132982869 
512 787 599 1551132982886 
512 788 602 1551132982902 
512 789 602 1551132982918 
512 790 603 1551132982969 
512 793 606 1551132982985 
512 796 610 1551132983002 
512 800 613 1551132983019 
512 808 623 1551132983035 
512 815 633 1551132983052 
512 822 639 1551132983068 
512 823 641 1551132983085 
512 826 644 1551132983102 
512 826 644 1551132983119 
512 827 644 1551132983186 
512 828 644 1551132983203 
512 828 643 1551132983219 
512 830 643 1551132983369 
512 830 643 1551132983385 
512 831 643 1551132983402 
512 832 643 1551132983419 
512 834 643 1551132983469 
512 834 643 1551132983486 
512 835 643 1551132983503 
512 837 643 1551132983519 
512 838 643 1551132983598 
513 838 643 1551132983599 
514 838 643 1551132983768 
512 838 642 1551132983820 
512 836 639 1551132983836 
512 834 635 1551132983853 
512 827 630 1551132983870 
512 816 618 1551132983886 
512 788 596 1551132983903 
512 753 577 1551132983919 
512 699 557 1551132983936 
512 641 540 1551132983953 
512 579 523 1551132983969 
512 539 514 1551132983986 
512 503 500 1551132984003 
512 490 490 1551132984020 
512 478 481 1551132984037 
512 474 474 1551132984053 
512 470 467 1551132984069 
512 467 462 1551132984087 
512 465 456 1551132984103 
512 460 450 1551132984119 
512 458 446 1551132984137 
512 454 443 1551132984153 
512 451 439 1551132984170 
512 450 433 1551132984186 
512 450 426 1551132984203 
512 454 420 1551132984219 
512 456 415 1551132984237 
512 457 414 1551132984253 
512 457 413 1551132984270 
512 457 411 1551132984287 
512 457 410 1551132984303 
512 457 410 1551132984320 
512 458 408 1551132984336 
512 459 405 1551132984353 
512 459 402 1551132984370 
512 461 400 1551132984386 
512 461 397 1551132984403 
512 461 394 1551132984420 
512 462 394 1551132984436 
512 463 390 1551132984453 
512 466 386 1551132984470 
512 470 382 1551132984486 
512 473 379 1551132984504 
512 474 378 1551132984520 
512 474 377 1551132984536 
512 474 376 1551132984553 
513 474 376 1551132984711 
514 474 376 1551132984876 
512 475 378 1551132985054 
512 480 404 1551132985071 
512 497 453 1551132985087 
512 510 478 1551132985104 
512 522 495 1551132985121 
512 542 509 1551132985138 
512 564 518 1551132985154 
512 589 521 1551132985171 
512 617 507 1551132985187 
512 642 488 1551132985204 
512 664 460 1551132985221 
512 669 442 1551132985238 
512 674 427 1551132985253 
512 677 409 1551132985270 
512 680 388 1551132985287 
512 683 362 1551132985304 
512 683 326 1551132985320 
512 683 307 1551132985337 
512 684 291 1551132985354 
512 687 279 1551132985370 
512 689 268 1551132985388 
512 690 261 1551132985404 
512 691 258 1551132985420 
512 691 254 1551132985437 
512 691 254 1551132985454 
512 691 253 1551132985470 
512 694 250 1551132985537 
512 697 245 1551132985554 
512 699 240 1551132985571 
512 702 236 1551132985587 
512 706 231 1551132985604 
512 710 226 1551132985620 
512 712 223 1551132985638 
512 713 222 1551132985654 
512 713 222 1551132985804 
512 713 220 1551132985821 
512 711 218 1551132985838 
512 711 218 1551132985854 
512 711 217 1551132985871 
512 711 215 1551132985888 
512 710 214 1551132985904 
512 710 212 1551132985921 
512 709 210 1551132985938 
512 708 209 1551132985954 
512 706 206 1551132985971 
512 705 205 1551132986004 
512 705 204 1551132986038 
512 703 203 1551132986054 
512 702 203 1551132986071 
512 702 202 1551132986104 
513 702 202 1551132986157 
512 702 209 1551132986351 
514 702 209 1551132986352 
512 700 221 1551132986371 
512 698 235 1551132986388 
512 696 254 1551132986404 
512 693 268 1551132986421 
512 689 283 1551132986438 
512 683 302 1551132986454 
512 674 319 1551132986471 
512 666 334 1551132986488 
512 655 350 1551132986505 
512 646 366 1551132986521 
512 637 383 1551132986538 
512 633 395 1551132986555 
512 629 409 1551132986572 
512 626 426 1551132986588 
512 625 445 1551132986605 
512 629 462 1551132986622 
512 638 470 1551132986638 
512 662 464 1551132986654 
512 688 450 1551132986671 
512 727 432 1551132986688 
512 756 417 1551132986704 
512 774 406 1551132986721 
512 786 400 1551132986739 
512 794 396 1551132986755 
512 797 394 1551132986772 
512 802 394 1551132986788 
512 806 394 1551132986805 
512 810 394 1551132986821 
512 810 394 1551132986838 
512 814 395 1551132986855 
512 822 398 1551132986871 
512 830 401 1551132986889 
512 846 402 1551132986904 
512 868 403 1551132986921 
512 906 398 1551132986938 
512 926 394 1551132986955 
512 942 390 1551132986972 
512 948 388 1551132986988 
512 950 387 1551132987005 
512 950 386 1551132987172 
512 946 385 1551132987188 
512 945 384 1551132987205 
512 942 384 1551132987222 
512 939 382 1551132987239 
512 937 382 1551132987255 
512 934 382 1551132987272 
512 930 380 1551132987289 
512 930 379 1551132987322 
512 930 378 1551132987339 
512 930 377 1551132987355 
512 930 376 1551132987389 
512 928 376 1551132987422 
512 927 376 1551132987439 
513 927 376 1551132987503 
512 926 376 1551132987639 
514 926 376 1551132987664 
512 919 378 1551132987723 
512 898 388 1551132987739 
512 870 398 1551132987755 
512 838 416 1551132987772 
512 800 439 1551132987789 
512 751 466 1551132987806 
512 714 484 1551132987823 
512 663 502 1551132987839 
512 628 515 1551132987856 
512 601 524 1551132987873 
512 596 526 1551132987889 
512 594 528 1551132987922 
512 593 530 1551132987939 
512 589 538 1551132987956 
512 582 554 1551132987973 
512 578 570 1551132987989 
512 574 583 1551132988006 
512 572 603 1551132988022 
512 574 614 1551132988039 
512 578 623 1551132988056 
512 579 627 1551132988072 
512 582 630 1551132988089 
512 583 633 1551132988106 
512 583 634 1551132988123 
512 582 634 1551132988256 
512 578 634 1551132988273 
512 575 635 1551132988289 
512 573 636 1551132988306 
512 570 638 1551132988323 
512 567 640 1551132988340 
512 566 641 1551132988356 
512 565 641 1551132988506 
512 564 642 1551132988523 
512 562 644 1551132988540 
512 557 647 1551132988556 
513 557 647 1551132988686 
514 557 647 1551132988834 
512 560 640 1551132989073 
512 574 622 1551132989090 
512 628 587 1551132989107 
512 674 570 1551132989123 
512 703 566 1551132989140 
512 722 568 1551132989157 
512 736 574 1551132989174 
512 742 584 1551132989190 
512 746 595 1551132989207 
512 750 607 1551132989224 
512 758 626 1551132989240 
512 763 636 1551132989257 
512 768 643 1551132989274 
512 771 648 1551132989290 
512 775 650 1551132989306 
512 779 654 1551132989323 
512 782 656 1551132989340 
512 784 657 1551132989356 
512 786 657 1551132989373 
512 790 657 1551132989390 
512 799 655 1551132989407 
512 814 654 1551132989423 
512 827 653 1551132989440 
512 847 649 1551132989457 
512 854 646 1551132989474 
512 854 646 1551132989490 
512 854 646 1551132989523 
512 854 645 1551132989557 
512 853 644 1551132989590 
512 851 644 1551132989607 
512 849 643 1551132989623 
512 847 643 1551132989640 
512 846 643 1551132989657 
512 843 642 1551132989673 
512 838 642 1551132989690 
512 836 642 1551132989707 
512 832 643 1551132989724 
512 830 644 1551132989741 
512 829 644 1551132989774 
512 830 644 1551132989957 
512 830 644 1551132989974 
512 831 644 1551132989991 
512 834 644 1551132990107 
512 835 644 1551132990124 
512 837 644 1551132990140 
512 838 644 1551132990157 
513 838 644 1551132990227 
512 837 642 1551132990403 
514 837 642 1551132990404 
512 833 636 1551132990424 
512 817 625 1551132990441 
512 796 618 1551132990457 
512 750 612 1551132990474 
512 674 612 1551132990491 
512 607 613 1551132990507 
512 554 614 1551132990524 
512 518 613 1551132990541 
512 487 606 1551132990558 
512 475 602 1551132990574 
512 464 598 1551132990591 
512 457 596 1551132990607 
512 452 594 1551132990624 
512 450 592 1551132990641 
512 448 590 1551132990658 
512 446 581 1551132990674 
512 446 570 1551132990691 
512 449 559 1551132990708 
512 456 547 1551132990724 
512 470 530 1551132990741 
512 490 514 1551132990757 
512 538 481 1551132990773 
512 601 439 1551132990790 
512 673 410 1551132990806 
512 741 382 1551132990824 
512 795 363 1551132990840 
512 834 353 1551132990856 
512 856 352 1551132990874 
512 865 354 1551132990890 
512 866 355 1551132990906 
512 866 358 1551132990923 
512 866 358 1551132990939 
512 866 360 1551132990956 
512 867 362 1551132990973 
512 870 369 1551132990989 
512 873 373 1551132991006 
512 874 377 1551132991023 
512 878 379 1551132991040 
512 881 382 1551132991056 
512 883 384 1551132991073 
512 886 386 1551132991089 
512 889 386 1551132991106 
512 895 385 1551132991122 
512 905 381 1551132991139 
512 914 377 1551132991156 
512 922 374 1551132991173 
512 926 370 1551132991189 
512 930 367 1551132991206 
512 934 364 1551132991222 
512 935 364 1551132991239 
512 936 364 1551132991339 
512 936 365 1551132991423 
512 934 368 1551132991439 
512 931 370 1551132991456 
512 927 375 1551132991473 
512 926 375 1551132991490 
513 926 375 1551132991649 
514 926 375 1551132991816 
512 925 375 1551132991840 
512 920 374 1551132991857 
512 902 372 1551132991874 
512 878 370 1551132991891 
512 853 375 1551132991908 
512 810 381 1551132991924 
512 742 390 1551132991941 
512 659 406 1551132991957 
512 582 425 1551132991976 
512 526 446 1551132991992 
512 477 459 1551132992008 
512 465 461 1551132992025 
512 464 460 1551132992042 
512 464 457 1551132992059 
512 467 450 1551132992076 
512 469 446 1551132992092 
512 466 441 1551132992109 
512 458 438 1551132992125 
512 444 434 1551132992142 
512 432 429 1551132992159 
512 422 423 1551132992175 
512 421 420 1551132992192 
512 421 418 1551132992208 
512 425 412 1551132992226 
512 429 407 1551132992242 
512 432 405 1551132992259 
512 434 402 1551132992276 
512 436 398 1551132992293 
512 438 397 1551132992309 
512 439 395 1551132992325 
512 442 393 1551132992342 
512 444 390 1551132992359 
512 446 386 1551132992375 
512 448 385 1551132992392 
512 451 382 1551132992409 
512 454 379 1551132992426 
512 458 374 1551132992442 
512 459 374 1551132992459 
512 460 374 1551132992475 
512 461 373 1551132992493 
512 462 373 1551132992509 
512 463 372 1551132992525 
512 466 371 1551132992543 
512 470 370 1551132992559 
512 471 370 1551132992576 
512 472 370 1551132992643 
512 473 370 1551132992676 
513 473 370 1551132992789 
514 473 370 1551132992957 
512 473 370 1551132993026 
512 472 374 1551132993043 
512 469 394 1551132993059 
512 466 413 1551132993076 
512 462 428 1551132993093 
512 458 437 1551132993109 
512 458 438 1551132993126 
512 462 431 1551132993176 
512 466 422 1551132993193 
512 466 422 1551132993210 
512 467 422 1551132993260 
512 469 430 1551132993277 
512 472 441 1551132993293 
512 479 461 1551132993309 
512 489 490 1551132993326 
512 510 528 1551132993343 
512 531 561 1551132993360 
512 545 591 1551132993377 
512 547 602 1551132993393 
512 548 608 1551132993410 
512 550 611 1551132993426 
512 550 614 1551132993443 
512 553 616 1551132993459 
512 556 618 1551132993476 
512 556 619 1551132993493 
512 556 620 1551132993509 
512 557 621 1551132993527 
512 559 623 1551132993543 
512 561 626 1551132993561 
512 564 629 1551132993576 
512 566 632 1551132993593 
512 569 634 1551132993610 
512 570 638 1551132993627 
512 571 639 1551132993644 
512 571 640 1551132993660 
512 570 642 1551132993743 
512 569 644 1551132993760 
513 569 644 1551132993876 
512 568 644 1551132994036 
514 568 644 1551132994037 
512 567 644 1551132994061 
512 566 644 1551132994077 
512 565 644 1551132994110 
512 565 645 1551132994328 
512 565 646 1551132994360 
512 564 647 1551132994377 
512 564 648 1551132994394 
512 563 648 1551132994494 
513 563 648 1551132994511 
514 563 648 1551132994679 
512 562 646 1551132994744 
512 561 639 1551132994760 
512 561 630 1551132994777 
512 561 614 1551132994794 
512 566 584 1551132994810 
512 568 559 1551132994828 
512 568 534 1551132994845 
512 568 510 1551132994861 
512 568 490 1551132994878 
512 571 470 1551132994894 
512 578 445 1551132994911 
512 585 429 1551132994927 
512 591 415 1551132994944 
512 599 398 1551132994961 
512 612 380 1551132994977 
512 625 365 1551132994995 
512 637 353 1551132995011 
512 645 342 1551132995028 
512 651 334 1551132995044 
512 655 327 1551132995061 
512 659 321 1551132995077 
512 661 317 1551132995094 
512 662 314 1551132995111 
512 662 310 1551132995128 
512 662 303 1551132995144 
512 666 294 1551132995161 
512 675 279 1551132995178 
512 692 262 1551132995194 
512 705 246 1551132995212 
512 718 230 1551132995228 
512 731 217 1551132995244 
512 750 197 1551132995261 
512 759 186 1551132995278 
512 765 178 1551132995294 
512 768 174 1551132995311 
512 770 171 1551132995328 
512 770 169 1551132995345 
512 770 167 1551132995361 
512 770 166 1551132995378 
512 758 174 1551132995461 
512 739 186 1551132995478 
512 722 197 1551132995493 
512 710 202 1551132995510 
512 706 204 1551132995527 
512 705 204 1551132995543 
512 705 206 1551132995577 
512 695 212 1551132995592 
512 682 221 1551132995609 
512 673 226 1551132995626 
512 670 229 1551132995643 
512 669 229 1551132995660 
512 669 230 1551132995676 
512 669 229 1551132995844 
512 670 226 1551132995860 
512 674 223 1551132995877 
512 678 219 1551132995893 
512 681 218 1551132995910 
512 684 215 1551132995927 
512 686 212 1551132995944 
512 690 210 1551132995961 
512 693 206 1551132995978 
512 695 204 1551132995995 
512 697 204 1551132996012 
513 697 204 1551132996159 
514 697 204 1551132996338 
