512 699 216 1551192146020 
512 694 232 1551192146037 
512 692 249 1551192146054 
512 698 278 1551192146071 
512 707 298 1551192146087 
512 714 321 1551192146104 
512 721 347 1551192146121 
512 729 370 1551192146138 
512 736 387 1551192146154 
512 736 401 1551192146171 
512 732 418 1551192146187 
512 726 445 1551192146204 
512 726 462 1551192146221 
512 735 480 1551192146237 
512 747 498 1551192146254 
512 762 515 1551192146271 
512 774 534 1551192146287 
512 786 550 1551192146304 
512 794 570 1551192146321 
512 795 584 1551192146338 
512 795 591 1551192146354 
512 795 594 1551192146372 
512 794 597 1551192146387 
512 793 600 1551192146404 
512 793 602 1551192146421 
512 793 603 1551192146437 
512 793 605 1551192146454 
512 794 607 1551192146471 
512 795 610 1551192146488 
512 799 615 1551192146504 
512 803 620 1551192146521 
512 806 623 1551192146538 
512 809 625 1551192146554 
512 811 627 1551192146571 
512 814 629 1551192146588 
512 816 631 1551192146605 
512 819 634 1551192146621 
512 822 635 1551192146638 
512 823 635 1551192146654 
512 825 636 1551192146671 
512 827 637 1551192146688 
512 828 638 1551192146704 
512 830 638 1551192146721 
512 830 638 1551192146738 
512 832 639 1551192146771 
512 833 640 1551192146788 
512 835 642 1551192146804 
512 838 643 1551192146821 
512 841 644 1551192146838 
512 844 646 1551192146854 
513 844 646 1551192147041 
514 844 646 1551192147191 
512 844 645 1551192147287 
512 843 644 1551192147337 
512 842 643 1551192147354 
512 841 642 1551192147371 
512 839 640 1551192147388 
512 836 637 1551192147404 
512 829 629 1551192147421 
512 821 619 1551192147437 
512 810 603 1551192147454 
512 794 582 1551192147470 
512 766 550 1551192147487 
512 723 520 1551192147504 
512 683 494 1551192147521 
512 636 471 1551192147538 
512 578 451 1551192147554 
512 562 437 1551192147571 
512 556 430 1551192147587 
512 555 427 1551192147604 
512 554 424 1551192147621 
512 553 422 1551192147637 
512 553 417 1551192147654 
512 550 414 1551192147671 
512 549 411 1551192147687 
512 542 406 1551192147704 
512 534 401 1551192147721 
512 526 395 1551192147737 
512 520 390 1551192147755 
512 517 384 1551192147771 
512 515 380 1551192147788 
512 512 377 1551192147805 
512 509 375 1551192147821 
512 506 374 1551192147837 
512 503 373 1551192147855 
512 501 372 1551192147871 
512 499 372 1551192147888 
512 497 371 1551192147921 
512 494 372 1551192147938 
512 490 373 1551192147954 
512 485 374 1551192147971 
512 478 376 1551192147988 
512 478 375 1551192148005 
512 477 375 1551192148021 
512 476 375 1551192148137 
512 475 375 1551192148154 
513 475 375 1551192148238 
514 475 375 1551192148386 
512 477 376 1551192148538 
512 477 377 1551192148555 
512 482 381 1551192148571 
512 487 385 1551192148588 
512 514 396 1551192148605 
512 530 400 1551192148622 
512 712 422 1551192148655 
512 786 415 1551192148671 
512 827 402 1551192148688 
512 843 388 1551192148705 
512 843 371 1551192148722 
512 825 357 1551192148738 
512 793 339 1551192148755 
512 745 300 1551192148771 
512 721 282 1551192148788 
512 709 270 1551192148805 
512 703 262 1551192148821 
512 703 259 1551192148838 
512 702 257 1551192148855 
512 703 253 1551192148871 
512 703 250 1551192148889 
512 703 248 1551192148905 
512 704 246 1551192148921 
512 706 242 1551192148938 
512 709 240 1551192148955 
512 711 238 1551192148972 
512 715 235 1551192148988 
512 717 232 1551192149005 
512 718 230 1551192149022 
512 718 229 1551192149038 
512 718 227 1551192149056 
512 716 226 1551192149072 
512 713 224 1551192149089 
512 710 223 1551192149105 
512 704 221 1551192149122 
512 702 220 1551192149139 
512 701 219 1551192149155 
512 699 218 1551192149172 
512 698 217 1551192149188 
512 699 215 1551192149205 
512 698 214 1551192149222 
512 698 213 1551192149255 
512 698 212 1551192149272 
512 697 210 1551192149289 
512 697 210 1551192149322 
513 697 210 1551192149468 
514 697 210 1551192149617 
512 698 223 1551192149740 
512 703 245 1551192149757 
512 710 265 1551192149773 
512 716 287 1551192149790 
512 718 327 1551192149806 
512 713 347 1551192149823 
512 706 363 1551192149840 
512 701 374 1551192149856 
512 699 382 1551192149874 
512 699 387 1551192149891 
512 714 387 1551192149908 
512 794 371 1551192149924 
512 855 365 1551192149940 
512 906 358 1551192149957 
512 922 354 1551192149974 
512 927 353 1551192149990 
512 928 352 1551192150007 
512 929 352 1551192150073 
512 930 352 1551192150090 
512 932 354 1551192150107 
512 932 356 1551192150124 
512 934 359 1551192150140 
512 934 362 1551192150157 
512 932 365 1551192150174 
512 931 368 1551192150191 
512 926 374 1551192150207 
512 922 377 1551192150224 
512 922 379 1551192150240 
512 922 381 1551192150274 
512 923 381 1551192150340 
512 924 380 1551192150357 
512 924 379 1551192150474 
512 924 378 1551192150490 
513 924 378 1551192150555 
514 924 378 1551192150716 
512 923 378 1551192150791 
512 918 380 1551192150807 
512 904 387 1551192150824 
512 888 397 1551192150840 
512 863 409 1551192150858 
512 832 422 1551192150874 
512 803 434 1551192150891 
512 774 449 1551192150908 
512 730 478 1551192150924 
512 710 491 1551192150941 
512 696 504 1551192150958 
512 686 516 1551192150974 
512 675 530 1551192150990 
512 662 540 1551192151008 
512 653 551 1551192151024 
512 642 568 1551192151041 
512 635 575 1551192151057 
512 629 580 1551192151074 
512 619 582 1551192151090 
512 602 586 1551192151107 
512 583 591 1551192151125 
512 556 599 1551192151141 
512 545 601 1551192151158 
512 543 602 1551192151175 
512 542 603 1551192151274 
512 543 606 1551192151291 
512 546 610 1551192151308 
512 546 613 1551192151324 
512 551 618 1551192151341 
512 557 624 1551192151358 
512 566 630 1551192151375 
512 570 634 1551192151391 
512 571 634 1551192151408 
512 572 634 1551192151424 
512 572 635 1551192151441 
512 573 636 1551192151458 
512 572 638 1551192151474 
512 572 639 1551192151491 
512 572 640 1551192151575 
512 569 641 1551192151591 
512 567 642 1551192151608 
512 566 642 1551192151624 
512 566 643 1551192151742 
512 565 643 1551192151758 
512 563 643 1551192151775 
512 561 643 1551192151791 
512 558 643 1551192151808 
512 556 642 1551192151825 
512 554 642 1551192151841 
512 554 642 1551192151858 
512 555 642 1551192151988 
513 555 642 1551192151989 
512 555 641 1551192152008 
512 556 641 1551192152075 
512 558 641 1551192152091 
514 558 641 1551192152169 
512 570 627 1551192152423 
512 588 612 1551192152440 
512 608 602 1551192152457 
512 632 593 1551192152474 
512 669 589 1551192152490 
512 721 592 1551192152507 
512 775 602 1551192152524 
512 817 614 1551192152541 
512 845 626 1551192152557 
512 847 632 1551192152574 
512 846 635 1551192152590 
512 846 638 1551192152607 
512 845 640 1551192152624 
512 842 642 1551192152640 
512 839 644 1551192152657 
512 837 646 1551192152674 
512 835 648 1551192152691 
512 834 650 1551192152708 
512 834 650 1551192152724 
512 834 652 1551192152740 
512 833 652 1551192152824 
512 834 650 1551192152892 
512 837 648 1551192152908 
512 838 646 1551192152925 
512 838 645 1551192152942 
513 838 645 1551192153136 
514 838 645 1551192153299 
512 834 642 1551192153426 
512 806 626 1551192153442 
512 772 604 1551192153459 
512 722 573 1551192153476 
512 668 538 1551192153493 
512 615 510 1551192153509 
512 583 497 1551192153526 
512 569 489 1551192153543 
512 573 485 1551192153559 
512 602 468 1551192153576 
512 662 449 1551192153593 
512 734 438 1551192153610 
512 802 428 1551192153626 
512 850 415 1551192153643 
512 863 416 1551192153660 
512 866 415 1551192153676 
512 866 414 1551192153693 
512 871 413 1551192153710 
512 882 411 1551192153726 
512 895 410 1551192153743 
512 914 410 1551192153759 
512 938 407 1551192153776 
512 943 407 1551192153793 
512 945 406 1551192153809 
512 946 406 1551192153827 
512 946 404 1551192153843 
512 946 403 1551192153860 
512 948 399 1551192153877 
512 950 393 1551192153893 
512 954 387 1551192153910 
512 954 385 1551192153927 
512 955 382 1551192153943 
512 957 379 1551192153960 
512 956 378 1551192153976 
512 955 378 1551192153993 
512 954 377 1551192154009 
512 949 375 1551192154026 
512 945 376 1551192154043 
512 942 376 1551192154060 
512 941 376 1551192154076 
512 940 376 1551192154193 
512 939 375 1551192154210 
512 938 375 1551192154227 
512 934 374 1551192154243 
512 930 374 1551192154261 
512 926 372 1551192154277 
513 926 372 1551192154432 
514 926 372 1551192154612 
512 926 372 1551192154727 
512 919 373 1551192154744 
512 910 372 1551192154760 
512 893 371 1551192154777 
512 837 372 1551192154794 
512 743 377 1551192154810 
512 578 379 1551192154827 
512 488 360 1551192154843 
512 447 348 1551192154860 
512 431 339 1551192154877 
512 426 334 1551192154894 
512 423 331 1551192154911 
512 422 329 1551192154927 
512 419 328 1551192154944 
512 422 330 1551192155027 
512 423 332 1551192155044 
512 427 337 1551192155060 
512 427 342 1551192155077 
512 430 348 1551192155094 
512 434 352 1551192155111 
512 442 358 1551192155127 
512 448 362 1551192155144 
512 453 367 1551192155160 
512 454 370 1551192155177 
512 455 372 1551192155194 
512 455 374 1551192155211 
512 454 377 1551192155227 
512 456 378 1551192155243 
512 458 381 1551192155260 
512 459 382 1551192155277 
512 461 383 1551192155294 
512 462 382 1551192155394 
512 466 379 1551192155411 
512 468 378 1551192155427 
512 469 377 1551192155444 
512 469 376 1551192155461 
513 469 376 1551192155621 
514 469 376 1551192155791 
512 470 383 1551192156111 
512 472 400 1551192156128 
512 479 425 1551192156144 
512 492 470 1551192156161 
512 491 496 1551192156178 
512 494 514 1551192156195 
512 496 528 1551192156211 
512 499 542 1551192156228 
512 507 557 1551192156245 
512 517 574 1551192156261 
512 527 586 1551192156278 
512 536 594 1551192156294 
512 539 596 1551192156311 
512 540 596 1551192156328 
512 542 598 1551192156344 
512 545 602 1551192156361 
512 554 609 1551192156378 
512 570 618 1551192156395 
512 578 626 1551192156411 
512 580 626 1551192156428 
512 578 629 1551192156495 
512 574 630 1551192156511 
512 572 632 1551192156528 
512 570 634 1551192156545 
512 568 637 1551192156562 
512 566 640 1551192156578 
512 566 641 1551192156595 
512 565 642 1551192156645 
512 564 642 1551192156678 
513 564 642 1551192156814 
514 564 642 1551192156966 
512 564 642 1551192157079 
512 570 624 1551192157096 
512 590 597 1551192157112 
512 627 547 1551192157129 
512 655 502 1551192157145 
512 676 466 1551192157162 
512 690 436 1551192157179 
512 695 411 1551192157195 
512 696 375 1551192157212 
512 705 350 1551192157228 
512 719 330 1551192157245 
512 738 314 1551192157262 
512 751 298 1551192157279 
512 759 284 1551192157296 
512 762 273 1551192157312 
512 757 254 1551192157329 
512 751 238 1551192157346 
512 749 230 1551192157362 
512 747 226 1551192157379 
512 746 224 1551192157396 
512 743 222 1551192157413 
512 740 220 1551192157429 
512 734 218 1551192157445 
512 723 214 1551192157462 
512 720 212 1551192157479 
512 719 212 1551192157513 
512 718 212 1551192157645 
512 714 210 1551192157662 
512 710 210 1551192157680 
512 707 210 1551192157696 
512 706 210 1551192157712 
512 704 210 1551192157913 
512 702 210 1551192157930 
512 702 210 1551192157947 
513 702 210 1551192157978 
514 702 210 1551192158150 
