512 706 214 1550780447482 
512 706 218 1550780447498 
512 708 259 1550780447516 
512 726 318 1550780447532 
512 750 381 1550780447548 
512 781 442 1550780447565 
512 821 520 1550780447582 
512 832 570 1550780447598 
512 835 600 1550780447615 
512 834 626 1550780447632 
512 828 654 1550780447649 
512 822 677 1550780447665 
512 815 692 1550780447681 
512 813 697 1550780447699 
512 813 698 1550780447715 
512 814 698 1550780447731 
512 814 699 1550780447748 
512 815 699 1550780447815 
512 821 694 1550780447831 
512 834 682 1550780447848 
512 842 670 1550780447865 
512 846 666 1550780447882 
512 848 662 1550780447899 
512 849 658 1550780447916 
512 850 656 1550780447931 
512 851 651 1550780447949 
512 855 642 1550780447966 
512 858 636 1550780447982 
512 861 633 1550780447998 
512 862 631 1550780448015 
512 860 632 1550780448165 
512 858 634 1550780448182 
512 856 636 1550780448198 
512 854 638 1550780448215 
512 853 638 1550780448248 
512 850 642 1550780448264 
512 847 644 1550780448281 
512 844 647 1550780448298 
512 841 650 1550780448314 
512 838 652 1550780448331 
512 838 651 1550780448465 
512 838 650 1550780448531 
512 838 650 1550780448591 
513 838 650 1550780448592 
514 838 650 1550780448769 
512 839 649 1550780448814 
512 840 648 1550780448831 
512 841 647 1550780448864 
512 841 646 1550780448881 
512 842 643 1550780448898 
512 842 642 1550780448915 
512 842 641 1550780448931 
512 842 640 1550780448948 
512 843 638 1550780448965 
512 843 635 1550780448982 
512 844 631 1550780448997 
512 842 626 1550780449015 
512 830 611 1550780449031 
512 813 599 1550780449048 
512 795 587 1550780449065 
512 778 575 1550780449081 
512 757 557 1550780449097 
512 734 522 1550780449115 
512 700 471 1550780449131 
512 684 451 1550780449148 
512 670 438 1550780449164 
512 654 428 1550780449182 
512 631 419 1550780449198 
512 604 416 1550780449215 
512 563 414 1550780449231 
512 540 414 1550780449248 
512 522 414 1550780449265 
512 509 409 1550780449281 
512 502 406 1550780449298 
512 496 402 1550780449315 
512 494 401 1550780449331 
512 493 400 1550780449349 
512 494 397 1550780449432 
512 495 394 1550780449449 
512 496 391 1550780449465 
512 496 390 1550780449482 
512 496 388 1550780449498 
512 494 388 1550780449515 
512 493 388 1550780449531 
512 491 388 1550780449548 
512 489 387 1550780449565 
512 485 383 1550780449582 
512 482 380 1550780449599 
512 479 378 1550780449615 
512 478 376 1550780449632 
512 478 376 1550780449649 
512 478 375 1550780449666 
513 478 375 1550780449828 
514 478 375 1550780450025 
512 478 374 1550780450117 
512 494 366 1550780450134 
512 560 342 1550780450150 
512 618 326 1550780450167 
512 666 314 1550780450183 
512 693 308 1550780450200 
512 706 302 1550780450216 
512 709 302 1550780450233 
512 709 301 1550780450383 
512 708 295 1550780450401 
512 705 285 1550780450417 
512 702 274 1550780450434 
512 702 262 1550780450451 
512 706 251 1550780450467 
512 710 242 1550780450484 
512 715 227 1550780450501 
512 718 222 1550780450517 
512 718 220 1550780450534 
512 718 218 1550780450550 
512 716 217 1550780450567 
512 714 216 1550780450584 
512 714 215 1550780450600 
512 714 214 1550780450617 
512 714 213 1550780450634 
512 712 213 1550780450651 
512 712 212 1550780450668 
512 710 210 1550780450684 
512 707 210 1550780450700 
512 705 210 1550780450717 
512 703 210 1550780450733 
513 703 210 1550780450931 
514 703 210 1550780451091 
512 705 213 1550780451152 
512 729 238 1550780451168 
512 782 294 1550780451185 
512 813 327 1550780451201 
512 833 350 1550780451218 
512 844 364 1550780451234 
512 847 369 1550780451251 
512 847 370 1550780451268 
512 850 370 1550780451418 
512 862 370 1550780451435 
512 871 370 1550780451452 
512 875 368 1550780451468 
512 878 368 1550780451484 
512 878 368 1550780451501 
512 882 370 1550780451518 
512 888 373 1550780451535 
512 900 376 1550780451552 
512 917 373 1550780451569 
512 927 369 1550780451585 
512 934 366 1550780451602 
512 939 362 1550780451618 
512 940 362 1550780451635 
512 941 362 1550780451652 
512 941 363 1550780451701 
512 941 364 1550780451718 
512 941 365 1550780451735 
512 937 368 1550780451868 
512 933 371 1550780451885 
512 933 373 1550780451902 
512 932 373 1550780451985 
512 931 373 1550780452002 
512 930 374 1550780452018 
512 930 374 1550780452036 
513 930 374 1550780452113 
514 930 374 1550780452269 
512 928 376 1550780452319 
512 917 395 1550780452335 
512 900 430 1550780452352 
512 879 495 1550780452370 
512 846 558 1550780452386 
512 815 609 1550780452403 
512 788 649 1550780452419 
512 773 671 1550780452435 
512 769 686 1550780452452 
512 769 688 1550780452469 
512 770 689 1550780452485 
512 772 689 1550780452502 
512 775 687 1550780452519 
512 776 685 1550780452536 
512 776 684 1550780452552 
512 773 682 1550780452569 
512 761 682 1550780452586 
512 744 682 1550780452602 
512 727 680 1550780452619 
512 710 678 1550780452636 
512 698 674 1550780452652 
512 680 665 1550780452669 
512 666 652 1550780452685 
512 653 639 1550780452703 
512 639 634 1550780452719 
512 622 629 1550780452736 
512 610 625 1550780452753 
512 597 621 1550780452769 
512 587 618 1550780452786 
512 586 618 1550780452802 
512 586 618 1550780452886 
512 582 622 1550780452902 
512 580 626 1550780452919 
512 578 630 1550780452935 
512 576 636 1550780452952 
512 574 640 1550780452969 
512 572 642 1550780452986 
512 570 646 1550780453003 
512 565 649 1550780453019 
512 562 651 1550780453036 
512 560 651 1550780453053 
512 558 651 1550780453069 
512 557 651 1550780453086 
512 557 650 1550780453102 
512 557 649 1550780453219 
512 557 647 1550780453236 
513 557 647 1550780453295 
514 557 647 1550780453471 
512 559 646 1550780453570 
512 566 646 1550780453586 
512 581 648 1550780453603 
512 612 654 1550780453620 
512 686 663 1550780453636 
512 722 665 1550780453653 
512 742 665 1550780453670 
512 758 666 1550780453687 
512 771 669 1550780453703 
512 778 670 1550780453720 
512 782 670 1550780453737 
512 782 670 1550780453753 
512 784 671 1550780453820 
512 787 671 1550780453837 
512 791 672 1550780453853 
512 794 672 1550780453870 
512 796 671 1550780453886 
512 798 671 1550780453903 
512 800 668 1550780453920 
512 813 663 1550780453936 
512 827 657 1550780453953 
512 845 651 1550780453969 
512 859 646 1550780453987 
512 865 643 1550780454004 
512 867 643 1550780454020 
512 867 642 1550780454037 
512 864 644 1550780454187 
512 858 649 1550780454204 
512 852 652 1550780454220 
512 846 655 1550780454237 
512 843 655 1550780454253 
512 842 655 1550780454269 
512 840 654 1550780454286 
512 839 652 1550780454301 
512 839 651 1550780454318 
512 839 650 1550780454335 
512 839 648 1550780454352 
512 841 646 1550780454368 
512 842 643 1550780454385 
512 842 642 1550780454402 
512 843 642 1550780454419 
513 843 642 1550780454565 
514 843 642 1550780454723 
512 843 642 1550780454852 
512 840 639 1550780454869 
512 833 633 1550780454885 
512 822 622 1550780454902 
512 798 602 1550780454919 
512 780 590 1550780454936 
512 763 578 1550780454952 
512 752 566 1550780454969 
512 745 553 1550780454985 
512 742 538 1550780455003 
512 750 506 1550780455019 
512 764 481 1550780455035 
512 782 458 1550780455052 
512 799 441 1550780455068 
512 818 427 1550780455086 
512 833 415 1550780455102 
512 842 411 1550780455118 
512 846 408 1550780455136 
512 846 407 1550780455152 
512 847 407 1550780455169 
512 848 407 1550780455186 
512 852 407 1550780455203 
512 854 406 1550780455218 
512 858 403 1550780455236 
512 867 399 1550780455253 
512 881 395 1550780455270 
512 894 387 1550780455286 
512 909 376 1550780455303 
512 926 367 1550780455319 
512 934 364 1550780455336 
512 945 360 1550780455352 
512 953 356 1550780455369 
512 955 354 1550780455387 
512 957 354 1550780455403 
512 958 354 1550780455453 
512 957 355 1550780455520 
512 953 359 1550780455536 
512 942 370 1550780455553 
512 936 374 1550780455570 
512 933 378 1550780455587 
512 932 378 1550780455604 
512 931 378 1550780455871 
513 931 378 1550780455890 
512 931 378 1550780455921 
512 930 378 1550780455955 
514 930 378 1550780456055 
512 930 378 1550780456088 
512 929 378 1550780456105 
512 927 378 1550780456121 
512 925 378 1550780456138 
512 924 378 1550780456154 
512 922 378 1550780456172 
512 910 379 1550780456189 
512 886 384 1550780456205 
512 857 390 1550780456222 
512 769 393 1550780456238 
512 706 396 1550780456255 
512 655 399 1550780456271 
512 603 395 1550780456288 
512 564 390 1550780456305 
512 533 387 1550780456322 
512 502 386 1550780456339 
512 494 382 1550780456355 
512 490 380 1550780456372 
512 488 378 1550780456388 
512 485 377 1550780456405 
512 478 377 1550780456422 
512 471 377 1550780456439 
512 470 377 1550780456455 
512 469 377 1550780456471 
513 469 377 1550780456676 
514 469 377 1550780456845 
512 474 374 1550780456872 
512 488 366 1550780456889 
512 509 352 1550780456906 
512 562 323 1550780456922 
512 619 299 1550780456938 
512 682 274 1550780456956 
512 743 247 1550780456973 
512 787 229 1550780456989 
512 806 221 1550780457006 
512 810 218 1550780457023 
512 807 218 1550780457156 
512 798 219 1550780457172 
512 777 240 1550780457189 
512 762 258 1550780457206 
512 751 278 1550780457222 
512 742 301 1550780457239 
512 725 343 1550780457256 
512 703 410 1550780457273 
512 666 494 1550780457289 
512 627 579 1550780457305 
512 568 673 1550780457323 
512 547 706 1550780457339 
512 541 714 1550780457356 
512 539 714 1550780457372 
512 546 682 1550780457390 
512 568 617 1550780457406 
512 594 584 1550780457422 
512 600 578 1550780457439 
512 600 577 1550780457456 
512 600 578 1550780457556 
512 598 579 1550780457573 
512 596 582 1550780457590 
512 593 585 1550780457606 
512 585 588 1550780457623 
512 574 593 1550780457639 
512 562 598 1550780457656 
512 550 607 1550780457673 
512 546 611 1550780457690 
512 543 616 1550780457706 
512 541 621 1550780457723 
512 538 625 1550780457740 
512 537 627 1550780457756 
512 538 627 1550780457822 
512 540 627 1550780457839 
512 542 628 1550780457856 
512 542 629 1550780457873 
512 547 633 1550780457889 
512 551 635 1550780457906 
512 555 636 1550780457923 
512 558 637 1550780457939 
512 559 637 1550780457956 
512 560 638 1550780458006 
512 560 640 1550780458023 
512 560 643 1550780458039 
512 560 646 1550780458056 
512 560 646 1550780458073 
513 560 646 1550780458161 
514 560 646 1550780458336 
512 560 644 1550780458390 
512 561 642 1550780458406 
512 562 640 1550780458423 
512 566 636 1550780458440 
512 570 631 1550780458457 
512 583 620 1550780458473 
512 601 606 1550780458489 
512 618 593 1550780458506 
512 636 582 1550780458523 
512 658 573 1550780458540 
512 676 564 1550780458556 
512 702 546 1550780458573 
512 728 529 1550780458590 
512 757 508 1550780458607 
512 776 484 1550780458624 
512 785 469 1550780458640 
512 783 458 1550780458658 
512 774 445 1550780458674 
512 751 423 1550780458690 
512 738 408 1550780458706 
512 730 390 1550780458723 
512 717 373 1550780458740 
512 703 354 1550780458757 
512 693 341 1550780458773 
512 682 326 1550780458790 
512 677 319 1550780458807 
512 674 313 1550780458824 
512 673 306 1550780458840 
512 673 298 1550780458857 
512 675 288 1550780458873 
512 678 280 1550780458890 
512 681 268 1550780458907 
512 685 261 1550780458923 
512 686 256 1550780458940 
512 688 253 1550780458957 
512 690 249 1550780458973 
512 692 246 1550780458990 
512 694 242 1550780459007 
512 698 239 1550780459024 
512 702 235 1550780459040 
512 702 233 1550780459057 
512 703 231 1550780459074 
512 704 230 1550780459090 
512 704 228 1550780459107 
512 704 226 1550780459123 
512 705 225 1550780459140 
512 705 223 1550780459158 
512 705 222 1550780459174 
512 705 220 1550780459190 
512 705 217 1550780459207 
512 705 216 1550780459224 
512 705 214 1550780459241 
512 705 212 1550780459257 
512 705 211 1550780459274 
512 705 210 1550780459291 
512 705 210 1550780459324 
512 704 209 1550780459357 
512 704 208 1550780459374 
513 704 208 1550780459451 
514 704 208 1550780459631 
