512 697 209 1551192223144 
512 691 218 1551192223161 
512 686 231 1551192223177 
512 682 246 1551192223194 
512 678 264 1551192223210 
512 676 283 1551192223227 
512 674 316 1551192223243 
512 666 342 1551192223261 
512 659 364 1551192223277 
512 650 383 1551192223294 
512 640 401 1551192223310 
512 631 417 1551192223326 
512 625 430 1551192223344 
512 621 446 1551192223361 
512 616 463 1551192223377 
512 616 475 1551192223394 
512 618 486 1551192223410 
512 626 494 1551192223427 
512 638 501 1551192223444 
512 651 507 1551192223460 
512 676 515 1551192223477 
512 688 522 1551192223494 
512 698 530 1551192223511 
512 704 536 1551192223527 
512 710 541 1551192223544 
512 715 546 1551192223560 
512 721 550 1551192223577 
512 726 557 1551192223593 
512 731 562 1551192223611 
512 734 564 1551192223627 
512 737 568 1551192223644 
512 741 570 1551192223660 
512 743 573 1551192223678 
512 746 575 1551192223694 
512 749 580 1551192223711 
512 754 586 1551192223727 
512 756 590 1551192223744 
512 760 594 1551192223760 
512 766 598 1551192223777 
512 773 603 1551192223794 
512 779 609 1551192223811 
512 783 614 1551192223828 
512 784 617 1551192223844 
512 787 618 1551192223860 
512 789 620 1551192223877 
512 790 620 1551192223894 
512 791 620 1551192223911 
512 792 621 1551192223927 
512 794 622 1551192223994 
512 796 623 1551192224011 
512 799 625 1551192224027 
512 802 626 1551192224044 
512 804 628 1551192224061 
512 810 631 1551192224078 
512 814 633 1551192224094 
512 816 634 1551192224111 
512 818 637 1551192224127 
512 818 638 1551192224144 
512 818 638 1551192224161 
512 818 638 1551192224228 
512 819 641 1551192224244 
512 820 642 1551192224261 
512 821 643 1551192224278 
512 822 643 1551192224295 
512 825 644 1551192224311 
512 829 646 1551192224327 
512 831 646 1551192224345 
512 833 646 1551192224361 
512 834 645 1551192224377 
512 834 644 1551192224394 
512 835 644 1551192224412 
512 838 644 1551192224511 
512 838 642 1551192224528 
512 839 642 1551192224545 
513 839 642 1551192224570 
512 840 642 1551192224661 
512 841 642 1551192224678 
514 841 642 1551192224749 
512 841 642 1551192224828 
512 841 640 1551192224844 
512 838 636 1551192224862 
512 837 632 1551192224878 
512 834 623 1551192224895 
512 826 608 1551192224912 
512 818 594 1551192224928 
512 810 578 1551192224945 
512 805 565 1551192224961 
512 793 548 1551192224978 
512 780 533 1551192224995 
512 755 519 1551192225011 
512 731 508 1551192225028 
512 694 494 1551192225045 
512 654 484 1551192225061 
512 625 476 1551192225078 
512 610 467 1551192225095 
512 603 460 1551192225112 
512 602 457 1551192225128 
512 596 451 1551192225145 
512 587 444 1551192225162 
512 573 436 1551192225178 
512 552 426 1551192225195 
512 519 415 1551192225211 
512 511 409 1551192225228 
512 494 402 1551192225245 
512 490 400 1551192225262 
512 486 398 1551192225278 
512 484 398 1551192225296 
512 483 398 1551192225312 
512 481 397 1551192225328 
512 477 395 1551192225345 
512 474 394 1551192225362 
512 473 390 1551192225378 
512 472 388 1551192225395 
512 473 386 1551192225412 
512 474 382 1551192225429 
512 476 380 1551192225445 
512 477 378 1551192225463 
512 478 377 1551192225479 
512 478 375 1551192225495 
512 478 375 1551192225512 
512 478 374 1551192225528 
512 478 374 1551192225562 
513 478 374 1551192225684 
514 478 374 1551192225844 
512 482 374 1551192225929 
512 493 373 1551192225946 
512 512 369 1551192225962 
512 530 363 1551192225979 
512 561 357 1551192225996 
512 578 352 1551192226013 
512 594 350 1551192226029 
512 602 350 1551192226045 
512 610 351 1551192226062 
512 618 351 1551192226080 
512 644 343 1551192226096 
512 678 338 1551192226112 
512 705 324 1551192226129 
512 724 311 1551192226146 
512 730 295 1551192226162 
512 723 276 1551192226179 
512 710 256 1551192226196 
512 681 232 1551192226212 
512 666 223 1551192226229 
512 660 218 1551192226246 
512 658 217 1551192226262 
512 657 216 1551192226279 
512 657 214 1551192226296 
512 658 211 1551192226313 
512 662 208 1551192226329 
512 662 206 1551192226346 
512 663 204 1551192226363 
512 664 202 1551192226379 
512 666 201 1551192226396 
512 667 199 1551192226412 
512 671 197 1551192226430 
512 679 194 1551192226446 
512 689 195 1551192226463 
512 692 195 1551192226480 
512 693 194 1551192226496 
512 693 195 1551192226579 
512 692 198 1551192226596 
512 692 199 1551192226613 
512 694 201 1551192226629 
512 694 201 1551192226647 
512 694 202 1551192226663 
512 694 202 1551192226729 
512 695 203 1551192226746 
512 695 205 1551192226763 
512 696 206 1551192226780 
512 696 206 1551192226796 
513 696 206 1551192226906 
514 696 206 1551192227055 
512 699 216 1551192227130 
512 699 233 1551192227147 
512 703 251 1551192227164 
512 702 274 1551192227179 
512 703 302 1551192227197 
512 702 330 1551192227213 
512 704 366 1551192227230 
512 712 394 1551192227247 
512 735 423 1551192227263 
512 758 438 1551192227280 
512 807 448 1551192227297 
512 862 453 1551192227313 
512 902 449 1551192227330 
512 919 446 1551192227347 
512 925 444 1551192227363 
512 926 441 1551192227380 
512 928 437 1551192227397 
512 931 430 1551192227413 
512 937 419 1551192227430 
512 938 415 1551192227446 
512 940 412 1551192227464 
512 939 408 1551192227480 
512 937 406 1551192227496 
512 936 403 1551192227513 
512 937 400 1551192227530 
512 937 398 1551192227547 
512 937 395 1551192227564 
512 937 391 1551192227580 
512 937 388 1551192227597 
512 937 384 1551192227613 
512 938 383 1551192227630 
512 938 382 1551192227647 
512 938 381 1551192227663 
512 938 380 1551192227680 
512 937 380 1551192227764 
512 934 378 1551192227781 
512 933 378 1551192227797 
512 927 375 1551192227813 
512 924 374 1551192227830 
512 922 373 1551192227847 
513 922 373 1551192227983 
514 922 373 1551192228199 
512 922 374 1551192228214 
512 918 386 1551192228230 
512 910 411 1551192228247 
512 897 430 1551192228264 
512 880 450 1551192228280 
512 858 469 1551192228297 
512 832 487 1551192228314 
512 802 506 1551192228331 
512 755 528 1551192228348 
512 734 537 1551192228364 
512 712 542 1551192228381 
512 695 549 1551192228398 
512 682 554 1551192228414 
512 668 558 1551192228430 
512 652 558 1551192228448 
512 634 562 1551192228465 
512 605 570 1551192228481 
512 588 578 1551192228498 
512 579 585 1551192228514 
512 574 593 1551192228531 
512 570 597 1551192228547 
512 565 604 1551192228564 
512 558 613 1551192228581 
512 550 629 1551192228597 
512 546 638 1551192228614 
512 546 642 1551192228630 
512 547 646 1551192228648 
512 550 646 1551192228664 
512 550 648 1551192228681 
512 552 649 1551192228697 
512 553 649 1551192228847 
512 554 649 1551192228864 
512 554 647 1551192228881 
512 554 646 1551192228897 
512 554 646 1551192228914 
512 554 645 1551192228932 
513 554 645 1551192229018 
514 554 645 1551192229185 
512 551 646 1551192229231 
512 550 645 1551192229248 
512 549 645 1551192229265 
512 549 642 1551192229315 
512 547 637 1551192229332 
512 547 630 1551192229348 
512 549 618 1551192229365 
512 552 606 1551192229381 
512 563 585 1551192229398 
512 578 574 1551192229415 
512 591 566 1551192229432 
512 602 566 1551192229448 
512 614 568 1551192229465 
512 621 570 1551192229481 
512 627 574 1551192229498 
512 646 582 1551192229515 
512 673 593 1551192229532 
512 719 621 1551192229549 
512 786 641 1551192229565 
512 834 656 1551192229581 
512 862 668 1551192229599 
512 869 671 1551192229615 
512 867 670 1551192229665 
512 864 667 1551192229682 
512 862 666 1551192229698 
512 858 664 1551192229715 
512 855 662 1551192229732 
512 853 660 1551192229749 
512 850 657 1551192229765 
512 847 654 1551192229782 
512 845 653 1551192229798 
512 842 650 1551192229815 
512 842 647 1551192229832 
512 842 646 1551192229848 
512 841 645 1551192229866 
512 840 645 1551192229882 
512 840 644 1551192229898 
513 840 644 1551192230030 
514 840 644 1551192230207 
512 834 646 1551192230282 
512 827 646 1551192230298 
512 823 646 1551192230316 
512 821 646 1551192230333 
512 820 646 1551192230349 
512 818 646 1551192230366 
512 818 642 1551192230382 
512 811 630 1551192230398 
512 801 618 1551192230415 
512 789 606 1551192230432 
512 779 590 1551192230447 
512 782 570 1551192230465 
512 789 547 1551192230481 
512 800 525 1551192230497 
512 814 499 1551192230515 
512 826 490 1551192230531 
512 838 478 1551192230548 
512 850 467 1551192230564 
512 868 455 1551192230581 
512 885 442 1551192230598 
512 908 428 1551192230614 
512 918 419 1551192230631 
512 922 414 1551192230648 
512 923 410 1551192230665 
512 924 407 1551192230681 
512 924 406 1551192230698 
512 923 402 1551192230715 
512 922 400 1551192230732 
512 921 397 1551192230748 
512 920 393 1551192230765 
512 922 390 1551192230781 
512 922 387 1551192230798 
512 923 385 1551192230815 
512 923 382 1551192230831 
512 925 379 1551192230848 
512 925 377 1551192230865 
513 925 377 1551192231008 
514 925 377 1551192231174 
512 923 376 1551192231232 
512 886 386 1551192231249 
512 818 389 1551192231265 
512 748 392 1551192231282 
512 674 395 1551192231298 
512 607 393 1551192231315 
512 548 386 1551192231332 
512 487 378 1551192231348 
512 434 370 1551192231365 
512 406 365 1551192231381 
512 394 366 1551192231399 
512 395 366 1551192231466 
512 398 363 1551192231482 
512 398 362 1551192231500 
512 400 359 1551192231516 
512 402 356 1551192231533 
512 404 354 1551192231550 
512 408 353 1551192231566 
512 411 353 1551192231583 
512 414 353 1551192231599 
512 416 353 1551192231616 
512 419 354 1551192231633 
512 422 355 1551192231649 
512 426 357 1551192231666 
512 431 360 1551192231683 
512 434 362 1551192231699 
512 436 362 1551192231716 
512 437 363 1551192231733 
512 439 365 1551192231749 
512 442 367 1551192231766 
512 449 369 1551192231783 
512 451 369 1551192231799 
512 453 370 1551192231816 
512 455 371 1551192231833 
512 456 370 1551192231866 
512 458 371 1551192231883 
512 461 374 1551192231899 
512 462 374 1551192231917 
512 463 375 1551192231999 
512 464 375 1551192232016 
512 465 375 1551192232033 
512 466 375 1551192232050 
513 466 375 1551192232121 
514 466 375 1551192232301 
512 466 375 1551192232317 
512 474 371 1551192232433 
512 490 362 1551192232449 
512 508 353 1551192232467 
512 530 341 1551192232484 
512 545 339 1551192232500 
512 563 332 1551192232517 
512 582 319 1551192232533 
512 601 305 1551192232550 
512 618 279 1551192232567 
512 626 258 1551192232583 
512 625 246 1551192232600 
512 623 248 1551192232617 
512 615 261 1551192232634 
512 610 278 1551192232649 
512 606 304 1551192232666 
512 600 338 1551192232683 
512 590 387 1551192232700 
512 579 434 1551192232716 
512 574 508 1551192232733 
512 582 541 1551192232750 
512 593 563 1551192232766 
512 602 581 1551192232783 
512 609 590 1551192232800 
512 610 592 1551192232817 
512 606 593 1551192232867 
512 598 594 1551192232883 
512 586 598 1551192232900 
512 571 604 1551192232917 
512 564 609 1551192232934 
512 559 614 1551192232950 
512 558 616 1551192232967 
512 557 618 1551192232983 
512 556 620 1551192233017 
512 555 621 1551192233034 
512 554 622 1551192233051 
512 553 625 1551192233067 
512 552 626 1551192233083 
512 550 630 1551192233101 
512 554 633 1551192233118 
512 554 634 1551192233134 
512 554 636 1551192233150 
512 554 637 1551192233184 
512 556 638 1551192233217 
512 556 639 1551192233233 
512 558 642 1551192233250 
512 559 643 1551192233267 
512 562 644 1551192233283 
512 562 645 1551192233300 
512 561 645 1551192233379 
513 561 645 1551192233379 
512 560 645 1551192233417 
514 560 645 1551192233565 
512 560 644 1551192233601 
512 561 641 1551192233617 
512 563 634 1551192233634 
512 565 628 1551192233651 
512 568 622 1551192233668 
512 574 610 1551192233684 
512 584 595 1551192233700 
512 602 565 1551192233718 
512 613 539 1551192233734 
512 637 497 1551192233751 
512 663 457 1551192233767 
512 682 437 1551192233784 
512 704 409 1551192233801 
512 726 386 1551192233817 
512 735 369 1551192233834 
512 737 351 1551192233851 
512 728 330 1551192233867 
512 710 313 1551192233884 
512 693 298 1551192233901 
512 683 284 1551192233917 
512 680 270 1551192233934 
512 683 254 1551192233951 
512 687 244 1551192233968 
512 690 238 1551192233984 
512 693 233 1551192234001 
512 694 230 1551192234018 
512 695 227 1551192234034 
512 698 224 1551192234051 
512 701 222 1551192234067 
512 704 222 1551192234084 
512 707 220 1551192234101 
512 708 219 1551192234118 
512 709 218 1551192234134 
512 709 218 1551192234252 
512 708 217 1551192234334 
512 708 215 1551192234351 
512 709 214 1551192234368 
512 708 213 1551192234384 
512 709 210 1551192234402 
512 709 209 1551192234418 
512 707 208 1551192234435 
512 707 207 1551192234451 
513 707 207 1551192234495 
514 707 207 1551192234685 
