512 695 212 1551284697425 
512 696 212 1551284697441 
512 697 213 1551284697458 
512 698 220 1551284697474 
512 697 229 1551284697491 
512 695 243 1551284697508 
512 699 266 1551284697524 
512 707 301 1551284697541 
512 718 335 1551284697558 
512 725 358 1551284697574 
512 730 379 1551284697591 
512 742 407 1551284697607 
512 742 427 1551284697624 
512 747 445 1551284697641 
512 756 462 1551284697657 
512 765 478 1551284697674 
512 774 493 1551284697691 
512 789 507 1551284697708 
512 797 524 1551284697725 
512 806 540 1551284697741 
512 819 557 1551284697757 
512 832 570 1551284697774 
512 838 575 1551284697791 
512 838 578 1551284697808 
512 840 581 1551284697824 
512 841 582 1551284697841 
512 840 583 1551284697941 
512 838 587 1551284697958 
512 837 592 1551284697974 
512 837 594 1551284697992 
512 838 598 1551284698008 
512 838 602 1551284698025 
512 839 605 1551284698041 
512 841 608 1551284698058 
512 841 610 1551284698074 
512 842 611 1551284698091 
512 841 614 1551284698108 
512 840 616 1551284698124 
512 840 617 1551284698141 
512 840 618 1551284698158 
512 840 620 1551284698174 
512 840 622 1551284698191 
512 840 623 1551284698208 
512 840 624 1551284698225 
512 841 625 1551284698241 
512 841 626 1551284698258 
512 840 629 1551284698274 
512 839 631 1551284698308 
512 839 632 1551284698325 
512 839 633 1551284698341 
512 839 634 1551284698358 
512 838 634 1551284698375 
512 838 634 1551284698392 
512 838 637 1551284698408 
512 838 638 1551284698425 
512 838 638 1551284698441 
512 838 639 1551284698459 
512 838 640 1551284698475 
512 837 643 1551284698642 
512 837 645 1551284698658 
513 837 645 1551284698716 
514 837 645 1551284698877 
512 836 645 1551284698959 
512 834 644 1551284698975 
512 826 642 1551284698992 
512 815 639 1551284699008 
512 801 639 1551284699025 
512 778 642 1551284699042 
512 757 638 1551284699059 
512 732 634 1551284699075 
512 708 627 1551284699092 
512 683 618 1551284699108 
512 666 606 1551284699125 
512 654 595 1551284699142 
512 638 574 1551284699158 
512 619 555 1551284699176 
512 590 525 1551284699192 
512 563 492 1551284699208 
512 537 460 1551284699225 
512 525 441 1551284699242 
512 520 426 1551284699258 
512 517 419 1551284699275 
512 515 414 1551284699292 
512 516 411 1551284699309 
512 515 410 1551284699325 
512 515 409 1551284699342 
512 516 407 1551284699358 
512 517 406 1551284699375 
512 518 406 1551284699392 
512 518 404 1551284699409 
512 511 399 1551284699425 
512 502 395 1551284699442 
512 490 392 1551284699459 
512 478 389 1551284699476 
512 470 386 1551284699493 
512 469 382 1551284699509 
512 466 378 1551284699526 
512 464 375 1551284699542 
512 462 373 1551284699559 
512 459 371 1551284699575 
512 458 371 1551284699593 
512 459 371 1551284699758 
512 461 372 1551284699774 
512 462 372 1551284699858 
512 462 372 1551284699875 
512 463 372 1551284699891 
512 465 372 1551284699925 
512 466 372 1551284699942 
512 467 372 1551284699975 
512 468 372 1551284699992 
512 469 372 1551284700010 
512 470 372 1551284700026 
513 470 372 1551284700085 
512 471 372 1551284700126 
512 473 371 1551284700143 
512 474 371 1551284700159 
514 474 371 1551284700255 
512 474 370 1551284700426 
512 483 366 1551284700459 
512 501 356 1551284700477 
512 515 344 1551284700493 
512 519 342 1551284700510 
512 538 333 1551284700526 
512 579 317 1551284700542 
512 646 290 1551284700560 
512 702 274 1551284700576 
512 719 263 1551284700593 
512 718 259 1551284700609 
512 713 254 1551284700627 
512 706 249 1551284700643 
512 703 246 1551284700660 
512 704 244 1551284700693 
512 705 239 1551284700710 
512 709 237 1551284700726 
512 714 233 1551284700743 
512 719 224 1551284700760 
512 722 217 1551284700776 
512 727 206 1551284700794 
512 729 202 1551284700810 
512 730 198 1551284700826 
512 730 197 1551284700843 
512 730 197 1551284700960 
512 727 198 1551284700976 
512 724 198 1551284700993 
512 722 200 1551284701010 
512 720 202 1551284701027 
512 717 203 1551284701044 
512 714 206 1551284701060 
512 712 207 1551284701076 
512 709 208 1551284701093 
512 706 210 1551284701110 
512 702 211 1551284701127 
512 702 210 1551284701177 
512 703 207 1551284701193 
512 702 207 1551284701260 
512 699 207 1551284701277 
512 698 209 1551284701294 
513 698 209 1551284701360 
514 698 209 1551284701532 
512 698 218 1551284701594 
512 697 233 1551284701611 
512 699 254 1551284701627 
512 702 275 1551284701644 
512 710 300 1551284701660 
512 722 321 1551284701677 
512 739 347 1551284701694 
512 742 362 1551284701710 
512 743 374 1551284701728 
512 745 379 1551284701744 
512 746 382 1551284701760 
512 746 383 1551284701778 
512 750 382 1551284701794 
512 770 370 1551284701811 
512 808 353 1551284701827 
512 834 346 1551284701844 
512 870 338 1551284701860 
512 901 332 1551284701878 
512 919 329 1551284701894 
512 927 329 1551284701911 
512 929 329 1551284701927 
512 930 329 1551284701944 
512 929 331 1551284701960 
512 928 334 1551284701977 
512 925 334 1551284701994 
512 920 338 1551284702011 
512 910 344 1551284702028 
512 890 358 1551284702044 
512 881 362 1551284702060 
512 877 364 1551284702078 
512 875 367 1551284702094 
512 875 370 1551284702110 
512 878 372 1551284702127 
512 880 374 1551284702145 
512 882 375 1551284702161 
512 894 379 1551284702178 
512 908 378 1551284702194 
512 932 376 1551284702211 
512 958 371 1551284702227 
512 974 369 1551284702244 
512 978 367 1551284702261 
512 980 367 1551284702277 
512 980 368 1551284702327 
512 976 368 1551284702345 
512 974 370 1551284702361 
512 970 372 1551284702378 
512 963 374 1551284702394 
512 960 376 1551284702411 
512 955 378 1551284702427 
512 950 379 1551284702444 
512 946 381 1551284702461 
512 940 382 1551284702477 
512 938 382 1551284702494 
512 935 382 1551284702512 
512 934 382 1551284702528 
512 934 381 1551284702545 
512 934 380 1551284702561 
512 933 379 1551284702594 
512 932 379 1551284702611 
512 928 378 1551284702628 
512 926 377 1551284702645 
512 925 377 1551284702661 
512 925 375 1551284702711 
513 925 375 1551284702748 
514 925 375 1551284702927 
512 922 375 1551284702994 
512 910 381 1551284703011 
512 876 394 1551284703028 
512 835 398 1551284703045 
512 770 410 1551284703061 
512 694 422 1551284703078 
512 622 438 1551284703095 
512 558 454 1551284703111 
512 495 474 1551284703128 
512 444 492 1551284703145 
512 402 510 1551284703161 
512 394 510 1551284703178 
512 393 511 1551284703195 
512 392 513 1551284703211 
512 393 514 1551284703228 
512 400 521 1551284703246 
512 423 531 1551284703262 
512 438 540 1551284703278 
512 454 551 1551284703295 
512 467 556 1551284703312 
512 480 561 1551284703329 
512 497 566 1551284703345 
512 514 574 1551284703361 
512 533 581 1551284703378 
512 544 588 1551284703395 
512 546 592 1551284703412 
512 547 594 1551284703429 
512 546 596 1551284703445 
512 543 597 1551284703461 
512 542 598 1551284703479 
512 541 601 1551284703495 
512 540 604 1551284703511 
512 540 607 1551284703529 
512 542 610 1551284703546 
512 544 612 1551284703562 
512 546 615 1551284703578 
512 547 618 1551284703595 
512 551 622 1551284703612 
512 557 628 1551284703629 
512 567 634 1551284703646 
512 578 638 1551284703662 
512 586 637 1551284703678 
512 590 636 1551284703695 
512 590 636 1551284703712 
512 591 636 1551284703746 
512 590 636 1551284703845 
512 587 637 1551284703862 
512 584 638 1551284703879 
512 581 638 1551284703895 
512 579 640 1551284703913 
512 578 641 1551284703929 
512 577 642 1551284703945 
512 576 642 1551284703962 
512 575 642 1551284703979 
512 574 643 1551284703995 
512 574 643 1551284704012 
512 572 643 1551284704029 
512 570 645 1551284704146 
512 569 646 1551284704162 
512 566 646 1551284704179 
512 564 646 1551284704195 
512 563 646 1551284704212 
512 562 646 1551284704229 
512 560 646 1551284704246 
512 558 646 1551284704262 
512 558 646 1551284704280 
512 557 646 1551284704296 
512 556 646 1551284704363 
513 556 646 1551284704377 
514 556 646 1551284704561 
512 557 643 1551284704696 
512 558 640 1551284704713 
512 560 630 1551284704730 
512 563 618 1551284704746 
512 565 604 1551284704763 
512 563 588 1551284704780 
512 557 569 1551284704796 
512 547 558 1551284704813 
512 538 552 1551284704830 
512 536 549 1551284704846 
512 541 544 1551284704863 
512 579 527 1551284704880 
512 627 532 1551284704896 
512 674 539 1551284704913 
512 706 542 1551284704929 
512 719 546 1551284704946 
512 727 551 1551284704963 
512 730 555 1551284704980 
512 734 561 1551284704997 
512 740 571 1551284705013 
512 751 589 1551284705029 
512 766 602 1551284705046 
512 775 609 1551284705063 
512 779 613 1551284705080 
512 781 614 1551284705096 
512 782 614 1551284705163 
512 785 617 1551284705180 
512 788 618 1551284705196 
512 794 622 1551284705213 
512 798 624 1551284705229 
512 806 626 1551284705246 
512 814 629 1551284705263 
512 822 630 1551284705280 
512 823 632 1551284705297 
512 825 633 1551284705397 
512 827 634 1551284705414 
512 828 637 1551284705430 
512 829 638 1551284705447 
512 830 639 1551284705463 
512 832 641 1551284705480 
512 834 643 1551284705497 
512 835 646 1551284705513 
512 838 650 1551284705530 
512 840 650 1551284705547 
512 841 651 1551284705563 
513 841 651 1551284705708 
514 841 651 1551284705879 
512 841 650 1551284705964 
512 841 650 1551284705980 
512 840 649 1551284706063 
512 836 646 1551284706081 
512 824 638 1551284706097 
512 804 628 1551284706114 
512 778 616 1551284706130 
512 754 606 1551284706147 
512 713 578 1551284706164 
512 695 554 1551284706180 
512 682 536 1551284706197 
512 672 516 1551284706213 
512 674 499 1551284706230 
512 691 479 1551284706247 
512 726 458 1551284706265 
512 754 446 1551284706280 
512 784 439 1551284706297 
512 808 432 1551284706314 
512 829 423 1551284706330 
512 848 416 1551284706347 
512 861 412 1551284706365 
512 866 410 1551284706380 
512 867 410 1551284706397 
512 868 408 1551284706464 
512 874 405 1551284706481 
512 882 402 1551284706497 
512 886 399 1551284706514 
512 890 397 1551284706531 
512 894 394 1551284706548 
512 895 394 1551284706564 
512 895 393 1551284706582 
512 895 392 1551284706598 
512 897 390 1551284706614 
512 900 389 1551284706631 
512 902 387 1551284706647 
512 906 386 1551284706665 
512 906 385 1551284706681 
512 908 384 1551284706698 
512 909 382 1551284706714 
512 911 381 1551284706731 
512 916 378 1551284706747 
512 921 377 1551284706764 
512 924 375 1551284706781 
512 926 374 1551284706797 
512 929 374 1551284706814 
512 930 374 1551284706931 
513 930 374 1551284706976 
514 930 374 1551284707151 
512 926 377 1551284707198 
512 902 383 1551284707214 
512 870 392 1551284707231 
512 826 400 1551284707248 
512 775 410 1551284707264 
512 693 420 1551284707282 
512 592 442 1551284707298 
512 492 446 1551284707315 
512 380 437 1551284707332 
512 342 430 1551284707348 
512 326 426 1551284707365 
512 322 424 1551284707381 
512 323 419 1551284707482 
512 330 410 1551284707498 
512 339 406 1551284707515 
512 343 404 1551284707531 
512 346 402 1551284707548 
512 349 400 1551284707565 
512 355 398 1551284707582 
512 370 392 1551284707598 
512 389 386 1551284707615 
512 398 382 1551284707632 
512 403 380 1551284707648 
512 406 378 1551284707665 
512 406 378 1551284707681 
512 406 377 1551284707698 
512 408 377 1551284707732 
512 417 377 1551284707748 
512 430 376 1551284707765 
512 443 376 1551284707781 
512 447 377 1551284707799 
512 450 378 1551284707815 
512 452 377 1551284707831 
512 454 377 1551284707848 
512 457 375 1551284707865 
512 465 373 1551284707882 
512 471 372 1551284707898 
512 475 372 1551284707916 
512 478 371 1551284707932 
512 478 371 1551284707948 
513 478 371 1551284708128 
514 478 371 1551284708317 
512 477 371 1551284708365 
512 476 371 1551284708382 
512 475 371 1551284708433 
512 474 372 1551284708466 
512 473 373 1551284708482 
512 472 373 1551284708499 
512 471 373 1551284708516 
512 471 374 1551284708649 
512 470 374 1551284708666 
512 466 391 1551284708682 
512 475 422 1551284708699 
512 486 450 1551284708715 
512 497 474 1551284708732 
512 508 498 1551284708749 
512 524 528 1551284708766 
512 530 546 1551284708782 
512 534 561 1551284708800 
512 534 570 1551284708816 
512 535 578 1551284708832 
512 535 582 1551284708849 
512 536 589 1551284708866 
512 536 591 1551284708883 
512 536 594 1551284708900 
512 538 598 1551284708916 
512 539 602 1551284708933 
512 540 607 1551284708949 
512 542 611 1551284708966 
512 543 614 1551284708983 
512 545 617 1551284708999 
512 546 618 1551284709016 
512 548 620 1551284709033 
512 550 622 1551284709049 
512 551 625 1551284709066 
512 554 627 1551284709083 
512 554 630 1551284709099 
512 559 635 1551284709116 
512 560 638 1551284709132 
512 561 639 1551284709149 
512 562 640 1551284709166 
512 562 641 1551284709199 
512 562 642 1551284709233 
512 562 642 1551284709249 
512 561 643 1551284709283 
512 560 643 1551284709316 
513 560 643 1551284709384 
514 560 643 1551284709551 
512 559 643 1551284709616 
512 559 641 1551284709633 
512 559 640 1551284709650 
512 559 638 1551284709666 
512 561 635 1551284709683 
512 563 630 1551284709700 
512 570 622 1551284709716 
512 578 605 1551284709733 
512 586 590 1551284709749 
512 595 571 1551284709767 
512 607 537 1551284709782 
512 611 482 1551284709798 
512 626 436 1551284709815 
512 638 386 1551284709832 
512 653 344 1551284709848 
512 661 322 1551284709865 
512 666 307 1551284709882 
512 670 292 1551284709898 
512 669 280 1551284709916 
512 667 274 1551284709932 
512 667 271 1551284709949 
512 667 269 1551284709965 
512 669 266 1551284709982 
512 670 262 1551284709999 
512 674 258 1551284710015 
512 681 249 1551284710033 
512 690 237 1551284710049 
512 694 234 1551284710065 
512 695 231 1551284710082 
512 696 229 1551284710099 
512 697 227 1551284710116 
512 697 226 1551284710134 
512 697 226 1551284710150 
512 697 225 1551284710167 
512 698 223 1551284710183 
512 698 222 1551284710200 
512 698 220 1551284710217 
512 698 218 1551284710233 
512 698 216 1551284710249 
512 698 215 1551284710383 
513 698 215 1551284710437 
514 698 215 1551284710617 
