512 700 213 1551284750496 
512 700 229 1551284750513 
512 700 246 1551284750530 
512 697 262 1551284750546 
512 697 278 1551284750563 
512 697 298 1551284750580 
512 698 324 1551284750596 
512 697 357 1551284750613 
512 698 406 1551284750630 
512 702 458 1551284750646 
512 707 504 1551284750663 
512 707 521 1551284750680 
512 707 537 1551284750696 
512 708 550 1551284750713 
512 712 566 1551284750730 
512 720 584 1551284750746 
512 737 606 1551284750763 
512 746 619 1551284750780 
512 754 632 1551284750796 
512 762 646 1551284750813 
512 772 659 1551284750830 
512 782 670 1551284750847 
512 799 676 1551284750863 
512 810 681 1551284750880 
512 815 681 1551284750897 
512 818 678 1551284750913 
512 822 676 1551284750930 
512 826 673 1551284750946 
512 829 671 1551284750963 
512 830 670 1551284750980 
512 830 669 1551284750997 
512 830 667 1551284751047 
512 831 665 1551284751063 
512 832 662 1551284751080 
512 830 661 1551284751097 
512 830 660 1551284751113 
512 830 659 1551284751130 
512 830 658 1551284751146 
512 830 657 1551284751163 
512 833 655 1551284751180 
512 834 654 1551284751197 
512 836 652 1551284751213 
512 836 651 1551284751246 
512 836 650 1551284751264 
512 838 649 1551284751347 
512 839 648 1551284751364 
512 840 646 1551284751380 
512 840 646 1551284751397 
513 840 646 1551284751472 
514 840 646 1551284751653 
512 840 645 1551284751697 
512 838 643 1551284751714 
512 836 641 1551284751730 
512 833 637 1551284751747 
512 830 629 1551284751763 
512 821 614 1551284751780 
512 809 594 1551284751797 
512 783 559 1551284751813 
512 764 520 1551284751831 
512 750 473 1551284751847 
512 745 451 1551284751864 
512 727 430 1551284751881 
512 688 413 1551284751897 
512 618 394 1551284751914 
512 546 383 1551284751930 
512 470 370 1551284751947 
512 418 363 1551284751963 
512 394 359 1551284751980 
512 389 359 1551284751998 
512 390 359 1551284752080 
512 392 360 1551284752097 
512 394 361 1551284752114 
512 397 362 1551284752131 
512 401 363 1551284752147 
512 406 366 1551284752164 
512 413 369 1551284752181 
512 422 374 1551284752198 
512 433 377 1551284752214 
512 446 378 1551284752231 
512 458 378 1551284752247 
512 469 379 1551284752264 
512 478 382 1551284752280 
512 478 382 1551284752297 
512 478 382 1551284752348 
512 477 382 1551284752364 
512 477 380 1551284752447 
512 476 378 1551284752464 
512 474 376 1551284752481 
512 473 376 1551284752514 
513 473 376 1551284752616 
514 473 376 1551284752785 
512 474 373 1551284752931 
512 478 370 1551284752943 
512 482 366 1551284752965 
512 498 350 1551284752981 
512 518 338 1551284752998 
512 565 313 1551284753014 
512 605 292 1551284753031 
512 628 278 1551284753048 
512 654 262 1551284753064 
512 659 261 1551284753081 
512 659 259 1551284753098 
512 660 256 1551284753115 
512 658 254 1551284753131 
512 657 254 1551284753148 
512 656 253 1551284753265 
512 655 253 1551284753281 
512 656 251 1551284753298 
512 661 246 1551284753316 
512 668 243 1551284753332 
512 676 240 1551284753349 
512 680 238 1551284753365 
512 686 235 1551284753382 
512 691 233 1551284753398 
512 697 230 1551284753415 
512 698 230 1551284753432 
512 700 227 1551284753582 
512 701 226 1551284753599 
512 702 222 1551284753616 
512 702 220 1551284753632 
512 704 217 1551284753649 
512 705 214 1551284753665 
512 705 214 1551284753682 
512 705 213 1551284753699 
513 705 213 1551284753863 
514 705 213 1551284754061 
512 704 217 1551284754116 
512 704 226 1551284754132 
512 706 243 1551284754149 
512 717 276 1551284754165 
512 719 321 1551284754183 
512 724 367 1551284754199 
512 730 412 1551284754216 
512 736 442 1551284754232 
512 738 466 1551284754249 
512 741 483 1551284754266 
512 743 497 1551284754282 
512 746 503 1551284754299 
512 748 506 1551284754315 
512 753 507 1551284754332 
512 765 509 1551284754348 
512 782 507 1551284754365 
512 807 502 1551284754382 
512 855 485 1551284754399 
512 880 479 1551284754415 
512 897 469 1551284754433 
512 907 459 1551284754449 
512 914 451 1551284754466 
512 914 449 1551284754482 
512 915 443 1551284754499 
512 913 434 1551284754515 
512 911 429 1551284754533 
512 910 419 1551284754549 
512 911 410 1551284754566 
512 914 399 1551284754582 
512 917 390 1551284754599 
512 919 384 1551284754616 
512 922 379 1551284754633 
512 922 378 1551284754649 
512 922 376 1551284754665 
512 922 375 1551284754682 
512 922 373 1551284754700 
512 924 371 1551284754716 
512 925 370 1551284754732 
512 926 369 1551284754749 
512 928 367 1551284754766 
512 928 366 1551284754781 
513 928 366 1551284754929 
514 928 366 1551284755115 
512 928 367 1551284755149 
512 928 368 1551284755166 
512 928 369 1551284755183 
512 914 377 1551284755434 
512 894 389 1551284755450 
512 872 401 1551284755467 
512 855 413 1551284755483 
512 838 422 1551284755500 
512 838 423 1551284755517 
512 843 416 1551284755584 
512 850 410 1551284755600 
512 854 407 1551284755616 
512 859 404 1551284755633 
512 873 396 1551284755651 
512 890 390 1551284755667 
512 910 386 1551284755683 
512 914 386 1551284755700 
512 915 383 1551284755716 
512 915 382 1551284755733 
512 916 382 1551284755750 
512 917 382 1551284755783 
512 917 382 1551284755800 
512 918 382 1551284755850 
512 899 389 1551284756101 
512 862 405 1551284756117 
512 801 432 1551284756133 
512 730 460 1551284756150 
512 654 490 1551284756167 
512 587 514 1551284756184 
512 491 551 1551284756200 
512 442 578 1551284756217 
512 411 599 1551284756234 
512 395 609 1551284756250 
512 393 610 1551284756267 
512 392 609 1551284756367 
512 392 608 1551284756384 
512 392 606 1551284756400 
512 393 603 1551284756417 
512 394 601 1551284756434 
512 394 598 1551284756451 
512 394 598 1551284756484 
512 400 598 1551284756568 
512 418 597 1551284756584 
512 442 591 1551284756601 
512 446 590 1551284756617 
512 446 590 1551284756634 
512 447 590 1551284756651 
512 449 591 1551284757786 
512 453 594 1551284757802 
512 460 600 1551284757819 
512 469 606 1551284757834 
512 481 614 1551284757851 
512 491 623 1551284757869 
512 508 636 1551284757884 
512 520 645 1551284757902 
512 531 652 1551284757918 
512 540 655 1551284757935 
512 546 657 1551284757952 
512 552 658 1551284757968 
512 554 659 1551284757985 
512 554 658 1551284758035 
512 554 658 1551284758052 
512 554 657 1551284758102 
512 556 654 1551284758135 
512 557 651 1551284758152 
512 555 648 1551284758168 
512 555 644 1551284758185 
512 554 641 1551284758201 
512 553 639 1551284758218 
512 554 638 1551284758235 
512 554 638 1551284758352 
512 555 638 1551284758385 
512 556 638 1551284758402 
512 558 638 1551284758435 
512 558 638 1551284758451 
512 559 639 1551284758469 
512 561 640 1551284758486 
512 562 642 1551284758502 
512 563 643 1551284758518 
512 564 644 1551284758536 
513 564 644 1551284758615 
512 564 643 1551284758736 
512 563 642 1551284758752 
512 562 642 1551284758769 
512 562 641 1551284758785 
512 562 640 1551284758803 
512 562 639 1551284758805 
514 562 639 1551284758806 
512 562 638 1551284758818 
512 562 636 1551284758836 
512 562 635 1551284758852 
512 561 635 1551284758903 
512 558 635 1551284758936 
512 556 634 1551284758952 
512 554 634 1551284758969 
512 551 631 1551284758986 
512 550 628 1551284759002 
512 546 625 1551284759019 
512 546 623 1551284759036 
512 544 620 1551284759052 
512 543 620 1551284759069 
512 544 618 1551284759086 
512 557 611 1551284759102 
512 586 597 1551284759119 
512 630 582 1551284759136 
512 674 571 1551284759152 
512 710 566 1551284759169 
512 733 564 1551284759186 
512 746 566 1551284759202 
512 754 567 1551284759219 
512 754 570 1551284759236 
512 757 574 1551284759253 
512 760 578 1551284759270 
512 762 582 1551284759286 
512 767 587 1551284759303 
512 770 591 1551284759319 
512 770 594 1551284759336 
512 772 597 1551284759353 
512 774 599 1551284759370 
512 775 602 1551284759386 
512 778 605 1551284759403 
512 779 608 1551284759420 
512 790 616 1551284759436 
512 799 621 1551284759453 
512 807 622 1551284759470 
512 814 623 1551284759486 
512 819 623 1551284759502 
512 822 625 1551284759519 
512 824 626 1551284759537 
512 826 626 1551284759553 
512 827 626 1551284759603 
512 829 626 1551284759619 
512 830 628 1551284759636 
512 832 630 1551284759653 
512 834 630 1551284759669 
512 836 631 1551284759686 
512 837 632 1551284759703 
512 839 633 1551284759719 
512 840 633 1551284759737 
512 841 634 1551284759754 
512 842 635 1551284759770 
512 843 636 1551284759786 
512 843 638 1551284759803 
512 843 639 1551284759819 
512 844 640 1551284759836 
512 845 641 1551284759969 
512 846 641 1551284759986 
513 846 641 1551284760011 
512 846 642 1551284760020 
512 846 641 1551284760137 
512 847 641 1551284760153 
514 847 641 1551284760167 
512 846 641 1551284760271 
512 846 641 1551284760287 
512 845 641 1551284760304 
512 844 639 1551284760320 
512 841 638 1551284760337 
512 837 632 1551284760353 
512 828 622 1551284760370 
512 817 610 1551284760386 
512 811 592 1551284760403 
512 805 576 1551284760420 
512 806 551 1551284760436 
512 810 534 1551284760454 
512 822 518 1551284760471 
512 840 496 1551284760487 
512 849 481 1551284760504 
512 859 466 1551284760520 
512 866 458 1551284760537 
512 871 450 1551284760554 
512 876 439 1551284760571 
512 880 432 1551284760586 
512 882 429 1551284760603 
512 882 426 1551284760620 
512 884 423 1551284760636 
512 885 421 1551284760654 
512 886 418 1551284760671 
512 887 415 1551284760687 
512 891 409 1551284760704 
512 897 403 1551284760720 
512 900 398 1551284760736 
512 902 394 1551284760754 
512 904 390 1551284760770 
512 905 388 1551284760787 
512 909 384 1551284760804 
512 912 382 1551284760820 
512 918 376 1551284760837 
512 923 374 1551284760854 
512 926 373 1551284760870 
512 928 370 1551284760887 
512 929 370 1551284760904 
513 929 370 1551284761093 
514 929 370 1551284761270 
512 917 374 1551284761354 
512 882 380 1551284761371 
512 843 391 1551284761388 
512 749 402 1551284761404 
512 688 403 1551284761421 
512 624 403 1551284761438 
512 554 401 1551284761454 
512 484 403 1551284761471 
512 422 406 1551284761488 
512 390 405 1551284761505 
512 379 403 1551284761520 
512 380 401 1551284761587 
512 382 398 1551284761604 
512 383 390 1551284761621 
512 385 387 1551284761638 
512 389 385 1551284761654 
512 391 382 1551284761671 
512 394 382 1551284761688 
512 398 381 1551284761704 
512 400 378 1551284761721 
512 403 378 1551284761738 
512 407 375 1551284761756 
512 410 374 1551284761771 
512 414 374 1551284761789 
512 417 376 1551284761804 
512 419 377 1551284761822 
512 422 377 1551284761838 
512 425 378 1551284761855 
512 428 378 1551284761871 
512 430 378 1551284761888 
512 432 378 1551284761905 
512 435 378 1551284761921 
512 438 379 1551284761938 
512 441 380 1551284761954 
512 445 379 1551284761971 
512 446 378 1551284761988 
512 447 378 1551284762004 
512 449 379 1551284762022 
512 450 378 1551284762037 
512 454 379 1551284762054 
512 455 379 1551284762071 
512 458 379 1551284762088 
512 462 380 1551284762104 
512 464 380 1551284762122 
512 466 380 1551284762137 
512 470 380 1551284762154 
512 472 378 1551284762171 
512 475 379 1551284762189 
512 478 378 1551284762205 
512 478 377 1551284762222 
513 478 377 1551284762358 
514 478 377 1551284762538 
512 477 378 1551284762822 
512 475 379 1551284762839 
512 474 382 1551284762855 
512 471 385 1551284762872 
512 464 402 1551284762889 
512 458 428 1551284762905 
512 456 454 1551284762921 
512 461 478 1551284762938 
512 475 508 1551284762955 
512 478 524 1551284762971 
512 480 538 1551284762989 
512 482 546 1551284763005 
512 484 550 1551284763022 
512 485 551 1551284763039 
512 486 554 1551284763056 
512 487 558 1551284763072 
512 489 562 1551284763089 
512 491 565 1551284763105 
512 493 569 1551284763122 
512 495 571 1551284763139 
512 498 574 1551284763155 
512 502 576 1551284763173 
512 510 579 1551284763189 
512 512 582 1551284763205 
512 515 584 1551284763223 
512 515 586 1551284763239 
512 517 590 1551284763256 
512 518 594 1551284763272 
512 520 598 1551284763289 
512 523 604 1551284763306 
512 526 610 1551284763322 
512 529 613 1551284763339 
512 530 616 1551284763355 
512 531 619 1551284763372 
512 534 622 1551284763389 
512 535 624 1551284763405 
512 538 626 1551284763422 
512 542 628 1551284763439 
512 546 630 1551284763456 
512 549 631 1551284763472 
512 550 631 1551284763489 
512 552 631 1551284763505 
512 555 633 1551284763522 
512 558 634 1551284763539 
512 559 634 1551284763555 
512 560 634 1551284763572 
512 561 634 1551284763589 
512 562 636 1551284763605 
512 564 638 1551284763639 
512 565 638 1551284763655 
512 565 639 1551284763773 
512 565 640 1551284763789 
513 565 640 1551284763901 
512 566 640 1551284764039 
512 566 639 1551284764073 
514 566 639 1551284764075 
512 566 638 1551284764107 
512 566 638 1551284764189 
512 566 637 1551284764223 
512 566 634 1551284764239 
512 566 630 1551284764256 
512 566 621 1551284764273 
512 564 593 1551284764290 
512 559 570 1551284764306 
512 552 545 1551284764323 
512 547 517 1551284764340 
512 550 492 1551284764356 
512 555 469 1551284764373 
512 562 452 1551284764390 
512 571 436 1551284764407 
512 587 416 1551284764423 
512 594 406 1551284764440 
512 599 394 1551284764457 
512 605 382 1551284764473 
512 608 370 1551284764490 
512 610 361 1551284764507 
512 610 347 1551284764523 
512 613 340 1551284764540 
512 614 332 1551284764556 
512 618 321 1551284764573 
512 622 312 1551284764589 
512 626 303 1551284764606 
512 634 293 1551284764623 
512 645 278 1551284764640 
512 658 267 1551284764656 
512 668 255 1551284764674 
512 677 245 1551284764690 
512 685 234 1551284764707 
512 691 226 1551284764724 
512 694 221 1551284764740 
512 697 215 1551284764756 
512 699 213 1551284764773 
512 701 210 1551284764789 
512 702 208 1551284764806 
512 702 206 1551284764823 
512 702 206 1551284764873 
513 702 206 1551284765024 
514 702 206 1551284765201 
