512 701 209 1553279420892 
512 700 209 1553279420926 
512 700 213 1553279421093 
512 704 215 1553279421109 
512 707 221 1553279421126 
512 713 230 1553279421143 
512 719 243 1553279421160 
512 736 284 1553279421176 
512 750 339 1553279421193 
512 764 408 1553279421209 
512 771 447 1553279421231 
512 782 530 1553279421243 
512 785 551 1553279421259 
512 788 568 1553279421276 
512 791 589 1553279421293 
512 799 613 1553279421309 
512 808 640 1553279421326 
512 827 668 1553279421343 
512 847 688 1553279421359 
512 855 692 1553279421376 
512 859 695 1553279421393 
512 860 695 1553279421459 
512 861 694 1553279421493 
512 861 689 1553279421509 
512 859 678 1553279421526 
512 853 665 1553279421543 
512 844 653 1553279421559 
512 841 648 1553279421576 
512 839 646 1553279421593 
512 837 643 1553279421609 
512 836 643 1553279421643 
512 835 642 1553279421659 
513 835 642 1553279421856 
512 835 640 1553279421967 
514 835 640 1553279421967 
512 835 640 1553279421976 
512 834 636 1553279421992 
512 834 632 1553279422176 
512 834 624 1553279422192 
512 834 606 1553279422209 
512 834 576 1553279422226 
512 815 518 1553279422242 
512 773 446 1553279422259 
512 722 392 1553279422275 
512 672 355 1553279422293 
512 623 333 1553279422309 
512 582 321 1553279422326 
512 555 319 1553279422343 
512 527 319 1553279422360 
512 514 324 1553279422376 
512 499 333 1553279422393 
512 487 340 1553279422409 
512 476 347 1553279422426 
512 470 352 1553279422443 
512 465 357 1553279422459 
512 464 363 1553279422476 
512 463 368 1553279422493 
512 463 374 1553279422509 
512 463 376 1553279422526 
512 463 377 1553279422543 
512 463 378 1553279422609 
512 465 378 1553279422726 
512 465 377 1553279422743 
512 466 375 1553279422759 
512 467 374 1553279422776 
512 467 373 1553279422793 
512 468 373 1553279422842 
512 469 372 1553279422859 
512 469 371 1553279422876 
512 470 371 1553279422943 
513 470 371 1553279422952 
514 470 371 1553279423063 
512 471 370 1553279423076 
512 472 369 1553279423259 
512 482 371 1553279423276 
512 501 373 1553279423292 
512 526 373 1553279423309 
512 566 370 1553279423326 
512 627 358 1553279423343 
512 694 334 1553279423359 
512 715 318 1553279423376 
512 721 304 1553279423393 
512 721 288 1553279423409 
512 721 276 1553279423426 
512 721 265 1553279423443 
512 721 257 1553279423459 
512 721 253 1553279423476 
512 720 252 1553279423493 
512 719 250 1553279423526 
512 717 249 1553279423559 
512 714 246 1553279423576 
512 711 245 1553279423593 
512 707 242 1553279423609 
512 705 239 1553279423626 
512 702 235 1553279423643 
512 702 231 1553279423659 
512 701 228 1553279423676 
512 701 225 1553279423693 
512 701 224 1553279423709 
512 701 223 1553279423726 
512 701 222 1553279423759 
512 701 221 1553279423793 
512 701 220 1553279423810 
512 701 219 1553279423826 
512 701 217 1553279423843 
512 701 215 1553279423859 
512 701 213 1553279423876 
512 700 210 1553279423893 
512 700 209 1553279423909 
512 700 208 1553279423926 
512 699 207 1553279423943 
513 699 207 1553279424009 
514 699 207 1553279424119 
512 702 209 1553279424242 
512 712 217 1553279424259 
512 728 229 1553279424276 
512 748 244 1553279424293 
512 766 257 1553279424309 
512 790 273 1553279424326 
512 808 284 1553279424343 
512 842 303 1553279424359 
512 857 316 1553279424376 
512 867 325 1553279424392 
512 875 332 1553279424409 
512 882 339 1553279424426 
512 887 343 1553279424443 
512 892 347 1553279424459 
512 901 352 1553279424476 
512 914 359 1553279424493 
512 927 365 1553279424509 
512 939 368 1553279424526 
512 943 370 1553279424543 
512 947 371 1553279424559 
512 948 371 1553279424576 
512 949 371 1553279424593 
512 950 371 1553279424626 
512 949 371 1553279424743 
512 944 370 1553279424759 
512 939 370 1553279424776 
512 933 370 1553279424793 
512 929 370 1553279424809 
512 926 370 1553279424826 
512 923 370 1553279424842 
512 920 370 1553279424859 
512 917 370 1553279424876 
512 916 371 1553279424893 
512 915 371 1553279424909 
512 915 372 1553279425009 
512 916 372 1553279425042 
512 918 372 1553279425059 
512 921 372 1553279425076 
512 924 372 1553279425093 
512 927 372 1553279425109 
512 928 372 1553279425126 
512 930 372 1553279425143 
512 931 372 1553279425281 
513 931 372 1553279425282 
514 931 372 1553279425399 
512 928 372 1553279425609 
512 913 374 1553279425625 
512 892 377 1553279425642 
512 863 382 1553279425659 
512 830 387 1553279425675 
512 794 399 1553279425692 
512 761 414 1553279425709 
512 738 439 1553279425725 
512 711 487 1553279425742 
512 692 533 1553279425759 
512 659 614 1553279425776 
512 641 657 1553279425792 
512 628 677 1553279425809 
512 617 689 1553279425825 
512 610 694 1553279425842 
512 601 700 1553279425859 
512 591 704 1553279425875 
512 582 706 1553279425892 
512 578 707 1553279425909 
512 574 708 1553279425925 
512 571 708 1553279425942 
512 568 708 1553279425959 
512 566 707 1553279425975 
512 561 699 1553279425992 
512 561 696 1553279426009 
512 560 692 1553279426025 
512 560 689 1553279426042 
512 560 684 1553279426059 
512 560 677 1553279426075 
512 560 673 1553279426092 
512 560 671 1553279426109 
512 560 668 1553279426125 
512 558 665 1553279426142 
512 558 663 1553279426159 
512 558 661 1553279426193 
512 558 660 1553279426209 
512 558 659 1553279426226 
512 558 658 1553279426243 
512 558 657 1553279426259 
512 558 655 1553279426276 
512 558 654 1553279426309 
512 558 653 1553279426326 
512 558 652 1553279426343 
512 558 651 1553279426376 
512 558 649 1553279426393 
512 559 648 1553279426409 
512 559 647 1553279426426 
512 559 645 1553279426443 
512 559 644 1553279426459 
512 560 643 1553279426476 
513 560 643 1553279426536 
512 560 642 1553279426559 
514 560 642 1553279426663 
512 560 642 1553279426675 
512 558 642 1553279426709 
512 557 640 1553279426842 
512 567 635 1553279426859 
512 587 624 1553279426875 
512 613 611 1553279426892 
512 638 599 1553279426909 
512 657 593 1553279426926 
512 670 593 1553279426942 
512 681 599 1553279426959 
512 691 608 1553279426975 
512 703 625 1553279426992 
512 723 650 1553279427009 
512 741 669 1553279427025 
512 756 679 1553279427042 
512 766 683 1553279427059 
512 773 683 1553279427075 
512 780 682 1553279427092 
512 786 678 1553279427109 
512 793 673 1553279427125 
512 796 669 1553279427142 
512 799 666 1553279427159 
512 803 662 1553279427175 
512 805 659 1553279427192 
512 808 656 1553279427209 
512 808 655 1553279427225 
512 811 653 1553279427242 
512 814 652 1553279427259 
512 819 650 1553279427275 
512 824 648 1553279427292 
512 830 647 1553279427309 
512 833 647 1553279427326 
512 836 647 1553279427342 
512 839 647 1553279427376 
512 840 647 1553279427426 
512 841 647 1553279427459 
513 841 647 1553279427632 
514 841 647 1553279427751 
512 842 647 1553279427776 
512 842 644 1553279427909 
512 842 639 1553279427942 
512 842 626 1553279427959 
512 844 610 1553279427975 
512 848 586 1553279427992 
512 853 555 1553279428009 
512 863 522 1553279428025 
512 873 490 1553279428042 
512 885 468 1553279428059 
512 895 458 1553279428075 
512 906 450 1553279428092 
512 913 446 1553279428109 
512 919 442 1553279428125 
512 922 438 1553279428143 
512 925 434 1553279428159 
512 928 425 1553279428176 
512 929 417 1553279428192 
512 930 410 1553279428209 
512 930 407 1553279428226 
512 932 404 1553279428243 
512 932 403 1553279428259 
512 932 401 1553279428276 
512 931 400 1553279428292 
512 931 397 1553279428309 
512 929 394 1553279428342 
512 929 391 1553279428359 
512 929 386 1553279428376 
512 929 384 1553279428392 
512 929 383 1553279428409 
512 929 382 1553279428426 
512 929 380 1553279428442 
512 929 379 1553279428559 
512 929 378 1553279428576 
512 929 377 1553279428659 
513 929 377 1553279428672 
514 929 377 1553279428815 
512 929 376 1553279428859 
512 928 376 1553279428875 
512 927 376 1553279428892 
512 926 376 1553279428909 
512 924 376 1553279428925 
512 920 377 1553279428942 
512 915 379 1553279428959 
512 891 387 1553279428975 
512 863 393 1553279428992 
512 828 396 1553279429009 
512 784 402 1553279429025 
512 748 403 1553279429042 
512 719 403 1553279429059 
512 701 403 1553279429075 
512 690 403 1553279429092 
512 680 403 1553279429109 
512 666 403 1553279429125 
512 644 403 1553279429142 
512 618 403 1553279429159 
512 577 401 1553279429175 
512 555 399 1553279429192 
512 538 398 1553279429209 
512 523 396 1553279429226 
512 514 396 1553279429242 
512 510 396 1553279429259 
512 508 396 1553279429276 
512 506 396 1553279429326 
512 504 395 1553279429342 
512 503 395 1553279429359 
512 501 395 1553279429376 
512 500 395 1553279429392 
512 499 394 1553279429426 
512 497 392 1553279429442 
512 493 389 1553279429459 
512 487 385 1553279429476 
512 483 382 1553279429492 
512 480 380 1553279429509 
512 478 379 1553279429526 
512 476 378 1553279429726 
512 474 377 1553279429759 
512 470 375 1553279429776 
512 467 373 1553279429792 
512 466 373 1553279429810 
513 466 373 1553279429904 
514 466 373 1553279430055 
512 466 372 1553279430092 
512 467 372 1553279430159 
512 474 372 1553279430175 
512 486 380 1553279430192 
512 500 392 1553279430209 
512 518 406 1553279430225 
512 529 415 1553279430242 
512 535 422 1553279430259 
512 539 424 1553279430276 
512 540 425 1553279430292 
512 541 428 1553279430343 
512 543 433 1553279430361 
512 550 471 1553279430376 
512 557 504 1553279430393 
512 558 536 1553279430409 
512 558 559 1553279430426 
512 558 573 1553279430442 
512 560 582 1553279430459 
512 560 586 1553279430476 
512 563 590 1553279430492 
512 565 592 1553279430509 
512 566 593 1553279430526 
512 568 594 1553279430542 
512 569 594 1553279430559 
512 570 595 1553279430576 
512 571 596 1553279430592 
512 571 599 1553279430626 
512 571 602 1553279430643 
512 571 607 1553279430659 
512 571 612 1553279430676 
512 571 616 1553279430692 
512 569 620 1553279430709 
512 566 623 1553279430726 
512 564 625 1553279430742 
512 562 629 1553279430759 
512 561 630 1553279430776 
512 561 631 1553279430792 
512 560 631 1553279430809 
512 560 632 1553279430825 
512 559 633 1553279430842 
512 558 634 1553279430876 
512 557 635 1553279430909 
512 555 636 1553279430926 
512 555 638 1553279430959 
512 555 639 1553279430976 
512 554 640 1553279430992 
512 554 641 1553279431042 
512 556 641 1553279431126 
513 556 641 1553279431128 
514 556 641 1553279431271 
512 556 640 1553279431292 
512 562 637 1553279431492 
512 570 630 1553279431509 
512 585 613 1553279431526 
512 602 582 1553279431542 
512 619 535 1553279431559 
512 631 451 1553279431576 
512 631 397 1553279431592 
512 631 359 1553279431609 
512 631 325 1553279431626 
512 631 298 1553279431642 
512 631 275 1553279431659 
512 634 253 1553279431676 
512 636 237 1553279431693 
512 641 221 1553279431709 
512 644 212 1553279431726 
512 647 205 1553279431743 
512 648 200 1553279431759 
512 650 194 1553279431776 
512 652 192 1553279431792 
512 654 191 1553279431809 
512 655 190 1553279431826 
512 657 190 1553279431859 
512 659 190 1553279431876 
512 664 191 1553279431892 
512 668 192 1553279431909 
512 673 195 1553279431926 
512 677 197 1553279431942 
512 682 200 1553279431959 
512 685 202 1553279431976 
512 687 202 1553279431992 
512 689 202 1553279432009 
512 692 202 1553279432026 
512 694 202 1553279432042 
512 696 202 1553279432059 
512 697 202 1553279432076 
512 698 202 1553279432092 
512 699 202 1553279432109 
513 699 202 1553279432288 
514 699 202 1553279432407 
