512 706 205 1553517033337 
512 712 212 1553517033354 
512 726 225 1553517033371 
512 741 239 1553517033387 
512 760 256 1553517033404 
512 796 289 1553517033422 
512 817 315 1553517033438 
512 827 337 1553517033455 
512 833 362 1553517033471 
512 835 387 1553517033488 
512 835 415 1553517033504 
512 835 447 1553517033520 
512 833 474 1553517033538 
512 827 494 1553517033554 
512 823 509 1553517033570 
512 822 520 1553517033587 
512 822 526 1553517033604 
512 822 534 1553517033621 
512 822 544 1553517033637 
512 822 552 1553517033654 
512 822 557 1553517033671 
512 824 562 1553517033688 
512 826 568 1553517033704 
512 829 577 1553517033720 
512 833 586 1553517033737 
512 837 595 1553517033755 
512 840 600 1553517033770 
512 843 604 1553517033787 
512 844 605 1553517033804 
512 845 606 1553517033820 
512 845 608 1553517033837 
512 845 610 1553517033854 
512 849 614 1553517033871 
512 850 617 1553517033887 
512 850 618 1553517033904 
512 850 622 1553517033921 
512 850 625 1553517033937 
512 850 628 1553517033954 
512 850 629 1553517033972 
512 850 631 1553517033988 
512 849 633 1553517034004 
512 848 634 1553517034020 
512 845 636 1553517034038 
512 844 637 1553517034054 
512 843 638 1553517034071 
512 842 638 1553517034087 
512 842 639 1553517034105 
512 840 640 1553517034121 
512 839 641 1553517034137 
512 837 642 1553517034172 
512 836 642 1553517034206 
513 836 642 1553517034277 
514 836 642 1553517034412 
512 835 641 1553517034470 
512 834 641 1553517034587 
512 826 632 1553517034621 
512 814 620 1553517034637 
512 797 602 1553517034654 
512 765 572 1553517034671 
512 725 539 1553517034687 
512 677 509 1553517034704 
512 649 492 1553517034721 
512 621 475 1553517034737 
512 600 461 1553517034754 
512 576 448 1553517034771 
512 558 441 1553517034787 
512 545 436 1553517034804 
512 535 430 1553517034821 
512 530 428 1553517034837 
512 524 424 1553517034854 
512 520 421 1553517034871 
512 514 417 1553517034887 
512 511 415 1553517034904 
512 510 414 1553517034921 
512 510 413 1553517034937 
512 508 412 1553517034954 
512 507 410 1553517034971 
512 505 409 1553517034987 
512 503 406 1553517035004 
512 496 397 1553517035021 
512 491 392 1553517035037 
512 488 389 1553517035054 
512 487 387 1553517035071 
512 485 385 1553517035087 
512 483 384 1553517035104 
512 481 382 1553517035121 
512 478 381 1553517035137 
512 478 380 1553517035154 
512 477 380 1553517035171 
512 476 380 1553517035187 
512 475 379 1553517035304 
512 474 378 1553517035338 
512 473 377 1553517035354 
512 471 374 1553517035388 
512 469 372 1553517035403 
513 469 372 1553517035477 
514 469 372 1553517035612 
512 471 372 1553517035670 
512 472 372 1553517035687 
512 474 372 1553517035704 
512 475 372 1553517035720 
512 477 372 1553517035737 
512 478 372 1553517035754 
512 480 372 1553517035770 
512 483 372 1553517035787 
512 487 375 1553517035804 
512 499 379 1553517035821 
512 511 380 1553517035837 
512 524 380 1553517035854 
512 538 372 1553517035871 
512 550 364 1553517035887 
512 558 352 1553517035904 
512 567 339 1553517035921 
512 576 325 1553517035937 
512 587 306 1553517035954 
512 595 288 1553517035971 
512 605 273 1553517035987 
512 613 256 1553517036004 
512 622 242 1553517036022 
512 623 239 1553517036037 
512 625 235 1553517036054 
512 626 235 1553517036071 
512 626 234 1553517036104 
512 628 233 1553517036121 
512 629 233 1553517036137 
512 635 232 1553517036154 
512 643 230 1553517036171 
512 654 227 1553517036187 
512 664 226 1553517036204 
512 681 223 1553517036221 
512 688 222 1553517036237 
512 693 222 1553517036254 
512 696 221 1553517036271 
512 699 221 1553517036287 
512 701 220 1553517036304 
512 703 219 1553517036321 
512 704 218 1553517036387 
512 704 217 1553517036421 
512 704 216 1553517036504 
512 704 215 1553517036521 
512 704 213 1553517036537 
512 703 213 1553517036554 
512 703 212 1553517036571 
512 702 211 1553517036587 
512 702 210 1553517036620 
512 700 209 1553517036653 
513 700 209 1553517036654 
514 700 209 1553517036788 
512 701 208 1553517036837 
512 703 210 1553517036855 
512 708 214 1553517036870 
512 713 218 1553517036887 
512 719 220 1553517036904 
512 726 227 1553517036921 
512 737 235 1553517036937 
512 749 246 1553517036954 
512 759 255 1553517036970 
512 772 268 1553517036987 
512 784 279 1553517037004 
512 797 291 1553517037021 
512 804 298 1553517037037 
512 809 303 1553517037054 
512 814 307 1553517037071 
512 819 312 1553517037087 
512 828 318 1553517037104 
512 832 322 1553517037120 
512 839 326 1553517037139 
512 843 328 1553517037154 
512 846 330 1553517037171 
512 849 331 1553517037187 
512 853 334 1553517037204 
512 856 334 1553517037221 
512 860 337 1553517037237 
512 864 340 1553517037255 
512 870 343 1553517037270 
512 874 346 1553517037287 
512 881 351 1553517037304 
512 887 356 1553517037321 
512 893 358 1553517037337 
512 898 360 1553517037354 
512 901 362 1553517037370 
512 906 364 1553517037389 
512 907 364 1553517037404 
512 909 365 1553517037421 
512 911 366 1553517037437 
512 914 367 1553517037472 
512 916 368 1553517037487 
512 918 368 1553517037504 
512 920 368 1553517037520 
512 921 368 1553517037537 
512 922 368 1553517037555 
512 924 369 1553517037570 
512 924 370 1553517037588 
512 931 371 1553517037605 
512 933 372 1553517037620 
512 936 373 1553517037638 
513 936 373 1553517037750 
514 936 373 1553517037916 
512 935 373 1553517038154 
512 934 373 1553517038170 
512 931 373 1553517038187 
512 923 377 1553517038204 
512 902 386 1553517038221 
512 883 396 1553517038237 
512 862 413 1553517038254 
512 826 440 1553517038270 
512 782 473 1553517038287 
512 729 514 1553517038304 
512 678 555 1553517038320 
512 635 584 1553517038337 
512 612 599 1553517038353 
512 599 607 1553517038370 
512 594 611 1553517038387 
512 592 613 1553517038404 
512 589 614 1553517038420 
512 584 616 1553517038437 
512 578 619 1553517038454 
512 570 624 1553517038470 
512 562 627 1553517038487 
512 557 629 1553517038504 
512 555 630 1553517038522 
512 555 631 1553517038537 
512 554 631 1553517038637 
512 554 632 1553517038654 
512 554 633 1553517038671 
512 554 634 1553517038737 
512 554 635 1553517038770 
512 554 637 1553517038804 
512 554 639 1553517038837 
512 554 640 1553517038887 
512 555 640 1553517038905 
513 555 640 1553517038989 
512 556 640 1553517039117 
514 556 640 1553517039117 
512 558 638 1553517039137 
512 561 636 1553517039154 
512 561 635 1553517039271 
512 561 634 1553517039287 
512 561 633 1553517039304 
512 567 628 1553517039320 
512 576 622 1553517039337 
512 588 619 1553517039354 
512 599 619 1553517039371 
512 608 619 1553517039387 
512 621 620 1553517039404 
512 636 625 1553517039420 
512 669 633 1553517039437 
512 691 641 1553517039455 
512 715 647 1553517039471 
512 739 649 1553517039487 
512 759 652 1553517039504 
512 772 653 1553517039520 
512 776 653 1553517039538 
512 779 653 1553517039554 
512 780 653 1553517039570 
512 780 652 1553517039587 
512 782 651 1553517039605 
512 783 650 1553517039621 
512 783 649 1553517039637 
512 785 649 1553517039654 
512 786 648 1553517039687 
512 788 647 1553517039705 
512 792 646 1553517039721 
512 796 646 1553517039737 
512 801 644 1553517039755 
512 808 644 1553517039770 
512 815 644 1553517039787 
512 822 643 1553517039803 
512 826 643 1553517039820 
512 832 643 1553517039838 
512 835 643 1553517039854 
512 836 643 1553517039871 
512 837 643 1553517039887 
512 838 643 1553517040054 
513 838 643 1553517040085 
514 838 643 1553517040196 
512 838 640 1553517040237 
512 838 639 1553517040254 
512 838 638 1553517040272 
512 838 637 1553517040304 
512 837 636 1553517040337 
512 836 635 1553517040353 
512 836 631 1553517040371 
512 837 623 1553517040387 
512 837 613 1553517040404 
512 838 597 1553517040420 
512 847 569 1553517040438 
512 860 542 1553517040454 
512 886 500 1553517040470 
512 914 460 1553517040487 
512 935 443 1553517040504 
512 941 435 1553517040520 
512 944 431 1553517040538 
512 947 427 1553517040554 
512 950 424 1553517040570 
512 952 421 1553517040588 
512 957 415 1553517040605 
512 958 413 1553517040620 
512 959 409 1553517040637 
512 959 405 1553517040654 
512 959 402 1553517040671 
512 956 398 1553517040687 
512 950 396 1553517040704 
512 943 392 1553517040721 
512 934 389 1553517040737 
512 927 385 1553517040753 
512 922 384 1553517040771 
512 920 383 1553517040789 
512 919 382 1553517040837 
512 918 381 1553517040921 
512 917 380 1553517040937 
512 917 379 1553517040972 
512 917 378 1553517041005 
512 917 376 1553517041037 
512 918 375 1553517041054 
512 918 374 1553517041070 
512 919 373 1553517041088 
512 921 372 1553517041137 
512 923 371 1553517041171 
512 924 371 1553517041204 
512 924 370 1553517041205 
513 924 370 1553517041206 
512 925 370 1553517041221 
512 926 370 1553517041237 
514 926 370 1553517041388 
512 926 370 1553517041405 
512 926 369 1553517041437 
512 925 369 1553517041454 
512 924 369 1553517041471 
512 922 369 1553517041487 
512 920 368 1553517041504 
512 913 366 1553517041521 
512 903 365 1553517041537 
512 882 364 1553517041554 
512 853 364 1553517041571 
512 809 364 1553517041587 
512 763 367 1553517041604 
512 712 371 1553517041621 
512 684 371 1553517041637 
512 668 371 1553517041654 
512 653 371 1553517041670 
512 640 371 1553517041687 
512 627 371 1553517041704 
512 616 371 1553517041720 
512 602 371 1553517041737 
512 590 371 1553517041753 
512 582 371 1553517041772 
512 575 371 1553517041787 
512 567 371 1553517041804 
512 557 371 1553517041820 
512 552 371 1553517041837 
512 546 371 1553517041854 
512 539 371 1553517041870 
512 530 371 1553517041887 
512 519 371 1553517041904 
512 508 371 1553517041920 
512 497 373 1553517041937 
512 493 374 1553517041954 
512 488 375 1553517041971 
512 484 375 1553517041987 
512 482 376 1553517042021 
512 481 377 1553517042037 
512 480 377 1553517042071 
512 478 377 1553517042187 
512 477 377 1553517042204 
512 475 377 1553517042221 
512 474 377 1553517042237 
513 474 377 1553517042349 
514 474 377 1553517042476 
512 475 377 1553517042620 
512 478 378 1553517042637 
512 481 378 1553517042653 
512 486 378 1553517042670 
512 493 378 1553517042687 
512 499 378 1553517042704 
512 502 378 1553517042720 
512 503 378 1553517042737 
512 506 380 1553517042754 
512 510 385 1553517042770 
512 514 392 1553517042787 
512 517 409 1553517042804 
512 522 441 1553517042821 
512 524 465 1553517042837 
512 524 493 1553517042853 
512 524 519 1553517042870 
512 524 545 1553517042887 
512 523 561 1553517042904 
512 521 570 1553517042921 
512 521 575 1553517042937 
512 522 579 1553517042954 
512 526 585 1553517042971 
512 528 590 1553517042987 
512 530 596 1553517043004 
512 531 602 1553517043021 
512 533 605 1553517043037 
512 534 612 1553517043054 
512 536 619 1553517043071 
512 540 626 1553517043087 
512 543 628 1553517043104 
512 544 629 1553517043121 
512 546 631 1553517043137 
512 547 633 1553517043170 
512 548 633 1553517043237 
512 548 634 1553517043254 
512 550 634 1553517043270 
512 552 636 1553517043287 
512 553 636 1553517043303 
512 553 637 1553517043320 
512 554 637 1553517043338 
512 555 637 1553517043353 
512 556 639 1553517043370 
512 557 639 1553517043387 
512 558 640 1553517043403 
512 559 640 1553517043421 
512 560 642 1553517043438 
513 560 642 1553517043533 
514 560 642 1553517043660 
512 560 641 1553517043720 
512 560 640 1553517043755 
512 560 639 1553517043788 
512 560 638 1553517043804 
512 560 637 1553517043820 
512 561 628 1553517043837 
512 567 615 1553517043853 
512 577 597 1553517043871 
512 592 571 1553517043887 
512 618 531 1553517043904 
512 648 478 1553517043921 
512 678 419 1553517043937 
512 692 382 1553517043954 
512 698 359 1553517043970 
512 705 343 1553517043987 
512 708 321 1553517044005 
512 710 306 1553517044021 
512 714 293 1553517044036 
512 717 285 1553517044054 
512 719 283 1553517044070 
512 720 280 1553517044087 
512 723 277 1553517044104 
512 724 275 1553517044120 
512 725 271 1553517044137 
512 725 268 1553517044154 
512 725 264 1553517044171 
512 725 259 1553517044187 
512 724 253 1553517044204 
512 718 241 1553517044221 
512 715 234 1553517044238 
512 712 230 1553517044254 
512 710 227 1553517044270 
512 708 225 1553517044287 
512 707 223 1553517044303 
512 706 221 1553517044320 
512 705 220 1553517044337 
512 704 219 1553517044354 
512 703 217 1553517044370 
512 701 216 1553517044387 
512 700 215 1553517044420 
512 700 213 1553517044438 
512 699 212 1553517044454 
512 699 210 1553517044487 
512 698 209 1553517044504 
512 698 207 1553517044537 
513 698 207 1553517044613 
514 698 207 1553517044732 
