512 703 205 1552998557583 
512 705 212 1552998557601 
512 715 241 1552998557616 
512 752 317 1552998557634 
512 814 476 1552998557650 
512 844 574 1552998557667 
512 860 654 1552998557683 
512 868 706 1552998557700 
512 872 737 1552998557716 
512 876 758 1552998557733 
512 880 768 1552998557749 
512 881 768 1552998557767 
512 883 767 1552998557816 
512 884 767 1552998557833 
512 885 765 1552998557849 
512 885 755 1552998557867 
512 885 740 1552998557884 
512 882 722 1552998557899 
512 868 699 1552998557916 
512 849 673 1552998557933 
512 829 647 1552998557950 
512 820 634 1552998557966 
512 817 630 1552998557983 
512 817 629 1552998558000 
512 816 628 1552998558016 
512 816 627 1552998558084 
512 816 626 1552998558133 
512 818 626 1552998558166 
512 824 629 1552998558184 
512 828 632 1552998558200 
512 833 635 1552998558216 
512 836 638 1552998558233 
512 839 639 1552998558250 
512 840 640 1552998558268 
512 841 642 1552998558333 
512 842 642 1552998558351 
512 842 643 1552998558367 
513 842 643 1552998558507 
512 843 643 1552998558600 
514 843 643 1552998558610 
512 843 643 1552998558617 
512 844 643 1552998558632 
512 845 640 1552998558650 
512 845 639 1552998558867 
512 836 628 1552998558883 
512 815 610 1552998558900 
512 779 575 1552998558916 
512 724 520 1552998558933 
512 649 459 1552998558950 
512 591 415 1552998558967 
512 578 405 1552998558984 
512 571 401 1552998559001 
512 570 400 1552998559016 
512 569 400 1552998559116 
512 566 400 1552998559149 
512 561 400 1552998559167 
512 555 399 1552998559184 
512 545 396 1552998559200 
512 528 394 1552998559216 
512 515 392 1552998559234 
512 500 390 1552998559250 
512 488 388 1552998559266 
512 481 387 1552998559283 
512 479 387 1552998559299 
512 478 387 1552998559317 
512 476 386 1552998559366 
512 475 384 1552998559482 
512 474 383 1552998559499 
512 473 382 1552998559516 
512 472 381 1552998559532 
512 471 380 1552998559549 
512 471 379 1552998559566 
512 469 377 1552998559583 
512 469 376 1552998559616 
513 469 376 1552998559683 
514 469 376 1552998559786 
512 470 376 1552998559933 
512 475 376 1552998559949 
512 484 380 1552998559966 
512 501 391 1552998559983 
512 519 402 1552998559999 
512 535 412 1552998560016 
512 556 415 1552998560033 
512 581 415 1552998560050 
512 593 414 1552998560066 
512 635 399 1552998560083 
512 655 386 1552998560099 
512 665 372 1552998560116 
512 670 357 1552998560133 
512 671 341 1552998560150 
512 671 327 1552998560166 
512 670 317 1552998560183 
512 666 303 1552998560201 
512 666 292 1552998560216 
512 667 285 1552998560233 
512 673 276 1552998560250 
512 680 271 1552998560268 
512 686 267 1552998560283 
512 690 265 1552998560300 
512 695 263 1552998560318 
512 701 262 1552998560334 
512 709 257 1552998560349 
512 720 252 1552998560366 
512 730 247 1552998560383 
512 739 241 1552998560400 
512 745 237 1552998560416 
512 747 233 1552998560433 
512 748 231 1552998560449 
512 748 227 1552998560466 
512 747 226 1552998560482 
512 744 223 1552998560500 
512 737 220 1552998560516 
512 726 217 1552998560532 
512 707 212 1552998560550 
512 695 209 1552998560566 
512 691 208 1552998560583 
512 688 208 1552998560601 
512 688 207 1552998560885 
512 688 206 1552998560900 
512 689 205 1552998561000 
512 691 205 1552998561016 
512 694 205 1552998561033 
512 695 203 1552998561049 
512 696 203 1552998561066 
512 697 203 1552998561083 
513 697 203 1552998561355 
514 697 203 1552998561458 
512 699 203 1552998561700 
512 702 208 1552998561716 
512 715 222 1552998561733 
512 732 235 1552998561751 
512 752 246 1552998561766 
512 774 254 1552998561783 
512 793 260 1552998561800 
512 813 266 1552998561817 
512 829 270 1552998561833 
512 843 275 1552998561849 
512 853 279 1552998561866 
512 855 279 1552998561883 
512 857 281 1552998561899 
512 860 286 1552998561917 
512 863 295 1552998561933 
512 868 305 1552998561951 
512 873 316 1552998561967 
512 876 322 1552998561983 
512 880 328 1552998562001 
512 883 333 1552998562017 
512 885 337 1552998562034 
512 890 346 1552998562051 
512 893 349 1552998562066 
512 897 355 1552998562083 
512 898 357 1552998562099 
512 900 357 1552998562116 
512 901 358 1552998562133 
512 903 359 1552998562150 
512 904 360 1552998562166 
512 906 361 1552998562200 
512 907 361 1552998562218 
512 909 363 1552998562233 
512 910 363 1552998562250 
512 912 363 1552998562267 
512 913 364 1552998562283 
512 914 364 1552998562316 
512 916 365 1552998562332 
512 919 366 1552998562351 
512 919 367 1552998562367 
512 922 367 1552998562382 
512 922 368 1552998562416 
512 924 368 1552998562432 
512 927 370 1552998562450 
512 927 371 1552998562466 
512 930 372 1552998562483 
512 932 373 1552998562517 
512 934 373 1552998562533 
512 935 373 1552998562566 
513 935 373 1552998562658 
514 935 373 1552998562778 
512 936 376 1552998563034 
512 935 380 1552998563050 
512 923 395 1552998563066 
512 894 429 1552998563083 
512 860 471 1552998563099 
512 816 525 1552998563116 
512 771 567 1552998563133 
512 744 588 1552998563150 
512 732 599 1552998563166 
512 728 602 1552998563183 
512 727 603 1552998563216 
512 723 603 1552998563234 
512 715 602 1552998563249 
512 706 602 1552998563266 
512 684 602 1552998563283 
512 672 602 1552998563301 
512 661 603 1552998563317 
512 653 604 1552998563332 
512 647 605 1552998563349 
512 642 605 1552998563366 
512 635 607 1552998563383 
512 629 610 1552998563400 
512 622 613 1552998563416 
512 614 617 1552998563433 
512 602 625 1552998563450 
512 594 632 1552998563466 
512 592 633 1552998563482 
512 591 634 1552998563500 
512 589 635 1552998563549 
512 588 636 1552998563566 
512 586 636 1552998563584 
512 584 636 1552998563601 
512 582 637 1552998563616 
512 580 637 1552998563666 
512 576 637 1552998563683 
512 573 637 1552998563699 
512 570 638 1552998563716 
512 568 639 1552998563734 
512 567 640 1552998563851 
512 566 640 1552998563966 
512 565 640 1552998563983 
512 564 640 1552998564000 
512 563 640 1552998564016 
513 563 640 1552998564114 
514 563 640 1552998564218 
512 560 638 1552998564267 
512 562 638 1552998564383 
512 563 638 1552998564400 
512 563 639 1552998564416 
512 564 639 1552998564466 
512 577 648 1552998564482 
512 591 658 1552998564499 
512 623 664 1552998564516 
512 668 675 1552998564533 
512 719 681 1552998564549 
512 758 681 1552998564566 
512 779 681 1552998564583 
512 790 681 1552998564600 
512 791 681 1552998564616 
512 792 681 1552998564632 
512 794 681 1552998564649 
512 798 679 1552998564667 
512 803 677 1552998564682 
512 810 674 1552998564700 
512 816 671 1552998564716 
512 825 668 1552998564733 
512 836 663 1552998564750 
512 845 659 1552998564766 
512 848 658 1552998564783 
512 851 656 1552998564799 
512 853 654 1552998564817 
512 853 653 1552998564832 
512 853 652 1552998564849 
512 853 651 1552998564866 
512 853 650 1552998564883 
512 852 648 1552998564983 
512 850 647 1552998565016 
512 846 646 1552998565033 
512 845 646 1552998565049 
512 843 646 1552998565066 
512 842 645 1552998565084 
512 841 644 1552998565133 
513 841 644 1552998565242 
514 841 644 1552998565354 
512 841 643 1552998565366 
512 841 641 1552998565382 
512 841 639 1552998565400 
512 850 627 1552998565601 
512 877 599 1552998565616 
512 913 565 1552998565634 
512 941 524 1552998565650 
512 968 474 1552998565666 
512 990 434 1552998565683 
512 988 434 1552998565917 
512 983 435 1552998565932 
512 978 432 1552998565949 
512 972 426 1552998565968 
512 963 417 1552998565983 
512 954 407 1552998566000 
512 948 395 1552998566016 
512 944 387 1552998566033 
512 941 382 1552998566049 
512 939 379 1552998566066 
512 939 378 1552998566099 
512 939 377 1552998566116 
512 939 376 1552998566133 
512 939 375 1552998566149 
512 937 372 1552998566166 
512 937 370 1552998566183 
512 936 369 1552998566199 
512 935 369 1552998566215 
512 934 369 1552998566266 
512 933 369 1552998566300 
512 931 371 1552998566400 
512 931 372 1552998566433 
512 931 373 1552998566451 
512 931 374 1552998566483 
513 931 374 1552998566554 
514 931 374 1552998566658 
512 931 373 1552998566683 
512 932 372 1552998566700 
512 932 371 1552998566716 
512 933 372 1552998566849 
512 934 372 1552998566866 
512 933 372 1552998566917 
512 922 372 1552998566933 
512 898 372 1552998566949 
512 855 366 1552998566965 
512 798 358 1552998566983 
512 737 347 1552998567000 
512 678 339 1552998567017 
512 611 333 1552998567033 
512 551 333 1552998567050 
512 495 345 1552998567066 
512 450 371 1552998567083 
512 426 390 1552998567100 
512 415 401 1552998567116 
512 412 406 1552998567133 
512 412 407 1552998567150 
512 412 408 1552998567166 
512 414 408 1552998567183 
512 415 408 1552998567199 
512 417 408 1552998567216 
512 418 408 1552998567234 
512 421 409 1552998567249 
512 425 410 1552998567266 
512 433 412 1552998567283 
512 443 412 1552998567300 
512 460 412 1552998567317 
512 478 410 1552998567333 
512 493 406 1552998567350 
512 502 401 1552998567366 
512 504 398 1552998567383 
512 505 395 1552998567400 
512 505 392 1552998567416 
512 505 391 1552998567433 
512 505 389 1552998567449 
512 504 388 1552998567466 
512 502 387 1552998567483 
512 499 385 1552998567500 
512 496 384 1552998567516 
512 495 384 1552998567533 
512 494 384 1552998567551 
512 493 384 1552998567566 
512 492 384 1552998567599 
512 490 383 1552998567616 
512 489 383 1552998567633 
512 487 383 1552998567650 
512 485 382 1552998567683 
512 482 379 1552998567716 
512 482 378 1552998567732 
512 480 377 1552998567749 
512 479 376 1552998567882 
512 477 375 1552998567916 
513 477 375 1552998568010 
514 477 375 1552998568122 
512 478 375 1552998568283 
512 479 376 1552998568301 
512 480 376 1552998568351 
512 483 379 1552998568366 
512 490 384 1552998568383 
512 505 395 1552998568400 
512 525 412 1552998568416 
512 554 444 1552998568433 
512 575 481 1552998568450 
512 585 510 1552998568466 
512 588 537 1552998568483 
512 588 547 1552998568500 
512 590 556 1552998568516 
512 590 561 1552998568533 
512 590 567 1552998568550 
512 590 568 1552998568566 
512 590 569 1552998568599 
512 590 570 1552998568633 
512 590 571 1552998568650 
512 589 571 1552998568666 
512 583 575 1552998568683 
512 575 580 1552998568699 
512 569 586 1552998568716 
512 562 593 1552998568733 
512 556 601 1552998568750 
512 553 612 1552998568766 
512 549 622 1552998568783 
512 548 628 1552998568799 
512 548 629 1552998568816 
512 548 631 1552998568833 
512 548 633 1552998568866 
512 550 633 1552998568900 
512 551 633 1552998568916 
512 553 633 1552998568949 
512 554 633 1552998568966 
512 556 633 1552998568983 
512 557 633 1552998569033 
512 558 634 1552998569116 
512 558 635 1552998569150 
512 558 637 1552998569166 
512 558 638 1552998569183 
512 558 641 1552998569216 
512 557 643 1552998569234 
512 557 644 1552998569283 
512 558 645 1552998569299 
512 559 645 1552998569333 
512 560 645 1552998569351 
513 560 645 1552998569387 
512 562 646 1552998569482 
512 563 646 1552998569499 
514 563 646 1552998569506 
512 565 646 1552998569533 
512 566 646 1552998569699 
512 569 644 1552998569717 
512 578 638 1552998569734 
512 586 625 1552998569750 
512 601 604 1552998569766 
512 620 568 1552998569784 
512 640 515 1552998569799 
512 657 453 1552998569816 
512 659 397 1552998569832 
512 658 359 1552998569850 
512 657 348 1552998569866 
512 640 313 1552998569883 
512 633 295 1552998569900 
512 625 277 1552998569916 
512 620 263 1552998569933 
512 617 253 1552998569950 
512 617 248 1552998569966 
512 617 247 1552998569983 
512 617 246 1552998570001 
512 618 245 1552998570016 
512 621 243 1552998570033 
512 627 243 1552998570049 
512 637 242 1552998570066 
512 659 241 1552998570082 
512 672 241 1552998570099 
512 683 241 1552998570116 
512 689 239 1552998570133 
512 691 239 1552998570150 
512 692 239 1552998570216 
512 692 238 1552998570233 
512 694 235 1552998570250 
512 694 232 1552998570266 
512 694 229 1552998570284 
512 694 226 1552998570300 
512 695 223 1552998570316 
512 696 222 1552998570334 
512 697 219 1552998570351 
512 699 217 1552998570367 
512 702 213 1552998570383 
512 706 210 1552998570401 
512 708 207 1552998570416 
512 709 206 1552998570433 
512 709 205 1552998570450 
512 710 204 1552998570466 
512 710 203 1552998570484 
512 710 202 1552998570766 
512 709 203 1552998570883 
512 708 203 1552998570916 
512 706 204 1552998570933 
512 704 205 1552998570949 
512 702 206 1552998570967 
512 701 207 1552998570982 
513 701 207 1552998571058 
512 701 207 1552998571116 
514 701 207 1552998571194 
