512 696 206 1552998656107 
512 698 206 1552998656223 
512 700 206 1552998656240 
512 703 210 1552998656257 
512 711 217 1552998656273 
512 719 226 1552998656290 
512 731 237 1552998656307 
512 745 251 1552998656323 
512 764 268 1552998656340 
512 784 289 1552998656357 
512 805 309 1552998656374 
512 825 348 1552998656391 
512 834 373 1552998656407 
512 841 404 1552998656424 
512 846 430 1552998656441 
512 849 455 1552998656457 
512 851 471 1552998656474 
512 854 487 1552998656491 
512 855 496 1552998656507 
512 857 508 1552998656523 
512 857 517 1552998656540 
512 859 527 1552998656557 
512 860 537 1552998656574 
512 861 548 1552998656590 
512 862 569 1552998656607 
512 862 584 1552998656624 
512 858 595 1552998656640 
512 854 604 1552998656657 
512 854 606 1552998656674 
512 853 608 1552998656690 
512 852 612 1552998656707 
512 852 613 1552998656724 
512 851 616 1552998656740 
512 851 618 1552998656757 
512 850 619 1552998656774 
512 850 620 1552998656790 
512 848 623 1552998656807 
512 847 623 1552998656824 
512 847 624 1552998656841 
512 847 626 1552998656857 
512 846 627 1552998656874 
512 844 629 1552998656892 
512 844 630 1552998656924 
512 843 632 1552998656940 
512 842 634 1552998656957 
512 841 636 1552998656974 
512 838 639 1552998656991 
512 837 639 1552998657007 
512 836 640 1552998657024 
512 836 641 1552998657274 
512 837 641 1552998657307 
512 838 641 1552998657323 
513 838 641 1552998657399 
512 839 640 1552998657507 
514 839 640 1552998657510 
512 841 640 1552998657524 
512 841 638 1552998657541 
512 841 637 1552998657557 
512 841 635 1552998657574 
512 841 634 1552998657707 
512 838 630 1552998657724 
512 831 623 1552998657740 
512 817 608 1552998657757 
512 795 586 1552998657774 
512 712 526 1552998657791 
512 630 480 1552998657807 
512 553 441 1552998657824 
512 507 419 1552998657840 
512 486 409 1552998657857 
512 476 405 1552998657874 
512 473 404 1552998657891 
512 471 404 1552998657907 
512 470 404 1552998657924 
512 467 404 1552998657940 
512 463 404 1552998657957 
512 459 404 1552998657974 
512 453 404 1552998657991 
512 452 405 1552998658007 
512 452 406 1552998658057 
512 453 406 1552998658107 
512 460 403 1552998658123 
512 464 399 1552998658140 
512 468 395 1552998658157 
512 470 393 1552998658174 
512 470 388 1552998658190 
512 470 383 1552998658207 
512 470 380 1552998658224 
512 469 377 1552998658241 
512 468 376 1552998658257 
512 468 375 1552998658291 
512 468 374 1552998658307 
512 468 373 1552998658457 
513 468 373 1552998658527 
512 468 372 1552998658608 
512 469 372 1552998658657 
514 469 372 1552998658662 
512 469 372 1552998658690 
512 470 372 1552998658907 
512 472 372 1552998658924 
512 480 373 1552998658940 
512 499 375 1552998658957 
512 519 375 1552998658974 
512 556 364 1552998658991 
512 593 344 1552998659007 
512 616 328 1552998659024 
512 630 311 1552998659040 
512 639 290 1552998659057 
512 645 268 1552998659074 
512 653 248 1552998659090 
512 661 233 1552998659107 
512 667 222 1552998659123 
512 670 218 1552998659143 
512 671 215 1552998659159 
512 672 213 1552998659174 
512 672 212 1552998659190 
512 674 211 1552998659208 
512 676 210 1552998659224 
512 679 210 1552998659240 
512 684 209 1552998659257 
512 686 209 1552998659274 
512 690 209 1552998659290 
512 692 209 1552998659307 
512 695 209 1552998659324 
512 697 209 1552998659340 
512 701 210 1552998659357 
512 703 212 1552998659374 
512 705 213 1552998659390 
512 706 213 1552998659457 
512 707 213 1552998659540 
512 707 212 1552998659574 
512 707 211 1552998659641 
512 707 210 1552998659657 
512 706 209 1552998659723 
512 705 207 1552998659757 
512 703 205 1552998659792 
512 703 204 1552998659824 
513 703 204 1552998659896 
514 703 204 1552998660031 
512 705 204 1552998660073 
512 709 204 1552998660090 
512 714 204 1552998660107 
512 728 211 1552998660123 
512 741 218 1552998660140 
512 757 229 1552998660157 
512 774 241 1552998660173 
512 803 269 1552998660192 
512 826 291 1552998660207 
512 844 311 1552998660223 
512 860 333 1552998660240 
512 878 357 1552998660257 
512 895 376 1552998660274 
512 908 393 1552998660291 
512 919 409 1552998660307 
512 927 421 1552998660324 
512 932 427 1552998660341 
512 933 428 1552998660357 
512 934 428 1552998660391 
512 936 426 1552998660407 
512 938 423 1552998660424 
512 938 419 1552998660440 
512 939 415 1552998660457 
512 939 409 1552998660473 
512 939 402 1552998660490 
512 939 397 1552998660507 
512 939 393 1552998660524 
512 939 391 1552998660540 
512 939 390 1552998660557 
512 939 388 1552998660573 
512 939 387 1552998660590 
512 939 386 1552998660607 
512 938 385 1552998660624 
512 937 384 1552998660642 
512 937 383 1552998660657 
512 935 380 1552998660675 
512 934 377 1552998660707 
512 933 374 1552998660723 
512 930 371 1552998660741 
512 927 368 1552998660757 
512 926 367 1552998660773 
513 926 367 1552998660840 
514 926 367 1552998660974 
512 926 366 1552998661040 
512 926 365 1552998661057 
512 926 364 1552998661140 
512 925 370 1552998661207 
512 919 377 1552998661223 
512 910 389 1552998661241 
512 900 400 1552998661257 
512 894 409 1552998661273 
512 892 411 1552998661290 
512 895 407 1552998661374 
512 896 404 1552998661390 
512 898 397 1552998661408 
512 899 394 1552998661424 
512 900 392 1552998661440 
512 902 389 1552998661457 
512 904 388 1552998661473 
512 906 385 1552998661490 
512 910 383 1552998661507 
512 912 381 1552998661523 
512 913 381 1552998661541 
512 914 380 1552998661623 
512 915 380 1552998661658 
512 917 380 1552998661673 
512 918 380 1552998661691 
512 918 379 1552998661707 
512 919 379 1552998661740 
512 919 378 1552998661757 
512 920 377 1552998661775 
512 921 376 1552998661808 
512 922 376 1552998661823 
512 922 375 1552998661890 
512 923 374 1552998661959 
512 924 373 1552998661973 
513 924 373 1552998662040 
514 924 373 1552998662151 
512 925 373 1552998662341 
512 925 374 1552998662357 
512 921 379 1552998662373 
512 907 389 1552998662391 
512 865 406 1552998662408 
512 821 428 1552998662424 
512 772 453 1552998662440 
512 732 477 1552998662457 
512 708 498 1552998662473 
512 699 516 1552998662490 
512 694 534 1552998662507 
512 692 546 1552998662523 
512 689 556 1552998662540 
512 686 564 1552998662557 
512 684 568 1552998662575 
512 678 574 1552998662590 
512 665 582 1552998662608 
512 658 588 1552998662623 
512 655 590 1552998662640 
512 652 593 1552998662657 
512 651 593 1552998662673 
512 649 594 1552998662690 
512 644 595 1552998662707 
512 637 597 1552998662724 
512 628 602 1552998662742 
512 620 606 1552998662757 
512 614 609 1552998662773 
512 610 613 1552998662790 
512 602 620 1552998662807 
512 600 624 1552998662823 
512 599 625 1552998662840 
512 597 628 1552998662857 
512 596 629 1552998662873 
512 593 631 1552998662890 
512 589 633 1552998662907 
512 587 635 1552998662923 
512 586 636 1552998662940 
512 584 637 1552998662957 
512 582 638 1552998662973 
512 578 638 1552998662991 
512 575 638 1552998663007 
512 573 639 1552998663023 
512 570 639 1552998663040 
512 569 640 1552998663057 
512 568 640 1552998663074 
512 567 640 1552998663141 
512 565 640 1552998663173 
512 564 641 1552998663192 
512 563 641 1552998663223 
512 562 641 1552998663340 
513 562 641 1552998663431 
514 562 641 1552998663550 
512 561 641 1552998663574 
512 560 640 1552998663590 
512 556 638 1552998663607 
512 555 638 1552998663624 
512 560 638 1552998663840 
512 575 638 1552998663857 
512 602 638 1552998663873 
512 636 638 1552998663890 
512 673 640 1552998663907 
512 699 641 1552998663923 
512 711 644 1552998663940 
512 713 644 1552998663957 
512 713 645 1552998663973 
512 716 645 1552998664007 
512 724 646 1552998664023 
512 737 647 1552998664040 
512 752 647 1552998664057 
512 768 647 1552998664073 
512 779 647 1552998664090 
512 785 647 1552998664108 
512 792 647 1552998664123 
512 800 645 1552998664140 
512 804 644 1552998664157 
512 807 644 1552998664173 
512 812 644 1552998664190 
512 824 644 1552998664207 
512 831 644 1552998664224 
512 834 644 1552998664240 
512 835 644 1552998664392 
512 835 643 1552998664441 
512 836 643 1552998664557 
512 837 643 1552998664573 
512 838 643 1552998664590 
513 838 643 1552998664775 
514 838 643 1552998664886 
512 838 642 1552998664924 
512 838 641 1552998664940 
512 838 640 1552998665157 
512 848 630 1552998665173 
512 865 610 1552998665190 
512 896 570 1552998665207 
512 914 540 1552998665224 
512 921 515 1552998665240 
512 923 489 1552998665257 
512 923 463 1552998665273 
512 912 442 1552998665291 
512 902 427 1552998665307 
512 900 423 1552998665324 
512 900 422 1552998665340 
512 900 421 1552998665357 
512 900 420 1552998665374 
512 900 419 1552998665390 
512 900 416 1552998665407 
512 900 415 1552998665423 
512 901 413 1552998665440 
512 902 411 1552998665457 
512 902 410 1552998665473 
512 903 409 1552998665574 
512 905 407 1552998665590 
512 915 398 1552998665607 
512 923 391 1552998665625 
512 931 385 1552998665640 
512 939 379 1552998665657 
512 945 375 1552998665673 
512 947 373 1552998665690 
512 948 371 1552998665707 
512 949 371 1552998665723 
512 949 370 1552998665757 
512 948 369 1552998665890 
512 946 369 1552998665908 
512 945 369 1552998665923 
512 943 369 1552998665940 
512 942 370 1552998665957 
512 941 370 1552998665973 
512 939 370 1552998665991 
512 939 371 1552998666007 
512 938 371 1552998666040 
512 936 372 1552998666057 
512 935 372 1552998666073 
512 934 373 1552998666090 
512 933 373 1552998666108 
512 932 374 1552998666191 
512 931 375 1552998666208 
512 930 375 1552998666240 
513 930 375 1552998666352 
514 930 375 1552998666478 
512 929 375 1552998666573 
512 928 375 1552998666758 
512 922 375 1552998666773 
512 903 375 1552998666790 
512 843 375 1552998666807 
512 786 375 1552998666823 
512 737 375 1552998666842 
512 704 375 1552998666857 
512 684 375 1552998666873 
512 674 375 1552998666890 
512 667 372 1552998666907 
512 662 372 1552998666924 
512 656 371 1552998666940 
512 644 368 1552998666958 
512 629 366 1552998666973 
512 605 361 1552998666991 
512 592 359 1552998667007 
512 582 358 1552998667023 
512 576 358 1552998667040 
512 569 358 1552998667058 
512 562 358 1552998667074 
512 558 358 1552998667090 
512 550 358 1552998667107 
512 541 360 1552998667123 
512 532 363 1552998667141 
512 522 369 1552998667157 
512 511 377 1552998667173 
512 504 381 1552998667191 
512 500 383 1552998667207 
512 499 384 1552998667257 
512 496 384 1552998667273 
512 495 384 1552998667291 
512 492 384 1552998667308 
512 490 384 1552998667341 
512 489 384 1552998667390 
512 486 381 1552998667407 
512 482 380 1552998667423 
512 478 378 1552998667441 
512 472 377 1552998667457 
512 468 376 1552998667473 
512 470 376 1552998667773 
512 471 376 1552998667791 
512 472 376 1552998667807 
513 472 376 1552998667872 
512 473 376 1552998667890 
514 473 376 1552998668006 
512 473 375 1552998668023 
512 473 374 1552998668040 
512 472 369 1552998668057 
512 471 369 1552998668090 
512 470 369 1552998668190 
512 470 370 1552998668257 
512 470 373 1552998668273 
512 471 379 1552998668290 
512 481 392 1552998668306 
512 490 409 1552998668324 
512 504 433 1552998668340 
512 515 455 1552998668357 
512 530 483 1552998668373 
512 533 507 1552998668390 
512 535 539 1552998668407 
512 535 559 1552998668424 
512 537 570 1552998668440 
512 537 575 1552998668457 
512 537 579 1552998668474 
512 537 584 1552998668490 
512 538 589 1552998668507 
512 539 595 1552998668524 
512 540 602 1552998668540 
512 545 616 1552998668557 
512 548 629 1552998668573 
512 555 646 1552998668590 
512 562 662 1552998668607 
512 569 673 1552998668623 
512 572 678 1552998668641 
512 576 682 1552998668656 
512 578 683 1552998668673 
512 580 685 1552998668690 
512 582 686 1552998668707 
512 583 686 1552998668723 
512 584 686 1552998668773 
512 584 685 1552998668790 
512 583 677 1552998668807 
512 578 672 1552998668823 
512 573 666 1552998668840 
512 571 664 1552998668856 
512 571 663 1552998668873 
512 570 663 1552998668892 
512 570 662 1552998668924 
512 570 660 1552998668940 
512 568 659 1552998668957 
512 568 658 1552998668973 
512 568 657 1552998669006 
512 568 655 1552998669023 
512 567 654 1552998669041 
512 567 652 1552998669058 
512 563 648 1552998669073 
512 562 646 1552998669091 
512 559 642 1552998669108 
512 558 641 1552998669123 
512 557 640 1552998669140 
513 557 640 1552998669319 
514 557 640 1552998669462 
512 558 639 1552998669490 
512 558 638 1552998669508 
512 559 637 1552998669723 
512 568 621 1552998669740 
512 588 592 1552998669757 
512 637 536 1552998669773 
512 722 428 1552998669791 
512 766 360 1552998669807 
512 793 306 1552998669823 
512 805 267 1552998669840 
512 806 246 1552998669857 
512 802 226 1552998669873 
512 795 212 1552998669890 
512 793 206 1552998669907 
512 792 204 1552998669924 
512 792 203 1552998669940 
512 791 203 1552998669990 
512 789 201 1552998670007 
512 785 200 1552998670023 
512 779 200 1552998670040 
512 771 200 1552998670057 
512 760 200 1552998670073 
512 746 203 1552998670090 
512 735 208 1552998670108 
512 726 212 1552998670123 
512 720 213 1552998670141 
512 718 214 1552998670156 
512 716 214 1552998670174 
512 715 214 1552998670190 
512 712 214 1552998670207 
512 711 214 1552998670240 
512 709 214 1552998670257 
512 706 214 1552998670307 
512 704 214 1552998670323 
512 702 211 1552998670340 
512 701 211 1552998670357 
512 700 211 1552998670457 
513 700 211 1552998670543 
514 700 211 1552998670694 
