512 702 203 1552998683056 
512 702 205 1552998683173 
512 707 221 1552998683190 
512 721 245 1552998683206 
512 757 300 1552998683223 
512 792 345 1552998683240 
512 814 374 1552998683256 
512 831 394 1552998683273 
512 847 410 1552998683290 
512 858 422 1552998683307 
512 872 437 1552998683323 
512 878 448 1552998683340 
512 888 465 1552998683358 
512 895 482 1552998683373 
512 903 502 1552998683390 
512 908 518 1552998683406 
512 909 535 1552998683423 
512 909 543 1552998683440 
512 908 548 1552998683457 
512 902 554 1552998683473 
512 899 557 1552998683490 
512 892 562 1552998683507 
512 890 569 1552998683523 
512 887 574 1552998683541 
512 883 582 1552998683556 
512 881 592 1552998683573 
512 878 602 1552998683590 
512 875 611 1552998683607 
512 868 620 1552998683623 
512 864 623 1552998683640 
512 861 628 1552998683657 
512 858 632 1552998683674 
512 856 633 1552998683690 
512 856 635 1552998683806 
512 854 636 1552998683823 
512 852 638 1552998683840 
512 850 638 1552998683958 
512 850 639 1552998683975 
512 849 639 1552998683990 
512 849 640 1552998684007 
512 849 641 1552998684025 
512 848 641 1552998684056 
512 846 641 1552998684123 
512 844 641 1552998684139 
512 842 641 1552998684157 
512 841 641 1552998684173 
512 839 641 1552998684190 
513 839 641 1552998684263 
514 839 641 1552998684398 
512 839 639 1552998684423 
512 839 638 1552998684440 
512 838 637 1552998684557 
512 837 637 1552998684590 
512 831 638 1552998684607 
512 824 638 1552998684623 
512 816 638 1552998684640 
512 802 637 1552998684657 
512 782 622 1552998684673 
512 754 594 1552998684689 
512 696 536 1552998684706 
512 641 481 1552998684723 
512 585 432 1552998684740 
512 554 404 1552998684757 
512 539 389 1552998684773 
512 532 381 1552998684790 
512 528 376 1552998684806 
512 528 375 1552998684823 
512 527 374 1552998684840 
512 526 374 1552998684890 
512 524 374 1552998684906 
512 522 376 1552998684923 
512 520 379 1552998684939 
512 519 381 1552998684956 
512 516 385 1552998684973 
512 514 386 1552998684990 
512 510 389 1552998685007 
512 507 389 1552998685023 
512 503 389 1552998685040 
512 500 389 1552998685057 
512 497 389 1552998685073 
512 492 386 1552998685090 
512 490 384 1552998685107 
512 489 382 1552998685123 
512 487 380 1552998685140 
512 486 379 1552998685157 
512 483 377 1552998685173 
512 481 375 1552998685190 
512 480 373 1552998685206 
512 479 373 1552998685340 
512 476 371 1552998685356 
512 475 371 1552998685373 
512 474 371 1552998685390 
513 474 371 1552998685503 
514 474 371 1552998685654 
512 476 371 1552998685823 
512 485 374 1552998685839 
512 494 374 1552998685857 
512 510 374 1552998685873 
512 529 372 1552998685890 
512 553 362 1552998685907 
512 574 352 1552998685923 
512 587 344 1552998685940 
512 595 333 1552998685957 
512 603 322 1552998685973 
512 611 308 1552998685990 
512 627 284 1552998686007 
512 639 269 1552998686023 
512 648 261 1552998686040 
512 652 255 1552998686057 
512 654 252 1552998686074 
512 655 251 1552998686098 
512 655 249 1552998686107 
512 657 247 1552998686140 
512 659 245 1552998686157 
512 665 240 1552998686173 
512 675 234 1552998686190 
512 683 230 1552998686208 
512 684 228 1552998686223 
512 685 227 1552998686240 
512 686 226 1552998686257 
512 687 224 1552998686273 
512 688 223 1552998686289 
512 689 221 1552998686306 
512 691 218 1552998686323 
512 693 216 1552998686340 
512 693 214 1552998686356 
512 694 213 1552998686456 
512 694 212 1552998686473 
512 695 211 1552998686490 
512 695 210 1552998686506 
512 696 209 1552998686540 
512 697 207 1552998686572 
512 698 207 1552998686606 
512 700 205 1552998686623 
512 701 205 1552998686640 
512 704 204 1552998686657 
513 704 204 1552998686710 
514 704 204 1552998686838 
512 703 210 1552998686973 
512 705 225 1552998686990 
512 712 247 1552998687006 
512 724 290 1552998687023 
512 728 320 1552998687040 
512 733 349 1552998687056 
512 738 376 1552998687073 
512 745 400 1552998687090 
512 756 422 1552998687106 
512 766 435 1552998687123 
512 784 444 1552998687140 
512 802 450 1552998687156 
512 819 451 1552998687175 
512 831 451 1552998687190 
512 844 448 1552998687206 
512 866 441 1552998687223 
512 882 435 1552998687240 
512 892 431 1552998687257 
512 901 427 1552998687273 
512 907 424 1552998687291 
512 911 420 1552998687306 
512 914 416 1552998687323 
512 915 414 1552998687340 
512 916 410 1552998687356 
512 916 409 1552998687373 
512 917 407 1552998687390 
512 918 406 1552998687406 
512 919 402 1552998687423 
512 922 398 1552998687440 
512 925 395 1552998687456 
512 928 390 1552998687473 
512 929 387 1552998687490 
512 931 385 1552998687506 
512 932 382 1552998687524 
512 932 380 1552998687540 
512 932 379 1552998687556 
512 932 378 1552998687573 
512 932 377 1552998687657 
512 932 376 1552998687675 
512 932 375 1552998687689 
512 931 373 1552998687723 
512 931 372 1552998687757 
513 931 372 1552998687815 
514 931 372 1552998687966 
512 929 371 1552998688022 
512 928 371 1552998688140 
512 921 373 1552998688156 
512 911 380 1552998688173 
512 895 389 1552998688190 
512 875 404 1552998688206 
512 842 421 1552998688223 
512 821 437 1552998688240 
512 795 453 1552998688257 
512 766 476 1552998688274 
512 733 499 1552998688291 
512 702 522 1552998688306 
512 680 539 1552998688323 
512 660 555 1552998688340 
512 648 567 1552998688356 
512 641 578 1552998688373 
512 639 583 1552998688390 
512 633 592 1552998688407 
512 626 601 1552998688423 
512 618 611 1552998688440 
512 612 617 1552998688456 
512 607 620 1552998688473 
512 603 624 1552998688491 
512 601 625 1552998688506 
512 599 628 1552998688523 
512 598 629 1552998688556 
512 596 629 1552998688573 
512 595 631 1552998688590 
512 594 631 1552998688606 
512 588 634 1552998688623 
512 585 635 1552998688640 
512 582 635 1552998688657 
512 580 636 1552998688691 
512 579 637 1552998688707 
512 576 637 1552998688724 
512 574 638 1552998688741 
512 573 638 1552998688756 
512 571 638 1552998688773 
512 570 638 1552998688790 
512 568 638 1552998688890 
512 567 638 1552998688906 
512 566 638 1552998688958 
512 566 639 1552998688974 
512 565 639 1552998689023 
512 563 640 1552998689041 
512 561 640 1552998689056 
512 560 640 1552998689073 
513 560 640 1552998689176 
514 560 640 1552998689318 
512 560 639 1552998689340 
512 560 637 1552998689358 
512 560 636 1552998689389 
512 560 635 1552998689441 
512 561 634 1552998689474 
512 566 632 1552998689490 
512 577 630 1552998689508 
512 596 628 1552998689523 
512 629 621 1552998689541 
512 663 616 1552998689556 
512 684 616 1552998689573 
512 690 616 1552998689590 
512 692 617 1552998689606 
512 696 621 1552998689623 
512 703 628 1552998689640 
512 711 634 1552998689657 
512 728 644 1552998689674 
512 746 651 1552998689690 
512 761 660 1552998689707 
512 771 663 1552998689723 
512 779 665 1552998689740 
512 782 665 1552998689756 
512 787 665 1552998689773 
512 790 665 1552998689790 
512 802 665 1552998689806 
512 817 665 1552998689823 
512 829 663 1552998689840 
512 838 662 1552998689856 
512 843 659 1552998689873 
512 844 658 1552998689890 
512 844 657 1552998689906 
512 844 655 1552998689923 
512 844 654 1552998689940 
512 844 653 1552998689990 
512 842 649 1552998690023 
512 839 646 1552998690040 
512 839 645 1552998690056 
512 837 644 1552998690089 
512 837 643 1552998690139 
512 837 642 1552998690157 
512 836 641 1552998690174 
513 836 641 1552998690231 
514 836 641 1552998690374 
512 836 640 1552998690406 
512 836 639 1552998690490 
512 836 638 1552998690523 
512 836 635 1552998690539 
512 836 629 1552998690557 
512 834 617 1552998690573 
512 825 595 1552998690590 
512 812 571 1552998690606 
512 794 538 1552998690623 
512 791 526 1552998690639 
512 791 515 1552998690657 
512 801 499 1552998690673 
512 816 486 1552998690690 
512 832 472 1552998690706 
512 847 461 1552998690723 
512 856 456 1552998690740 
512 866 452 1552998690756 
512 878 447 1552998690773 
512 883 446 1552998690790 
512 887 443 1552998690806 
512 889 441 1552998690823 
512 891 439 1552998690840 
512 894 433 1552998690856 
512 897 430 1552998690873 
512 901 424 1552998690890 
512 903 419 1552998690906 
512 904 417 1552998690923 
512 906 411 1552998690940 
512 909 406 1552998690958 
512 911 402 1552998690973 
512 918 396 1552998690991 
512 920 394 1552998691006 
512 925 387 1552998691023 
512 927 385 1552998691040 
512 927 383 1552998691056 
512 927 382 1552998691073 
512 927 380 1552998691089 
512 927 378 1552998691106 
512 926 378 1552998691123 
512 926 377 1552998691240 
512 925 377 1552998691256 
512 925 375 1552998691273 
512 924 374 1552998691290 
512 924 373 1552998691323 
512 924 372 1552998691340 
512 924 371 1552998691356 
512 924 370 1552998691373 
512 924 369 1552998691391 
513 924 369 1552998691430 
514 924 369 1552998691574 
512 921 368 1552998691690 
512 911 368 1552998691706 
512 893 368 1552998691722 
512 873 373 1552998691739 
512 838 384 1552998691757 
512 799 397 1552998691773 
512 759 410 1552998691790 
512 710 428 1552998691807 
512 692 433 1552998691823 
512 686 434 1552998691840 
512 683 434 1552998691857 
512 680 433 1552998691873 
512 673 428 1552998691889 
512 658 419 1552998691906 
512 636 407 1552998691923 
512 614 395 1552998691940 
512 581 385 1552998691956 
512 559 378 1552998691973 
512 545 374 1552998691990 
512 540 373 1552998692006 
512 539 373 1552998692023 
512 538 373 1552998692073 
512 536 371 1552998692089 
512 533 371 1552998692106 
512 530 371 1552998692123 
512 527 371 1552998692140 
512 524 371 1552998692156 
512 522 371 1552998692173 
512 518 372 1552998692190 
512 512 372 1552998692206 
512 495 372 1552998692223 
512 480 374 1552998692240 
512 466 374 1552998692256 
512 457 374 1552998692272 
512 453 374 1552998692289 
512 455 374 1552998692506 
512 456 374 1552998692523 
512 459 374 1552998692539 
512 465 374 1552998692556 
512 472 374 1552998692573 
512 484 374 1552998692589 
512 492 374 1552998692606 
512 493 374 1552998692623 
512 491 374 1552998692806 
512 489 373 1552998692823 
512 488 373 1552998692839 
512 485 373 1552998692856 
512 483 373 1552998692957 
512 482 373 1552998693057 
512 479 373 1552998693073 
512 477 373 1552998693090 
512 473 373 1552998693106 
512 472 373 1552998693123 
513 472 373 1552998693191 
514 472 373 1552998693350 
512 473 373 1552998693473 
512 476 373 1552998693506 
512 477 373 1552998693523 
512 482 375 1552998693540 
512 489 376 1552998693556 
512 498 379 1552998693573 
512 513 385 1552998693590 
512 542 403 1552998693607 
512 555 416 1552998693623 
512 570 435 1552998693640 
512 577 454 1552998693656 
512 581 476 1552998693672 
512 582 500 1552998693690 
512 582 528 1552998693708 
512 582 552 1552998693722 
512 582 573 1552998693739 
512 579 589 1552998693757 
512 578 600 1552998693773 
512 578 607 1552998693791 
512 578 609 1552998693806 
512 578 611 1552998693823 
512 578 612 1552998693840 
512 578 617 1552998693856 
512 578 623 1552998693873 
512 577 631 1552998693890 
512 577 638 1552998693906 
512 577 644 1552998693923 
512 577 648 1552998693939 
512 576 649 1552998693956 
512 576 650 1552998694024 
512 575 651 1552998694039 
512 574 651 1552998694057 
512 573 651 1552998694073 
512 572 649 1552998694123 
512 570 648 1552998694140 
512 569 644 1552998694156 
512 567 642 1552998694173 
512 565 641 1552998694189 
512 564 639 1552998694206 
512 563 639 1552998694373 
512 561 639 1552998694390 
512 560 639 1552998694408 
512 558 639 1552998694423 
513 558 639 1552998694471 
514 558 639 1552998694638 
512 557 639 1552998694690 
512 562 636 1552998694873 
512 577 630 1552998694890 
512 602 612 1552998694906 
512 639 576 1552998694923 
512 662 538 1552998694940 
512 673 502 1552998694956 
512 676 467 1552998694974 
512 676 432 1552998694990 
512 668 392 1552998695007 
512 663 370 1552998695023 
512 663 352 1552998695041 
512 665 333 1552998695056 
512 672 319 1552998695073 
512 678 305 1552998695090 
512 679 297 1552998695106 
512 679 292 1552998695123 
512 679 288 1552998695140 
512 679 286 1552998695156 
512 679 285 1552998695173 
512 679 283 1552998695190 
512 679 282 1552998695206 
512 679 281 1552998695223 
512 681 280 1552998695272 
512 685 276 1552998695290 
512 689 272 1552998695306 
512 695 268 1552998695323 
512 700 261 1552998695340 
512 702 257 1552998695356 
512 704 252 1552998695374 
512 705 241 1552998695390 
512 707 227 1552998695407 
512 707 222 1552998695423 
512 708 217 1552998695441 
512 708 212 1552998695456 
512 708 210 1552998695473 
512 708 208 1552998695490 
512 708 207 1552998695523 
512 707 207 1552998695573 
512 706 207 1552998695708 
512 705 207 1552998695722 
512 704 207 1552998695739 
512 703 207 1552998695773 
513 703 207 1552998695919 
514 703 207 1552998696062 
