512 701 203 1553024056157 
512 709 215 1553024056174 
512 722 236 1553024056190 
512 736 260 1553024056207 
512 753 298 1553024056223 
512 766 342 1553024056240 
512 775 391 1553024056258 
512 779 434 1553024056274 
512 779 464 1553024056291 
512 779 488 1553024056308 
512 780 496 1553024056324 
512 783 504 1553024056342 
512 784 511 1553024056358 
512 787 522 1553024056374 
512 790 534 1553024056390 
512 793 544 1553024056408 
512 796 553 1553024056423 
512 797 555 1553024056440 
512 801 559 1553024056457 
512 803 563 1553024056475 
512 807 568 1553024056492 
512 809 572 1553024056507 
512 811 578 1553024056524 
512 816 588 1553024056540 
512 818 594 1553024056558 
512 820 599 1553024056574 
512 821 600 1553024056590 
512 821 601 1553024056607 
512 822 602 1553024056624 
512 822 604 1553024056640 
512 824 607 1553024056658 
512 824 609 1553024056674 
512 825 614 1553024056690 
512 827 620 1553024056708 
512 828 622 1553024056724 
512 828 623 1553024056775 
512 829 624 1553024056790 
512 830 626 1553024056807 
512 831 629 1553024056825 
512 834 632 1553024056840 
512 836 635 1553024056857 
512 837 636 1553024056874 
512 838 638 1553024056890 
512 839 638 1553024056907 
512 839 639 1553024056957 
512 840 640 1553024056974 
512 841 641 1553024056990 
512 841 644 1553024057007 
512 842 644 1553024057074 
513 842 644 1553024057123 
512 843 644 1553024057257 
514 843 644 1553024057266 
512 843 642 1553024057275 
512 843 641 1553024057290 
512 842 640 1553024057407 
512 841 639 1553024057425 
512 841 636 1553024057440 
512 844 629 1553024057457 
512 847 615 1553024057474 
512 850 594 1553024057490 
512 853 553 1553024057508 
512 836 516 1553024057524 
512 807 492 1553024057540 
512 760 469 1553024057557 
512 711 453 1553024057575 
512 684 449 1553024057590 
512 665 448 1553024057603 
513 665 448 1553024057604 
512 658 449 1553024057625 
512 647 454 1553024057640 
512 635 461 1553024057658 
512 615 469 1553024057674 
512 603 470 1553024057690 
512 591 470 1553024057708 
512 577 468 1553024057724 
512 561 458 1553024057738 
514 561 458 1553024057738 
512 539 447 1553024057757 
512 511 433 1553024057774 
512 504 421 1553024057790 
512 494 415 1553024057807 
512 489 412 1553024057824 
512 489 411 1553024057956 
512 489 409 1553024057990 
512 489 406 1553024058024 
512 489 402 1553024058040 
512 490 396 1553024058057 
512 490 389 1553024058075 
512 490 388 1553024058090 
512 489 384 1553024058107 
512 489 382 1553024058123 
512 489 381 1553024058140 
512 488 380 1553024058174 
512 487 380 1553024058207 
512 485 380 1553024058240 
512 484 380 1553024058290 
512 481 381 1553024058307 
512 480 381 1553024058357 
512 478 381 1553024058374 
512 477 380 1553024058392 
512 476 379 1553024058408 
512 475 377 1553024058475 
512 475 376 1553024058490 
512 471 372 1553024058507 
512 471 371 1553024058524 
513 471 371 1553024058628 
514 471 371 1553024058762 
512 472 370 1553024058791 
512 473 369 1553024058824 
512 474 369 1553024058840 
512 476 369 1553024058857 
512 476 370 1553024058891 
512 477 370 1553024058941 
512 480 372 1553024059007 
512 486 372 1553024059023 
512 500 372 1553024059041 
512 525 366 1553024059056 
512 562 351 1553024059074 
512 609 328 1553024059090 
512 679 293 1553024059107 
512 710 271 1553024059124 
512 724 254 1553024059140 
512 731 237 1553024059158 
512 733 224 1553024059174 
512 733 215 1553024059190 
512 733 210 1553024059207 
512 730 207 1553024059223 
512 729 206 1553024059258 
512 726 205 1553024059390 
512 720 205 1553024059407 
512 714 206 1553024059424 
512 708 208 1553024059441 
512 705 209 1553024059458 
513 705 209 1553024060028 
514 705 209 1553024060162 
512 704 209 1553024060190 
512 705 214 1553024060424 
512 719 228 1553024060441 
512 750 260 1553024060459 
512 804 309 1553024060474 
512 860 354 1553024060490 
512 914 401 1553024060507 
512 931 412 1553024060524 
512 937 415 1553024060540 
512 938 415 1553024060675 
512 939 414 1553024060707 
512 939 411 1553024060723 
512 939 409 1553024060740 
512 938 403 1553024060758 
512 937 401 1553024060774 
512 935 398 1553024060790 
512 934 394 1553024060808 
512 933 392 1553024060824 
512 933 391 1553024060841 
512 932 389 1553024060857 
512 932 388 1553024060874 
512 931 387 1553024060890 
512 930 386 1553024060907 
512 930 385 1553024060924 
512 930 384 1553024060942 
512 929 383 1553024060992 
512 928 382 1553024061024 
512 928 379 1553024061042 
512 927 376 1553024061057 
512 927 375 1553024061073 
513 927 375 1553024061147 
512 927 374 1553024061158 
514 927 374 1553024061282 
512 927 374 1553024061290 
512 921 384 1553024061407 
512 913 398 1553024061425 
512 901 411 1553024061440 
512 883 423 1553024061457 
512 865 439 1553024061474 
512 834 456 1553024061490 
512 786 478 1553024061507 
512 756 494 1553024061524 
512 737 505 1553024061540 
512 721 518 1553024061557 
512 711 531 1553024061574 
512 698 550 1553024061590 
512 689 564 1553024061607 
512 679 579 1553024061624 
512 667 595 1553024061640 
512 657 608 1553024061657 
512 649 617 1553024061674 
512 644 621 1553024061690 
512 641 624 1553024061707 
512 641 625 1553024061742 
512 641 626 1553024061757 
512 640 626 1553024061774 
512 637 627 1553024061790 
512 632 628 1553024061807 
512 624 628 1553024061824 
512 614 628 1553024061841 
512 604 631 1553024061858 
512 597 631 1553024061874 
512 591 632 1553024061890 
512 587 634 1553024061907 
512 584 634 1553024061924 
512 580 634 1553024061940 
512 576 635 1553024061957 
512 573 637 1553024061974 
512 570 638 1553024061990 
512 569 638 1553024062041 
512 568 638 1553024062057 
512 568 639 1553024062090 
512 567 639 1553024062107 
512 566 639 1553024062157 
512 565 639 1553024062174 
512 564 639 1553024062192 
512 562 640 1553024062207 
512 561 640 1553024062274 
512 560 640 1553024062395 
513 560 640 1553024062396 
514 560 640 1553024062522 
512 560 639 1553024062541 
512 560 638 1553024062573 
512 560 637 1553024062640 
512 561 636 1553024062657 
512 565 634 1553024062674 
512 573 630 1553024062690 
512 599 623 1553024062706 
512 624 612 1553024062724 
512 662 597 1553024062740 
512 693 585 1553024062757 
512 712 582 1553024062774 
512 718 582 1553024062790 
512 723 583 1553024062807 
512 725 586 1553024062823 
512 729 594 1553024062840 
512 731 599 1553024062856 
512 737 611 1553024062874 
512 746 623 1553024062890 
512 766 643 1553024062907 
512 783 653 1553024062924 
512 790 655 1553024062940 
512 791 655 1553024062958 
512 792 655 1553024062974 
512 793 655 1553024063007 
512 796 655 1553024063024 
512 801 655 1553024063040 
512 808 655 1553024063058 
512 820 653 1553024063074 
512 829 653 1553024063090 
512 835 652 1553024063108 
512 836 651 1553024063207 
512 837 651 1553024063225 
512 837 650 1553024063258 
512 837 649 1553024063275 
512 837 648 1553024063290 
512 837 647 1553024063307 
512 837 646 1553024063340 
512 837 645 1553024063357 
512 837 644 1553024063374 
512 837 643 1553024063423 
513 837 643 1553024063475 
512 837 642 1553024063591 
512 837 641 1553024063594 
514 837 641 1553024063594 
512 837 639 1553024063606 
512 835 636 1553024063623 
512 833 634 1553024063640 
512 832 634 1553024063657 
512 831 633 1553024063806 
512 830 630 1553024063824 
512 829 627 1553024063841 
512 829 620 1553024063858 
512 829 606 1553024063874 
512 832 590 1553024063890 
512 845 558 1553024063908 
512 861 532 1553024063923 
512 878 505 1553024063940 
512 888 488 1553024063957 
512 894 471 1553024063974 
512 896 461 1553024063990 
512 897 454 1553024064006 
512 897 451 1553024064023 
512 897 450 1553024064041 
512 897 447 1553024064057 
512 897 445 1553024064074 
512 897 441 1553024064090 
512 900 435 1553024064108 
512 902 431 1553024064125 
512 903 429 1553024064140 
512 904 428 1553024064157 
512 904 427 1553024064174 
512 904 426 1553024064190 
512 904 425 1553024064207 
512 904 423 1553024064224 
512 904 421 1553024064240 
512 904 418 1553024064258 
512 905 415 1553024064275 
512 907 411 1553024064291 
512 908 409 1553024064307 
512 910 405 1553024064324 
512 911 403 1553024064340 
512 912 399 1553024064357 
512 914 397 1553024064373 
512 918 393 1553024064390 
512 919 391 1553024064406 
512 920 389 1553024064424 
512 922 387 1553024064440 
512 924 385 1553024064458 
512 925 384 1553024064473 
512 926 382 1553024064490 
512 928 380 1553024064507 
512 928 379 1553024064523 
512 928 378 1553024064557 
512 928 377 1553024064573 
512 929 376 1553024064590 
512 929 375 1553024064623 
513 929 375 1553024064667 
514 929 375 1553024064786 
512 929 374 1553024064825 
512 929 373 1553024064840 
512 929 372 1553024064857 
512 927 372 1553024064924 
512 923 372 1553024064940 
512 917 372 1553024064956 
512 903 372 1553024064974 
512 874 373 1553024064990 
512 831 373 1553024065007 
512 768 373 1553024065024 
512 706 373 1553024065040 
512 654 373 1553024065056 
512 625 373 1553024065074 
512 609 373 1553024065090 
512 603 373 1553024065107 
512 599 373 1553024065123 
512 595 374 1553024065140 
512 586 376 1553024065157 
512 573 378 1553024065175 
512 559 383 1553024065190 
512 541 385 1553024065207 
512 526 387 1553024065225 
512 516 388 1553024065240 
512 509 391 1553024065257 
512 508 392 1553024065273 
512 506 392 1553024065307 
512 503 392 1553024065323 
512 501 392 1553024065341 
512 496 392 1553024065357 
512 490 391 1553024065373 
512 485 390 1553024065390 
512 479 388 1553024065406 
512 477 387 1553024065424 
512 475 386 1553024065440 
512 474 386 1553024065458 
512 473 385 1553024065473 
512 472 384 1553024065506 
512 472 383 1553024065590 
512 472 382 1553024065606 
512 472 380 1553024065624 
512 472 378 1553024065640 
512 472 376 1553024065657 
512 472 375 1553024065673 
512 472 372 1553024065690 
512 470 370 1553024065707 
513 470 370 1553024065779 
514 470 370 1553024065906 
512 470 369 1553024066007 
512 473 369 1553024066041 
512 484 370 1553024066058 
512 506 379 1553024066073 
512 541 390 1553024066090 
512 612 403 1553024066107 
512 675 412 1553024066124 
512 735 420 1553024066140 
512 784 427 1553024066157 
512 818 434 1553024066174 
512 841 437 1553024066191 
512 849 438 1553024066207 
512 850 438 1553024066223 
512 845 441 1553024066257 
512 829 446 1553024066274 
512 801 457 1553024066291 
512 742 484 1553024066306 
512 706 508 1553024066323 
512 683 530 1553024066342 
512 666 552 1553024066357 
512 652 572 1553024066374 
512 642 589 1553024066390 
512 635 599 1553024066407 
512 631 608 1553024066424 
512 626 613 1553024066441 
512 620 620 1553024066457 
512 614 625 1553024066474 
512 608 630 1553024066491 
512 600 635 1553024066507 
512 599 636 1553024066524 
512 597 637 1553024066540 
512 593 637 1553024066557 
512 591 637 1553024066575 
512 588 639 1553024066590 
512 586 639 1553024066607 
512 582 639 1553024066623 
512 581 639 1553024066640 
512 579 639 1553024066657 
512 577 639 1553024066673 
512 576 639 1553024066690 
512 574 639 1553024066706 
512 571 639 1553024066723 
512 570 639 1553024066741 
512 569 639 1553024066807 
512 568 639 1553024066824 
512 564 640 1553024066842 
512 560 640 1553024066858 
512 557 640 1553024066874 
512 554 640 1553024066890 
512 553 640 1553024066906 
513 553 640 1553024066987 
514 553 640 1553024067130 
512 554 640 1553024067140 
512 554 637 1553024067156 
512 554 636 1553024067174 
512 554 635 1553024067373 
512 556 632 1553024067390 
512 558 626 1553024067407 
512 564 612 1553024067423 
512 575 592 1553024067440 
512 587 565 1553024067457 
512 602 527 1553024067473 
512 622 472 1553024067490 
512 660 387 1553024067507 
512 684 335 1553024067523 
512 706 298 1553024067541 
512 717 279 1553024067557 
512 723 270 1553024067575 
512 727 266 1553024067590 
512 728 264 1553024067607 
512 728 263 1553024067640 
512 729 261 1553024067657 
512 729 259 1553024067673 
512 729 255 1553024067690 
512 729 252 1553024067707 
512 729 247 1553024067723 
512 729 243 1553024067740 
512 727 241 1553024067757 
512 725 238 1553024067775 
512 723 237 1553024067791 
512 716 232 1553024067808 
512 712 229 1553024067823 
512 706 226 1553024067841 
512 702 223 1553024067856 
512 698 221 1553024067875 
512 697 219 1553024067891 
512 695 218 1553024067908 
512 694 216 1553024067924 
512 694 214 1553024068041 
512 694 213 1553024068075 
512 694 212 1553024068090 
512 694 211 1553024068107 
512 695 209 1553024068124 
512 695 208 1553024068140 
512 696 207 1553024068157 
512 697 206 1553024068174 
512 697 205 1553024068190 
513 697 205 1553024068260 
514 697 205 1553024068410 
