512 697 204 1553024068423 
512 697 202 1553024068456 
512 697 201 1553024068473 
512 697 206 1553024068723 
512 700 225 1553024068740 
512 712 259 1553024068756 
512 727 303 1553024068773 
512 742 355 1553024068790 
512 754 408 1553024068807 
512 765 466 1553024068823 
512 769 504 1553024068840 
512 773 530 1553024068857 
512 780 550 1553024068873 
512 790 573 1553024068890 
512 795 583 1553024068907 
512 799 589 1553024068923 
512 800 591 1553024068940 
512 801 594 1553024068974 
512 802 597 1553024068989 
512 804 604 1553024069007 
512 807 613 1553024069023 
512 812 622 1553024069040 
512 815 626 1553024069057 
512 817 627 1553024069073 
512 818 628 1553024069090 
512 819 628 1553024069157 
512 821 629 1553024069174 
512 822 630 1553024069190 
512 823 631 1553024069207 
512 824 632 1553024069274 
512 828 636 1553024069307 
512 830 638 1553024069323 
512 834 640 1553024069340 
512 836 640 1553024069356 
512 837 640 1553024069507 
513 837 640 1553024069619 
512 838 640 1553024069756 
514 838 640 1553024069762 
512 838 640 1553024069775 
512 838 638 1553024069790 
512 838 637 1553024069807 
512 837 635 1553024070023 
512 833 631 1553024070040 
512 824 623 1553024070056 
512 812 610 1553024070074 
512 794 593 1553024070089 
512 736 538 1553024070107 
512 691 497 1553024070123 
512 656 466 1553024070140 
512 626 446 1553024070157 
512 610 432 1553024070173 
512 593 423 1553024070190 
512 584 416 1553024070207 
512 573 408 1553024070223 
512 563 403 1553024070240 
512 560 399 1553024070258 
512 556 397 1553024070275 
512 555 396 1553024070290 
512 546 396 1553024070307 
512 541 394 1553024070323 
512 538 394 1553024070341 
512 532 393 1553024070357 
512 526 392 1553024070373 
512 518 390 1553024070390 
512 507 388 1553024070408 
512 498 387 1553024070424 
512 493 387 1553024070440 
512 484 384 1553024070457 
512 476 382 1553024070475 
512 473 380 1553024070490 
512 468 379 1553024070507 
512 466 378 1553024070573 
512 466 377 1553024070608 
513 466 377 1553024070708 
512 466 376 1553024070850 
514 466 376 1553024070850 
512 466 376 1553024070873 
512 466 374 1553024070889 
512 465 373 1553024070940 
512 470 373 1553024071107 
512 479 373 1553024071123 
512 501 372 1553024071141 
512 529 368 1553024071157 
512 566 362 1553024071173 
512 595 356 1553024071190 
512 613 349 1553024071207 
512 622 340 1553024071223 
512 630 321 1553024071240 
512 641 294 1553024071258 
512 658 268 1553024071274 
512 673 250 1553024071290 
512 695 234 1553024071307 
512 704 228 1553024071323 
512 710 224 1553024071340 
512 714 221 1553024071357 
512 717 218 1553024071375 
512 719 216 1553024071391 
512 720 214 1553024071407 
512 720 213 1553024071423 
512 720 212 1553024071440 
512 720 211 1553024071474 
512 721 211 1553024071491 
512 722 210 1553024071524 
512 720 210 1553024071640 
512 719 210 1553024071657 
512 716 210 1553024071674 
512 714 210 1553024071690 
512 711 208 1553024071707 
512 710 208 1553024071740 
512 709 208 1553024071757 
512 707 208 1553024071773 
512 706 208 1553024071808 
512 704 207 1553024071824 
512 703 207 1553024071840 
512 702 206 1553024071873 
512 700 205 1553024071890 
512 700 204 1553024071924 
513 700 204 1553024071947 
514 700 204 1553024072098 
512 699 204 1553024072123 
512 698 202 1553024072157 
512 698 205 1553024072341 
512 704 224 1553024072357 
512 727 259 1553024072373 
512 757 298 1553024072390 
512 785 325 1553024072407 
512 805 337 1553024072423 
512 827 343 1553024072440 
512 847 347 1553024072457 
512 869 347 1553024072473 
512 889 347 1553024072490 
512 909 347 1553024072507 
512 916 347 1553024072523 
512 918 347 1553024072540 
512 919 347 1553024072557 
512 920 347 1553024072607 
512 921 347 1553024072624 
512 922 347 1553024072674 
512 923 348 1553024072691 
512 923 349 1553024072706 
512 925 353 1553024072723 
512 927 358 1553024072741 
512 929 361 1553024072757 
512 930 364 1553024072773 
512 931 365 1553024072791 
512 931 367 1553024072806 
512 932 368 1553024072891 
512 932 369 1553024072909 
512 932 370 1553024072924 
512 931 371 1553024072973 
512 931 372 1553024073025 
513 931 372 1553024073131 
514 931 372 1553024073258 
512 930 373 1553024073306 
512 929 373 1553024073324 
512 927 373 1553024073440 
512 926 373 1553024073456 
512 920 373 1553024073473 
512 909 376 1553024073490 
512 880 388 1553024073507 
512 870 396 1553024073523 
512 836 425 1553024073540 
512 808 451 1553024073557 
512 772 482 1553024073573 
512 743 517 1553024073591 
512 709 549 1553024073608 
512 681 581 1553024073623 
512 658 605 1553024073640 
512 641 620 1553024073657 
512 631 631 1553024073673 
512 623 639 1553024073690 
512 613 650 1553024073707 
512 610 651 1553024073723 
512 608 653 1553024073740 
512 607 654 1553024073758 
512 604 654 1553024073773 
512 602 655 1553024073791 
512 598 655 1553024073808 
512 596 656 1553024073823 
512 594 657 1553024073840 
512 592 657 1553024073873 
512 589 657 1553024073891 
512 585 656 1553024073907 
512 581 654 1553024073924 
512 576 652 1553024073940 
512 570 651 1553024073957 
512 567 651 1553024073973 
512 565 649 1553024073991 
512 563 649 1553024074075 
512 563 648 1553024074173 
512 563 647 1553024074256 
512 562 645 1553024074273 
512 562 643 1553024074290 
512 560 641 1553024074306 
512 559 639 1553024074323 
513 559 639 1553024074411 
514 559 639 1553024074570 
512 562 639 1553024074824 
512 570 639 1553024074840 
512 597 639 1553024074858 
512 639 646 1553024074873 
512 713 658 1553024074890 
512 767 666 1553024074906 
512 801 671 1553024074923 
512 806 672 1553024074941 
512 807 673 1553024074956 
512 808 673 1553024075024 
512 811 673 1553024075058 
512 813 673 1553024075074 
512 815 673 1553024075090 
512 818 671 1553024075107 
512 821 667 1553024075123 
512 822 662 1553024075141 
512 825 656 1553024075158 
512 829 651 1553024075174 
512 830 647 1553024075190 
512 832 644 1553024075208 
512 833 643 1553024075223 
512 833 642 1553024075240 
512 834 642 1553024075258 
512 834 641 1553024075273 
512 835 640 1553024075424 
512 836 640 1553024075456 
512 837 640 1553024075473 
512 838 640 1553024075491 
512 840 640 1553024075541 
512 841 639 1553024075590 
512 842 639 1553024075595 
513 842 639 1553024075596 
512 843 639 1553024075640 
512 843 638 1553024075707 
514 843 638 1553024075730 
512 843 637 1553024075740 
512 843 636 1553024075758 
512 843 635 1553024075773 
512 843 628 1553024076073 
512 851 612 1553024076090 
512 868 568 1553024076108 
512 888 523 1553024076123 
512 910 476 1553024076140 
512 926 441 1553024076157 
512 934 422 1553024076173 
512 939 414 1553024076190 
512 942 409 1553024076207 
512 944 408 1553024076223 
512 945 408 1553024076239 
512 946 407 1553024076257 
512 946 405 1553024076274 
512 946 404 1553024076290 
512 946 397 1553024076307 
512 946 394 1553024076323 
512 946 391 1553024076341 
512 945 386 1553024076357 
512 943 385 1553024076374 
512 941 382 1553024076390 
512 938 378 1553024076407 
512 935 377 1553024076424 
512 932 375 1553024076440 
512 931 375 1553024076456 
512 930 374 1553024076473 
512 927 373 1553024076491 
512 926 372 1553024076524 
513 926 372 1553024076635 
514 926 372 1553024076778 
512 926 370 1553024076806 
512 925 368 1553024076823 
512 923 368 1553024077057 
512 915 365 1553024077073 
512 903 364 1553024077090 
512 852 359 1553024077107 
512 796 354 1553024077124 
512 742 354 1553024077140 
512 701 354 1553024077156 
512 677 354 1553024077173 
512 657 359 1553024077190 
512 642 364 1553024077206 
512 630 369 1553024077223 
512 618 372 1553024077240 
512 599 375 1553024077257 
512 575 377 1553024077273 
512 551 379 1553024077290 
512 515 380 1553024077307 
512 503 380 1553024077323 
512 496 380 1553024077340 
512 495 380 1553024077390 
512 493 380 1553024077407 
512 489 378 1553024077423 
512 485 375 1553024077440 
512 475 371 1553024077457 
512 464 366 1553024077473 
512 460 366 1553024077491 
512 459 366 1553024077740 
512 458 366 1553024077806 
512 459 367 1553024077825 
512 460 367 1553024077857 
512 461 368 1553024077907 
512 462 368 1553024078023 
512 463 368 1553024078041 
512 464 370 1553024078056 
512 466 371 1553024078073 
512 468 373 1553024078091 
512 470 374 1553024078107 
512 472 375 1553024078124 
512 473 375 1553024078223 
513 473 375 1553024078227 
512 474 375 1553024078273 
514 474 375 1553024078394 
512 474 375 1553024078407 
512 475 375 1553024078423 
512 475 376 1553024078656 
512 482 388 1553024078673 
512 505 430 1553024078690 
512 525 471 1553024078706 
512 539 510 1553024078723 
512 551 554 1553024078740 
512 556 585 1553024078757 
512 560 611 1553024078774 
512 560 623 1553024078790 
512 560 627 1553024078806 
512 560 630 1553024078823 
512 560 632 1553024078840 
512 560 635 1553024078857 
512 560 638 1553024078873 
512 560 641 1553024078890 
512 560 644 1553024078906 
512 560 647 1553024078923 
512 561 651 1553024078940 
512 562 653 1553024078957 
512 562 654 1553024079023 
512 563 654 1553024079056 
512 564 654 1553024079073 
512 565 653 1553024079107 
512 566 651 1553024079123 
512 566 649 1553024079140 
512 562 644 1553024079157 
512 562 643 1553024079173 
512 560 641 1553024079190 
513 560 641 1553024079339 
512 560 639 1553024079522 
514 560 639 1553024079522 
512 560 639 1553024079524 
512 560 638 1553024079539 
512 559 635 1553024079790 
512 559 626 1553024079807 
512 559 612 1553024079823 
512 560 586 1553024079840 
512 568 539 1553024079856 
512 590 468 1553024079874 
512 601 437 1553024079890 
512 629 374 1553024079907 
512 636 346 1553024079923 
512 641 331 1553024079940 
512 641 325 1553024079956 
512 644 322 1553024079973 
512 644 321 1553024079990 
512 645 320 1553024080007 
512 647 318 1553024080040 
512 650 313 1553024080056 
512 657 306 1553024080073 
512 669 298 1553024080089 
512 690 288 1553024080106 
512 699 283 1553024080123 
512 704 280 1553024080139 
512 707 277 1553024080156 
512 708 275 1553024080172 
512 711 270 1553024080189 
512 713 262 1553024080206 
512 714 254 1553024080223 
512 714 249 1553024080239 
512 714 242 1553024080258 
512 714 237 1553024080272 
512 713 232 1553024080290 
512 710 226 1553024080308 
512 709 224 1553024080323 
512 708 222 1553024080341 
512 706 221 1553024080357 
512 705 220 1553024080373 
512 703 218 1553024080391 
512 703 217 1553024080407 
512 702 215 1553024080423 
512 701 214 1553024080440 
512 700 212 1553024080456 
512 698 209 1553024080490 
512 697 208 1553024080507 
512 697 207 1553024080573 
513 697 207 1553024080643 
514 697 207 1553024080786 
