512 700 206 1553085430974 
512 706 214 1553085430990 
512 717 231 1553085431007 
512 740 259 1553085431024 
512 755 279 1553085431040 
512 769 300 1553085431057 
512 781 321 1553085431074 
512 791 343 1553085431092 
512 800 372 1553085431107 
512 807 410 1553085431123 
512 812 443 1553085431141 
512 814 475 1553085431157 
512 814 499 1553085431174 
512 814 519 1553085431191 
512 814 530 1553085431207 
512 817 539 1553085431224 
512 817 540 1553085431240 
512 818 542 1553085431257 
512 818 543 1553085431290 
512 818 545 1553085431307 
512 818 549 1553085431325 
512 818 553 1553085431340 
512 818 558 1553085431357 
512 821 568 1553085431374 
512 823 573 1553085431390 
512 828 579 1553085431407 
512 830 581 1553085431424 
512 831 582 1553085431440 
512 832 584 1553085431457 
512 833 586 1553085431474 
512 833 590 1553085431490 
512 835 595 1553085431507 
512 836 601 1553085431524 
512 837 610 1553085431540 
512 838 618 1553085431557 
512 838 624 1553085431574 
512 838 628 1553085431590 
512 838 629 1553085431607 
512 838 630 1553085431640 
512 838 631 1553085431675 
512 838 632 1553085431691 
512 838 633 1553085431724 
512 838 634 1553085431757 
512 838 635 1553085431824 
512 839 636 1553085431840 
512 839 637 1553085431874 
512 840 639 1553085431907 
512 840 640 1553085431957 
512 840 641 1553085431973 
512 840 642 1553085432007 
512 841 643 1553085432090 
513 841 643 1553085432095 
514 841 643 1553085432215 
512 840 642 1553085432440 
512 836 636 1553085432456 
512 831 626 1553085432473 
512 820 607 1553085432490 
512 801 582 1553085432507 
512 767 544 1553085432523 
512 714 500 1553085432541 
512 650 451 1553085432557 
512 615 426 1553085432573 
512 598 414 1553085432590 
512 584 407 1553085432607 
512 581 406 1553085432624 
512 579 405 1553085432657 
512 575 404 1553085432673 
512 568 404 1553085432690 
512 559 402 1553085432706 
512 546 399 1553085432723 
512 534 397 1553085432740 
512 519 394 1553085432756 
512 506 393 1553085432773 
512 496 389 1553085432790 
512 485 385 1553085432807 
512 481 384 1553085432823 
512 479 383 1553085432840 
512 477 381 1553085432857 
512 476 381 1553085432890 
512 476 379 1553085432956 
512 476 378 1553085432990 
512 475 374 1553085433007 
512 474 374 1553085433023 
512 474 373 1553085433040 
512 473 372 1553085433057 
512 472 371 1553085433074 
513 472 371 1553085433191 
514 472 371 1553085433351 
512 473 372 1553085433557 
512 476 373 1553085433573 
512 482 374 1553085433590 
512 493 374 1553085433607 
512 504 370 1553085433623 
512 517 360 1553085433640 
512 527 353 1553085433656 
512 533 344 1553085433673 
512 539 334 1553085433690 
512 547 322 1553085433707 
512 558 307 1553085433724 
512 567 290 1553085433741 
512 579 275 1553085433758 
512 589 264 1553085433773 
512 599 255 1553085433790 
512 615 247 1553085433808 
512 628 241 1553085433824 
512 642 236 1553085433841 
512 667 230 1553085433857 
512 685 225 1553085433873 
512 707 217 1553085433892 
512 718 214 1553085433907 
512 722 213 1553085433924 
512 723 212 1553085433940 
512 723 211 1553085434073 
512 722 209 1553085434142 
512 720 208 1553085434157 
512 718 208 1553085434173 
512 713 208 1553085434191 
512 712 208 1553085434207 
512 709 208 1553085434224 
512 706 208 1553085434241 
512 703 208 1553085434257 
512 700 208 1553085434273 
512 698 208 1553085434290 
512 697 208 1553085434306 
513 697 208 1553085434464 
512 696 208 1553085434591 
514 696 208 1553085434591 
512 696 208 1553085434608 
512 695 208 1553085434624 
512 694 208 1553085434640 
512 695 209 1553085434707 
512 700 216 1553085434723 
512 705 226 1553085434741 
512 717 241 1553085434756 
512 724 254 1553085434774 
512 741 275 1553085434792 
512 749 285 1553085434807 
512 772 310 1553085434823 
512 784 324 1553085434841 
512 800 336 1553085434856 
512 817 345 1553085434874 
512 828 349 1553085434891 
512 836 350 1553085434907 
512 844 352 1553085434924 
512 852 354 1553085434942 
512 860 355 1553085434957 
512 866 355 1553085434974 
512 869 355 1553085434991 
512 874 356 1553085435007 
512 883 357 1553085435024 
512 889 357 1553085435041 
512 892 358 1553085435057 
512 894 358 1553085435074 
512 895 358 1553085435091 
512 898 359 1553085435107 
512 900 360 1553085435123 
512 905 362 1553085435140 
512 909 365 1553085435157 
512 916 368 1553085435175 
512 922 370 1553085435191 
512 928 373 1553085435207 
512 936 376 1553085435224 
512 937 376 1553085435257 
512 936 376 1553085435557 
512 935 376 1553085435590 
512 933 376 1553085435641 
512 931 375 1553085435690 
512 930 375 1553085435707 
512 928 375 1553085435724 
513 928 375 1553085435816 
514 928 375 1553085435967 
512 927 376 1553085436240 
512 921 387 1553085436258 
512 908 404 1553085436274 
512 892 426 1553085436291 
512 865 462 1553085436307 
512 829 509 1553085436324 
512 786 562 1553085436340 
512 738 616 1553085436357 
512 704 646 1553085436375 
512 685 661 1553085436390 
512 671 669 1553085436407 
512 656 674 1553085436424 
512 649 675 1553085436441 
512 641 677 1553085436457 
512 632 679 1553085436473 
512 620 680 1553085436490 
512 610 681 1553085436507 
512 601 683 1553085436525 
512 597 683 1553085436541 
512 596 683 1553085436608 
512 596 681 1553085436623 
512 594 680 1553085436640 
512 594 679 1553085436656 
512 593 677 1553085436673 
512 592 676 1553085436692 
512 591 675 1553085436706 
512 589 673 1553085436724 
512 588 671 1553085436740 
512 585 666 1553085436757 
512 581 660 1553085436775 
512 580 659 1553085436791 
512 577 656 1553085436807 
512 576 655 1553085436823 
512 575 654 1553085436841 
512 574 653 1553085436856 
512 572 652 1553085436875 
512 571 652 1553085436891 
512 570 651 1553085436907 
512 569 651 1553085436940 
512 568 651 1553085436957 
512 566 649 1553085437008 
512 566 648 1553085437024 
512 563 646 1553085437040 
512 562 646 1553085437056 
512 562 645 1553085437174 
513 562 645 1553085437248 
514 562 645 1553085437383 
512 563 644 1553085437490 
512 564 643 1553085437624 
512 568 643 1553085437640 
512 577 645 1553085437658 
512 595 649 1553085437673 
512 620 652 1553085437690 
512 650 652 1553085437707 
512 689 653 1553085437723 
512 719 655 1553085437740 
512 743 655 1553085437756 
512 759 655 1553085437773 
512 771 655 1553085437790 
512 780 655 1553085437807 
512 789 655 1553085437823 
512 799 656 1553085437840 
512 809 658 1553085437856 
512 817 659 1553085437873 
512 821 659 1553085437891 
512 824 659 1553085437907 
512 825 659 1553085437924 
512 826 659 1553085437941 
512 827 659 1553085437957 
512 829 659 1553085438007 
512 830 659 1553085438090 
512 832 658 1553085438107 
512 834 657 1553085438124 
512 835 655 1553085438157 
512 836 654 1553085438175 
512 837 654 1553085438192 
512 837 652 1553085438223 
512 837 651 1553085438240 
512 838 650 1553085438256 
512 840 648 1553085438273 
512 840 647 1553085438307 
512 841 646 1553085438407 
512 841 643 1553085438423 
512 843 642 1553085438441 
512 843 641 1553085438458 
512 843 640 1553085438473 
513 843 640 1553085438551 
514 843 640 1553085438695 
512 844 640 1553085438757 
512 845 639 1553085438773 
512 846 637 1553085438790 
512 846 636 1553085438856 
512 846 634 1553085438873 
512 845 629 1553085438891 
512 841 611 1553085438906 
512 838 596 1553085438923 
512 836 582 1553085438940 
512 836 568 1553085438956 
512 844 550 1553085438973 
512 864 528 1553085438990 
512 897 504 1553085439007 
512 911 490 1553085439024 
512 919 482 1553085439040 
512 928 471 1553085439057 
512 931 466 1553085439073 
512 935 460 1553085439090 
512 938 455 1553085439107 
512 939 450 1553085439123 
512 941 447 1553085439140 
512 943 443 1553085439156 
512 944 439 1553085439173 
512 944 435 1553085439190 
512 944 429 1553085439206 
512 944 421 1553085439223 
512 944 417 1553085439240 
512 942 412 1553085439257 
512 940 409 1553085439274 
512 937 405 1553085439290 
512 936 402 1553085439307 
512 934 399 1553085439324 
512 932 395 1553085439340 
512 930 393 1553085439357 
512 929 392 1553085439374 
512 928 391 1553085439390 
512 927 389 1553085439406 
512 926 386 1553085439423 
512 926 385 1553085439440 
512 925 384 1553085439457 
512 925 383 1553085439473 
512 925 382 1553085439506 
512 925 381 1553085439573 
512 925 380 1553085439607 
512 925 379 1553085439640 
512 925 378 1553085439657 
512 925 377 1553085439674 
513 925 377 1553085439743 
514 925 377 1553085439903 
512 925 376 1553085439924 
512 924 375 1553085439957 
512 923 374 1553085439974 
512 921 374 1553085439990 
512 910 374 1553085440007 
512 899 374 1553085440024 
512 873 376 1553085440040 
512 838 385 1553085440056 
512 785 396 1553085440074 
512 735 405 1553085440090 
512 705 410 1553085440106 
512 690 411 1553085440124 
512 682 411 1553085440140 
512 677 411 1553085440156 
512 668 411 1553085440173 
512 653 411 1553085440190 
512 622 408 1553085440207 
512 600 401 1553085440223 
512 584 393 1553085440240 
512 576 391 1553085440257 
512 568 389 1553085440273 
512 567 388 1553085440291 
512 565 387 1553085440340 
512 563 386 1553085440357 
512 561 384 1553085440373 
512 558 382 1553085440390 
512 550 378 1553085440407 
512 549 377 1553085440423 
512 544 375 1553085440440 
512 539 374 1553085440456 
512 532 374 1553085440473 
512 525 374 1553085440490 
512 518 374 1553085440507 
512 510 374 1553085440523 
512 503 374 1553085440541 
512 500 374 1553085440556 
512 499 374 1553085440573 
512 498 374 1553085440623 
512 497 374 1553085440673 
512 495 374 1553085440690 
512 492 374 1553085440706 
512 489 374 1553085440723 
512 486 374 1553085440739 
512 484 374 1553085440757 
512 482 374 1553085440774 
512 481 374 1553085440790 
512 479 374 1553085440808 
512 476 374 1553085440823 
512 475 374 1553085440841 
512 473 373 1553085440858 
512 472 372 1553085440873 
512 471 372 1553085441023 
512 470 372 1553085441041 
513 470 372 1553085441064 
514 470 372 1553085441215 
512 471 372 1553085441406 
512 476 375 1553085441423 
512 482 381 1553085441440 
512 492 390 1553085441458 
512 506 404 1553085441473 
512 521 422 1553085441490 
512 534 440 1553085441507 
512 547 464 1553085441523 
512 558 488 1553085441540 
512 566 511 1553085441558 
512 568 527 1553085441573 
512 569 538 1553085441591 
512 569 548 1553085441606 
512 569 556 1553085441623 
512 569 562 1553085441640 
512 569 568 1553085441657 
512 569 576 1553085441673 
512 567 588 1553085441689 
512 566 599 1553085441707 
512 566 611 1553085441723 
512 566 617 1553085441740 
512 566 621 1553085441757 
512 566 622 1553085441774 
512 566 623 1553085441789 
512 567 625 1553085441806 
512 567 629 1553085441824 
512 568 633 1553085441840 
512 571 640 1553085441857 
512 571 643 1553085441873 
512 571 644 1553085441890 
512 572 645 1553085441906 
512 572 646 1553085442023 
512 570 647 1553085442041 
512 569 647 1553085442057 
512 568 647 1553085442074 
512 567 647 1553085442106 
512 565 647 1553085442157 
512 564 647 1553085442190 
512 564 646 1553085442223 
512 562 645 1553085442240 
512 562 644 1553085442256 
513 562 644 1553085442311 
514 562 644 1553085442471 
512 561 644 1553085442540 
512 564 644 1553085442724 
512 570 640 1553085442740 
512 581 629 1553085442757 
512 596 615 1553085442774 
512 607 601 1553085442790 
512 618 573 1553085442807 
512 623 542 1553085442823 
512 629 504 1553085442840 
512 631 456 1553085442856 
512 634 422 1553085442873 
512 636 395 1553085442889 
512 641 369 1553085442906 
512 649 336 1553085442923 
512 653 325 1553085442939 
512 661 315 1553085442956 
512 668 307 1553085442973 
512 671 302 1553085442989 
512 674 299 1553085443007 
512 674 298 1553085443024 
512 675 296 1553085443040 
512 677 294 1553085443058 
512 679 293 1553085443073 
512 682 290 1553085443090 
512 689 285 1553085443106 
512 695 280 1553085443123 
512 702 274 1553085443140 
512 707 269 1553085443157 
512 711 264 1553085443174 
512 713 258 1553085443189 
512 713 253 1553085443208 
512 714 247 1553085443223 
512 714 243 1553085443240 
512 714 240 1553085443257 
512 714 236 1553085443274 
512 714 232 1553085443290 
512 713 229 1553085443306 
512 711 227 1553085443323 
512 710 225 1553085443339 
512 708 222 1553085443356 
512 707 221 1553085443373 
512 705 218 1553085443390 
512 704 217 1553085443406 
512 703 215 1553085443423 
512 702 212 1553085443439 
512 701 211 1553085443458 
512 700 208 1553085443474 
512 699 208 1553085443490 
512 699 205 1553085443506 
512 698 204 1553085443524 
512 698 203 1553085443540 
512 697 202 1553085443573 
512 696 201 1553085443606 
512 696 200 1553085443623 
513 696 200 1553085443640 
514 696 200 1553085443799 
512 702 208 1553085443924 
512 711 215 1553085443940 
512 720 221 1553085443957 
512 727 225 1553085443973 
512 738 228 1553085443991 
512 746 231 1553085444007 
512 753 234 1553085444023 
512 757 235 1553085444040 
512 758 235 1553085444057 
512 758 234 1553085444123 
512 747 226 1553085444140 
512 737 220 1553085444156 
512 724 213 1553085444174 
512 715 209 1553085444190 
512 706 206 1553085444206 
512 701 205 1553085444223 
512 700 205 1553085444240 
512 699 205 1553085444257 
513 699 205 1553085444480 
514 699 205 1553085444615 
