512 701 204 1552937300896 
512 705 208 1552937300914 
512 706 211 1552937300929 
512 721 231 1552937300946 
512 737 254 1552937300962 
512 757 280 1552937300979 
512 785 323 1552937300996 
512 813 381 1552937301012 
512 841 458 1552937301029 
512 864 529 1552937301046 
512 879 576 1552937301063 
512 886 597 1552937301079 
512 887 605 1552937301095 
512 887 611 1552937301113 
512 885 622 1552937301130 
512 883 625 1552937301146 
512 879 630 1552937301163 
512 876 634 1552937301179 
512 872 640 1552937301195 
512 868 645 1552937301213 
512 865 648 1552937301229 
512 861 650 1552937301246 
512 857 652 1552937301263 
512 855 653 1552937301280 
512 854 653 1552937301364 
512 852 653 1552937301396 
512 851 652 1552937301413 
512 849 651 1552937301429 
512 848 651 1552937301446 
512 847 651 1552937301463 
512 846 651 1552937301479 
512 845 651 1552937301495 
512 844 651 1552937301513 
512 843 651 1552937301530 
512 840 649 1552937301546 
512 839 649 1552937301562 
512 838 648 1552937301580 
512 838 647 1552937301679 
512 838 646 1552937301696 
512 838 645 1552937301713 
512 838 644 1552937301731 
513 838 644 1552937301778 
514 838 644 1552937301930 
512 838 643 1552937301946 
512 838 642 1552937301963 
512 836 639 1552937302146 
512 827 632 1552937302163 
512 815 622 1552937302179 
512 798 601 1552937302196 
512 764 565 1552937302213 
512 719 518 1552937302229 
512 672 473 1552937302246 
512 631 438 1552937302262 
512 608 419 1552937302279 
512 596 407 1552937302296 
512 591 400 1552937302312 
512 589 400 1552937302329 
512 587 400 1552937302346 
512 584 400 1552937302362 
512 579 400 1552937302379 
512 573 403 1552937302396 
512 566 404 1552937302412 
512 555 405 1552937302429 
512 546 405 1552937302446 
512 539 405 1552937302462 
512 531 405 1552937302479 
512 520 403 1552937302496 
512 509 400 1552937302513 
512 496 396 1552937302529 
512 480 388 1552937302546 
512 475 385 1552937302563 
512 472 383 1552937302579 
512 471 381 1552937302596 
512 470 381 1552937302664 
512 470 380 1552937302813 
512 470 379 1552937302829 
512 470 377 1552937302863 
512 470 376 1552937302879 
512 470 375 1552937302896 
512 470 373 1552937302913 
512 470 372 1552937302929 
513 470 372 1552937303002 
514 470 372 1552937303153 
512 470 370 1552937303179 
512 470 369 1552937303196 
512 471 369 1552937303263 
512 477 369 1552937303279 
512 485 376 1552937303296 
512 496 386 1552937303312 
512 515 398 1552937303329 
512 544 416 1552937303346 
512 562 431 1552937303363 
512 585 439 1552937303379 
512 606 441 1552937303396 
512 628 440 1552937303412 
512 647 432 1552937303430 
512 663 421 1552937303446 
512 670 410 1552937303462 
512 671 397 1552937303479 
512 671 380 1552937303496 
512 668 363 1552937303513 
512 662 340 1552937303529 
512 655 307 1552937303546 
512 653 295 1552937303564 
512 653 287 1552937303579 
512 653 282 1552937303596 
512 655 279 1552937303612 
512 659 276 1552937303629 
512 665 272 1552937303646 
512 672 266 1552937303663 
512 683 260 1552937303679 
512 699 253 1552937303696 
512 721 246 1552937303713 
512 741 240 1552937303729 
512 753 237 1552937303746 
512 753 236 1552937303796 
512 753 235 1552937303829 
512 753 233 1552937303846 
512 753 230 1552937303863 
512 751 229 1552937303879 
512 746 227 1552937303897 
512 739 224 1552937303913 
512 733 222 1552937303929 
512 726 221 1552937303947 
512 723 220 1552937303962 
512 720 218 1552937303980 
512 716 217 1552937303997 
512 715 217 1552937304012 
512 714 217 1552937304029 
512 713 217 1552937304080 
512 712 215 1552937304096 
512 711 215 1552937304113 
512 708 214 1552937304131 
512 704 211 1552937304147 
512 703 210 1552937304163 
512 701 210 1552937304180 
512 700 209 1552937304196 
512 699 209 1552937304212 
513 699 209 1552937304298 
512 699 208 1552937304481 
514 699 208 1552937304482 
512 699 207 1552937304512 
512 700 207 1552937304529 
512 702 208 1552937304563 
512 705 218 1552937304579 
512 714 235 1552937304596 
512 725 254 1552937304613 
512 742 287 1552937304629 
512 760 315 1552937304646 
512 778 335 1552937304663 
512 792 349 1552937304679 
512 807 358 1552937304695 
512 819 367 1552937304712 
512 838 377 1552937304729 
512 851 383 1552937304745 
512 861 387 1552937304762 
512 875 390 1552937304779 
512 886 393 1552937304796 
512 899 394 1552937304813 
512 910 394 1552937304829 
512 914 394 1552937304846 
512 916 394 1552937304864 
512 918 394 1552937304879 
512 919 394 1552937304896 
512 920 394 1552937304913 
512 922 393 1552937304930 
512 924 393 1552937304946 
512 925 393 1552937304962 
512 926 393 1552937304979 
512 926 392 1552937304996 
512 927 391 1552937305046 
512 927 389 1552937305081 
512 927 387 1552937305095 
512 928 385 1552937305113 
512 928 381 1552937305129 
512 929 380 1552937305146 
512 929 378 1552937305163 
512 929 377 1552937305213 
512 929 376 1552937305229 
512 929 375 1552937305296 
512 929 374 1552937305329 
513 929 374 1552937305370 
514 929 374 1552937305521 
512 929 371 1552937305546 
512 929 370 1552937305563 
512 928 369 1552937305579 
512 927 369 1552937305646 
512 926 369 1552937305663 
512 924 369 1552937305679 
512 917 370 1552937305696 
512 904 376 1552937305713 
512 883 386 1552937305729 
512 836 399 1552937305746 
512 794 414 1552937305762 
512 760 426 1552937305780 
512 741 432 1552937305796 
512 729 438 1552937305813 
512 722 444 1552937305829 
512 715 451 1552937305846 
512 707 465 1552937305863 
512 696 479 1552937305879 
512 684 507 1552937305895 
512 664 543 1552937305913 
512 642 583 1552937305929 
512 617 625 1552937305946 
512 610 639 1552937305963 
512 604 647 1552937305980 
512 603 651 1552937305996 
512 603 653 1552937306012 
512 603 655 1552937306029 
512 602 656 1552937306046 
512 601 657 1552937306062 
512 599 657 1552937306080 
512 596 657 1552937306095 
512 591 657 1552937306113 
512 583 657 1552937306130 
512 582 657 1552937306145 
512 579 657 1552937306163 
512 579 655 1552937306180 
512 578 653 1552937306195 
512 576 651 1552937306212 
512 573 648 1552937306229 
512 570 646 1552937306246 
512 566 645 1552937306262 
512 563 644 1552937306279 
512 562 644 1552937306296 
512 561 644 1552937306329 
512 560 644 1552937306346 
512 559 644 1552937306395 
512 558 644 1552937306413 
512 557 644 1552937306446 
513 557 644 1552937306554 
512 557 643 1552937306696 
512 559 642 1552937306697 
514 559 642 1552937306698 
512 559 641 1552937306712 
512 560 639 1552937306729 
512 560 638 1552937306746 
512 560 637 1552937306863 
512 560 636 1552937306896 
512 563 633 1552937306912 
512 564 631 1552937306929 
512 580 628 1552937306946 
512 605 628 1552937306963 
512 650 628 1552937306979 
512 715 632 1552937306996 
512 761 644 1552937307012 
512 781 651 1552937307029 
512 792 657 1552937307046 
512 795 659 1552937307062 
512 797 660 1552937307079 
512 798 660 1552937307112 
512 801 660 1552937307129 
512 804 660 1552937307146 
512 807 660 1552937307163 
512 808 660 1552937307179 
512 810 660 1552937307213 
512 811 660 1552937307229 
512 811 658 1552937307247 
512 814 657 1552937307262 
512 817 656 1552937307279 
512 823 656 1552937307296 
512 829 655 1552937307312 
512 835 653 1552937307329 
512 836 653 1552937307346 
512 838 653 1552937307412 
512 838 652 1552937307496 
512 838 651 1552937307512 
512 838 650 1552937307529 
512 839 649 1552937307563 
512 839 648 1552937307579 
512 839 647 1552937307613 
512 839 646 1552937307645 
513 839 646 1552937307722 
512 839 645 1552937307729 
512 840 645 1552937307762 
512 841 644 1552937307863 
512 842 643 1552937307873 
514 842 643 1552937307873 
512 842 643 1552937307880 
512 843 641 1552937307896 
512 844 636 1552937307913 
512 844 631 1552937307929 
512 844 627 1552937307946 
512 842 624 1552937307962 
512 840 621 1552937307979 
512 836 617 1552937307995 
512 830 607 1552937308012 
512 821 596 1552937308029 
512 809 582 1552937308046 
512 795 562 1552937308062 
512 775 538 1552937308079 
512 749 508 1552937308095 
512 725 483 1552937308112 
512 714 474 1552937308129 
512 713 473 1552937308146 
512 715 473 1552937308164 
512 733 480 1552937308179 
512 756 488 1552937308195 
512 784 491 1552937308213 
512 814 491 1552937308229 
512 850 485 1552937308246 
512 887 477 1552937308262 
512 915 469 1552937308279 
512 931 460 1552937308296 
512 936 455 1552937308312 
512 937 452 1552937308329 
512 938 444 1552937308346 
512 938 439 1552937308362 
512 938 435 1552937308380 
512 939 430 1552937308396 
512 942 424 1552937308413 
512 942 421 1552937308429 
512 942 417 1552937308446 
512 942 412 1552937308463 
512 942 409 1552937308479 
512 941 407 1552937308496 
512 941 405 1552937308512 
512 941 404 1552937308529 
512 941 400 1552937308546 
512 941 398 1552937308562 
512 941 397 1552937308580 
512 941 395 1552937308596 
512 941 394 1552937308614 
512 941 392 1552937308629 
512 941 391 1552937308646 
512 941 389 1552937308679 
512 940 388 1552937308712 
512 939 387 1552937308729 
512 938 386 1552937308746 
512 937 384 1552937308763 
512 936 383 1552937308779 
512 935 382 1552937308796 
512 933 380 1552937308830 
512 932 380 1552937308846 
512 932 378 1552937308864 
512 931 376 1552937308896 
512 930 375 1552937308912 
513 930 375 1552937308979 
514 930 375 1552937309105 
512 930 374 1552937309130 
512 929 374 1552937309229 
512 925 374 1552937309246 
512 917 374 1552937309263 
512 904 377 1552937309280 
512 883 380 1552937309296 
512 858 385 1552937309312 
512 830 390 1552937309329 
512 795 393 1552937309346 
512 783 393 1552937309363 
512 780 393 1552937309379 
512 775 393 1552937309396 
512 770 393 1552937309412 
512 756 391 1552937309429 
512 737 388 1552937309446 
512 713 386 1552937309462 
512 690 381 1552937309479 
512 667 377 1552937309496 
512 654 373 1552937309512 
512 639 371 1552937309529 
512 620 368 1552937309547 
512 613 367 1552937309563 
512 604 367 1552937309580 
512 598 367 1552937309596 
512 590 367 1552937309612 
512 582 367 1552937309631 
512 571 367 1552937309646 
512 562 367 1552937309664 
512 552 367 1552937309679 
512 537 367 1552937309696 
512 523 368 1552937309714 
512 518 369 1552937309729 
512 515 370 1552937309746 
512 513 370 1552937309763 
512 511 370 1552937309829 
512 510 370 1552937309846 
512 509 371 1552937309863 
512 507 371 1552937309879 
512 505 371 1552937309897 
512 504 371 1552937309912 
512 501 371 1552937309930 
512 495 372 1552937309946 
512 492 373 1552937309964 
512 491 373 1552937309980 
512 488 374 1552937309996 
512 486 374 1552937310013 
512 484 375 1552937310030 
512 481 375 1552937310047 
512 478 375 1552937310062 
512 474 375 1552937310079 
512 471 375 1552937310096 
512 469 375 1552937310112 
513 469 375 1552937310234 
514 469 375 1552937310401 
512 469 374 1552937310513 
512 471 373 1552937310529 
512 474 373 1552937310545 
512 484 369 1552937310562 
512 495 364 1552937310580 
512 511 359 1552937310595 
512 526 353 1552937310612 
512 541 346 1552937310629 
512 555 344 1552937310645 
512 563 344 1552937310662 
512 567 344 1552937310679 
512 568 346 1552937310695 
512 570 353 1552937310712 
512 570 366 1552937310729 
512 570 396 1552937310745 
512 570 429 1552937310762 
512 570 467 1552937310779 
512 570 508 1552937310795 
512 571 542 1552937310813 
512 573 565 1552937310829 
512 576 581 1552937310845 
512 577 592 1552937310862 
512 578 599 1552937310879 
512 581 604 1552937310895 
512 582 607 1552937310912 
512 584 611 1552937310929 
512 584 615 1552937310946 
512 586 620 1552937310962 
512 589 624 1552937310979 
512 591 633 1552937310996 
512 593 636 1552937311013 
512 591 637 1552937311129 
512 586 637 1552937311146 
512 582 637 1552937311162 
512 578 637 1552937311179 
512 573 637 1552937311196 
512 570 635 1552937311212 
512 567 635 1552937311229 
512 565 634 1552937311246 
512 564 634 1552937311296 
512 563 635 1552937311329 
512 562 635 1552937311346 
512 562 636 1552937311362 
512 561 637 1552937311396 
512 561 639 1552937311429 
512 560 639 1552937311462 
513 560 639 1552937311531 
514 560 639 1552937311689 
512 560 638 1552937311713 
512 560 637 1552937311747 
512 560 635 1552937311762 
512 560 633 1552937311795 
512 560 631 1552937311813 
512 560 628 1552937311829 
512 564 620 1552937311846 
512 573 607 1552937311862 
512 584 591 1552937311879 
512 599 569 1552937311897 
512 616 538 1552937311913 
512 628 508 1552937311929 
512 638 467 1552937311945 
512 642 437 1552937311963 
512 643 409 1552937311978 
512 647 384 1552937311996 
512 653 366 1552937312012 
512 657 351 1552937312029 
512 659 345 1552937312046 
512 662 338 1552937312063 
512 663 335 1552937312079 
512 663 332 1552937312096 
512 663 329 1552937312113 
512 663 327 1552937312129 
512 663 322 1552937312146 
512 664 318 1552937312163 
512 666 314 1552937312179 
512 666 311 1552937312196 
512 667 306 1552937312213 
512 670 301 1552937312229 
512 674 294 1552937312246 
512 674 288 1552937312263 
512 676 281 1552937312278 
512 679 272 1552937312296 
512 680 262 1552937312312 
512 681 253 1552937312329 
512 682 241 1552937312346 
512 682 232 1552937312363 
512 682 225 1552937312379 
512 682 220 1552937312396 
512 683 216 1552937312412 
512 683 213 1552937312429 
512 684 211 1552937312446 
512 684 210 1552937312562 
512 685 210 1552937312580 
512 686 210 1552937312595 
512 688 210 1552937312612 
512 691 210 1552937312629 
512 693 210 1552937312645 
512 696 210 1552937312662 
512 700 210 1552937312679 
512 701 210 1552937312696 
513 701 210 1552937312874 
514 701 210 1552937313017 
