512 704 211 1553106691681 
512 713 222 1553106691697 
512 730 241 1553106691714 
512 753 266 1553106691732 
512 772 285 1553106691748 
512 784 302 1553106691763 
512 794 323 1553106691781 
512 802 345 1553106691798 
512 810 368 1553106691815 
512 812 392 1553106691830 
512 812 416 1553106691846 
512 812 436 1553106691864 
512 812 456 1553106691881 
512 812 475 1553106691897 
512 812 495 1553106691913 
512 815 516 1553106691930 
512 820 537 1553106691948 
512 822 544 1553106691963 
512 822 545 1553106691980 
512 822 548 1553106691997 
512 824 552 1553106692014 
512 825 559 1553106692030 
512 828 569 1553106692047 
512 831 580 1553106692063 
512 836 590 1553106692081 
512 840 601 1553106692096 
512 842 608 1553106692115 
512 844 617 1553106692131 
512 846 620 1553106692148 
512 846 623 1553106692164 
512 847 626 1553106692183 
512 850 633 1553106692196 
512 850 637 1553106692214 
512 850 638 1553106692230 
512 850 642 1553106692246 
512 850 647 1553106692264 
512 850 650 1553106692280 
512 850 651 1553106692296 
512 850 652 1553106692414 
512 848 652 1553106692464 
512 846 651 1553106692481 
512 844 649 1553106692498 
512 843 648 1553106692514 
512 841 647 1553106692531 
512 840 647 1553106692580 
512 837 646 1553106692598 
512 835 645 1553106692613 
512 834 645 1553106692631 
513 834 645 1553106692716 
514 834 645 1553106692867 
512 834 644 1553106693081 
512 834 641 1553106693096 
512 834 634 1553106693113 
512 834 621 1553106693130 
512 795 562 1553106693147 
512 732 501 1553106693163 
512 676 459 1553106693180 
512 661 451 1553106693198 
512 625 434 1553106693214 
512 609 426 1553106693231 
512 600 423 1553106693246 
512 592 421 1553106693264 
512 590 420 1553106693281 
512 588 420 1553106693297 
512 587 419 1553106693315 
512 585 418 1553106693332 
512 583 418 1553106693346 
512 576 416 1553106693363 
512 567 412 1553106693381 
512 558 404 1553106693396 
512 542 397 1553106693414 
512 525 389 1553106693430 
512 510 384 1553106693447 
512 505 382 1553106693464 
512 502 382 1553106693481 
512 500 382 1553106693496 
512 499 380 1553106693631 
512 497 379 1553106693647 
512 493 378 1553106693665 
512 488 376 1553106693680 
512 484 374 1553106693697 
512 481 374 1553106693713 
512 480 374 1553106693732 
512 479 373 1553106693781 
512 478 373 1553106693815 
512 476 373 1553106693846 
512 475 373 1553106693881 
512 473 373 1553106693896 
512 470 373 1553106693931 
512 469 373 1553106693963 
513 469 373 1553106694036 
514 469 373 1553106694155 
512 477 373 1553106694363 
512 496 373 1553106694380 
512 520 373 1553106694397 
512 547 373 1553106694414 
512 571 370 1553106694431 
512 595 362 1553106694447 
512 615 354 1553106694463 
512 633 340 1553106694480 
512 651 323 1553106694497 
512 675 294 1553106694515 
512 682 288 1553106694529 
512 699 261 1553106694547 
512 703 251 1553106694564 
512 705 246 1553106694581 
512 706 245 1553106694597 
512 706 243 1553106694614 
512 706 242 1553106694631 
512 706 240 1553106694646 
512 705 239 1553106694664 
512 705 238 1553106694681 
512 705 237 1553106694698 
512 705 234 1553106694714 
512 705 230 1553106694729 
512 705 219 1553106694748 
512 704 215 1553106694764 
512 703 212 1553106694780 
512 702 210 1553106694797 
512 701 209 1553106694814 
512 701 208 1553106694829 
512 700 207 1553106694847 
512 700 206 1553106694865 
512 700 204 1553106694914 
512 700 203 1553106694931 
513 700 203 1553106694988 
514 700 203 1553106695123 
512 700 202 1553106695297 
512 706 210 1553106695313 
512 721 241 1553106695331 
512 731 263 1553106695347 
512 744 292 1553106695364 
512 770 326 1553106695380 
512 797 356 1553106695397 
512 820 374 1553106695413 
512 839 384 1553106695430 
512 856 388 1553106695448 
512 870 389 1553106695463 
512 882 390 1553106695480 
512 888 390 1553106695497 
512 895 389 1553106695515 
512 900 388 1553106695531 
512 903 388 1553106695546 
512 910 388 1553106695563 
512 923 388 1553106695580 
512 932 388 1553106695597 
512 940 384 1553106695614 
512 941 383 1553106695631 
512 942 381 1553106695646 
512 942 378 1553106695663 
512 942 375 1553106695681 
512 941 374 1553106695715 
512 941 373 1553106695780 
512 941 372 1553106695864 
512 940 372 1553106695897 
512 938 372 1553106695914 
512 934 372 1553106695931 
512 932 372 1553106695946 
512 931 372 1553106695964 
512 930 373 1553106696014 
512 929 373 1553106696046 
512 928 373 1553106696063 
512 926 374 1553106696081 
513 926 374 1553106696149 
514 926 374 1553106696283 
512 925 374 1553106696430 
512 922 374 1553106696447 
512 914 376 1553106696464 
512 904 382 1553106696480 
512 887 392 1553106696497 
512 861 407 1553106696514 
512 822 434 1553106696531 
512 807 449 1553106696547 
512 756 497 1553106696563 
512 735 525 1553106696580 
512 720 548 1553106696597 
512 712 566 1553106696615 
512 704 579 1553106696630 
512 699 587 1553106696647 
512 696 591 1553106696664 
512 691 597 1553106696680 
512 683 604 1553106696697 
512 672 613 1553106696713 
512 653 626 1553106696731 
512 640 637 1553106696748 
512 632 643 1553106696764 
512 628 647 1553106696780 
512 626 648 1553106696797 
512 624 649 1553106696814 
512 622 650 1553106696830 
512 616 650 1553106696847 
512 602 650 1553106696863 
512 584 650 1553106696881 
512 571 651 1553106696898 
512 561 653 1553106696914 
512 557 654 1553106696932 
512 556 655 1553106696948 
512 555 655 1553106697113 
512 555 654 1553106697146 
512 555 650 1553106697163 
512 555 648 1553106697181 
512 555 646 1553106697196 
512 555 645 1553106697230 
512 555 644 1553106697281 
512 555 643 1553106697296 
512 555 642 1553106697331 
513 555 642 1553106697380 
514 555 642 1553106697523 
512 555 640 1553106697547 
512 555 639 1553106697563 
512 556 638 1553106697580 
512 556 637 1553106697646 
512 558 635 1553106697663 
512 566 631 1553106697679 
512 583 621 1553106697697 
512 601 609 1553106697714 
512 616 588 1553106697729 
512 636 555 1553106697746 
512 661 517 1553106697764 
512 675 500 1553106697780 
512 685 499 1553106697797 
512 696 499 1553106697815 
512 706 504 1553106697831 
512 714 510 1553106697848 
512 724 519 1553106697865 
512 741 536 1553106697880 
512 760 555 1553106697897 
512 775 575 1553106697914 
512 797 598 1553106697931 
512 808 611 1553106697948 
512 816 617 1553106697963 
512 822 623 1553106697981 
512 825 625 1553106697997 
512 829 627 1553106698013 
512 832 627 1553106698029 
512 835 628 1553106698047 
512 841 631 1553106698064 
512 847 632 1553106698081 
512 853 633 1553106698097 
512 858 635 1553106698115 
512 859 635 1553106698132 
512 859 636 1553106698214 
512 859 638 1553106698248 
512 859 639 1553106698264 
512 857 639 1553106698280 
512 853 640 1553106698298 
512 850 641 1553106698314 
512 848 642 1553106698330 
512 844 643 1553106698347 
512 843 643 1553106698364 
512 841 644 1553106698380 
513 841 644 1553106698549 
514 841 644 1553106698691 
512 840 642 1553106698714 
512 840 635 1553106698730 
512 840 629 1553106698747 
512 840 628 1553106698763 
512 840 626 1553106698780 
512 840 624 1553106698796 
512 841 619 1553106698813 
512 844 611 1553106698830 
512 845 600 1553106698846 
512 846 583 1553106698863 
512 846 555 1553106698880 
512 834 522 1553106698896 
512 830 501 1553106698913 
512 830 482 1553106698930 
512 836 470 1553106698947 
512 844 462 1553106698963 
512 850 458 1553106698979 
512 859 455 1553106698997 
512 873 449 1553106699014 
512 885 443 1553106699029 
512 898 438 1553106699046 
512 907 431 1553106699063 
512 917 426 1553106699080 
512 925 421 1553106699097 
512 930 419 1553106699113 
512 935 414 1553106699130 
512 935 413 1553106699146 
512 936 409 1553106699163 
512 936 406 1553106699180 
512 936 404 1553106699197 
512 936 403 1553106699213 
512 936 401 1553106699229 
512 936 400 1553106699246 
512 933 397 1553106699263 
512 930 394 1553106699279 
512 927 390 1553106699296 
512 925 388 1553106699313 
512 923 386 1553106699329 
512 923 385 1553106699346 
512 923 383 1553106699363 
512 923 381 1553106699379 
512 923 380 1553106699413 
512 923 378 1553106699430 
512 924 378 1553106699446 
512 924 377 1553106699463 
512 925 377 1553106699480 
512 927 375 1553106699496 
512 928 375 1553106699548 
512 929 374 1553106699580 
513 929 374 1553106699652 
514 929 374 1553106699771 
512 929 373 1553106699781 
512 929 371 1553106699796 
512 928 369 1553106699813 
512 927 367 1553106699830 
512 926 367 1553106699847 
512 924 367 1553106699863 
512 923 367 1553106699879 
512 919 369 1553106699896 
512 908 378 1553106699913 
512 875 399 1553106699930 
512 861 408 1553106699946 
512 792 447 1553106699963 
512 748 478 1553106699980 
512 710 505 1553106699997 
512 684 523 1553106700014 
512 673 537 1553106700030 
512 667 542 1553106700047 
512 663 544 1553106700063 
512 661 545 1553106700080 
512 658 543 1553106700097 
512 650 535 1553106700113 
512 636 521 1553106700129 
512 615 499 1553106700147 
512 584 469 1553106700163 
512 566 455 1553106700180 
512 553 445 1553106700197 
512 549 442 1553106700213 
512 547 440 1553106700230 
512 545 438 1553106700280 
512 544 436 1553106700297 
512 541 433 1553106700313 
512 539 428 1553106700330 
512 535 423 1553106700347 
512 529 414 1553106700364 
512 523 405 1553106700380 
512 515 395 1553106700397 
512 503 382 1553106700415 
512 496 375 1553106700429 
512 493 372 1553106700447 
512 492 371 1553106700563 
512 491 371 1553106700596 
512 490 371 1553106700614 
512 490 372 1553106700631 
512 489 373 1553106700665 
512 485 373 1553106700697 
512 480 373 1553106700715 
512 473 373 1553106700731 
512 471 373 1553106700748 
512 470 373 1553106700830 
513 470 373 1553106700949 
514 470 373 1553106701074 
512 469 372 1553106701131 
512 469 370 1553106701146 
512 469 369 1553106701163 
512 475 369 1553106701213 
512 485 371 1553106701229 
512 504 374 1553106701247 
512 530 377 1553106701263 
512 552 383 1553106701280 
512 574 385 1553106701296 
512 592 387 1553106701313 
512 608 393 1553106701329 
512 616 400 1553106701347 
512 624 414 1553106701364 
512 627 428 1553106701380 
512 629 445 1553106701396 
512 631 468 1553106701414 
512 630 490 1553106701431 
512 624 518 1553106701446 
512 614 550 1553106701464 
512 606 577 1553106701481 
512 600 597 1553106701497 
512 596 613 1553106701513 
512 595 623 1553106701530 
512 594 624 1553106701547 
512 591 626 1553106701563 
512 584 627 1553106701580 
512 577 628 1553106701596 
512 572 630 1553106701615 
512 569 632 1553106701631 
512 566 634 1553106701647 
512 566 635 1553106701665 
512 564 635 1553106701679 
512 564 636 1553106701697 
512 563 637 1553106701813 
512 563 638 1553106701863 
512 561 639 1553106701880 
512 561 640 1553106701897 
512 560 641 1553106701914 
512 557 643 1553106701929 
512 555 645 1553106701947 
512 554 646 1553106701964 
513 554 646 1553106702028 
512 555 645 1553106702187 
514 555 645 1553106702187 
512 555 645 1553106702197 
512 556 638 1553106702214 
512 559 630 1553106702230 
512 564 621 1553106702247 
512 567 616 1553106702263 
512 570 613 1553106702280 
512 576 605 1553106702296 
512 583 594 1553106702314 
512 592 581 1553106702329 
512 605 559 1553106702347 
512 613 541 1553106702362 
512 623 517 1553106702381 
512 635 491 1553106702397 
512 647 464 1553106702413 
512 665 434 1553106702431 
512 681 412 1553106702447 
512 696 389 1553106702463 
512 711 369 1553106702480 
512 722 352 1553106702497 
512 727 338 1553106702513 
512 731 327 1553106702531 
512 732 313 1553106702547 
512 730 290 1553106702564 
512 725 277 1553106702579 
512 719 263 1553106702596 
512 712 248 1553106702614 
512 705 239 1553106702629 
512 700 233 1553106702646 
512 700 232 1553106702664 
512 699 232 1553106702698 
512 697 231 1553106702730 
512 697 230 1553106702747 
512 696 228 1553106702780 
512 696 227 1553106702796 
512 696 226 1553106702813 
512 695 224 1553106702831 
512 695 223 1553106702847 
512 694 221 1553106702864 
512 694 219 1553106702879 
512 694 218 1553106702898 
512 693 216 1553106702914 
512 693 215 1553106702930 
512 693 213 1553106702948 
512 693 212 1553106703014 
513 693 212 1553106703076 
514 693 212 1553106703218 
