512 704 202 1553171482613 
512 706 203 1553171482747 
512 711 209 1553171482763 
512 721 218 1553171482780 
512 736 232 1553171482797 
512 751 247 1553171482813 
512 769 265 1553171482830 
512 782 284 1553171482847 
512 792 309 1553171482863 
512 799 339 1553171482880 
512 805 378 1553171482897 
512 819 459 1553171482913 
512 823 508 1553171482930 
512 829 542 1553171482947 
512 833 569 1553171482963 
512 835 588 1553171482980 
512 840 606 1553171482997 
512 846 620 1553171483013 
512 852 631 1553171483030 
512 859 639 1553171483047 
512 859 641 1553171483063 
512 861 643 1553171483080 
512 861 646 1553171483114 
512 860 647 1553171483213 
512 854 646 1553171483247 
512 851 644 1553171483263 
512 847 644 1553171483280 
512 843 642 1553171483297 
512 840 642 1553171483313 
512 839 642 1553171483330 
512 838 642 1553171483363 
512 837 642 1553171483380 
513 837 642 1553171483482 
514 837 642 1553171483633 
512 836 642 1553171483647 
512 832 637 1553171483663 
512 825 634 1553171483680 
512 822 634 1553171483697 
512 820 634 1553171483730 
512 819 627 1553171483897 
512 803 602 1553171483914 
512 774 575 1553171483930 
512 722 536 1553171483947 
512 684 513 1553171483964 
512 657 496 1553171483980 
512 633 486 1553171483997 
512 613 478 1553171484014 
512 595 470 1553171484030 
512 579 462 1553171484047 
512 563 452 1553171484064 
512 550 445 1553171484080 
512 540 440 1553171484097 
512 532 437 1553171484114 
512 532 435 1553171484131 
512 531 434 1553171484147 
512 528 431 1553171484164 
512 525 428 1553171484181 
512 519 422 1553171484197 
512 510 414 1553171484214 
512 501 403 1553171484230 
512 491 391 1553171484247 
512 483 382 1553171484264 
512 480 377 1553171484280 
512 476 373 1553171484297 
512 473 370 1553171484314 
512 472 370 1553171484347 
512 472 369 1553171484363 
512 470 368 1553171484380 
513 470 368 1553171484658 
512 468 367 1553171484810 
514 468 367 1553171484810 
512 462 365 1553171484830 
512 450 360 1553171484847 
512 445 359 1553171484864 
512 443 358 1553171484880 
512 444 360 1553171485030 
512 447 362 1553171485047 
512 453 362 1553171485063 
512 465 362 1553171485080 
512 481 362 1553171485097 
512 511 358 1553171485114 
512 529 351 1553171485130 
512 545 343 1553171485147 
512 554 333 1553171485163 
512 563 322 1553171485180 
512 574 308 1553171485197 
512 589 290 1553171485213 
512 604 277 1553171485230 
512 616 267 1553171485247 
512 623 262 1553171485263 
512 629 259 1553171485280 
512 633 256 1553171485297 
512 635 253 1553171485313 
512 638 248 1553171485330 
512 645 243 1553171485347 
512 649 241 1553171485363 
512 657 237 1553171485380 
512 665 232 1553171485397 
512 671 229 1553171485413 
512 678 226 1553171485430 
512 682 223 1553171485447 
512 684 222 1553171485463 
512 686 220 1553171485480 
512 689 218 1553171485497 
512 692 215 1553171485513 
512 697 212 1553171485530 
512 698 211 1553171485547 
512 699 211 1553171485563 
512 700 210 1553171485763 
513 700 210 1553171485786 
512 700 209 1553171485813 
512 701 209 1553171485830 
514 701 209 1553171485922 
512 702 208 1553171485930 
512 702 207 1553171485963 
512 709 216 1553171486097 
512 727 240 1553171486114 
512 745 273 1553171486130 
512 771 316 1553171486147 
512 790 350 1553171486163 
512 804 370 1553171486180 
512 815 385 1553171486197 
512 825 398 1553171486213 
512 834 409 1553171486230 
512 844 417 1553171486247 
512 858 419 1553171486263 
512 870 419 1553171486280 
512 881 417 1553171486297 
512 890 414 1553171486313 
512 896 412 1553171486330 
512 899 410 1553171486347 
512 901 408 1553171486363 
512 905 405 1553171486380 
512 908 403 1553171486397 
512 911 399 1553171486413 
512 912 397 1553171486430 
512 914 395 1553171486447 
512 916 392 1553171486463 
512 918 390 1553171486480 
512 920 387 1553171486497 
512 922 385 1553171486513 
512 924 384 1553171486530 
512 924 383 1553171486547 
512 925 382 1553171486563 
512 926 381 1553171486580 
512 927 379 1553171486597 
512 927 378 1553171486613 
512 928 378 1553171486630 
512 928 377 1553171486663 
512 929 377 1553171486697 
512 930 376 1553171486713 
512 930 375 1553171486730 
513 930 375 1553171486818 
512 931 375 1553171486970 
514 931 375 1553171486970 
512 931 375 1553171486980 
512 931 374 1553171486997 
512 930 373 1553171487013 
512 928 382 1553171487113 
512 926 399 1553171487130 
512 919 417 1553171487147 
512 909 440 1553171487163 
512 892 462 1553171487180 
512 873 483 1553171487197 
512 859 499 1553171487213 
512 852 511 1553171487230 
512 844 521 1553171487247 
512 838 529 1553171487263 
512 828 539 1553171487280 
512 812 547 1553171487297 
512 788 561 1553171487313 
512 744 579 1553171487330 
512 716 592 1553171487347 
512 692 605 1553171487363 
512 680 614 1553171487380 
512 675 618 1553171487397 
512 673 619 1553171487413 
512 671 621 1553171487430 
512 669 623 1553171487447 
512 663 623 1553171487463 
512 659 623 1553171487480 
512 652 623 1553171487497 
512 642 623 1553171487513 
512 631 625 1553171487530 
512 626 626 1553171487547 
512 622 628 1553171487563 
512 618 629 1553171487580 
512 614 629 1553171487597 
512 608 630 1553171487613 
512 601 630 1553171487630 
512 595 632 1553171487647 
512 590 634 1553171487663 
512 588 634 1553171487680 
512 583 636 1553171487697 
512 581 637 1553171487713 
512 578 637 1553171487730 
512 576 639 1553171487747 
512 575 639 1553171487763 
512 573 639 1553171487780 
512 571 639 1553171487797 
512 569 639 1553171487813 
512 567 640 1553171487830 
512 566 640 1553171487847 
512 564 640 1553171487864 
512 562 642 1553171487880 
512 561 642 1553171487930 
512 560 642 1553171487947 
512 558 642 1553171487963 
512 556 642 1553171487980 
512 554 643 1553171487997 
513 554 643 1553171488082 
514 554 643 1553171488233 
512 554 642 1553171488247 
512 554 639 1553171488263 
512 556 638 1553171488413 
512 558 636 1553171488430 
512 564 631 1553171488447 
512 575 623 1553171488463 
512 591 615 1553171488480 
512 613 610 1553171488497 
512 650 607 1553171488513 
512 670 614 1553171488530 
512 681 618 1553171488547 
512 688 624 1553171488563 
512 694 628 1553171488580 
512 702 632 1553171488597 
512 711 637 1553171488613 
512 726 642 1553171488630 
512 743 645 1553171488647 
512 758 645 1553171488663 
512 774 645 1553171488680 
512 782 645 1553171488697 
512 787 645 1553171488713 
512 789 645 1553171488730 
512 790 644 1553171488747 
512 792 643 1553171488763 
512 796 642 1553171488780 
512 804 642 1553171488797 
512 813 639 1553171488813 
512 822 638 1553171488830 
512 827 638 1553171488847 
512 828 638 1553171488864 
512 829 638 1553171488997 
512 830 638 1553171489014 
512 832 638 1553171489164 
512 833 638 1553171489180 
512 834 638 1553171489197 
513 834 638 1553171489498 
512 836 638 1553171489514 
512 837 638 1553171489547 
512 837 637 1553171489649 
514 837 637 1553171489650 
512 837 636 1553171489663 
512 837 633 1553171489680 
512 833 633 1553171489697 
512 832 633 1553171489713 
512 831 633 1553171489897 
512 829 633 1553171489913 
512 820 624 1553171489930 
512 815 611 1553171489947 
512 813 590 1553171489963 
512 813 556 1553171489980 
512 830 509 1553171489997 
512 850 470 1553171490013 
512 872 445 1553171490030 
512 888 436 1553171490047 
512 897 428 1553171490063 
512 905 421 1553171490080 
512 911 416 1553171490097 
512 913 414 1553171490113 
512 915 412 1553171490130 
512 916 411 1553171490147 
512 918 409 1553171490163 
512 919 409 1553171490180 
512 920 407 1553171490197 
512 922 405 1553171490213 
512 923 404 1553171490230 
512 925 400 1553171490247 
512 925 398 1553171490263 
512 926 395 1553171490280 
512 926 392 1553171490297 
512 926 389 1553171490313 
512 929 383 1553171490330 
512 929 382 1553171490347 
512 930 380 1553171490363 
512 931 378 1553171490380 
512 932 377 1553171490397 
512 932 376 1553171490413 
512 932 375 1553171490447 
513 932 375 1553171490522 
512 933 374 1553171490597 
514 933 374 1553171490665 
512 933 374 1553171490680 
512 933 372 1553171490697 
512 933 371 1553171490730 
512 933 370 1553171490780 
512 932 368 1553171490864 
512 924 368 1553171490880 
512 908 364 1553171490897 
512 886 361 1553171490914 
512 814 355 1553171490930 
512 743 345 1553171490947 
512 679 338 1553171490964 
512 631 333 1553171490980 
512 600 333 1553171490997 
512 577 334 1553171491014 
512 560 338 1553171491030 
512 550 342 1553171491047 
512 547 343 1553171491064 
512 542 344 1553171491080 
512 536 347 1553171491097 
512 527 350 1553171491114 
512 521 354 1553171491130 
512 518 356 1553171491147 
512 515 357 1553171491164 
512 514 358 1553171491180 
512 513 359 1553171491247 
512 510 360 1553171491264 
512 506 362 1553171491280 
512 501 365 1553171491297 
512 494 368 1553171491314 
512 489 370 1553171491330 
512 485 371 1553171491347 
512 483 373 1553171491363 
512 480 373 1553171491380 
512 478 375 1553171491397 
512 476 375 1553171491413 
512 472 376 1553171491430 
512 470 376 1553171491447 
512 468 378 1553171491463 
512 467 378 1553171491480 
513 467 378 1553171491714 
514 467 378 1553171491865 
512 466 378 1553171491897 
512 466 376 1553171491930 
512 466 375 1553171492030 
512 467 375 1553171492047 
512 476 375 1553171492063 
512 493 371 1553171492080 
512 517 368 1553171492097 
512 567 356 1553171492113 
512 592 348 1553171492130 
512 601 343 1553171492147 
512 603 342 1553171492163 
512 603 344 1553171492213 
512 604 352 1553171492230 
512 604 370 1553171492247 
512 604 397 1553171492263 
512 599 431 1553171492280 
512 586 480 1553171492297 
512 571 525 1553171492313 
512 556 578 1553171492330 
512 556 596 1553171492347 
512 556 599 1553171492363 
512 559 603 1553171492380 
512 562 606 1553171492397 
512 565 609 1553171492413 
512 566 613 1553171492430 
512 569 617 1553171492447 
512 571 622 1553171492463 
512 571 623 1553171492480 
512 572 626 1553171492497 
512 574 632 1553171492513 
512 578 642 1553171492530 
512 582 648 1553171492547 
512 585 651 1553171492563 
512 585 652 1553171492696 
512 578 650 1553171492730 
512 574 647 1553171492747 
512 570 645 1553171492763 
512 567 643 1553171492780 
512 567 642 1553171492797 
512 566 642 1553171492847 
512 565 642 1553171492863 
512 563 641 1553171492880 
512 559 639 1553171492897 
512 558 639 1553171492980 
512 556 639 1553171492997 
512 555 639 1553171493030 
513 555 639 1553171493074 
514 555 639 1553171493233 
512 554 639 1553171493297 
512 553 639 1553171493380 
512 553 641 1553171493430 
512 557 644 1553171493447 
512 560 647 1553171493463 
512 570 649 1553171493480 
512 587 649 1553171493497 
512 606 647 1553171493513 
512 637 629 1553171493530 
512 649 612 1553171493546 
512 655 595 1553171493563 
512 659 574 1553171493580 
512 659 546 1553171493596 
512 652 502 1553171493613 
512 643 444 1553171493630 
512 637 395 1553171493646 
512 637 361 1553171493663 
512 644 338 1553171493680 
512 651 320 1553171493697 
512 659 309 1553171493714 
512 668 300 1553171493730 
512 671 297 1553171493747 
512 673 295 1553171493764 
512 675 293 1553171493781 
512 679 290 1553171493797 
512 685 286 1553171493813 
512 694 281 1553171493830 
512 703 277 1553171493849 
512 713 273 1553171493864 
512 721 268 1553171493880 
512 723 265 1553171493897 
512 726 262 1553171493914 
512 729 255 1553171493930 
512 729 251 1553171493947 
512 729 245 1553171493964 
512 729 238 1553171493980 
512 726 230 1553171493997 
512 723 224 1553171494014 
512 719 218 1553171494030 
512 716 215 1553171494047 
512 715 215 1553171494064 
512 713 214 1553171494097 
512 711 212 1553171494114 
512 709 212 1553171494147 
512 707 212 1553171494180 
512 706 212 1553171494197 
512 705 212 1553171494297 
512 704 212 1553171494314 
512 700 211 1553171494330 
512 699 211 1553171494363 
512 697 209 1553171494380 
512 695 207 1553171494414 
512 694 206 1553171494447 
512 694 205 1553171494463 
513 694 205 1553171494498 
514 694 205 1553171494649 
