512 701 209 1553257604525 
512 704 216 1553257604543 
512 709 228 1553257604558 
512 715 241 1553257604575 
512 725 254 1553257604592 
512 732 268 1553257604609 
512 741 282 1553257604625 
512 749 293 1553257604642 
512 759 310 1553257604659 
512 767 325 1553257604675 
512 776 345 1553257604693 
512 784 369 1553257604710 
512 788 395 1553257604727 
512 792 429 1553257604742 
512 796 478 1553257604759 
512 800 515 1553257604775 
512 801 539 1553257604792 
512 805 552 1553257604808 
512 807 561 1553257604825 
512 811 570 1553257604843 
512 815 577 1553257604859 
512 818 585 1553257604876 
512 822 594 1553257604892 
512 824 599 1553257604909 
512 826 603 1553257604926 
512 827 604 1553257604942 
512 828 606 1553257604960 
512 828 607 1553257604975 
512 831 610 1553257604992 
512 833 612 1553257605010 
512 835 613 1553257605025 
512 837 615 1553257605042 
512 838 615 1553257605059 
512 838 617 1553257605075 
512 838 618 1553257605092 
512 839 620 1553257605109 
512 840 621 1553257605126 
512 841 624 1553257605143 
512 841 627 1553257605175 
512 841 629 1553257605192 
512 843 631 1553257605226 
512 843 632 1553257605293 
512 843 633 1553257605309 
512 843 634 1553257605326 
512 842 635 1553257605344 
512 842 637 1553257605360 
512 841 638 1553257605376 
512 840 640 1553257605392 
512 840 641 1553257605408 
512 839 642 1553257605425 
513 839 642 1553257605530 
512 838 642 1553257605682 
514 838 642 1553257605682 
512 835 642 1553257605692 
512 832 638 1553257605710 
512 829 633 1553257605726 
512 826 629 1553257605742 
512 825 628 1553257605760 
512 825 627 1553257605776 
512 825 626 1553257605792 
512 825 623 1553257605810 
512 825 620 1553257605826 
512 825 601 1553257605842 
512 824 581 1553257605859 
512 818 558 1553257605876 
512 809 530 1553257605892 
512 784 485 1553257605909 
512 752 445 1553257605926 
512 716 413 1553257605942 
512 676 385 1553257605959 
512 647 372 1553257605975 
512 628 366 1553257605991 
512 610 363 1553257606009 
512 597 361 1553257606025 
512 576 358 1553257606042 
512 564 357 1553257606059 
512 553 356 1553257606076 
512 544 355 1553257606093 
512 537 355 1553257606110 
512 533 355 1553257606126 
512 530 355 1553257606143 
512 527 357 1553257606158 
512 523 358 1553257606175 
512 521 359 1553257606192 
512 519 360 1553257606209 
512 514 361 1553257606226 
512 513 361 1553257606242 
512 508 364 1553257606259 
512 504 365 1553257606276 
512 500 366 1553257606293 
512 496 367 1553257606309 
512 493 368 1553257606326 
512 491 369 1553257606343 
512 488 369 1553257606359 
512 486 369 1553257606376 
512 484 369 1553257606409 
512 483 369 1553257606426 
512 481 369 1553257606443 
512 479 370 1553257606492 
512 479 371 1553257606559 
512 478 371 1553257606575 
512 476 371 1553257606591 
512 475 372 1553257606608 
512 474 372 1553257606625 
512 473 372 1553257606642 
512 472 372 1553257606709 
512 472 373 1553257606726 
512 471 373 1553257606742 
513 471 373 1553257606762 
514 471 373 1553257606930 
512 472 373 1553257607092 
512 474 373 1553257607109 
512 476 373 1553257607126 
512 483 370 1553257607142 
512 495 365 1553257607159 
512 509 356 1553257607176 
512 526 349 1553257607192 
512 544 342 1553257607209 
512 562 333 1553257607225 
512 588 317 1553257607242 
512 602 308 1553257607258 
512 612 300 1553257607275 
512 617 294 1553257607292 
512 622 289 1553257607309 
512 628 284 1553257607325 
512 634 277 1553257607342 
512 638 274 1553257607358 
512 640 272 1553257607375 
512 643 269 1553257607392 
512 645 267 1553257607408 
512 646 265 1553257607425 
512 651 259 1553257607442 
512 653 258 1553257607459 
512 657 255 1553257607475 
512 659 254 1553257607492 
512 662 251 1553257607509 
512 667 249 1553257607526 
512 670 246 1553257607543 
512 674 242 1553257607559 
512 677 239 1553257607575 
512 678 235 1553257607591 
512 680 233 1553257607609 
512 680 231 1553257607625 
512 681 229 1553257607642 
512 683 226 1553257607660 
512 684 224 1553257607675 
512 686 221 1553257607692 
512 687 220 1553257607710 
512 688 218 1553257607725 
512 689 218 1553257607742 
512 692 216 1553257607758 
512 693 215 1553257607775 
512 695 214 1553257607792 
512 699 211 1553257607809 
512 701 209 1553257607826 
512 702 209 1553257607842 
512 705 208 1553257607859 
513 705 208 1553257607987 
514 705 208 1553257608146 
512 707 208 1553257608209 
512 713 211 1553257608243 
512 723 221 1553257608258 
512 733 231 1553257608275 
512 746 245 1553257608292 
512 763 268 1553257608309 
512 786 291 1553257608326 
512 813 317 1553257608341 
512 840 340 1553257608360 
512 861 356 1553257608376 
512 879 368 1553257608392 
512 886 374 1553257608410 
512 891 377 1553257608425 
512 896 378 1553257608442 
512 899 380 1553257608459 
512 903 382 1553257608475 
512 911 384 1553257608491 
512 919 388 1553257608510 
512 924 389 1553257608526 
512 926 389 1553257608542 
512 927 389 1553257608593 
512 928 389 1553257608793 
512 928 387 1553257608808 
512 928 384 1553257608825 
512 928 382 1553257608842 
512 928 379 1553257608859 
512 928 378 1553257608875 
512 928 377 1553257609025 
512 929 376 1553257609042 
513 929 376 1553257609067 
514 929 376 1553257609218 
512 927 376 1553257609275 
512 921 381 1553257609293 
512 915 384 1553257609308 
512 896 391 1553257609326 
512 856 401 1553257609342 
512 787 413 1553257609359 
512 729 425 1553257609376 
512 683 435 1553257609391 
512 661 445 1553257609409 
512 650 450 1553257609425 
512 645 458 1553257609442 
512 640 469 1553257609458 
512 629 495 1553257609475 
512 618 515 1553257609492 
512 607 531 1553257609508 
512 596 546 1553257609525 
512 588 558 1553257609543 
512 581 570 1553257609558 
512 573 584 1553257609575 
512 565 597 1553257609592 
512 556 610 1553257609609 
512 550 619 1553257609625 
512 548 623 1553257609642 
512 547 624 1553257609659 
512 547 625 1553257609693 
512 547 626 1553257609726 
512 547 627 1553257609758 
512 547 628 1553257609775 
512 547 630 1553257609793 
512 547 632 1553257609808 
512 547 633 1553257609825 
512 547 634 1553257609842 
512 550 638 1553257609859 
512 555 640 1553257609875 
512 556 641 1553257609893 
512 559 641 1553257609908 
512 561 642 1553257609925 
512 562 642 1553257609942 
513 562 642 1553257610155 
514 562 642 1553257610330 
512 563 642 1553257610341 
512 563 638 1553257610358 
512 564 632 1553257610375 
512 567 626 1553257610392 
512 570 618 1553257610410 
512 580 604 1553257610426 
512 598 580 1553257610442 
512 608 574 1553257610458 
512 637 545 1553257610475 
512 657 528 1553257610491 
512 676 512 1553257610510 
512 692 498 1553257610525 
512 707 479 1553257610542 
512 725 463 1553257610558 
512 737 457 1553257610575 
512 739 456 1553257610592 
512 744 459 1553257610610 
512 749 475 1553257610625 
512 758 502 1553257610643 
512 761 514 1553257610658 
512 774 547 1553257610675 
512 790 572 1553257610692 
512 806 591 1553257610710 
512 817 600 1553257610725 
512 824 601 1553257610742 
512 827 603 1553257610759 
512 829 603 1553257610775 
512 830 603 1553257610875 
512 831 605 1553257610941 
512 832 607 1553257610959 
512 832 610 1553257610975 
512 832 615 1553257610991 
512 832 620 1553257611008 
512 832 627 1553257611025 
512 834 633 1553257611042 
512 836 644 1553257611058 
512 837 645 1553257611076 
512 838 645 1553257611275 
513 838 645 1553257611315 
514 838 645 1553257611466 
512 839 645 1553257611508 
512 839 641 1553257611525 
512 839 638 1553257611541 
512 839 634 1553257611559 
512 838 626 1553257611575 
512 837 614 1553257611591 
512 835 596 1553257611608 
512 827 572 1553257611625 
512 818 535 1553257611642 
512 810 481 1553257611659 
512 808 461 1553257611675 
512 808 446 1553257611692 
512 812 438 1553257611710 
512 821 431 1553257611725 
512 836 427 1553257611742 
512 851 422 1553257611759 
512 868 416 1553257611776 
512 883 411 1553257611793 
512 895 405 1553257611808 
512 904 399 1553257611825 
512 909 397 1553257611842 
512 912 395 1553257611860 
512 913 395 1553257611893 
512 916 394 1553257611908 
512 918 393 1553257611925 
512 921 392 1553257611943 
512 924 391 1553257611958 
512 926 388 1553257611975 
512 928 386 1553257611992 
512 928 385 1553257612008 
512 928 384 1553257612025 
512 929 382 1553257612042 
512 930 382 1553257612091 
512 930 381 1553257612143 
512 930 379 1553257612158 
512 930 378 1553257612192 
512 930 377 1553257612210 
512 930 376 1553257612225 
512 931 373 1553257612243 
512 931 372 1553257612275 
512 931 371 1553257612292 
513 931 371 1553257612323 
514 931 371 1553257612450 
512 931 370 1553257612509 
512 929 370 1553257612525 
512 923 369 1553257612542 
512 907 363 1553257612558 
512 885 357 1553257612575 
512 859 352 1553257612592 
512 826 348 1553257612608 
512 796 348 1553257612625 
512 761 348 1553257612642 
512 747 348 1553257612660 
512 735 350 1553257612675 
512 726 354 1553257612692 
512 716 356 1553257612708 
512 706 356 1553257612725 
512 694 356 1553257612741 
512 679 356 1553257612759 
512 660 359 1553257612775 
512 643 359 1553257612792 
512 624 359 1553257612809 
512 609 360 1553257612825 
512 596 360 1553257612841 
512 585 362 1553257612858 
512 583 363 1553257612875 
512 577 363 1553257612892 
512 571 363 1553257612908 
512 559 363 1553257612925 
512 549 363 1553257612943 
512 540 363 1553257612958 
512 533 363 1553257612975 
512 531 363 1553257612992 
512 530 363 1553257613009 
512 529 364 1553257613025 
512 527 365 1553257613042 
512 523 366 1553257613059 
512 518 367 1553257613075 
512 511 369 1553257613092 
512 506 372 1553257613109 
512 502 374 1553257613125 
512 500 374 1553257613142 
512 496 376 1553257613159 
512 495 377 1553257613192 
512 494 377 1553257613275 
512 493 377 1553257613292 
512 491 377 1553257613308 
512 488 377 1553257613326 
512 485 377 1553257613341 
512 480 377 1553257613358 
512 478 377 1553257613375 
512 477 377 1553257613409 
512 475 376 1553257613459 
512 473 376 1553257613576 
512 472 376 1553257613591 
512 471 376 1553257613609 
512 469 375 1553257613625 
513 469 375 1553257613682 
514 469 375 1553257613826 
512 471 375 1553257613858 
512 472 374 1553257613875 
512 473 374 1553257613925 
512 474 374 1553257613942 
512 475 374 1553257613958 
512 478 376 1553257613975 
512 482 382 1553257613991 
512 488 392 1553257614009 
512 493 402 1553257614025 
512 498 415 1553257614042 
512 508 440 1553257614058 
512 518 456 1553257614075 
512 523 471 1553257614092 
512 528 489 1553257614109 
512 532 510 1553257614125 
512 533 535 1553257614141 
512 533 557 1553257614159 
512 533 579 1553257614175 
512 533 595 1553257614192 
512 532 607 1553257614209 
512 531 617 1553257614226 
512 531 621 1553257614241 
512 531 623 1553257614258 
512 531 625 1553257614275 
512 533 628 1553257614292 
512 536 631 1553257614309 
512 537 632 1553257614324 
512 538 635 1553257614342 
512 539 636 1553257614359 
512 539 637 1553257614376 
512 540 638 1553257614392 
512 541 640 1553257614408 
512 543 642 1553257614425 
512 546 644 1553257614442 
512 549 644 1553257614459 
512 550 644 1553257614476 
512 551 644 1553257614509 
512 552 644 1553257614525 
512 553 644 1553257614558 
512 555 644 1553257614609 
512 558 643 1553257614642 
512 559 642 1553257614741 
513 559 642 1553257614803 
514 559 642 1553257614946 
512 559 641 1553257614958 
512 559 638 1553257614976 
512 559 632 1553257614991 
512 561 629 1553257615008 
512 561 628 1553257615024 
512 561 627 1553257615109 
512 561 625 1553257615126 
512 566 619 1553257615142 
512 575 607 1553257615159 
512 588 588 1553257615175 
512 606 564 1553257615191 
512 633 523 1553257615208 
512 667 469 1553257615224 
512 696 412 1553257615241 
512 714 356 1553257615258 
512 718 328 1553257615275 
512 720 303 1553257615291 
512 723 286 1553257615309 
512 725 276 1553257615326 
512 726 268 1553257615341 
512 726 263 1553257615360 
512 726 259 1553257615376 
512 726 252 1553257615391 
512 726 247 1553257615408 
512 726 243 1553257615426 
512 724 239 1553257615443 
512 721 235 1553257615458 
512 715 225 1553257615476 
512 710 218 1553257615491 
512 707 211 1553257615509 
512 704 207 1553257615525 
512 703 203 1553257615542 
512 702 201 1553257615558 
512 702 200 1553257615575 
512 700 196 1553257615591 
512 700 195 1553257615608 
512 699 194 1553257615641 
512 700 196 1553257615776 
512 702 199 1553257615792 
512 704 202 1553257615808 
512 706 205 1553257615825 
512 708 208 1553257615842 
512 709 211 1553257615859 
512 710 212 1553257615875 
512 711 213 1553257615891 
512 711 216 1553257615909 
512 711 217 1553257615925 
512 711 218 1553257616075 
512 710 218 1553257616091 
512 709 217 1553257616108 
512 708 216 1553257616175 
512 707 214 1553257616242 
512 706 211 1553257616258 
512 705 210 1553257616276 
512 704 209 1553257616291 
512 703 208 1553257616341 
513 703 208 1553257616387 
514 703 208 1553257616538 
