512 702 214 1553798577980 
512 704 217 1553798577997 
512 706 223 1553798578014 
512 708 229 1553798578031 
512 712 241 1553798578047 
512 717 256 1553798578064 
512 726 274 1553798578081 
512 737 295 1553798578098 
512 754 329 1553798578114 
512 768 352 1553798578130 
512 782 375 1553798578147 
512 790 398 1553798578163 
512 797 421 1553798578180 
512 805 443 1553798578197 
512 811 463 1553798578214 
512 815 481 1553798578230 
512 820 501 1553798578247 
512 823 524 1553798578264 
512 826 548 1553798578280 
512 831 582 1553798578298 
512 834 601 1553798578314 
512 837 616 1553798578331 
512 841 629 1553798578348 
512 842 637 1553798578364 
512 844 644 1553798578381 
512 845 648 1553798578396 
512 845 654 1553798578414 
512 846 659 1553798578431 
512 846 664 1553798578447 
512 847 668 1553798578464 
512 847 670 1553798578481 
512 847 669 1553798578597 
512 847 668 1553798578614 
512 845 665 1553798578630 
512 843 662 1553798578647 
512 843 659 1553798578664 
512 842 657 1553798578679 
512 841 656 1553798578697 
512 841 655 1553798578714 
512 841 654 1553798578780 
513 841 654 1553798578841 
514 841 654 1553798578969 
512 841 653 1553798579064 
512 841 652 1553798579080 
512 842 649 1553798579098 
512 843 649 1553798579114 
512 843 648 1553798579147 
513 843 648 1553798579329 
514 843 648 1553798579466 
512 843 647 1553798579547 
512 843 646 1553798579564 
512 843 644 1553798579580 
512 843 642 1553798579597 
512 843 638 1553798579614 
512 843 635 1553798579630 
512 845 627 1553798579647 
512 847 620 1553798579664 
512 851 607 1553798579681 
512 858 592 1553798579697 
512 866 558 1553798579713 
512 869 534 1553798579730 
512 869 511 1553798579747 
512 862 492 1553798579764 
512 847 475 1553798579781 
512 827 461 1553798579797 
512 794 444 1553798579813 
512 741 427 1553798579831 
512 679 410 1553798579847 
512 622 395 1553798579863 
512 579 384 1553798579881 
512 536 368 1553798579898 
512 515 358 1553798579914 
512 499 348 1553798579930 
512 488 341 1553798579947 
512 480 335 1553798579964 
512 472 332 1553798579980 
512 465 331 1553798579997 
512 457 331 1553798580014 
512 448 332 1553798580031 
512 440 334 1553798580047 
512 433 336 1553798580064 
512 431 337 1553798580081 
512 430 338 1553798580131 
512 431 340 1553798580148 
512 432 342 1553798580164 
512 435 344 1553798580189 
512 437 347 1553798580199 
512 442 349 1553798580215 
512 446 352 1553798580232 
512 451 355 1553798580248 
512 454 356 1553798580265 
512 455 357 1553798580281 
512 456 358 1553798580298 
512 456 359 1553798580314 
512 456 360 1553798580330 
512 456 361 1553798580347 
512 456 362 1553798580364 
512 456 364 1553798580382 
512 456 366 1553798580399 
512 457 368 1553798580415 
512 457 370 1553798580431 
512 458 371 1553798580447 
512 460 372 1553798580464 
512 461 373 1553798580481 
512 463 374 1553798580499 
512 464 375 1553798580517 
512 465 375 1553798580549 
512 466 376 1553798580569 
513 466 376 1553798580709 
514 466 376 1553798580809 
512 467 376 1553798580831 
512 469 377 1553798580847 
512 471 377 1553798580864 
512 473 377 1553798580882 
512 476 377 1553798580900 
512 484 378 1553798580916 
512 505 378 1553798580947 
512 517 380 1553798580964 
512 526 382 1553798580982 
512 534 386 1553798580999 
512 538 387 1553798581015 
512 542 389 1553798581034 
512 546 389 1553798581064 
512 552 381 1553798581080 
512 563 368 1553798581097 
512 587 341 1553798581114 
512 606 326 1553798581132 
512 622 312 1553798581149 
512 640 295 1553798581165 
512 669 264 1553798581197 
512 681 249 1553798581216 
512 688 240 1553798581231 
512 691 234 1553798581247 
512 692 231 1553798581264 
512 693 229 1553798581281 
512 694 226 1553798581298 
512 694 224 1553798581314 
512 696 220 1553798581331 
512 696 219 1553798581348 
512 696 217 1553798581367 
512 696 216 1553798581381 
512 696 214 1553798581398 
512 697 213 1553798581415 
512 697 212 1553798581433 
512 698 209 1553798581451 
512 699 209 1553798581465 
512 699 208 1553798581482 
513 699 208 1553798581610 
514 699 208 1553798581699 
512 699 209 1553798581731 
512 700 214 1553798581748 
512 702 219 1553798581764 
512 705 226 1553798581781 
512 708 233 1553798581798 
512 712 241 1553798581814 
512 716 247 1553798581831 
512 722 257 1553798581847 
512 729 270 1553798581864 
512 736 283 1553798581881 
512 741 300 1553798581897 
512 747 328 1553798581914 
512 751 347 1553798581931 
512 754 364 1553798581947 
512 756 373 1553798581964 
512 760 380 1553798581981 
512 768 383 1553798581997 
512 782 386 1553798582014 
512 801 388 1553798582031 
512 825 390 1553798582047 
512 849 395 1553798582064 
512 870 399 1553798582081 
512 884 402 1553798582097 
512 896 403 1553798582114 
512 900 403 1553798582131 
512 904 401 1553798582147 
512 906 399 1553798582164 
512 907 398 1553798582180 
512 907 397 1553798582214 
512 907 396 1553798582230 
512 907 395 1553798582247 
512 907 394 1553798582264 
512 907 392 1553798582281 
512 908 391 1553798582297 
512 909 389 1553798582314 
512 910 387 1553798582331 
512 912 387 1553798582347 
512 913 386 1553798582364 
512 914 386 1553798582381 
512 915 385 1553798582447 
512 919 384 1553798582464 
512 924 382 1553798582481 
512 928 381 1553798582497 
512 930 380 1553798582514 
512 930 379 1553798582531 
512 930 378 1553798582547 
512 930 377 1553798582614 
512 930 376 1553798582647 
513 930 376 1553798582713 
514 930 376 1553798582825 
512 931 376 1553798582863 
512 931 378 1553798582880 
512 931 379 1553798582897 
512 929 384 1553798582914 
512 925 391 1553798582931 
512 921 397 1553798582947 
512 915 409 1553798582964 
512 910 420 1553798582981 
512 905 433 1553798582998 
512 902 443 1553798583014 
512 899 453 1553798583031 
512 899 461 1553798583047 
512 899 468 1553798583064 
512 899 474 1553798583081 
512 899 482 1553798583097 
512 899 496 1553798583115 
512 896 508 1553798583131 
512 887 523 1553798583147 
512 868 543 1553798583164 
512 843 563 1553798583181 
512 808 585 1553798583197 
512 762 604 1553798583214 
512 727 613 1553798583231 
512 708 617 1553798583247 
512 698 618 1553798583264 
512 691 618 1553798583281 
512 687 618 1553798583298 
512 680 617 1553798583314 
512 674 616 1553798583331 
512 660 616 1553798583347 
512 642 618 1553798583364 
512 627 622 1553798583381 
512 618 624 1553798583397 
512 614 626 1553798583414 
512 613 626 1553798583431 
512 610 628 1553798583464 
512 604 633 1553798583481 
512 594 638 1553798583498 
512 587 642 1553798583514 
512 585 643 1553798583531 
512 585 644 1553798583581 
512 584 644 1553798583597 
512 575 648 1553798583614 
512 569 650 1553798583630 
512 565 651 1553798583647 
512 564 651 1553798583663 
512 563 651 1553798583714 
512 562 651 1553798583730 
512 559 650 1553798583747 
512 557 649 1553798583763 
512 555 649 1553798583780 
512 554 648 1553798583797 
512 554 647 1553798583814 
512 553 646 1553798583831 
512 552 645 1553798583847 
512 552 644 1553798583864 
512 551 643 1553798583881 
512 551 642 1553798583898 
512 551 641 1553798583914 
513 551 641 1553798583980 
514 551 641 1553798584105 
512 552 641 1553798584130 
512 554 641 1553798584147 
512 557 641 1553798584164 
512 559 641 1553798584180 
512 563 641 1553798584197 
512 566 641 1553798584214 
512 571 641 1553798584230 
512 575 640 1553798584247 
512 578 640 1553798584264 
512 583 640 1553798584280 
512 589 640 1553798584297 
512 602 639 1553798584314 
512 607 639 1553798584330 
512 610 639 1553798584347 
512 615 639 1553798584364 
512 623 637 1553798584380 
512 638 635 1553798584397 
512 652 633 1553798584414 
512 667 633 1553798584430 
512 680 632 1553798584447 
512 696 632 1553798584464 
512 713 632 1553798584481 
512 732 632 1553798584497 
512 762 632 1553798584514 
512 778 634 1553798584530 
512 792 637 1553798584547 
512 798 639 1553798584564 
512 802 640 1553798584580 
512 803 641 1553798584597 
512 804 641 1553798584614 
512 807 642 1553798584664 
512 813 642 1553798584681 
512 820 643 1553798584697 
512 827 643 1553798584714 
512 829 643 1553798584730 
512 831 643 1553798584931 
512 835 643 1553798584947 
512 839 644 1553798584964 
512 840 644 1553798585014 
513 840 644 1553798585162 
514 840 644 1553798585289 
512 840 640 1553798585397 
512 841 635 1553798585414 
512 842 629 1553798585431 
512 842 622 1553798585447 
512 842 614 1553798585464 
512 841 609 1553798585481 
512 840 606 1553798585497 
512 839 602 1553798585514 
512 839 595 1553798585530 
512 839 589 1553798585547 
512 839 581 1553798585564 
512 841 570 1553798585581 
512 848 558 1553798585597 
512 859 545 1553798585614 
512 873 529 1553798585630 
512 890 510 1553798585647 
512 907 490 1553798585664 
512 924 470 1553798585680 
512 937 451 1553798585697 
512 946 435 1553798585714 
512 947 429 1553798585730 
512 947 424 1553798585747 
512 947 420 1553798585763 
512 945 416 1553798585780 
512 943 414 1553798585797 
512 942 413 1553798585814 
512 940 411 1553798585830 
512 939 409 1553798585847 
512 938 409 1553798585864 
512 938 408 1553798585880 
512 937 407 1553798585897 
512 937 404 1553798585914 
512 937 402 1553798585930 
512 937 399 1553798585947 
512 937 396 1553798585964 
512 937 392 1553798585980 
512 936 388 1553798585997 
512 936 384 1553798586014 
512 935 381 1553798586030 
512 935 378 1553798586047 
512 935 376 1553798586064 
512 935 373 1553798586081 
512 935 371 1553798586097 
512 935 369 1553798586114 
512 934 367 1553798586130 
512 934 366 1553798586164 
513 934 366 1553798586218 
514 934 366 1553798586377 
512 934 368 1553798586413 
512 932 371 1553798586430 
512 931 374 1553798586447 
512 930 376 1553798586463 
512 929 379 1553798586480 
512 929 382 1553798586497 
512 929 384 1553798586514 
513 929 384 1553798586778 
514 929 384 1553798586898 
512 927 384 1553798587031 
512 920 383 1553798587048 
512 915 383 1553798587064 
512 911 382 1553798587081 
512 907 382 1553798587098 
512 905 382 1553798587114 
512 903 382 1553798587131 
512 902 382 1553798587147 
512 898 382 1553798587164 
512 887 383 1553798587181 
512 866 389 1553798587197 
512 827 399 1553798587214 
512 776 411 1553798587231 
512 729 418 1553798587247 
512 694 421 1553798587264 
512 662 422 1553798587281 
512 638 419 1553798587298 
512 605 412 1553798587314 
512 590 407 1553798587331 
512 580 403 1553798587347 
512 573 397 1553798587364 
512 565 393 1553798587381 
512 555 390 1553798587397 
512 546 388 1553798587414 
512 538 386 1553798587431 
512 535 385 1553798587447 
512 534 385 1553798587464 
512 533 384 1553798587497 
512 531 384 1553798587531 
512 527 384 1553798587547 
512 521 387 1553798587564 
512 513 390 1553798587581 
512 505 392 1553798587597 
512 497 394 1553798587614 
512 492 395 1553798587631 
512 490 395 1553798587647 
512 489 394 1553798587665 
512 488 393 1553798587681 
512 488 392 1553798587697 
512 486 390 1553798587714 
512 485 388 1553798587731 
512 485 386 1553798587747 
512 485 384 1553798587764 
512 484 381 1553798587781 
512 484 379 1553798587797 
512 483 377 1553798587814 
512 482 376 1553798587831 
512 480 375 1553798587847 
512 478 374 1553798587864 
512 476 374 1553798587881 
512 475 374 1553798587897 
512 473 374 1553798587980 
512 471 374 1553798587997 
513 471 374 1553798588089 
514 471 374 1553798588208 
512 472 375 1553798588247 
512 474 375 1553798588264 
512 476 375 1553798588280 
512 477 376 1553798588297 
512 480 377 1553798588314 
512 482 378 1553798588331 
512 487 378 1553798588347 
512 494 378 1553798588364 
512 504 378 1553798588380 
512 518 375 1553798588397 
512 536 369 1553798588414 
512 550 363 1553798588431 
512 562 358 1553798588447 
512 568 356 1553798588466 
512 570 355 1553798588481 
512 571 355 1553798588514 
512 572 359 1553798588547 
512 572 364 1553798588564 
512 572 371 1553798588581 
512 572 379 1553798588597 
512 572 391 1553798588614 
512 572 408 1553798588630 
512 572 432 1553798588647 
512 570 460 1553798588664 
512 569 487 1553798588681 
512 568 512 1553798588697 
512 568 543 1553798588714 
512 568 559 1553798588731 
512 568 571 1553798588747 
512 568 579 1553798588764 
512 568 586 1553798588781 
512 568 592 1553798588797 
512 566 596 1553798588814 
512 566 599 1553798588831 
512 565 600 1553798588847 
512 565 601 1553798588864 
512 565 603 1553798588881 
512 564 605 1553798588897 
512 563 611 1553798588914 
512 562 616 1553798588931 
512 562 619 1553798588947 
512 561 623 1553798588964 
512 561 626 1553798588981 
512 561 628 1553798588997 
512 561 629 1553798589014 
512 561 631 1553798589031 
512 561 633 1553798589047 
512 561 635 1553798589064 
512 561 639 1553798589081 
512 561 642 1553798589097 
512 561 647 1553798589114 
512 561 648 1553798589130 
513 561 648 1553798589283 
514 561 648 1553798589377 
512 565 646 1553798589431 
512 568 644 1553798589447 
512 573 640 1553798589464 
512 580 634 1553798589481 
512 588 627 1553798589498 
512 599 616 1553798589514 
512 606 608 1553798589531 
512 610 599 1553798589548 
512 616 588 1553798589564 
512 622 578 1553798589581 
512 627 565 1553798589598 
512 630 556 1553798589614 
512 632 544 1553798589631 
512 636 532 1553798589648 
512 641 516 1553798589664 
512 648 497 1553798589681 
512 652 474 1553798589697 
512 661 425 1553798589714 
512 667 388 1553798589731 
512 672 359 1553798589747 
512 676 332 1553798589764 
512 678 308 1553798589781 
512 679 289 1553798589798 
512 679 272 1553798589814 
512 680 256 1553798589831 
512 683 241 1553798589847 
512 687 227 1553798589864 
512 690 213 1553798589881 
512 692 201 1553798589897 
512 694 187 1553798589913 
512 694 181 1553798589930 
512 695 177 1553798589947 
512 695 175 1553798589964 
512 695 176 1553798590047 
512 695 177 1553798590064 
512 695 179 1553798590081 
512 695 183 1553798590097 
512 697 191 1553798590113 
512 698 197 1553798590130 
512 698 204 1553798590147 
512 699 208 1553798590164 
512 699 210 1553798590180 
512 699 211 1553798590197 
512 699 212 1553798590230 
513 699 212 1553798590393 
514 699 212 1553798590498 
