512 699 213 1553798590564 
512 700 215 1553798590580 
512 701 217 1553798590597 
512 702 220 1553798590614 
512 705 223 1553798590630 
512 711 228 1553798590647 
512 718 235 1553798590664 
512 726 244 1553798590680 
512 734 259 1553798590698 
512 745 283 1553798590714 
512 751 296 1553798590730 
512 757 304 1553798590747 
512 762 310 1553798590763 
512 769 319 1553798590780 
512 779 336 1553798590797 
512 786 366 1553798590813 
512 786 410 1553798590830 
512 786 465 1553798590847 
512 784 512 1553798590864 
512 784 553 1553798590880 
512 784 580 1553798590897 
512 794 609 1553798590914 
512 801 621 1553798590930 
512 805 629 1553798590947 
512 808 633 1553798590963 
512 809 634 1553798590980 
512 810 634 1553798590997 
512 812 635 1553798591014 
512 814 635 1553798591030 
512 820 636 1553798591047 
512 828 636 1553798591064 
512 842 640 1553798591080 
512 852 642 1553798591098 
512 861 646 1553798591114 
512 863 646 1553798591130 
512 861 647 1553798591280 
512 860 648 1553798591297 
512 858 648 1553798591314 
512 857 649 1553798591330 
512 855 649 1553798591347 
512 852 651 1553798591364 
512 850 651 1553798591380 
512 849 651 1553798591397 
512 848 651 1553798591447 
512 847 651 1553798591497 
512 846 650 1553798591514 
512 846 649 1553798591530 
512 845 648 1553798591547 
512 844 647 1553798591564 
512 844 646 1553798591597 
513 844 646 1553798591729 
514 844 646 1553798591882 
512 844 642 1553798591947 
512 846 637 1553798591963 
512 849 630 1553798591980 
512 852 624 1553798591997 
512 856 616 1553798592013 
512 860 607 1553798592030 
512 864 595 1553798592047 
512 868 581 1553798592064 
512 871 566 1553798592080 
512 875 549 1553798592097 
512 878 527 1553798592113 
512 879 515 1553798592130 
512 879 502 1553798592147 
512 879 489 1553798592164 
512 877 473 1553798592180 
512 869 455 1553798592197 
512 856 435 1553798592213 
512 840 416 1553798592230 
512 817 400 1553798592247 
512 785 387 1553798592263 
512 751 379 1553798592281 
512 726 374 1553798592297 
512 694 372 1553798592313 
512 680 372 1553798592330 
512 669 372 1553798592347 
512 659 372 1553798592364 
512 651 372 1553798592380 
512 639 375 1553798592397 
512 620 383 1553798592413 
512 597 394 1553798592430 
512 576 404 1553798592447 
512 562 409 1553798592464 
512 555 410 1553798592480 
512 553 410 1553798592497 
512 551 410 1553798592513 
512 547 409 1553798592530 
512 542 407 1553798592547 
512 533 403 1553798592563 
512 520 400 1553798592580 
512 510 396 1553798592597 
512 504 393 1553798592613 
512 501 390 1553798592630 
512 498 388 1553798592647 
512 495 385 1553798592664 
512 492 385 1553798592681 
512 486 385 1553798592697 
512 473 384 1553798592713 
512 470 384 1553798592730 
512 468 383 1553798592747 
512 467 382 1553798592763 
512 467 381 1553798592797 
512 466 381 1553798592864 
512 465 380 1553798592881 
512 465 379 1553798592898 
512 465 378 1553798592931 
512 465 377 1553798592947 
512 466 376 1553798592981 
512 467 376 1553798593031 
513 467 376 1553798593122 
514 467 376 1553798593282 
512 468 376 1553798593313 
512 469 376 1553798593330 
512 471 376 1553798593347 
512 475 377 1553798593364 
512 479 378 1553798593381 
512 485 378 1553798593397 
512 492 378 1553798593414 
512 503 378 1553798593431 
512 515 378 1553798593447 
512 522 380 1553798593464 
512 530 383 1553798593481 
512 534 387 1553798593497 
512 537 390 1553798593514 
512 538 391 1553798593531 
512 539 391 1553798593547 
512 547 386 1553798593564 
512 565 372 1553798593581 
512 598 349 1553798593597 
512 641 321 1553798593614 
512 675 302 1553798593631 
512 694 291 1553798593647 
512 701 286 1553798593664 
512 703 283 1553798593681 
512 704 279 1553798593697 
512 705 270 1553798593714 
512 705 263 1553798593731 
512 705 257 1553798593747 
512 704 250 1553798593764 
512 704 243 1553798593781 
512 704 238 1553798593797 
512 704 235 1553798593814 
512 703 231 1553798593831 
512 702 230 1553798593847 
512 699 228 1553798593864 
512 697 226 1553798593881 
512 696 224 1553798593897 
512 695 221 1553798593914 
512 695 220 1553798593931 
512 695 219 1553798593947 
512 695 218 1553798593964 
512 695 217 1553798593997 
512 695 215 1553798594014 
512 695 213 1553798594031 
512 695 211 1553798594047 
512 695 209 1553798594064 
512 695 208 1553798594081 
513 695 208 1553798594179 
514 695 208 1553798594305 
512 696 211 1553798594330 
512 697 215 1553798594347 
512 698 219 1553798594363 
512 700 224 1553798594380 
512 702 229 1553798594397 
512 705 234 1553798594414 
512 710 243 1553798594430 
512 716 256 1553798594447 
512 723 270 1553798594464 
512 733 288 1553798594480 
512 742 308 1553798594497 
512 753 340 1553798594514 
512 758 360 1553798594530 
512 765 378 1553798594547 
512 771 394 1553798594564 
512 781 408 1553798594580 
512 796 419 1553798594597 
512 813 426 1553798594614 
512 833 430 1553798594630 
512 856 432 1553798594647 
512 880 432 1553798594664 
512 899 430 1553798594681 
512 914 425 1553798594697 
512 930 419 1553798594714 
512 936 416 1553798594730 
512 939 415 1553798594747 
512 939 414 1553798594764 
512 939 411 1553798594814 
512 938 409 1553798594830 
512 937 406 1553798594847 
512 935 403 1553798594864 
512 933 401 1553798594881 
512 932 398 1553798594897 
512 930 393 1553798594914 
512 929 390 1553798594930 
512 929 387 1553798594947 
512 929 385 1553798594964 
512 929 384 1553798594980 
512 929 383 1553798594997 
512 929 382 1553798595030 
512 929 381 1553798595047 
512 929 380 1553798595064 
512 929 377 1553798595081 
512 929 375 1553798595097 
512 929 372 1553798595114 
512 929 371 1553798595130 
513 929 371 1553798595219 
512 929 372 1553798595331 
512 929 374 1553798595337 
514 929 374 1553798595337 
512 929 376 1553798595347 
512 929 379 1553798595363 
512 927 383 1553798595380 
512 926 386 1553798595397 
512 924 391 1553798595414 
512 921 396 1553798595430 
512 917 403 1553798595447 
512 911 413 1553798595464 
512 906 423 1553798595481 
512 900 432 1553798595497 
512 895 443 1553798595514 
512 894 448 1553798595530 
512 893 453 1553798595547 
512 893 457 1553798595564 
512 893 460 1553798595580 
512 895 462 1553798595597 
512 896 464 1553798595614 
512 894 468 1553798595647 
512 866 485 1553798595664 
512 805 518 1553798595680 
512 715 563 1553798595697 
512 633 603 1553798595714 
512 567 639 1553798595730 
512 546 653 1553798595747 
512 533 662 1553798595764 
512 527 667 1553798595780 
512 524 669 1553798595797 
512 524 668 1553798595947 
512 527 664 1553798595964 
512 530 661 1553798595980 
512 533 657 1553798595997 
512 537 653 1553798596014 
512 540 650 1553798596030 
512 541 649 1553798596047 
512 542 648 1553798596064 
512 543 647 1553798596080 
512 545 646 1553798596097 
512 545 645 1553798596114 
512 546 645 1553798596130 
512 548 645 1553798596247 
512 553 644 1553798596264 
512 556 644 1553798596281 
512 557 643 1553798596297 
513 557 643 1553798596490 
514 557 643 1553798596601 
512 558 643 1553798596680 
512 562 643 1553798596697 
512 571 645 1553798596713 
512 584 648 1553798596730 
512 598 650 1553798596747 
512 613 651 1553798596764 
512 622 651 1553798596780 
512 628 651 1553798596798 
512 632 651 1553798596813 
512 632 650 1553798596830 
512 634 648 1553798596880 
512 640 643 1553798596897 
512 671 634 1553798596913 
512 694 630 1553798596930 
512 709 629 1553798596947 
512 712 629 1553798596964 
512 713 631 1553798596980 
512 713 632 1553798596997 
512 714 634 1553798597013 
512 720 637 1553798597030 
512 731 639 1553798597047 
512 745 642 1553798597064 
512 762 645 1553798597080 
512 780 646 1553798597097 
512 806 649 1553798597114 
512 817 651 1553798597131 
512 828 654 1553798597147 
512 838 655 1553798597164 
512 850 656 1553798597180 
512 862 656 1553798597197 
512 872 656 1553798597214 
512 880 656 1553798597230 
512 883 656 1553798597247 
512 882 655 1553798597314 
512 879 655 1553798597331 
512 875 655 1553798597347 
512 872 656 1553798597364 
512 869 656 1553798597380 
512 863 656 1553798597397 
512 857 656 1553798597414 
512 854 656 1553798597430 
512 851 655 1553798597447 
512 850 654 1553798597464 
512 849 653 1553798597481 
512 849 652 1553798597497 
512 849 651 1553798597514 
512 849 650 1553798597547 
512 848 650 1553798597564 
512 848 649 1553798597581 
512 848 648 1553798597597 
512 848 647 1553798597614 
512 848 645 1553798597630 
512 848 644 1553798597647 
512 848 643 1553798597664 
512 848 642 1553798597697 
513 848 642 1553798597769 
514 848 642 1553798597921 
512 847 642 1553798598147 
512 845 640 1553798598181 
512 843 638 1553798598197 
512 843 632 1553798598214 
512 845 622 1553798598230 
512 857 604 1553798598247 
512 872 584 1553798598264 
512 888 560 1553798598281 
512 898 539 1553798598297 
512 907 512 1553798598314 
512 911 497 1553798598330 
512 913 485 1553798598347 
512 915 472 1553798598364 
512 917 460 1553798598380 
512 918 450 1553798598397 
512 918 442 1553798598414 
512 918 433 1553798598431 
512 918 426 1553798598447 
512 918 419 1553798598464 
512 918 413 1553798598481 
512 918 407 1553798598497 
512 920 401 1553798598514 
512 922 396 1553798598531 
512 922 393 1553798598547 
512 923 389 1553798598564 
512 925 383 1553798598580 
512 927 379 1553798598597 
512 928 376 1553798598614 
512 929 375 1553798598631 
512 929 374 1553798598647 
513 929 374 1553798598809 
514 929 374 1553798598945 
512 925 376 1553798599047 
512 920 378 1553798599064 
512 911 379 1553798599080 
512 897 381 1553798599097 
512 871 385 1553798599114 
512 854 389 1553798599130 
512 843 390 1553798599147 
512 837 390 1553798599164 
512 834 391 1553798599181 
512 833 391 1553798599197 
512 830 391 1553798599214 
512 816 395 1553798599230 
512 782 408 1553798599247 
512 721 428 1553798599264 
512 634 445 1553798599281 
512 531 456 1553798599297 
512 423 451 1553798599314 
512 394 435 1553798599330 
512 380 416 1553798599347 
512 373 397 1553798599364 
512 370 382 1553798599381 
512 368 371 1553798599397 
512 368 365 1553798599414 
512 368 361 1553798599431 
512 368 359 1553798599447 
512 368 358 1553798599464 
512 370 356 1553798599481 
512 374 353 1553798599497 
512 384 348 1553798599514 
512 389 346 1553798599530 
512 393 345 1553798599547 
512 398 345 1553798599564 
512 405 347 1553798599580 
512 413 352 1553798599597 
512 420 356 1553798599614 
512 429 363 1553798599631 
512 436 367 1553798599647 
512 441 371 1553798599664 
512 445 373 1553798599681 
512 448 374 1553798599697 
512 448 375 1553798599714 
512 449 376 1553798599747 
512 450 377 1553798599764 
512 453 380 1553798599780 
512 455 382 1553798599797 
512 461 385 1553798599814 
512 464 386 1553798599830 
512 466 386 1553798599847 
512 467 386 1553798599881 
512 467 385 1553798599964 
512 468 384 1553798599997 
512 469 383 1553798600014 
512 469 382 1553798600030 
512 470 380 1553798600047 
512 470 379 1553798600097 
513 470 379 1553798600185 
514 470 379 1553798600321 
512 473 379 1553798600397 
512 476 380 1553798600414 
512 482 380 1553798600431 
512 489 380 1553798600447 
512 503 379 1553798600464 
512 516 376 1553798600481 
512 527 372 1553798600497 
512 548 365 1553798600514 
512 559 359 1553798600530 
512 568 354 1553798600547 
512 580 348 1553798600564 
512 592 344 1553798600580 
512 600 342 1553798600597 
512 609 352 1553798600614 
512 612 384 1553798600630 
512 605 446 1553798600647 
512 584 512 1553798600664 
512 566 567 1553798600680 
512 555 599 1553798600698 
512 551 618 1553798600714 
512 550 621 1553798600730 
512 549 622 1553798600881 
512 545 628 1553798600897 
512 544 635 1553798600914 
512 544 637 1553798600930 
512 544 638 1553798600947 
512 547 638 1553798601030 
512 548 638 1553798601047 
512 549 640 1553798601064 
512 550 641 1553798601081 
512 551 641 1553798601097 
512 552 642 1553798601113 
512 552 643 1553798601130 
512 553 644 1553798601147 
512 555 644 1553798601164 
512 556 644 1553798601180 
512 557 644 1553798601197 
512 558 644 1553798601214 
513 558 644 1553798601329 
514 558 644 1553798601465 
512 559 644 1553798601513 
512 562 644 1553798601530 
512 565 644 1553798601547 
512 574 640 1553798601563 
512 587 635 1553798601580 
512 604 628 1553798601597 
512 618 621 1553798601614 
512 630 614 1553798601631 
512 638 607 1553798601647 
512 647 600 1553798601663 
512 654 591 1553798601680 
512 663 580 1553798601697 
512 677 555 1553798601714 
512 689 536 1553798601730 
512 699 518 1553798601747 
512 704 501 1553798601764 
512 704 484 1553798601780 
512 704 465 1553798601797 
512 705 444 1553798601814 
512 706 420 1553798601831 
512 709 395 1553798601847 
512 713 368 1553798601864 
512 716 342 1553798601881 
512 721 321 1553798601897 
512 728 292 1553798601913 
512 730 278 1553798601930 
512 732 267 1553798601947 
512 732 259 1553798601964 
512 732 253 1553798601980 
512 732 246 1553798601997 
512 732 240 1553798602014 
512 732 234 1553798602030 
512 732 229 1553798602047 
512 732 224 1553798602064 
512 732 223 1553798602080 
512 731 223 1553798602114 
512 728 223 1553798602130 
512 726 223 1553798602147 
512 723 223 1553798602164 
512 722 223 1553798602180 
512 721 223 1553798602197 
512 720 223 1553798602214 
512 719 223 1553798602231 
512 718 223 1553798602247 
512 717 223 1553798602263 
512 716 223 1553798602280 
512 716 222 1553798602297 
512 715 222 1553798602314 
512 714 222 1553798602330 
512 712 220 1553798602347 
512 710 218 1553798602363 
512 709 216 1553798602381 
512 707 213 1553798602397 
512 705 211 1553798602414 
512 704 209 1553798602430 
512 701 207 1553798602447 
512 699 206 1553798602464 
512 698 205 1553798602481 
512 697 205 1553798602547 
513 697 205 1553798602595 
514 697 205 1553798602729 
