512 700 208 1553798649081 
512 702 214 1553798649097 
512 711 224 1553798649113 
512 720 233 1553798649130 
512 729 244 1553798649147 
512 738 254 1553798649164 
512 747 266 1553798649180 
512 753 279 1553798649197 
512 759 291 1553798649214 
512 760 299 1553798649230 
512 761 307 1553798649247 
512 762 314 1553798649264 
512 764 322 1553798649280 
512 765 332 1553798649297 
512 772 351 1553798649313 
512 780 368 1553798649330 
512 789 390 1553798649347 
512 797 413 1553798649364 
512 809 444 1553798649380 
512 818 470 1553798649397 
512 825 496 1553798649414 
512 830 523 1553798649430 
512 832 544 1553798649447 
512 832 562 1553798649464 
512 833 570 1553798649480 
512 834 574 1553798649497 
512 834 575 1553798649514 
512 834 576 1553798649530 
512 835 577 1553798649563 
512 835 578 1553798649597 
512 835 579 1553798649613 
512 835 583 1553798649630 
512 835 588 1553798649647 
512 836 595 1553798649664 
512 838 602 1553798649680 
512 839 610 1553798649697 
512 842 618 1553798649713 
512 843 621 1553798649730 
512 844 624 1553798649747 
512 844 625 1553798649763 
512 844 627 1553798649780 
512 844 629 1553798649797 
512 844 631 1553798649814 
512 844 633 1553798649830 
512 844 635 1553798649847 
512 844 637 1553798649863 
512 844 638 1553798649881 
512 844 639 1553798649897 
512 844 640 1553798649947 
513 844 640 1553798650105 
514 844 640 1553798650225 
512 844 638 1553798650347 
512 844 636 1553798650364 
512 845 631 1553798650381 
512 848 623 1553798650397 
512 851 614 1553798650414 
512 855 600 1553798650430 
512 855 588 1553798650447 
512 854 574 1553798650464 
512 847 561 1553798650480 
512 836 551 1553798650497 
512 811 536 1553798650513 
512 795 530 1553798650530 
512 775 524 1553798650547 
512 751 519 1553798650564 
512 726 514 1553798650580 
512 702 508 1553798650597 
512 684 499 1553798650614 
512 668 490 1553798650630 
512 657 482 1553798650647 
512 646 472 1553798650664 
512 637 464 1553798650681 
512 627 456 1553798650697 
512 611 448 1553798650713 
512 595 443 1553798650730 
512 583 439 1553798650747 
512 571 436 1553798650764 
512 564 433 1553798650780 
512 559 431 1553798650797 
512 555 428 1553798650814 
512 550 425 1553798650830 
512 543 421 1553798650847 
512 535 417 1553798650864 
512 526 412 1553798650880 
512 523 409 1553798650897 
512 519 405 1553798650914 
512 518 403 1553798650930 
512 516 401 1553798650947 
512 514 399 1553798650963 
512 512 397 1553798650980 
512 511 396 1553798650997 
512 509 394 1553798651014 
512 506 393 1553798651030 
512 502 392 1553798651047 
512 495 392 1553798651064 
512 489 391 1553798651080 
512 485 389 1553798651097 
512 478 386 1553798651114 
512 475 385 1553798651130 
512 472 383 1553798651147 
512 469 382 1553798651163 
512 466 379 1553798651180 
512 464 377 1553798651197 
512 461 375 1553798651213 
512 460 375 1553798651230 
512 459 374 1553798651247 
512 458 374 1553798651264 
512 461 373 1553798651397 
512 463 372 1553798651414 
512 464 372 1553798651430 
512 465 371 1553798651448 
512 466 371 1553798651464 
513 466 371 1553798651619 
514 466 371 1553798651768 
512 468 371 1553798651814 
512 473 374 1553798651830 
512 481 378 1553798651847 
512 488 384 1553798651863 
512 499 391 1553798651880 
512 511 398 1553798651897 
512 524 407 1553798651913 
512 533 412 1553798651930 
512 538 416 1553798651947 
512 541 422 1553798651963 
512 543 429 1553798651980 
512 547 441 1553798651997 
512 553 452 1553798652013 
512 557 455 1553798652030 
512 558 455 1553798652047 
512 560 452 1553798652064 
512 569 437 1553798652080 
512 589 417 1553798652097 
512 621 381 1553798652113 
512 643 352 1553798652130 
512 660 321 1553798652147 
512 672 293 1553798652164 
512 681 267 1553798652180 
512 688 245 1553798652197 
512 691 233 1553798652213 
512 692 226 1553798652230 
512 692 224 1553798652247 
512 692 223 1553798652264 
512 692 222 1553798652280 
512 692 220 1553798652297 
512 692 216 1553798652313 
512 694 214 1553798652330 
512 694 213 1553798652347 
512 694 212 1553798652364 
512 694 211 1553798652447 
512 697 210 1553798652464 
512 699 209 1553798652480 
513 699 209 1553798652585 
514 699 209 1553798652721 
512 698 210 1553798652730 
512 697 214 1553798652747 
512 695 217 1553798652764 
512 693 223 1553798652780 
512 691 230 1553798652797 
512 690 239 1553798652814 
512 689 251 1553798652830 
512 689 267 1553798652847 
512 689 283 1553798652863 
512 686 301 1553798652880 
512 678 319 1553798652897 
512 670 347 1553798652913 
512 669 363 1553798652930 
512 669 375 1553798652947 
512 675 387 1553798652963 
512 694 397 1553798652980 
512 718 402 1553798652997 
512 743 402 1553798653013 
512 764 400 1553798653030 
512 780 399 1553798653047 
512 788 399 1553798653063 
512 799 404 1553798653080 
512 812 412 1553798653097 
512 831 421 1553798653113 
512 838 422 1553798653130 
512 844 421 1553798653146 
512 852 416 1553798653163 
512 864 409 1553798653180 
512 873 403 1553798653197 
512 885 397 1553798653214 
512 897 392 1553798653230 
512 909 386 1553798653247 
512 918 381 1553798653263 
512 924 378 1553798653280 
512 925 377 1553798653297 
513 925 377 1553798653546 
514 925 377 1553798653656 
512 919 384 1553798653713 
512 908 393 1553798653730 
512 891 407 1553798653747 
512 873 422 1553798653763 
512 850 438 1553798653780 
512 830 453 1553798653797 
512 817 464 1553798653814 
512 810 471 1553798653830 
512 806 476 1553798653847 
512 803 480 1553798653863 
512 799 487 1553798653880 
512 794 493 1553798653897 
512 790 501 1553798653914 
512 785 513 1553798653930 
512 778 522 1553798653947 
512 766 534 1553798653964 
512 744 551 1553798653980 
512 709 572 1553798653997 
512 683 588 1553798654013 
512 668 597 1553798654031 
512 662 600 1553798654047 
512 658 603 1553798654064 
512 655 605 1553798654081 
512 650 608 1553798654098 
512 632 619 1553798654114 
512 613 630 1553798654131 
512 597 639 1553798654147 
512 588 644 1553798654164 
512 586 644 1553798654181 
512 584 644 1553798654214 
512 582 644 1553798654231 
512 577 644 1553798654247 
512 564 644 1553798654264 
512 554 648 1553798654281 
512 549 650 1553798654297 
512 550 648 1553798654347 
512 551 647 1553798654364 
512 552 646 1553798654381 
512 552 645 1553798654397 
513 552 645 1553798654667 
514 552 645 1553798654793 
512 553 645 1553798654813 
512 558 644 1553798654830 
512 563 641 1553798654847 
512 571 636 1553798654864 
512 583 628 1553798654880 
512 598 619 1553798654897 
512 615 606 1553798654913 
512 621 599 1553798654930 
512 625 591 1553798654947 
512 627 581 1553798654963 
512 630 571 1553798654980 
512 633 557 1553798654997 
512 636 547 1553798655014 
512 639 534 1553798655030 
512 642 523 1553798655047 
512 648 511 1553798655063 
512 657 501 1553798655080 
512 669 493 1553798655097 
512 678 491 1553798655113 
512 684 492 1553798655130 
512 687 496 1553798655147 
512 688 502 1553798655163 
512 691 508 1553798655180 
512 698 515 1553798655197 
512 712 526 1553798655213 
512 728 537 1553798655230 
512 746 549 1553798655247 
512 765 562 1553798655264 
512 780 576 1553798655280 
512 794 593 1553798655297 
512 812 619 1553798655314 
512 824 635 1553798655330 
512 836 648 1553798655347 
512 843 655 1553798655363 
512 846 657 1553798655380 
512 846 655 1553798655447 
512 846 654 1553798655464 
512 846 652 1553798655480 
512 846 649 1553798655497 
512 844 645 1553798655514 
512 844 642 1553798655530 
512 843 640 1553798655547 
512 843 638 1553798655564 
512 842 636 1553798655580 
512 841 636 1553798655597 
513 841 636 1553798655722 
514 841 636 1553798655866 
512 837 634 1553798655930 
512 834 631 1553798655947 
512 830 627 1553798655964 
512 826 620 1553798655980 
512 820 609 1553798655997 
512 814 598 1553798656014 
512 805 584 1553798656030 
512 795 570 1553798656047 
512 783 557 1553798656064 
512 768 546 1553798656080 
512 758 538 1553798656097 
512 749 525 1553798656114 
512 746 517 1553798656130 
512 747 505 1553798656147 
512 770 479 1553798656163 
512 820 433 1553798656180 
512 872 380 1553798656197 
512 912 339 1553798656214 
512 934 315 1553798656230 
512 937 309 1553798656247 
512 937 308 1553798656264 
512 938 308 1553798656314 
512 939 311 1553798656363 
512 940 314 1553798656380 
512 940 318 1553798656397 
512 940 324 1553798656414 
512 940 332 1553798656430 
512 937 340 1553798656447 
512 934 347 1553798656464 
512 932 352 1553798656480 
512 930 355 1553798656497 
512 928 357 1553798656514 
512 927 359 1553798656530 
512 925 362 1553798656547 
512 925 364 1553798656564 
512 924 366 1553798656580 
512 924 367 1553798656597 
512 924 368 1553798656647 
512 924 369 1553798656747 
512 924 370 1553798656763 
512 924 371 1553798656780 
512 925 372 1553798656814 
513 925 372 1553798656901 
512 924 373 1553798657017 
514 924 373 1553798657017 
512 922 375 1553798657030 
512 915 379 1553798657046 
512 907 385 1553798657063 
512 899 389 1553798657080 
512 891 392 1553798657097 
512 884 396 1553798657113 
512 878 400 1553798657130 
512 870 406 1553798657147 
512 855 415 1553798657163 
512 835 431 1553798657180 
512 816 445 1553798657197 
512 803 457 1553798657213 
512 796 461 1553798657230 
512 794 462 1553798657247 
512 791 462 1553798657264 
512 789 461 1553798657280 
512 784 459 1553798657297 
512 774 456 1553798657314 
512 760 454 1553798657330 
512 741 454 1553798657347 
512 711 454 1553798657364 
512 667 454 1553798657380 
512 615 454 1553798657397 
512 589 452 1553798657414 
512 571 444 1553798657430 
512 563 435 1553798657447 
512 557 429 1553798657463 
512 554 425 1553798657481 
512 552 422 1553798657497 
512 549 418 1553798657513 
512 545 416 1553798657530 
512 538 412 1553798657547 
512 523 407 1553798657564 
512 507 403 1553798657580 
512 490 400 1553798657597 
512 485 397 1553798657614 
512 483 394 1553798657630 
512 483 392 1553798657647 
512 483 391 1553798657664 
512 483 390 1553798657680 
512 483 389 1553798657697 
512 482 388 1553798657713 
512 481 386 1553798657730 
512 480 386 1553798657747 
512 479 386 1553798657763 
512 479 385 1553798657780 
512 479 384 1553798657814 
512 478 384 1553798657830 
512 478 383 1553798657847 
512 478 382 1553798657864 
512 477 381 1553798657880 
512 476 380 1553798657914 
512 475 378 1553798657930 
512 475 377 1553798657947 
512 474 377 1553798657964 
513 474 377 1553798658019 
512 477 381 1553798658147 
512 481 387 1553798658161 
514 481 387 1553798658161 
512 485 394 1553798658180 
512 489 398 1553798658197 
512 493 406 1553798658214 
512 499 413 1553798658230 
512 505 422 1553798658247 
512 514 434 1553798658264 
512 526 446 1553798658280 
512 540 459 1553798658298 
512 561 480 1553798658314 
512 571 496 1553798658331 
512 582 512 1553798658347 
512 592 525 1553798658364 
512 602 535 1553798658380 
512 611 545 1553798658397 
512 619 552 1553798658414 
512 624 559 1553798658430 
512 628 568 1553798658447 
512 629 581 1553798658464 
512 628 598 1553798658481 
512 620 619 1553798658497 
512 605 648 1553798658513 
512 596 660 1553798658530 
512 588 669 1553798658547 
512 584 671 1553798658564 
512 583 672 1553798658580 
512 582 672 1553798658597 
512 579 671 1553798658614 
512 577 670 1553798658630 
512 575 668 1553798658647 
512 573 666 1553798658664 
512 572 664 1553798658681 
512 571 663 1553798658698 
512 570 660 1553798658714 
512 570 658 1553798658730 
512 570 655 1553798658747 
512 570 652 1553798658764 
512 570 649 1553798658780 
512 570 646 1553798658797 
512 568 644 1553798658814 
512 567 643 1553798658830 
512 566 642 1553798658847 
512 565 642 1553798658864 
512 564 641 1553798658880 
512 563 640 1553798658897 
512 562 640 1553798658930 
513 562 640 1553798658985 
512 564 640 1553798659113 
514 564 640 1553798659114 
512 570 640 1553798659130 
512 581 640 1553798659147 
512 598 634 1553798659163 
512 613 629 1553798659180 
512 628 622 1553798659197 
512 640 616 1553798659213 
512 649 611 1553798659230 
512 657 605 1553798659247 
512 670 597 1553798659264 
512 685 588 1553798659280 
512 700 577 1553798659297 
512 723 558 1553798659314 
512 741 540 1553798659330 
512 753 524 1553798659347 
512 757 511 1553798659363 
512 757 500 1553798659380 
512 753 486 1553798659397 
512 748 473 1553798659414 
512 744 459 1553798659430 
512 740 442 1553798659447 
512 737 419 1553798659463 
512 735 391 1553798659480 
512 734 364 1553798659497 
512 732 326 1553798659513 
512 731 306 1553798659530 
512 730 289 1553798659547 
512 729 277 1553798659564 
512 728 267 1553798659580 
512 726 261 1553798659597 
512 725 258 1553798659613 
512 723 254 1553798659630 
512 722 252 1553798659647 
512 721 251 1553798659664 
512 721 250 1553798659681 
512 720 248 1553798659697 
512 716 243 1553798659714 
512 714 240 1553798659730 
512 713 238 1553798659747 
512 711 235 1553798659763 
512 709 233 1553798659780 
512 708 232 1553798659797 
512 708 229 1553798659814 
512 707 226 1553798659831 
512 706 222 1553798659847 
512 705 218 1553798659864 
512 702 212 1553798659881 
512 701 209 1553798659897 
512 699 204 1553798659914 
512 698 203 1553798659930 
512 698 202 1553798659964 
513 698 202 1553798660057 
514 698 202 1553798660176 
