512 698 215 1554126462348 
512 699 217 1554126462365 
512 700 219 1554126462380 
512 702 226 1554126462398 
512 704 236 1554126462415 
512 707 257 1554126462431 
512 709 275 1554126462447 
512 714 293 1554126462464 
512 721 311 1554126462481 
512 728 329 1554126462498 
512 738 350 1554126462514 
512 751 372 1554126462530 
512 764 396 1554126462548 
512 777 423 1554126462564 
512 787 446 1554126462581 
512 794 475 1554126462598 
512 798 503 1554126462613 
512 814 556 1554126462632 
512 825 581 1554126462648 
512 837 598 1554126462663 
512 844 607 1554126462681 
512 847 612 1554126462698 
512 848 616 1554126462713 
512 849 617 1554126462731 
512 849 618 1554126462748 
512 849 622 1554126462765 
512 849 627 1554126462781 
512 849 633 1554126462798 
512 850 637 1554126462815 
512 850 643 1554126462832 
512 850 644 1554126462848 
512 848 644 1554126463031 
512 845 644 1554126463048 
512 844 643 1554126463064 
512 843 643 1554126463081 
512 842 643 1554126463114 
512 841 643 1554126463146 
512 840 643 1554126463190 
513 840 643 1554126463190 
514 840 643 1554126463294 
512 839 641 1554126463348 
512 838 638 1554126463365 
512 838 632 1554126463380 
512 838 623 1554126463397 
512 839 604 1554126463415 
512 841 570 1554126463431 
512 841 548 1554126463447 
512 841 525 1554126463464 
512 841 505 1554126463481 
512 844 482 1554126463496 
512 849 462 1554126463515 
512 850 446 1554126463531 
512 844 437 1554126463548 
512 820 432 1554126463564 
512 774 429 1554126463580 
512 708 432 1554126463598 
512 621 445 1554126463615 
512 542 456 1554126463631 
512 530 457 1554126463647 
512 528 456 1554126463665 
512 528 450 1554126463681 
512 531 441 1554126463697 
512 536 431 1554126463714 
512 537 424 1554126463731 
512 538 418 1554126463746 
512 538 412 1554126463764 
512 538 407 1554126463781 
512 538 402 1554126463798 
512 538 398 1554126463815 
512 538 394 1554126463831 
512 538 391 1554126463848 
512 536 390 1554126463864 
512 527 388 1554126463881 
512 518 388 1554126463897 
512 502 388 1554126463914 
512 488 390 1554126463932 
512 478 391 1554126463947 
512 473 392 1554126463965 
512 472 392 1554126463980 
512 471 392 1554126463999 
512 470 391 1554126464014 
512 468 391 1554126464031 
512 468 390 1554126464047 
512 467 389 1554126464064 
512 467 388 1554126464080 
512 467 386 1554126464099 
512 467 384 1554126464132 
512 467 383 1554126464163 
512 467 381 1554126464180 
512 467 380 1554126464199 
512 468 376 1554126464215 
512 468 375 1554126464231 
513 468 375 1554126464310 
514 468 375 1554126464406 
512 469 375 1554126464431 
512 476 378 1554126464448 
512 483 383 1554126464465 
512 492 390 1554126464480 
512 503 396 1554126464498 
512 514 400 1554126464515 
512 528 404 1554126464530 
512 542 406 1554126464546 
512 555 410 1554126464565 
512 564 415 1554126464581 
512 571 426 1554126464597 
512 574 435 1554126464615 
512 575 438 1554126464632 
512 575 435 1554126464648 
512 582 405 1554126464665 
512 606 349 1554126464680 
512 649 281 1554126464696 
512 693 225 1554126464714 
512 719 195 1554126464730 
512 727 187 1554126464748 
512 729 185 1554126464765 
512 729 184 1554126464780 
512 730 183 1554126464798 
512 732 182 1554126464814 
512 732 181 1554126464830 
512 733 181 1554126464848 
512 730 183 1554126464931 
512 727 185 1554126464947 
512 724 188 1554126464966 
512 722 190 1554126464980 
512 720 194 1554126464997 
512 718 196 1554126465015 
512 717 197 1554126465031 
512 713 200 1554126465049 
512 711 201 1554126465063 
512 710 202 1554126465081 
512 709 203 1554126465097 
512 708 203 1554126465131 
512 706 206 1554126465263 
512 705 207 1554126465280 
512 705 208 1554126465297 
513 705 208 1554126465374 
514 705 208 1554126465486 
512 705 209 1554126465531 
512 706 210 1554126465547 
512 707 212 1554126465564 
512 709 217 1554126465580 
512 709 223 1554126465598 
512 710 230 1554126465613 
512 712 246 1554126465631 
512 714 259 1554126465648 
512 716 268 1554126465663 
512 720 274 1554126465680 
512 727 280 1554126465698 
512 735 285 1554126465713 
512 743 290 1554126465732 
512 758 298 1554126465748 
512 777 304 1554126465763 
512 800 312 1554126465780 
512 823 316 1554126465797 
512 842 320 1554126465814 
512 854 322 1554126465832 
512 861 325 1554126465847 
512 865 327 1554126465864 
512 868 331 1554126465880 
512 873 336 1554126465897 
512 879 340 1554126465914 
512 884 344 1554126465930 
512 890 347 1554126465947 
512 893 348 1554126465965 
512 895 350 1554126465980 
512 896 350 1554126465998 
512 896 351 1554126466013 
512 897 352 1554126466030 
512 900 356 1554126466046 
512 905 359 1554126466064 
512 910 362 1554126466080 
512 915 363 1554126466097 
512 918 364 1554126466115 
512 918 365 1554126466132 
512 919 365 1554126466147 
512 922 367 1554126466197 
512 927 368 1554126466215 
512 935 371 1554126466231 
512 938 372 1554126466247 
512 940 373 1554126466265 
512 941 373 1554126466281 
512 939 373 1554126466466 
512 931 375 1554126466480 
512 927 375 1554126466497 
512 926 375 1554126466514 
513 926 375 1554126466647 
514 926 375 1554126466774 
512 920 384 1554126466847 
512 912 393 1554126466863 
512 901 406 1554126466880 
512 891 419 1554126466899 
512 882 434 1554126466915 
512 875 445 1554126466931 
512 871 455 1554126466947 
512 868 462 1554126466963 
512 866 465 1554126466982 
512 863 471 1554126466997 
512 849 480 1554126467015 
512 827 491 1554126467030 
512 788 507 1554126467048 
512 768 515 1554126467063 
512 749 523 1554126467082 
512 727 537 1554126467097 
512 706 550 1554126467115 
512 686 564 1554126467130 
512 668 576 1554126467148 
512 658 585 1554126467164 
512 654 587 1554126467180 
512 653 588 1554126467197 
512 650 590 1554126467213 
512 641 595 1554126467230 
512 625 605 1554126467248 
512 619 609 1554126467265 
512 617 611 1554126467280 
512 616 611 1554126467297 
512 615 613 1554126467331 
512 605 620 1554126467346 
512 591 628 1554126467364 
512 579 635 1554126467382 
512 575 638 1554126467396 
512 574 639 1554126467413 
512 571 640 1554126467515 
512 570 640 1554126467530 
512 570 641 1554126467563 
512 569 641 1554126467648 
512 567 641 1554126467663 
512 566 641 1554126467680 
512 565 641 1554126467697 
512 563 642 1554126467815 
512 562 642 1554126467830 
513 562 642 1554126467912 
514 562 642 1554126468031 
512 567 641 1554126468082 
512 571 640 1554126468097 
512 576 640 1554126468113 
512 582 640 1554126468132 
512 588 644 1554126468147 
512 594 650 1554126468165 
512 599 660 1554126468180 
512 607 672 1554126468198 
512 616 684 1554126468214 
512 630 693 1554126468230 
512 649 702 1554126468248 
512 660 705 1554126468263 
512 674 706 1554126468280 
512 697 703 1554126468298 
512 738 691 1554126468313 
512 780 677 1554126468331 
512 810 664 1554126468348 
512 824 657 1554126468364 
512 829 654 1554126468380 
512 830 652 1554126468397 
512 831 651 1554126468413 
512 833 649 1554126468431 
512 834 647 1554126468446 
512 835 647 1554126468464 
512 836 647 1554126468480 
512 839 647 1554126468516 
512 842 647 1554126468532 
512 843 647 1554126468548 
512 843 645 1554126468713 
512 843 644 1554126468748 
512 843 643 1554126468758 
513 843 643 1554126468758 
514 843 643 1554126468862 
512 842 643 1554126468931 
512 840 641 1554126468948 
512 839 638 1554126468964 
512 838 634 1554126468980 
512 838 629 1554126468998 
512 838 623 1554126469015 
512 837 616 1554126469030 
512 832 602 1554126469048 
512 828 592 1554126469064 
512 828 578 1554126469081 
512 839 560 1554126469097 
512 862 533 1554126469114 
512 890 505 1554126469131 
512 911 481 1554126469148 
512 925 461 1554126469164 
512 928 449 1554126469181 
512 930 439 1554126469198 
512 931 431 1554126469213 
512 933 419 1554126469231 
512 935 414 1554126469248 
512 936 410 1554126469265 
512 937 408 1554126469280 
512 938 406 1554126469298 
512 939 403 1554126469315 
512 939 401 1554126469330 
512 940 398 1554126469348 
512 940 396 1554126469365 
512 940 394 1554126469382 
512 940 393 1554126469397 
512 939 392 1554126469415 
512 938 391 1554126469431 
512 938 389 1554126469447 
512 936 386 1554126469464 
512 936 383 1554126469482 
512 935 380 1554126469496 
512 934 378 1554126469514 
512 932 377 1554126469531 
512 932 375 1554126469548 
512 931 375 1554126469563 
512 931 374 1554126469581 
512 930 374 1554126469631 
513 930 374 1554126469670 
514 930 374 1554126469782 
512 929 378 1554126469815 
512 924 386 1554126469832 
512 915 399 1554126469848 
512 902 411 1554126469863 
512 887 425 1554126469881 
512 871 438 1554126469898 
512 863 446 1554126469915 
512 854 457 1554126469930 
512 846 467 1554126469948 
512 842 476 1554126469964 
512 839 485 1554126469981 
512 833 495 1554126469997 
512 827 504 1554126470014 
512 802 503 1554126470031 
512 757 481 1554126470048 
512 700 443 1554126470064 
512 637 398 1554126470081 
512 575 357 1554126470098 
512 520 317 1554126470113 
512 490 292 1554126470131 
512 475 274 1554126470148 
512 468 265 1554126470165 
512 466 261 1554126470180 
512 466 264 1554126470281 
512 466 269 1554126470297 
512 467 275 1554126470314 
512 468 282 1554126470331 
512 469 290 1554126470347 
512 470 297 1554126470365 
512 470 304 1554126470382 
512 470 314 1554126470398 
512 467 327 1554126470415 
512 460 347 1554126470431 
512 457 359 1554126470448 
512 456 366 1554126470463 
512 456 371 1554126470481 
512 456 374 1554126470498 
512 458 377 1554126470515 
512 460 380 1554126470531 
512 462 381 1554126470548 
512 463 382 1554126470563 
512 464 383 1554126470598 
512 466 384 1554126470615 
512 467 384 1554126470648 
512 468 384 1554126470665 
512 470 384 1554126470680 
512 471 384 1554126470714 
512 471 383 1554126470815 
512 471 381 1554126470831 
512 472 380 1554126470847 
512 472 379 1554126470864 
513 472 379 1554126470919 
514 472 379 1554126471031 
512 474 381 1554126471046 
512 479 385 1554126471064 
512 486 391 1554126471081 
512 495 399 1554126471098 
512 506 408 1554126471113 
512 519 419 1554126471131 
512 529 431 1554126471148 
512 539 447 1554126471163 
512 547 464 1554126471182 
512 554 482 1554126471198 
512 563 499 1554126471213 
512 576 516 1554126471232 
512 583 526 1554126471248 
512 590 535 1554126471265 
512 593 545 1554126471280 
512 594 559 1554126471298 
512 586 575 1554126471315 
512 576 593 1554126471331 
512 566 609 1554126471348 
512 560 621 1554126471364 
512 557 630 1554126471381 
512 557 635 1554126471397 
512 557 638 1554126471415 
512 557 639 1554126471431 
513 557 639 1554126471663 
514 557 639 1554126471766 
512 558 639 1554126471797 
512 565 639 1554126471815 
512 587 633 1554126471831 
512 608 626 1554126471846 
512 631 616 1554126471864 
512 653 607 1554126471881 
512 671 599 1554126471898 
512 682 592 1554126471914 
512 686 588 1554126471932 
512 687 585 1554126471948 
512 688 580 1554126471963 
512 690 570 1554126471981 
512 694 551 1554126471998 
512 696 531 1554126472015 
512 696 500 1554126472031 
512 696 481 1554126472048 
512 696 462 1554126472065 
512 696 445 1554126472080 
512 696 426 1554126472097 
512 696 405 1554126472115 
512 700 380 1554126472130 
512 713 351 1554126472148 
512 736 316 1554126472163 
512 749 292 1554126472181 
512 756 275 1554126472198 
512 758 265 1554126472215 
512 758 255 1554126472231 
512 756 250 1554126472248 
512 753 244 1554126472265 
512 751 241 1554126472280 
512 749 236 1554126472298 
512 746 231 1554126472315 
512 744 225 1554126472331 
512 741 221 1554126472347 
512 738 216 1554126472364 
512 735 213 1554126472382 
512 732 211 1554126472397 
512 728 209 1554126472415 
512 725 209 1554126472431 
512 724 209 1554126472447 
512 723 209 1554126472464 
512 722 209 1554126472481 
512 720 209 1554126472498 
512 716 209 1554126472514 
512 708 211 1554126472531 
512 702 212 1554126472548 
512 701 212 1554126472564 
512 700 212 1554126472631 
513 700 212 1554126472726 
514 700 212 1554126472815 
