512 702 209 1553190109162 
512 703 210 1553190109170 
512 703 211 1553190109177 
512 703 212 1553190109185 
512 704 212 1553190109193 
512 704 214 1553190109202 
512 704 215 1553190109209 
512 705 216 1553190109218 
512 705 217 1553190109228 
512 705 218 1553190109233 
512 705 219 1553190109242 
512 705 220 1553190109258 
512 706 220 1553190109265 
512 706 221 1553190109274 
512 706 222 1553190109281 
512 707 223 1553190109289 
512 708 224 1553190109297 
512 709 226 1553190109306 
512 712 230 1553190109313 
512 716 234 1553190109321 
512 720 242 1553190109329 
512 726 250 1553190109337 
512 732 260 1553190109345 
512 739 271 1553190109354 
512 749 286 1553190109360 
512 761 308 1553190109369 
512 772 328 1553190109377 
512 788 353 1553190109385 
512 801 376 1553190109393 
512 815 403 1553190109401 
512 826 426 1553190109409 
512 837 452 1553190109417 
512 847 480 1553190109425 
512 853 504 1553190109433 
512 859 525 1553190109442 
512 864 549 1553190109449 
512 868 570 1553190109459 
512 872 589 1553190109466 
512 874 601 1553190109474 
512 875 612 1553190109481 
512 875 620 1553190109489 
512 875 624 1553190109497 
512 875 626 1553190109505 
512 875 627 1553190109521 
512 873 627 1553190109554 
512 871 628 1553190109562 
512 870 628 1553190109570 
512 868 629 1553190109577 
512 865 631 1553190109585 
512 863 633 1553190109593 
512 861 635 1553190109601 
512 856 639 1553190109610 
512 853 644 1553190109618 
512 851 646 1553190109626 
512 850 648 1553190109633 
512 849 649 1553190109650 
512 848 649 1553190109673 
512 843 649 1553190109705 
512 838 649 1553190109713 
512 835 649 1553190109721 
512 833 650 1553190109729 
512 830 651 1553190109737 
512 830 650 1553190109801 
512 830 649 1553190109810 
512 830 647 1553190109817 
512 830 645 1553190109825 
512 831 644 1553190109833 
512 831 643 1553190109842 
512 832 642 1553190109849 
512 832 641 1553190109856 
512 833 641 1553190109904 
512 834 641 1553190109985 
512 835 641 1553190109994 
512 836 641 1553190110002 
512 837 641 1553190110042 
513 837 641 1553190110116 
514 837 641 1553190110242 
512 837 640 1553190110289 
512 837 638 1553190110305 
512 837 636 1553190110313 
512 842 625 1553190110350 
512 844 620 1553190110352 
512 847 614 1553190110361 
512 850 608 1553190110368 
512 853 602 1553190110376 
512 856 595 1553190110385 
512 857 590 1553190110392 
512 858 583 1553190110400 
512 859 576 1553190110408 
512 859 568 1553190110416 
512 859 561 1553190110425 
512 859 552 1553190110433 
512 859 544 1553190110441 
512 859 534 1553190110449 
512 859 526 1553190110457 
512 859 518 1553190110465 
512 859 512 1553190110474 
512 858 506 1553190110481 
512 856 501 1553190110489 
512 853 498 1553190110497 
512 850 494 1553190110505 
512 845 492 1553190110513 
512 837 491 1553190110521 
512 825 490 1553190110529 
512 809 490 1553190110537 
512 781 491 1553190110545 
512 742 496 1553190110553 
512 694 504 1553190110560 
512 644 512 1553190110569 
512 596 519 1553190110576 
512 557 525 1553190110585 
512 539 527 1553190110593 
512 528 527 1553190110601 
512 525 527 1553190110609 
512 522 522 1553190110617 
512 520 515 1553190110626 
512 519 507 1553190110633 
512 519 497 1553190110641 
512 519 488 1553190110649 
512 519 477 1553190110658 
512 519 467 1553190110665 
512 519 457 1553190110673 
512 519 449 1553190110681 
512 518 440 1553190110689 
512 516 432 1553190110697 
512 513 426 1553190110705 
512 511 419 1553190110713 
512 508 414 1553190110720 
512 504 408 1553190110729 
512 499 403 1553190110736 
512 492 399 1553190110744 
512 484 396 1553190110752 
512 474 394 1553190110760 
512 467 392 1553190110769 
512 466 391 1553190110776 
512 464 391 1553190110785 
512 464 390 1553190110792 
512 465 390 1553190110962 
512 467 388 1553190110969 
512 469 387 1553190110978 
512 470 385 1553190110986 
512 472 384 1553190110993 
512 474 383 1553190111001 
512 475 381 1553190111009 
512 476 381 1553190111018 
512 476 380 1553190111113 
513 476 380 1553190111316 
514 476 380 1553190111441 
512 477 380 1553190111481 
512 479 380 1553190111489 
512 481 380 1553190111497 
512 489 380 1553190111535 
512 491 380 1553190111536 
512 494 380 1553190111544 
512 496 380 1553190111552 
512 498 380 1553190111560 
512 501 380 1553190111568 
512 505 380 1553190111576 
512 509 381 1553190111584 
512 513 381 1553190111592 
512 520 382 1553190111601 
512 524 382 1553190111609 
512 531 383 1553190111617 
512 539 386 1553190111625 
512 548 387 1553190111633 
512 557 388 1553190111642 
512 568 389 1553190111649 
512 580 389 1553190111658 
512 592 389 1553190111665 
512 604 386 1553190111674 
512 618 382 1553190111681 
512 632 377 1553190111689 
512 647 371 1553190111697 
512 665 361 1553190111705 
512 680 353 1553190111712 
512 694 345 1553190111720 
512 706 335 1553190111729 
512 717 327 1553190111737 
512 724 319 1553190111745 
512 727 313 1553190111753 
512 730 308 1553190111761 
512 731 305 1553190111769 
512 731 302 1553190111777 
512 731 299 1553190111786 
512 731 297 1553190111794 
512 731 294 1553190111801 
512 730 291 1553190111809 
512 730 288 1553190111817 
512 730 285 1553190111825 
512 730 282 1553190111833 
512 730 279 1553190111841 
512 730 276 1553190111849 
512 730 273 1553190111858 
512 730 271 1553190111866 
512 730 269 1553190111874 
512 730 268 1553190111882 
512 730 267 1553190111889 
512 730 265 1553190111897 
512 730 263 1553190111905 
512 730 261 1553190111913 
512 730 260 1553190111921 
512 728 257 1553190111929 
512 726 254 1553190111937 
512 723 252 1553190111945 
512 719 250 1553190111954 
512 711 248 1553190111961 
512 704 246 1553190111969 
512 695 244 1553190111977 
512 691 242 1553190111985 
512 686 239 1553190111993 
512 684 237 1553190112001 
512 681 234 1553190112009 
512 681 231 1553190112018 
512 679 228 1553190112025 
512 679 225 1553190112033 
512 679 222 1553190112042 
512 679 219 1553190112049 
512 679 216 1553190112058 
512 679 214 1553190112065 
512 680 213 1553190112074 
512 681 210 1553190112081 
512 681 209 1553190112089 
512 682 208 1553190112097 
512 682 207 1553190112113 
512 683 207 1553190112121 
512 683 206 1553190112129 
512 684 205 1553190112137 
512 685 205 1553190112146 
512 686 204 1553190112153 
512 687 204 1553190112194 
512 688 204 1553190112217 
512 689 204 1553190112242 
512 690 206 1553190112249 
512 691 206 1553190112258 
512 692 208 1553190112266 
512 693 209 1553190112282 
512 693 210 1553190112290 
512 695 211 1553190112297 
512 697 211 1553190112313 
512 697 212 1553190112321 
512 698 212 1553190112338 
513 698 212 1553190112485 
514 698 212 1553190112601 
512 700 213 1553190112721 
512 702 214 1553190112728 
512 703 215 1553190112736 
512 704 216 1553190112744 
512 706 217 1553190112753 
512 708 219 1553190112761 
512 710 220 1553190112769 
512 712 222 1553190112777 
512 714 224 1553190112785 
512 716 226 1553190112794 
512 719 227 1553190112801 
512 721 229 1553190112809 
512 724 231 1553190112817 
512 727 233 1553190112826 
512 732 235 1553190112833 
512 737 238 1553190112841 
512 745 243 1553190112849 
512 752 247 1553190112857 
512 761 252 1553190112865 
512 772 259 1553190112872 
512 787 269 1553190112880 
512 803 278 1553190112889 
512 824 290 1553190112897 
512 837 297 1553190112905 
512 849 304 1553190112912 
512 858 309 1553190112921 
512 864 312 1553190112929 
512 870 315 1553190112937 
512 874 317 1553190112944 
512 876 318 1553190112953 
512 877 318 1553190112961 
512 878 319 1553190112969 
512 879 319 1553190112977 
512 880 320 1553190112985 
512 881 320 1553190113001 
512 881 321 1553190113010 
512 882 323 1553190113018 
512 884 325 1553190113026 
512 884 326 1553190113033 
512 886 328 1553190113042 
512 888 330 1553190113058 
512 889 330 1553190113073 
512 890 331 1553190113081 
512 891 332 1553190113097 
512 892 332 1553190113106 
512 894 333 1553190113113 
512 895 334 1553190113121 
512 896 336 1553190113129 
512 898 337 1553190113137 
512 900 340 1553190113145 
512 902 344 1553190113154 
512 904 348 1553190113161 
512 908 352 1553190113169 
512 910 355 1553190113177 
512 913 358 1553190113186 
512 914 360 1553190113193 
512 916 362 1553190113201 
512 919 364 1553190113210 
512 921 365 1553190113218 
512 922 367 1553190113225 
512 924 368 1553190113234 
512 924 369 1553190113242 
512 925 369 1553190113273 
512 925 370 1553190113290 
512 926 371 1553190113313 
512 927 372 1553190113322 
512 927 373 1553190113330 
512 929 374 1553190113338 
512 930 376 1553190113345 
512 931 377 1553190113354 
512 931 378 1553190113362 
512 932 379 1553190113369 
512 933 380 1553190113378 
512 933 381 1553190113394 
512 934 381 1553190113538 
513 934 381 1553190113547 
514 934 381 1553190113656 
512 933 381 1553190113818 
512 932 382 1553190113834 
512 931 382 1553190113850 
512 931 384 1553190113858 
512 930 384 1553190113865 
512 930 385 1553190113872 
512 929 386 1553190113881 
512 929 387 1553190113895 
512 928 390 1553190113896 
512 925 394 1553190113905 
512 920 400 1553190113913 
512 911 409 1553190113920 
512 898 421 1553190113929 
512 878 437 1553190113936 
512 850 457 1553190113944 
512 812 482 1553190113953 
512 769 511 1553190113960 
512 723 541 1553190113968 
512 679 575 1553190113977 
512 648 603 1553190113985 
512 627 623 1553190113993 
512 616 638 1553190114001 
512 608 649 1553190114010 
512 601 658 1553190114017 
512 599 662 1553190114026 
512 599 667 1553190114033 
512 599 669 1553190114042 
512 599 671 1553190114049 
512 599 673 1553190114056 
512 599 674 1553190114065 
512 599 676 1553190114073 
512 598 677 1553190114081 
512 596 678 1553190114089 
512 593 679 1553190114097 
512 587 682 1553190114104 
512 581 684 1553190114112 
512 575 688 1553190114120 
512 570 690 1553190114129 
512 566 693 1553190114137 
512 564 693 1553190114145 
512 564 694 1553190114161 
512 562 693 1553190114209 
512 562 690 1553190114217 
512 562 686 1553190114226 
512 561 683 1553190114233 
512 561 679 1553190114241 
512 561 675 1553190114250 
512 561 670 1553190114258 
512 561 665 1553190114266 
512 561 662 1553190114273 
512 561 659 1553190114281 
512 561 657 1553190114289 
512 562 654 1553190114297 
512 562 653 1553190114306 
512 563 651 1553190114313 
512 564 648 1553190114321 
512 564 647 1553190114329 
512 565 645 1553190114337 
512 566 644 1553190114345 
512 566 643 1553190114353 
512 566 642 1553190114360 
512 566 641 1553190114392 
512 567 641 1553190114466 
512 568 641 1553190114514 
513 568 641 1553190114589 
512 569 641 1553190114608 
514 569 641 1553190114721 
512 570 641 1553190114882 
512 573 638 1553190114889 
512 576 635 1553190114907 
512 577 633 1553190114912 
512 578 633 1553190114928 
512 578 632 1553190114936 
512 578 633 1553190115050 
512 577 634 1553190115137 
512 574 636 1553190115145 
512 572 638 1553190115153 
512 570 639 1553190115160 
512 569 640 1553190115169 
512 568 641 1553190115177 
512 568 642 1553190115274 
512 567 642 1553190115282 
512 563 645 1553190115290 
512 561 646 1553190115297 
513 561 646 1553190115444 
514 561 646 1553190115593 
512 562 646 1553190115761 
512 563 646 1553190115776 
512 564 646 1553190115784 
512 565 646 1553190115801 
512 566 645 1553190115809 
512 585 638 1553190115846 
512 593 634 1553190115848 
512 603 631 1553190115856 
512 614 628 1553190115864 
512 625 625 1553190115872 
512 635 623 1553190115880 
512 645 620 1553190115889 
512 652 620 1553190115896 
512 658 620 1553190115904 
512 664 620 1553190115912 
512 669 622 1553190115921 
512 674 624 1553190115929 
512 680 627 1553190115937 
512 687 631 1553190115945 
512 696 634 1553190115953 
512 703 636 1553190115962 
512 714 639 1553190115969 
512 723 640 1553190115977 
512 734 641 1553190115985 
512 742 641 1553190115994 
512 751 641 1553190116001 
512 758 640 1553190116009 
512 761 639 1553190116018 
512 763 638 1553190116026 
512 765 639 1553190116105 
512 766 641 1553190116112 
512 768 643 1553190116121 
512 771 644 1553190116129 
512 774 646 1553190116136 
512 778 648 1553190116144 
512 781 649 1553190116153 
512 786 649 1553190116161 
512 790 649 1553190116170 
512 794 649 1553190116177 
512 797 647 1553190116185 
512 799 647 1553190116193 
512 800 646 1553190116201 
512 801 646 1553190116210 
512 803 646 1553190116217 
512 806 645 1553190116226 
512 808 644 1553190116233 
512 810 644 1553190116241 
512 813 643 1553190116250 
512 816 643 1553190116258 
512 820 642 1553190116265 
512 824 641 1553190116275 
512 827 640 1553190116281 
512 829 640 1553190116290 
512 830 639 1553190116297 
512 831 639 1553190116306 
512 833 639 1553190116313 
512 834 639 1553190116329 
512 835 639 1553190116337 
513 835 639 1553190116589 
514 835 639 1553190116729 
512 835 638 1553190116945 
512 835 635 1553190116953 
512 838 629 1553190116961 
512 845 615 1553190116979 
512 851 606 1553190116984 
512 858 593 1553190116993 
512 865 578 1553190117000 
512 872 560 1553190117008 
512 877 546 1553190117016 
512 881 532 1553190117025 
512 885 519 1553190117032 
512 886 507 1553190117041 
512 888 496 1553190117048 
512 890 485 1553190117056 
512 894 474 1553190117064 
512 895 466 1553190117072 
512 897 457 1553190117080 
512 899 449 1553190117088 
512 902 442 1553190117096 
512 905 435 1553190117104 
512 909 426 1553190117112 
512 912 421 1553190117120 
512 915 416 1553190117128 
512 917 411 1553190117136 
512 917 408 1553190117144 
512 919 404 1553190117151 
512 920 401 1553190117160 
512 921 398 1553190117168 
512 922 393 1553190117176 
512 922 390 1553190117184 
512 922 388 1553190117193 
512 923 385 1553190117200 
512 923 382 1553190117208 
512 923 378 1553190117216 
512 924 376 1553190117224 
512 924 374 1553190117232 
512 924 372 1553190117241 
512 925 370 1553190117248 
512 925 369 1553190117256 
512 925 368 1553190117265 
512 926 368 1553190117346 
513 926 368 1553190117443 
512 927 368 1553190117459 
514 927 368 1553190117553 
512 927 369 1553190117592 
512 927 370 1553190117601 
512 926 371 1553190117617 
512 926 372 1553190117625 
512 926 373 1553190117666 
512 924 373 1553190117776 
512 917 373 1553190117784 
512 910 372 1553190117793 
512 896 372 1553190117800 
512 877 372 1553190117808 
512 853 372 1553190117816 
512 834 372 1553190117825 
512 809 372 1553190117833 
512 782 372 1553190117841 
512 754 372 1553190117849 
512 730 372 1553190117857 
512 704 374 1553190117865 
512 687 375 1553190117874 
512 677 375 1553190117881 
512 671 375 1553190117889 
512 667 375 1553190117897 
512 664 374 1553190117905 
512 662 374 1553190117913 
512 661 372 1553190117921 
512 659 371 1553190117929 
512 658 369 1553190117938 
512 657 368 1553190117945 
512 655 367 1553190117953 
512 653 366 1553190117961 
512 649 364 1553190117970 
512 644 363 1553190117976 
512 640 362 1553190117984 
512 632 362 1553190117992 
512 621 362 1553190118000 
512 609 361 1553190118008 
512 597 361 1553190118017 
512 586 361 1553190118025 
512 576 361 1553190118032 
512 568 361 1553190118041 
512 561 360 1553190118049 
512 557 359 1553190118058 
512 552 358 1553190118065 
512 547 358 1553190118073 
512 541 357 1553190118082 
512 535 357 1553190118089 
512 528 357 1553190118097 
512 521 357 1553190118105 
512 514 357 1553190118113 
512 507 359 1553190118121 
512 505 359 1553190118128 
512 502 360 1553190118136 
512 501 360 1553190118258 
512 499 362 1553190118266 
512 497 362 1553190118273 
512 495 363 1553190118281 
512 492 365 1553190118289 
512 488 367 1553190118298 
512 483 369 1553190118305 
512 478 372 1553190118313 
512 474 375 1553190118322 
512 470 376 1553190118330 
512 469 377 1553190118338 
512 468 377 1553190118344 
512 468 378 1553190118353 
512 467 378 1553190118360 
512 468 378 1553190118498 
512 468 377 1553190118513 
512 469 377 1553190118521 
512 469 376 1553190118529 
512 470 376 1553190118537 
512 471 376 1553190118570 
512 471 375 1553190118578 
513 471 375 1553190118684 
514 471 375 1553190118792 
512 472 375 1553190118873 
512 473 375 1553190118890 
512 474 375 1553190118896 
512 475 375 1553190118904 
512 476 375 1553190118913 
512 477 375 1553190118928 
512 479 375 1553190118929 
512 481 375 1553190118937 
512 484 375 1553190118944 
512 487 375 1553190118952 
512 490 375 1553190118960 
512 495 374 1553190118969 
512 499 374 1553190118976 
512 503 374 1553190118985 
512 507 374 1553190118992 
512 511 374 1553190119000 
512 514 374 1553190119008 
512 518 376 1553190119017 
512 521 380 1553190119025 
512 523 383 1553190119033 
512 525 388 1553190119042 
512 527 392 1553190119049 
512 528 397 1553190119058 
512 528 399 1553190119065 
512 528 401 1553190119074 
512 528 402 1553190119081 
512 528 404 1553190119089 
512 528 406 1553190119097 
512 528 409 1553190119105 
512 528 413 1553190119113 
512 528 420 1553190119122 
512 528 428 1553190119130 
512 527 439 1553190119138 
512 527 453 1553190119145 
512 527 472 1553190119154 
512 527 494 1553190119162 
512 530 517 1553190119169 
512 534 538 1553190119178 
512 539 562 1553190119185 
512 543 581 1553190119194 
512 546 594 1553190119201 
512 549 605 1553190119208 
512 552 616 1553190119217 
512 556 623 1553190119225 
512 558 631 1553190119232 
512 560 637 1553190119240 
512 560 642 1553190119248 
512 560 646 1553190119257 
512 561 653 1553190119264 
512 561 658 1553190119272 
512 561 665 1553190119280 
512 561 672 1553190119289 
512 561 680 1553190119297 
512 561 689 1553190119305 
512 561 696 1553190119313 
512 561 701 1553190119321 
512 561 704 1553190119329 
512 561 705 1553190119337 
512 561 706 1553190119345 
512 561 704 1553190119392 
512 561 703 1553190119401 
512 561 701 1553190119408 
512 561 699 1553190119417 
512 560 696 1553190119425 
512 559 693 1553190119433 
512 558 690 1553190119442 
512 558 688 1553190119450 
512 557 685 1553190119457 
512 556 682 1553190119466 
512 556 680 1553190119473 
512 555 676 1553190119482 
512 555 673 1553190119490 
512 555 670 1553190119497 
512 555 667 1553190119505 
512 555 665 1553190119514 
512 555 663 1553190119522 
512 555 661 1553190119529 
512 555 659 1553190119538 
512 555 658 1553190119545 
512 555 657 1553190119553 
512 555 656 1553190119569 
512 555 655 1553190119674 
512 556 655 1553190119681 
512 556 654 1553190119689 
512 557 654 1553190119697 
512 557 653 1553190119737 
512 558 652 1553190119752 
512 558 651 1553190119760 
512 560 649 1553190119768 
512 560 648 1553190119784 
512 561 648 1553190119801 
513 561 648 1553190119916 
512 562 648 1553190119977 
514 562 648 1553190120033 
512 563 648 1553190120065 
512 566 646 1553190120072 
512 568 645 1553190120087 
512 571 643 1553190120088 
512 576 641 1553190120098 
512 578 640 1553190120104 
512 581 639 1553190120112 
512 583 637 1553190120120 
512 586 637 1553190120128 
512 588 635 1553190120146 
512 590 634 1553190120147 
512 593 632 1553190120154 
512 596 631 1553190120161 
512 600 628 1553190120169 
512 603 625 1553190120179 
512 608 623 1553190120185 
512 612 620 1553190120194 
512 618 616 1553190120201 
512 624 611 1553190120208 
512 630 607 1553190120216 
512 636 603 1553190120224 
512 643 596 1553190120234 
512 652 589 1553190120242 
512 659 581 1553190120250 
512 666 575 1553190120259 
512 673 565 1553190120266 
512 680 555 1553190120272 
512 687 544 1553190120282 
512 692 533 1553190120289 
512 699 520 1553190120297 
512 706 503 1553190120306 
512 712 486 1553190120315 
512 718 467 1553190120320 
512 720 451 1553190120331 
512 721 437 1553190120338 
512 723 422 1553190120345 
512 723 408 1553190120354 
512 723 391 1553190120363 
512 722 378 1553190120368 
512 720 363 1553190120377 
512 718 348 1553190120385 
512 715 332 1553190120393 
512 713 317 1553190120401 
512 712 306 1553190120410 
512 710 296 1553190120416 
512 708 286 1553190120425 
512 707 278 1553190120434 
512 706 273 1553190120442 
512 705 269 1553190120449 
512 705 266 1553190120458 
512 705 264 1553190120465 
512 705 262 1553190120472 
512 705 260 1553190120481 
512 705 258 1553190120490 
512 705 257 1553190120497 
512 705 256 1553190120504 
512 705 255 1553190120512 
512 705 253 1553190120520 
512 705 252 1553190120530 
512 705 251 1553190120537 
512 704 248 1553190120545 
512 703 245 1553190120554 
512 703 242 1553190120561 
512 703 239 1553190120569 
512 703 237 1553190120579 
512 703 234 1553190120586 
512 703 230 1553190120593 
512 703 225 1553190120602 
512 704 222 1553190120610 
512 704 220 1553190120616 
512 705 219 1553190120625 
512 705 218 1553190120633 
512 705 217 1553190120642 
513 705 217 1553190120981 
514 705 217 1553190121106 
