512 702 212 1553521330433 
512 702 213 1553521330466 
512 702 214 1553521330500 
512 702 216 1553521330550 
512 702 217 1553521330567 
512 702 219 1553521330583 
512 698 223 1553521330600 
512 694 228 1553521330617 
512 694 233 1553521330632 
512 698 241 1553521330650 
512 711 253 1553521330668 
512 725 272 1553521330682 
512 737 296 1553521330699 
512 744 323 1553521330716 
512 747 363 1553521330733 
512 747 412 1553521330750 
512 748 467 1553521330766 
512 756 524 1553521330783 
512 771 583 1553521330800 
512 796 642 1553521330817 
512 806 660 1553521330833 
512 808 665 1553521330850 
512 808 666 1553521330866 
512 810 667 1553521330966 
512 815 670 1553521330983 
512 821 671 1553521331000 
512 833 670 1553521331017 
512 838 668 1553521331033 
512 840 666 1553521331050 
512 840 664 1553521331067 
512 840 663 1553521331083 
512 839 661 1553521331099 
512 839 659 1553521331133 
512 838 658 1553521331149 
512 838 657 1553521331183 
512 838 655 1553521331200 
512 837 654 1553521331217 
512 837 653 1553521331250 
512 837 652 1553521331349 
512 837 651 1553521331367 
512 837 650 1553521331383 
512 837 649 1553521331451 
513 837 649 1553521331480 
514 837 649 1553521331592 
512 835 647 1553521331650 
512 832 645 1553521331667 
512 830 643 1553521331682 
512 826 641 1553521331699 
512 820 637 1553521331716 
512 815 632 1553521331733 
512 807 625 1553521331749 
512 798 617 1553521331767 
512 788 608 1553521331783 
512 779 601 1553521331799 
512 769 593 1553521331817 
512 749 574 1553521331833 
512 730 560 1553521331850 
512 703 540 1553521331866 
512 674 522 1553521331883 
512 651 506 1553521331900 
512 626 488 1553521331915 
512 604 474 1553521331933 
512 586 462 1553521331950 
512 576 452 1553521331967 
512 569 445 1553521331983 
512 564 440 1553521332000 
512 559 436 1553521332017 
512 553 433 1553521332032 
512 548 431 1553521332050 
512 543 429 1553521332068 
512 540 427 1553521332084 
512 537 424 1553521332099 
512 534 421 1553521332117 
512 529 418 1553521332133 
512 523 415 1553521332149 
512 516 411 1553521332166 
512 513 409 1553521332183 
512 512 407 1553521332200 
512 511 404 1553521332216 
512 508 401 1553521332233 
512 506 397 1553521332250 
512 503 394 1553521332266 
512 500 392 1553521332283 
512 496 390 1553521332300 
512 493 388 1553521332316 
512 490 387 1553521332333 
512 486 385 1553521332350 
512 482 384 1553521332367 
512 478 382 1553521332383 
512 476 381 1553521332400 
512 474 380 1553521332417 
512 471 378 1553521332433 
512 470 377 1553521332450 
512 470 376 1553521332466 
513 470 376 1553521332592 
514 470 376 1553521332672 
512 472 376 1553521332717 
512 474 377 1553521332733 
512 477 378 1553521332750 
512 483 382 1553521332767 
512 492 387 1553521332783 
512 505 394 1553521332800 
512 521 405 1553521332817 
512 527 413 1553521332833 
512 531 422 1553521332850 
512 533 431 1553521332866 
512 536 440 1553521332883 
512 541 449 1553521332899 
512 546 453 1553521332916 
512 551 453 1553521332933 
512 556 450 1553521332950 
512 565 434 1553521332966 
512 571 415 1553521332984 
512 578 395 1553521333001 
512 588 372 1553521333017 
512 609 340 1553521333033 
512 623 319 1553521333050 
512 633 304 1553521333066 
512 636 299 1553521333083 
512 637 296 1553521333100 
512 637 295 1553521333116 
512 637 294 1553521333150 
512 637 293 1553521333167 
512 637 291 1553521333183 
512 637 290 1553521333199 
512 639 285 1553521333217 
512 643 278 1553521333233 
512 654 266 1553521333249 
512 668 252 1553521333266 
512 677 243 1553521333283 
512 679 241 1553521333300 
512 679 240 1553521333317 
512 679 239 1553521333333 
512 679 238 1553521333366 
512 680 236 1553521333383 
512 681 234 1553521333400 
512 682 233 1553521333416 
512 683 232 1553521333433 
512 683 231 1553521333450 
512 683 230 1553521333483 
512 683 229 1553521333501 
512 684 227 1553521333517 
512 687 224 1553521333533 
512 690 222 1553521333550 
512 693 219 1553521333566 
512 694 219 1553521333584 
512 694 218 1553521333600 
512 695 218 1553521333632 
512 698 216 1553521333650 
512 699 215 1553521333667 
512 699 214 1553521333683 
513 699 214 1553521333770 
512 699 213 1553521333866 
514 699 213 1553521333912 
512 699 213 1553521333933 
512 699 216 1553521333967 
512 700 218 1553521333984 
512 701 220 1553521334000 
512 702 223 1553521334017 
512 703 225 1553521334033 
512 703 230 1553521334050 
512 703 235 1553521334067 
512 703 244 1553521334083 
512 705 256 1553521334099 
512 713 268 1553521334116 
512 722 279 1553521334133 
512 733 289 1553521334149 
512 743 299 1553521334166 
512 757 312 1553521334183 
512 774 326 1553521334200 
512 790 340 1553521334216 
512 815 359 1553521334233 
512 836 371 1553521334249 
512 858 379 1553521334267 
512 880 380 1553521334283 
512 895 380 1553521334300 
512 904 377 1553521334316 
512 905 376 1553521334333 
512 908 372 1553521334417 
512 915 368 1553521334433 
512 924 366 1553521334450 
512 931 366 1553521334467 
512 933 366 1553521334483 
512 933 367 1553521334500 
512 933 368 1553521334516 
512 933 369 1553521334533 
512 933 370 1553521334550 
512 932 370 1553521334700 
513 932 370 1553521334818 
514 932 370 1553521334944 
512 928 370 1553521334999 
512 912 376 1553521335016 
512 867 394 1553521335033 
512 824 414 1553521335049 
512 795 426 1553521335067 
512 782 432 1553521335085 
512 776 435 1553521335100 
512 768 440 1553521335117 
512 758 445 1553521335133 
512 750 452 1553521335150 
512 744 455 1553521335166 
512 742 456 1553521335183 
512 738 456 1553521335199 
512 729 458 1553521335217 
512 715 464 1553521335234 
512 709 470 1553521335250 
512 701 480 1553521335267 
512 692 493 1553521335283 
512 678 512 1553521335299 
512 660 532 1553521335317 
512 632 561 1553521335335 
512 601 591 1553521335349 
512 582 612 1553521335366 
512 573 624 1553521335383 
512 569 629 1553521335400 
512 568 631 1553521335416 
512 566 633 1553521335518 
512 565 635 1553521335533 
512 565 636 1553521335550 
513 565 636 1553521335772 
514 565 636 1553521335872 
512 567 636 1553521335932 
512 569 636 1553521335949 
512 571 636 1553521335967 
512 573 635 1553521335983 
512 575 634 1553521336001 
512 581 633 1553521336016 
512 594 627 1553521336033 
512 605 622 1553521336050 
512 611 619 1553521336066 
512 614 618 1553521336084 
512 617 618 1553521336099 
512 632 623 1553521336116 
512 653 637 1553521336132 
512 675 651 1553521336151 
512 691 662 1553521336169 
512 701 667 1553521336184 
512 706 667 1553521336201 
512 711 665 1553521336216 
512 734 651 1553521336233 
512 749 645 1553521336249 
512 760 644 1553521336266 
512 771 644 1553521336284 
512 781 644 1553521336299 
512 789 644 1553521336318 
512 796 644 1553521336333 
512 803 644 1553521336349 
512 809 644 1553521336366 
512 813 644 1553521336385 
512 815 644 1553521336400 
512 816 644 1553521336500 
512 817 644 1553521336516 
512 818 644 1553521336533 
512 819 644 1553521336549 
512 823 644 1553521336567 
512 829 643 1553521336583 
512 835 641 1553521336600 
512 840 639 1553521336616 
512 843 638 1553521336633 
512 844 638 1553521336650 
512 846 638 1553521336667 
512 847 638 1553521336683 
513 847 638 1553521336825 
514 847 638 1553521336920 
512 845 637 1553521336966 
512 839 637 1553521336982 
512 831 637 1553521337000 
512 816 637 1553521337016 
512 799 637 1553521337033 
512 793 638 1553521337049 
512 791 638 1553521337066 
512 790 638 1553521337083 
512 788 638 1553521337116 
512 780 638 1553521337132 
512 763 638 1553521337150 
512 755 638 1553521337166 
512 754 635 1553521337183 
512 775 612 1553521337199 
512 855 550 1553521337217 
512 998 436 1553521337233 
512 1061 377 1553521337250 
512 1076 353 1553521337267 
512 1075 345 1553521337282 
512 1065 341 1553521337299 
512 1051 338 1553521337316 
512 1043 337 1553521337333 
512 1036 335 1553521337350 
512 1028 334 1553521337366 
512 1022 334 1553521337383 
512 1015 333 1553521337400 
512 1009 332 1553521337416 
512 1003 331 1553521337433 
512 1001 331 1553521337450 
512 1000 331 1553521337467 
512 996 336 1553521337482 
512 987 345 1553521337499 
512 980 355 1553521337517 
512 976 360 1553521337533 
512 972 363 1553521337550 
512 968 366 1553521337566 
512 968 367 1553521337600 
512 966 367 1553521337616 
512 961 367 1553521337632 
512 950 368 1553521337650 
512 941 369 1553521337666 
512 939 371 1553521337683 
512 939 370 1553521337767 
512 939 369 1553521337834 
512 931 372 1553521338000 
512 922 377 1553521338017 
512 914 382 1553521338033 
512 914 383 1553521338050 
512 916 383 1553521338233 
512 918 383 1553521338250 
512 921 382 1553521338266 
512 923 381 1553521338283 
513 923 381 1553521338392 
514 923 381 1553521338512 
512 920 383 1553521338600 
512 910 389 1553521338616 
512 883 408 1553521338633 
512 865 421 1553521338650 
512 853 435 1553521338667 
512 846 446 1553521338683 
512 843 454 1553521338700 
512 843 460 1553521338717 
512 843 461 1553521338733 
512 843 464 1553521338750 
512 837 470 1553521338766 
512 817 479 1553521338782 
512 777 493 1553521338800 
512 708 504 1553521338817 
512 593 507 1553521338834 
512 550 504 1553521338849 
512 531 495 1553521338866 
512 519 480 1553521338883 
512 512 463 1553521338899 
512 505 446 1553521338916 
512 496 430 1553521338933 
512 485 417 1553521338950 
512 475 406 1553521338966 
512 464 397 1553521338983 
512 456 390 1553521339000 
512 452 387 1553521339016 
512 446 384 1553521339034 
512 445 383 1553521339049 
512 445 381 1553521339082 
512 446 379 1553521339100 
512 451 375 1553521339117 
512 458 371 1553521339133 
512 462 368 1553521339150 
512 463 367 1553521339182 
512 464 367 1553521339217 
512 465 366 1553521339233 
512 466 366 1553521339266 
512 469 366 1553521339283 
512 470 367 1553521339300 
512 471 368 1553521339317 
512 472 368 1553521339333 
512 472 369 1553521339349 
512 473 369 1553521339366 
513 473 369 1553521339456 
514 473 369 1553521339553 
512 474 371 1553521339583 
512 476 374 1553521339600 
512 480 377 1553521339617 
512 482 380 1553521339633 
512 485 383 1553521339649 
512 490 387 1553521339666 
512 497 395 1553521339683 
512 504 406 1553521339700 
512 510 420 1553521339717 
512 514 437 1553521339733 
512 519 454 1553521339750 
512 524 469 1553521339766 
512 530 483 1553521339783 
512 537 498 1553521339800 
512 543 516 1553521339816 
512 549 549 1553521339833 
512 549 576 1553521339850 
512 545 603 1553521339867 
512 543 625 1553521339883 
512 542 640 1553521339900 
512 542 648 1553521339917 
512 543 649 1553521339932 
512 544 649 1553521339950 
512 544 648 1553521340000 
512 545 645 1553521340017 
512 547 643 1553521340033 
512 550 641 1553521340050 
512 554 640 1553521340067 
512 557 639 1553521340083 
512 558 639 1553521340100 
512 560 638 1553521340117 
512 561 638 1553521340199 
512 561 637 1553521340305 
513 561 637 1553521340305 
514 561 637 1553521340392 
512 564 633 1553521340450 
512 568 629 1553521340466 
512 574 622 1553521340482 
512 581 615 1553521340500 
512 587 608 1553521340517 
512 593 601 1553521340533 
512 600 592 1553521340550 
512 610 581 1553521340567 
512 624 566 1553521340584 
512 636 554 1553521340599 
512 652 541 1553521340617 
512 689 516 1553521340633 
512 716 493 1553521340650 
512 737 459 1553521340666 
512 739 419 1553521340683 
512 727 363 1553521340701 
512 703 294 1553521340716 
512 678 227 1553521340733 
512 662 175 1553521340750 
512 656 143 1553521340767 
512 652 120 1553521340783 
512 649 106 1553521340800 
512 649 105 1553521340817 
512 649 104 1553521340833 
512 650 103 1553521340867 
512 651 103 1553521340882 
512 652 104 1553521341000 
512 657 115 1553521341017 
512 663 125 1553521341034 
512 671 140 1553521341050 
512 681 154 1553521341066 
512 688 166 1553521341083 
512 693 177 1553521341100 
512 698 184 1553521341116 
512 701 187 1553521341134 
512 702 189 1553521341150 
512 703 191 1553521341167 
512 704 193 1553521341183 
512 704 195 1553521341200 
512 704 196 1553521341217 
512 704 198 1553521341233 
512 704 199 1553521341366 
512 704 200 1553521341383 
512 704 202 1553521341400 
512 704 205 1553521341417 
512 704 210 1553521341433 
512 704 214 1553521341450 
512 703 218 1553521341466 
512 703 221 1553521341483 
512 703 222 1553521341500 
512 703 221 1553521341750 
512 703 220 1553521341766 
513 703 220 1553521341912 
514 703 220 1553521342024 
512 703 223 1553521342083 
512 704 226 1553521342100 
512 704 232 1553521342116 
512 705 242 1553521342134 
512 705 251 1553521342150 
512 706 264 1553521342165 
512 709 278 1553521342183 
512 711 293 1553521342200 
512 712 321 1553521342217 
512 712 338 1553521342233 
512 712 346 1553521342250 
512 713 352 1553521342266 
512 714 356 1553521342283 
512 714 360 1553521342300 
512 712 366 1553521342317 
512 704 377 1553521342334 
512 699 387 1553521342350 
512 697 405 1553521342367 
512 697 428 1553521342383 
512 701 452 1553521342400 
512 702 464 1553521342417 
512 701 463 1553521342432 
512 683 448 1553521342449 
512 669 431 1553521342467 
512 659 420 1553521342483 
512 656 416 1553521342499 
512 656 411 1553521342600 
512 663 388 1553521342617 
512 673 368 1553521342633 
512 681 350 1553521342650 
512 691 333 1553521342667 
512 698 317 1553521342683 
512 703 299 1553521342700 
512 710 279 1553521342717 
512 716 259 1553521342733 
512 717 246 1553521342750 
512 717 236 1553521342766 
512 713 230 1553521342783 
512 710 227 1553521342800 
512 706 225 1553521342817 
512 705 225 1553521342835 
512 704 225 1553521342849 
512 703 224 1553521342866 
512 702 222 1553521342883 
512 700 221 1553521342900 
512 699 219 1553521342916 
512 699 217 1553521342933 
512 700 212 1553521343033 
512 702 208 1553521343050 
512 702 204 1553521343066 
512 702 203 1553521343083 
513 702 203 1553521343202 
514 702 203 1553521343344 
