512 701 203 1553521370012 
512 704 206 1553521370029 
512 706 212 1553521370044 
512 709 217 1553521370061 
512 716 225 1553521370079 
512 729 241 1553521370095 
512 748 254 1553521370111 
512 769 270 1553521370129 
512 796 288 1553521370145 
512 820 307 1553521370162 
512 836 324 1553521370179 
512 846 346 1553521370195 
512 850 376 1553521370212 
512 855 443 1553521370229 
512 868 538 1553521370244 
512 878 637 1553521370262 
512 869 708 1553521370279 
512 857 734 1553521370295 
512 855 734 1553521370312 
512 853 723 1553521370329 
512 852 715 1553521370344 
512 852 711 1553521370362 
512 853 711 1553521370494 
512 853 707 1553521370562 
512 853 702 1553521370578 
512 851 695 1553521370595 
512 851 688 1553521370612 
512 850 680 1553521370629 
512 850 675 1553521370645 
512 849 672 1553521370662 
512 849 671 1553521370678 
512 849 668 1553521370696 
512 849 665 1553521370712 
512 849 663 1553521370729 
512 849 659 1553521370745 
512 849 657 1553521370762 
512 849 655 1553521370779 
512 848 654 1553521370795 
512 848 653 1553521370812 
512 847 653 1553521370829 
512 847 651 1553521370861 
512 846 650 1553521370877 
512 845 647 1553521370895 
512 845 645 1553521370912 
513 845 645 1553521371119 
514 845 645 1553521371230 
512 845 644 1553521371295 
512 851 634 1553521371312 
512 855 625 1553521371329 
512 860 613 1553521371344 
512 864 598 1553521371362 
512 869 580 1553521371379 
512 872 560 1553521371396 
512 875 540 1553521371411 
512 877 519 1553521371429 
512 879 498 1553521371446 
512 879 478 1553521371462 
512 877 459 1553521371478 
512 858 434 1553521371496 
512 835 420 1553521371512 
512 793 403 1553521371527 
512 750 395 1553521371545 
512 722 387 1553521371562 
512 703 381 1553521371577 
512 685 378 1553521371594 
512 668 376 1553521371612 
512 651 376 1553521371628 
512 638 376 1553521371645 
512 628 376 1553521371662 
512 620 376 1553521371677 
512 611 376 1553521371695 
512 584 381 1553521371712 
512 567 385 1553521371729 
512 557 389 1553521371744 
512 556 390 1553521371762 
512 554 390 1553521371779 
512 553 390 1553521371812 
512 548 390 1553521371829 
512 541 391 1553521371844 
512 530 393 1553521371861 
512 515 396 1553521371879 
512 495 400 1553521371895 
512 487 400 1553521371912 
512 480 400 1553521371929 
512 476 400 1553521371945 
512 474 400 1553521371960 
512 473 399 1553521371978 
512 472 398 1553521371995 
512 471 397 1553521372012 
512 470 396 1553521372028 
512 469 395 1553521372045 
512 468 395 1553521372062 
512 468 393 1553521372077 
512 468 392 1553521372095 
512 468 390 1553521372112 
512 468 389 1553521372129 
512 468 388 1553521372179 
512 468 387 1553521372194 
512 468 385 1553521372212 
512 468 384 1553521372229 
512 468 383 1553521372245 
512 468 382 1553521372279 
512 468 381 1553521372329 
512 468 380 1553521372361 
512 469 379 1553521372378 
513 469 379 1553521372432 
514 469 379 1553521372558 
512 472 378 1553521372595 
512 478 377 1553521372611 
512 488 376 1553521372628 
512 504 374 1553521372645 
512 526 370 1553521372662 
512 552 365 1553521372678 
512 589 354 1553521372695 
512 650 336 1553521372712 
512 686 323 1553521372728 
512 717 312 1553521372745 
512 736 303 1553521372762 
512 748 298 1553521372779 
512 753 296 1553521372795 
512 755 295 1553521372812 
512 756 294 1553521372829 
512 756 293 1553521372862 
512 756 291 1553521372879 
512 756 287 1553521372896 
512 755 284 1553521372911 
512 752 279 1553521372929 
512 748 273 1553521372946 
512 743 266 1553521372961 
512 737 261 1553521372978 
512 729 254 1553521372996 
512 726 251 1553521373012 
512 724 248 1553521373028 
512 722 245 1553521373046 
512 721 243 1553521373062 
512 720 242 1553521373078 
512 720 241 1553521373096 
512 719 239 1553521373112 
512 719 236 1553521373145 
512 719 234 1553521373162 
512 718 230 1553521373179 
512 717 227 1553521373194 
512 715 224 1553521373212 
512 714 220 1553521373229 
512 713 219 1553521373244 
512 712 217 1553521373262 
512 710 216 1553521373279 
512 706 211 1553521373295 
512 705 210 1553521373311 
512 703 208 1553521373329 
512 702 206 1553521373346 
512 701 205 1553521373362 
512 700 205 1553521373379 
513 700 205 1553521373496 
514 700 205 1553521373615 
512 700 206 1553521373711 
512 701 213 1553521373728 
512 703 222 1553521373745 
512 706 234 1553521373762 
512 710 245 1553521373777 
512 714 258 1553521373795 
512 726 271 1553521373812 
512 752 287 1553521373828 
512 788 303 1553521373844 
512 816 318 1553521373862 
512 840 333 1553521373879 
512 858 345 1553521373895 
512 882 357 1553521373912 
512 894 360 1553521373929 
512 902 362 1553521373944 
512 910 363 1553521373961 
512 917 363 1553521373979 
512 923 363 1553521373995 
512 926 363 1553521374012 
512 930 363 1553521374029 
512 932 363 1553521374045 
512 933 363 1553521374062 
512 934 363 1553521374111 
512 934 365 1553521374145 
512 935 367 1553521374162 
512 936 369 1553521374178 
512 936 370 1553521374195 
512 936 371 1553521374212 
512 936 372 1553521374229 
512 936 373 1553521374245 
512 936 375 1553521374262 
512 935 378 1553521374279 
512 933 381 1553521374294 
512 932 382 1553521374311 
513 932 382 1553521374422 
514 932 382 1553521374534 
512 927 384 1553521374695 
512 922 388 1553521374712 
512 917 392 1553521374729 
512 906 401 1553521374744 
512 887 417 1553521374762 
512 841 444 1553521374778 
512 790 473 1553521374795 
512 760 493 1553521374812 
512 747 502 1553521374828 
512 741 506 1553521374845 
512 736 510 1553521374862 
512 727 519 1553521374878 
512 708 540 1553521374896 
512 697 556 1553521374912 
512 686 572 1553521374929 
512 676 586 1553521374945 
512 665 601 1553521374962 
512 656 613 1553521374979 
512 647 623 1553521374995 
512 637 632 1553521375012 
512 628 639 1553521375029 
512 622 643 1553521375045 
512 618 647 1553521375061 
512 613 650 1553521375078 
512 606 654 1553521375096 
512 604 655 1553521375110 
512 603 656 1553521375128 
512 601 656 1553521375145 
512 599 656 1553521375162 
512 593 656 1553521375179 
512 587 656 1553521375194 
512 581 656 1553521375211 
512 576 656 1553521375229 
512 574 656 1553521375244 
512 573 656 1553521375262 
512 572 656 1553521375277 
512 569 656 1553521375296 
512 568 655 1553521375311 
512 567 654 1553521375345 
512 566 653 1553521375361 
512 566 652 1553521375378 
512 565 650 1553521375395 
512 563 650 1553521375412 
512 562 649 1553521375428 
512 561 648 1553521375445 
512 561 647 1553521375461 
512 560 646 1553521375477 
512 559 646 1553521375495 
512 559 645 1553521375511 
512 559 644 1553521375530 
513 559 644 1553521375640 
514 559 644 1553521375750 
512 560 644 1553521375812 
512 565 643 1553521375827 
512 568 642 1553521375845 
512 573 641 1553521375861 
512 581 639 1553521375879 
512 588 636 1553521375894 
512 603 631 1553521375911 
512 613 628 1553521375929 
512 624 625 1553521375945 
512 634 621 1553521375962 
512 643 618 1553521375979 
512 651 616 1553521375995 
512 661 616 1553521376011 
512 677 614 1553521376028 
512 695 614 1553521376044 
512 716 613 1553521376062 
512 735 613 1553521376077 
512 752 613 1553521376094 
512 773 615 1553521376111 
512 783 619 1553521376130 
512 791 623 1553521376144 
512 798 624 1553521376163 
512 803 626 1553521376177 
512 806 626 1553521376195 
512 808 627 1553521376211 
512 809 628 1553521376227 
512 813 629 1553521376245 
512 816 631 1553521376261 
512 821 633 1553521376278 
512 826 636 1553521376296 
512 828 636 1553521376311 
512 830 637 1553521376327 
512 830 638 1553521376346 
512 831 639 1553521376362 
512 831 640 1553521376380 
512 833 642 1553521376396 
512 835 643 1553521376412 
512 837 645 1553521376429 
512 838 646 1553521376444 
512 839 647 1553521376461 
513 839 647 1553521376625 
514 839 647 1553521376695 
512 836 647 1553521376811 
512 830 647 1553521376828 
512 822 646 1553521376846 
512 816 644 1553521376861 
512 803 639 1553521376879 
512 778 626 1553521376896 
512 766 617 1553521376912 
512 761 606 1553521376929 
512 761 591 1553521376944 
512 774 572 1553521376961 
512 793 550 1553521376979 
512 811 532 1553521376994 
512 822 520 1553521377011 
512 828 513 1553521377030 
512 831 508 1553521377044 
512 837 501 1553521377061 
512 844 490 1553521377079 
512 856 473 1553521377096 
512 860 466 1553521377111 
512 861 463 1553521377127 
512 863 459 1553521377145 
512 867 452 1553521377161 
512 874 444 1553521377178 
512 878 437 1553521377194 
512 882 431 1553521377211 
512 888 424 1553521377229 
512 893 417 1553521377244 
512 899 410 1553521377263 
512 902 404 1553521377278 
512 904 400 1553521377296 
512 905 398 1553521377311 
512 907 395 1553521377327 
512 908 392 1553521377344 
512 910 389 1553521377362 
512 912 386 1553521377377 
512 912 384 1553521377395 
512 914 382 1553521377412 
512 914 381 1553521377429 
512 914 380 1553521377445 
512 915 378 1553521377479 
512 919 375 1553521377496 
512 924 371 1553521377512 
512 926 369 1553521377527 
512 927 369 1553521377577 
512 928 369 1553521377596 
513 928 369 1553521377696 
514 928 369 1553521377799 
512 927 369 1553521377862 
512 925 370 1553521377879 
512 922 372 1553521377895 
512 914 374 1553521377912 
512 900 377 1553521377929 
512 873 386 1553521377944 
512 844 397 1553521377962 
512 824 406 1553521377979 
512 813 410 1553521377995 
512 811 411 1553521378011 
512 809 412 1553521378029 
512 803 413 1553521378046 
512 786 417 1553521378061 
512 742 426 1553521378079 
512 605 443 1553521378096 
512 526 444 1553521378112 
512 477 438 1553521378128 
512 453 429 1553521378145 
512 441 419 1553521378162 
512 437 413 1553521378177 
512 434 410 1553521378195 
512 433 409 1553521378229 
512 433 408 1553521378246 
512 432 408 1553521378262 
512 431 407 1553521378279 
512 431 406 1553521378294 
512 437 402 1553521378329 
512 445 400 1553521378344 
512 451 397 1553521378361 
512 457 395 1553521378378 
512 460 394 1553521378396 
512 466 393 1553521378410 
512 473 389 1553521378428 
512 482 387 1553521378445 
512 488 384 1553521378462 
512 490 384 1553521378478 
512 490 383 1553521378495 
512 485 382 1553521378527 
512 477 382 1553521378545 
512 474 382 1553521378562 
512 474 381 1553521378794 
512 473 379 1553521378812 
512 473 378 1553521378829 
512 473 377 1553521378844 
512 473 376 1553521378861 
513 473 376 1553521378919 
514 473 376 1553521379054 
512 477 380 1553521379144 
512 484 384 1553521379162 
512 493 390 1553521379179 
512 506 396 1553521379194 
512 522 402 1553521379212 
512 536 409 1553521379229 
512 548 416 1553521379246 
512 558 425 1553521379261 
512 564 433 1553521379279 
512 571 452 1553521379295 
512 576 468 1553521379310 
512 582 493 1553521379328 
512 587 531 1553521379345 
512 587 573 1553521379362 
512 579 600 1553521379378 
512 566 616 1553521379396 
512 559 621 1553521379412 
512 558 622 1553521379427 
512 557 622 1553521379446 
512 556 622 1553521379462 
512 555 622 1553521379495 
512 556 622 1553521379646 
512 556 624 1553521379814 
512 556 627 1553521379829 
512 556 629 1553521379846 
512 556 632 1553521379862 
512 556 633 1553521379879 
512 556 634 1553521379895 
512 555 635 1553521379912 
512 555 638 1553521379928 
512 555 640 1553521379944 
512 555 643 1553521379961 
512 555 644 1553521379978 
512 555 645 1553521379995 
512 556 645 1553521380311 
513 556 645 1553521380337 
512 557 645 1553521380362 
514 557 645 1553521380511 
512 558 645 1553521380527 
512 559 645 1553521380545 
512 560 645 1553521380563 
512 562 645 1553521380679 
512 563 645 1553521380694 
512 564 645 1553521380711 
512 553 649 1553521380746 
512 529 652 1553521380762 
512 481 658 1553521380778 
512 416 666 1553521380795 
512 363 669 1553521380811 
512 333 669 1553521380828 
512 319 665 1553521380845 
512 313 656 1553521380862 
512 311 641 1553521380878 
512 311 626 1553521380895 
512 311 598 1553521380912 
512 305 575 1553521380927 
512 303 547 1553521380945 
512 303 516 1553521380962 
512 306 483 1553521380978 
512 313 454 1553521380995 
512 321 427 1553521381012 
512 329 404 1553521381029 
512 338 384 1553521381044 
512 347 369 1553521381061 
512 356 355 1553521381079 
512 366 343 1553521381094 
512 389 316 1553521381111 
512 406 297 1553521381128 
512 420 281 1553521381145 
512 431 269 1553521381161 
512 433 266 1553521381178 
512 437 263 1553521381262 
512 450 256 1553521381278 
512 466 250 1553521381295 
512 473 249 1553521381312 
512 485 247 1553521381327 
512 498 246 1553521381345 
512 517 243 1553521381362 
512 542 239 1553521381378 
512 566 232 1553521381394 
512 585 228 1553521381411 
512 599 224 1553521381428 
512 604 223 1553521381445 
512 607 222 1553521381461 
512 609 222 1553521381479 
512 619 221 1553521381495 
512 628 220 1553521381511 
512 638 218 1553521381528 
512 643 217 1553521381545 
512 645 217 1553521381561 
512 646 217 1553521381578 
512 648 217 1553521381662 
512 655 217 1553521381677 
512 661 217 1553521381695 
512 667 217 1553521381712 
512 670 217 1553521381728 
512 673 217 1553521381744 
512 675 217 1553521381761 
512 679 217 1553521381778 
512 685 217 1553521381794 
512 688 217 1553521381811 
512 689 217 1553521381828 
512 695 217 1553521381962 
512 696 217 1553521381978 
512 697 217 1553521381995 
513 697 217 1553521382232 
514 697 217 1553521382366 
