512 708 210 1553540517292 
512 711 214 1553540517309 
512 714 218 1553540517325 
512 718 224 1553540517342 
512 724 232 1553540517358 
512 732 240 1553540517374 
512 743 259 1553540517391 
512 750 275 1553540517408 
512 758 289 1553540517424 
512 765 305 1553540517441 
512 772 319 1553540517458 
512 780 335 1553540517475 
512 788 353 1553540517491 
512 796 379 1553540517508 
512 800 405 1553540517525 
512 801 436 1553540517541 
512 801 469 1553540517558 
512 802 498 1553540517575 
512 806 536 1553540517591 
512 807 560 1553540517608 
512 810 578 1553540517625 
512 814 590 1553540517641 
512 819 599 1553540517658 
512 823 602 1553540517675 
512 825 602 1553540517691 
512 826 604 1553540517791 
512 827 607 1553540517808 
512 828 610 1553540517825 
512 831 617 1553540517842 
512 832 624 1553540517858 
512 834 630 1553540517875 
512 834 634 1553540517892 
512 835 638 1553540517908 
512 836 640 1553540517925 
512 836 641 1553540517941 
513 836 641 1553540518162 
512 836 641 1553540518192 
514 836 641 1553540518263 
512 838 641 1553540518342 
512 843 641 1553540518359 
512 848 638 1553540518375 
512 858 630 1553540518392 
512 865 623 1553540518409 
512 871 615 1553540518425 
512 875 610 1553540518441 
512 877 604 1553540518458 
512 879 599 1553540518475 
512 880 594 1553540518492 
512 881 589 1553540518508 
512 882 584 1553540518525 
512 883 581 1553540518542 
512 883 577 1553540518558 
512 877 573 1553540518575 
512 834 569 1553540518591 
512 780 569 1553540518608 
512 723 573 1553540518625 
512 678 576 1553540518641 
512 642 577 1553540518658 
512 615 577 1553540518675 
512 598 569 1553540518691 
512 584 558 1553540518708 
512 571 544 1553540518725 
512 560 527 1553540518742 
512 548 508 1553540518758 
512 538 491 1553540518775 
512 522 466 1553540518791 
512 511 452 1553540518808 
512 502 440 1553540518825 
512 492 432 1553540518841 
512 486 427 1553540518858 
512 480 425 1553540518875 
512 476 422 1553540518891 
512 468 421 1553540518908 
512 464 420 1553540518924 
512 462 419 1553540518941 
512 461 417 1553540518975 
512 463 415 1553540518991 
512 465 413 1553540519008 
512 466 413 1553540519024 
512 467 411 1553540519041 
512 468 411 1553540519058 
512 468 409 1553540519075 
512 469 406 1553540519091 
512 472 402 1553540519108 
512 475 398 1553540519124 
512 475 395 1553540519141 
512 475 393 1553540519158 
512 475 391 1553540519175 
512 475 388 1553540519191 
512 475 386 1553540519208 
512 475 384 1553540519226 
512 475 383 1553540519242 
512 475 381 1553540519258 
512 475 380 1553540519275 
512 475 379 1553540519292 
512 475 378 1553540519392 
512 474 377 1553540519408 
512 474 376 1553540519441 
512 473 376 1553540519458 
513 473 376 1553540519481 
512 473 376 1553540519508 
514 473 376 1553540519598 
512 474 376 1553540519641 
512 478 376 1553540519658 
512 488 376 1553540519675 
512 504 379 1553540519692 
512 535 385 1553540519708 
512 572 393 1553540519725 
512 605 398 1553540519742 
512 634 403 1553540519759 
512 656 408 1553540519775 
512 681 418 1553540519792 
512 697 425 1553540519809 
512 712 434 1553540519825 
512 731 444 1553540519842 
512 744 453 1553540519859 
512 753 458 1553540519875 
512 756 458 1553540519892 
512 757 458 1553540519909 
512 758 450 1553540519925 
512 759 439 1553540519942 
512 757 424 1553540519959 
512 749 405 1553540519975 
512 735 375 1553540519992 
512 728 354 1553540520008 
512 721 333 1553540520024 
512 714 310 1553540520041 
512 706 285 1553540520058 
512 699 261 1553540520074 
512 694 240 1553540520091 
512 693 227 1553540520108 
512 692 219 1553540520124 
512 692 216 1553540520141 
512 692 214 1553540520159 
512 692 213 1553540520176 
512 692 212 1553540520192 
512 692 211 1553540520225 
513 692 211 1553540520451 
512 692 211 1553540520474 
514 692 211 1553540520552 
512 694 216 1553540520642 
512 696 224 1553540520658 
512 701 234 1553540520674 
512 707 246 1553540520691 
512 714 262 1553540520708 
512 721 279 1553540520724 
512 728 299 1553540520741 
512 736 321 1553540520758 
512 746 343 1553540520775 
512 764 373 1553540520791 
512 776 389 1553540520808 
512 791 404 1553540520825 
512 810 416 1553540520841 
512 832 427 1553540520858 
512 853 434 1553540520874 
512 867 436 1553540520891 
512 875 436 1553540520908 
512 882 431 1553540520925 
512 887 426 1553540520941 
512 892 416 1553540520958 
512 897 408 1553540520975 
512 901 401 1553540520991 
512 901 399 1553540521008 
512 902 398 1553540521025 
512 902 397 1553540521041 
512 904 396 1553540521058 
512 904 393 1553540521075 
512 904 390 1553540521091 
512 907 385 1553540521108 
512 913 381 1553540521125 
512 922 374 1553540521141 
512 932 369 1553540521158 
512 935 367 1553540521175 
512 936 367 1553540521191 
512 936 368 1553540521258 
512 935 369 1553540521291 
512 933 370 1553540521308 
512 932 370 1553540521342 
512 931 370 1553540521375 
512 930 371 1553540521392 
512 929 371 1553540521408 
512 927 372 1553540521424 
512 926 373 1553540521441 
512 925 374 1553540521458 
513 925 374 1553540521529 
512 925 374 1553540521558 
514 925 374 1553540521646 
512 925 375 1553540521691 
512 922 379 1553540521708 
512 918 386 1553540521725 
512 905 401 1553540521741 
512 889 418 1553540521758 
512 871 440 1553540521775 
512 854 467 1553540521792 
512 849 480 1553540521808 
512 845 488 1553540521825 
512 842 492 1553540521842 
512 839 495 1553540521859 
512 836 496 1553540521875 
512 832 498 1553540521891 
512 827 502 1553540521908 
512 825 505 1553540521925 
512 824 508 1553540521942 
512 824 509 1553540521959 
512 824 511 1553540521975 
512 819 514 1553540521992 
512 803 524 1553540522008 
512 763 547 1553540522025 
512 676 590 1553540522041 
512 565 641 1553540522058 
512 485 683 1553540522075 
512 447 701 1553540522092 
512 438 705 1553540522108 
512 439 705 1553540522208 
512 441 704 1553540522225 
512 444 701 1553540522242 
512 447 698 1553540522258 
512 451 695 1553540522275 
512 459 690 1553540522292 
512 467 686 1553540522308 
512 478 681 1553540522325 
512 492 675 1553540522342 
512 507 671 1553540522359 
512 522 666 1553540522375 
512 533 661 1553540522392 
512 535 661 1553540522409 
512 536 660 1553540522425 
512 537 660 1553540522441 
512 538 660 1553540522475 
512 538 659 1553540522491 
512 540 656 1553540522625 
512 550 651 1553540522642 
512 566 642 1553540522659 
512 575 638 1553540522675 
512 577 637 1553540522692 
512 570 637 1553540522742 
512 563 639 1553540522759 
512 562 640 1553540522775 
512 562 641 1553540522792 
513 562 641 1553540523050 
512 562 641 1553540523075 
514 562 641 1553540523151 
512 560 641 1553540523175 
512 545 639 1553540523191 
512 531 637 1553540523208 
512 521 633 1553540523225 
512 507 630 1553540523242 
512 492 623 1553540523258 
512 487 616 1553540523275 
512 487 614 1553540523376 
512 502 598 1553540523392 
512 502 597 1553540523409 
512 504 597 1553540523475 
512 514 600 1553540523491 
512 527 605 1553540523508 
512 547 613 1553540523525 
512 575 623 1553540523541 
512 616 634 1553540523558 
512 664 645 1553540523575 
512 720 651 1553540523591 
512 745 651 1553540523608 
512 762 651 1553540523625 
512 769 651 1553540523641 
512 774 651 1553540523658 
512 776 651 1553540523675 
512 781 651 1553540523691 
512 788 651 1553540523708 
512 795 651 1553540523725 
512 803 651 1553540523741 
512 810 651 1553540523758 
512 816 652 1553540523775 
512 820 653 1553540523791 
512 820 654 1553540523808 
512 822 654 1553540523908 
512 826 654 1553540523925 
512 828 654 1553540523942 
512 832 653 1553540523975 
512 837 650 1553540523991 
512 845 646 1553540524008 
512 851 642 1553540524025 
512 853 640 1553540524042 
512 853 639 1553540524075 
512 851 639 1553540524108 
512 850 639 1553540524159 
512 849 639 1553540524242 
512 848 639 1553540524258 
512 846 640 1553540524275 
512 844 641 1553540524292 
513 844 641 1553540524409 
512 844 641 1553540524442 
514 844 641 1553540524534 
512 841 640 1553540524658 
512 838 637 1553540524675 
512 836 634 1553540524691 
512 833 630 1553540524708 
512 828 624 1553540524725 
512 822 616 1553540524741 
512 819 607 1553540524758 
512 814 595 1553540524775 
512 809 578 1553540524791 
512 807 568 1553540524808 
512 807 562 1553540524825 
512 808 558 1553540524842 
512 811 555 1553540524858 
512 815 550 1553540524875 
512 824 540 1553540524891 
512 840 522 1553540524908 
512 866 493 1553540524925 
512 909 447 1553540524942 
512 949 403 1553540524958 
512 973 374 1553540524975 
512 986 356 1553540524992 
512 987 354 1553540525008 
512 987 353 1553540525041 
512 986 353 1553540525058 
512 985 353 1553540525075 
512 983 352 1553540525092 
512 981 351 1553540525108 
512 978 350 1553540525125 
512 976 348 1553540525141 
512 970 348 1553540525159 
512 966 348 1553540525175 
512 951 354 1553540525192 
512 926 370 1553540525209 
512 917 377 1553540525225 
512 915 379 1553540525241 
512 919 378 1553540525475 
512 921 378 1553540525491 
512 922 377 1553540525508 
512 923 377 1553540525525 
512 924 376 1553540525592 
512 926 375 1553540525608 
512 927 375 1553540525625 
512 928 375 1553540525658 
513 928 375 1553540525730 
512 928 375 1553540525758 
514 928 375 1553540525847 
512 926 375 1553540525925 
512 922 375 1553540525943 
512 915 375 1553540525958 
512 909 375 1553540525974 
512 898 375 1553540525993 
512 887 374 1553540526009 
512 871 374 1553540526025 
512 847 374 1553540526041 
512 826 376 1553540526058 
512 811 380 1553540526075 
512 801 385 1553540526092 
512 785 391 1553540526108 
512 768 398 1553540526125 
512 743 406 1553540526142 
512 688 413 1553540526159 
512 644 413 1553540526175 
512 598 408 1553540526191 
512 557 398 1553540526208 
512 527 393 1553540526225 
512 512 389 1553540526241 
512 506 388 1553540526257 
512 505 388 1553540526275 
512 504 388 1553540526391 
512 504 387 1553540526408 
512 502 385 1553540526443 
512 498 383 1553540526458 
512 491 382 1553540526475 
512 486 381 1553540526491 
512 482 381 1553540526509 
512 480 380 1553540526525 
512 478 380 1553540526541 
512 477 380 1553540526558 
512 476 379 1553540526575 
512 474 377 1553540526591 
512 472 376 1553540526608 
512 470 374 1553540526624 
512 469 373 1553540526641 
512 468 372 1553540526657 
512 468 371 1553540526725 
513 468 371 1553540526810 
512 468 371 1553540526842 
514 468 371 1553540526943 
512 470 371 1553540527058 
512 471 372 1553540527075 
512 475 373 1553540527091 
512 483 375 1553540527107 
512 493 377 1553540527125 
512 503 380 1553540527143 
512 512 383 1553540527158 
512 523 386 1553540527176 
512 527 387 1553540527191 
512 530 388 1553540527208 
512 535 391 1553540527224 
512 543 406 1553540527241 
512 545 429 1553540527258 
512 545 464 1553540527275 
512 545 500 1553540527291 
512 544 528 1553540527308 
512 543 551 1553540527325 
512 542 570 1553540527341 
512 542 579 1553540527358 
512 544 588 1553540527375 
512 548 600 1553540527391 
512 550 608 1553540527407 
512 551 617 1553540527425 
512 551 625 1553540527443 
512 551 630 1553540527458 
512 551 634 1553540527474 
512 552 635 1553540527492 
512 552 636 1553540527507 
512 552 637 1553540527559 
512 552 638 1553540527591 
512 552 639 1553540527742 
512 553 639 1553540527775 
512 553 640 1553540527785 
513 553 640 1553540527786 
512 553 640 1553540527808 
514 553 640 1553540527894 
512 556 640 1553540527924 
512 560 640 1553540527941 
512 566 640 1553540527958 
512 576 640 1553540527976 
512 585 637 1553540527991 
512 597 635 1553540528008 
512 608 630 1553540528025 
512 618 624 1553540528041 
512 626 619 1553540528058 
512 632 615 1553540528076 
512 637 609 1553540528091 
512 645 601 1553540528109 
512 652 592 1553540528125 
512 664 577 1553540528142 
512 676 561 1553540528158 
512 688 537 1553540528175 
512 692 520 1553540528192 
512 693 503 1553540528208 
512 693 483 1553540528226 
512 693 460 1553540528241 
512 693 435 1553540528259 
512 693 409 1553540528275 
512 694 382 1553540528291 
512 694 357 1553540528308 
512 694 334 1553540528326 
512 694 315 1553540528342 
512 696 296 1553540528358 
512 698 282 1553540528374 
512 700 270 1553540528393 
512 702 265 1553540528408 
512 703 260 1553540528425 
512 705 257 1553540528442 
512 707 253 1553540528458 
512 710 247 1553540528475 
512 715 239 1553540528491 
512 717 232 1553540528508 
512 718 228 1553540528524 
512 718 224 1553540528541 
512 718 220 1553540528558 
512 715 216 1553540528574 
512 712 209 1553540528591 
512 711 207 1553540528608 
512 710 204 1553540528624 
512 709 202 1553540528642 
512 709 201 1553540528658 
512 708 201 1553540528674 
512 706 201 1553540528692 
512 706 202 1553540528875 
513 706 202 1553540528968 
512 706 202 1553540528991 
514 706 202 1553540529063 
