512 699 206 1553607859686 
512 700 210 1553607859703 
512 702 216 1553607859720 
512 705 224 1553607859737 
512 711 239 1553607859756 
512 715 253 1553607859772 
512 720 268 1553607859789 
512 724 287 1553607859805 
512 727 310 1553607859822 
512 730 333 1553607859838 
512 735 359 1553607859854 
512 740 382 1553607859871 
512 748 401 1553607859888 
512 755 417 1553607859904 
512 763 430 1553607859920 
512 772 446 1553607859937 
512 783 468 1553607859954 
512 806 514 1553607859971 
512 817 548 1553607859987 
512 825 571 1553607860004 
512 830 585 1553607860020 
512 833 592 1553607860037 
512 835 593 1553607860054 
512 837 593 1553607860104 
512 838 595 1553607860121 
512 840 599 1553607860137 
512 841 602 1553607860154 
512 841 607 1553607860170 
512 841 618 1553607860187 
512 841 627 1553607860204 
512 841 638 1553607860221 
512 841 644 1553607860237 
512 841 647 1553607860254 
512 841 648 1553607860271 
513 841 648 1553607860499 
514 841 648 1553607860578 
512 841 646 1553607860670 
512 841 643 1553607860687 
512 842 638 1553607860703 
512 842 633 1553607860720 
512 842 627 1553607860737 
512 842 620 1553607860753 
512 842 612 1553607860770 
512 842 594 1553607860787 
512 842 581 1553607860803 
512 843 575 1553607860820 
512 844 573 1553607860837 
512 840 573 1553607860887 
512 821 578 1553607860903 
512 792 581 1553607860920 
512 738 581 1553607860937 
512 675 581 1553607860953 
512 634 575 1553607860970 
512 595 558 1553607860987 
512 576 546 1553607861003 
512 559 533 1553607861021 
512 550 524 1553607861037 
512 542 513 1553607861054 
512 536 504 1553607861070 
512 530 492 1553607861087 
512 525 478 1553607861104 
512 521 463 1553607861120 
512 517 449 1553607861137 
512 516 435 1553607861153 
512 516 422 1553607861170 
512 515 407 1553607861187 
512 515 399 1553607861203 
512 513 393 1553607861220 
512 510 388 1553607861236 
512 508 384 1553607861253 
512 505 380 1553607861270 
512 499 378 1553607861286 
512 494 376 1553607861303 
512 490 375 1553607861320 
512 487 374 1553607861337 
512 483 373 1553607861358 
512 481 373 1553607861371 
512 475 373 1553607861387 
512 473 373 1553607861403 
512 472 373 1553607861420 
513 472 373 1553607861612 
514 472 373 1553607861707 
512 475 373 1553607861720 
512 479 376 1553607861737 
512 487 380 1553607861753 
512 493 382 1553607861770 
512 507 388 1553607861787 
512 517 391 1553607861803 
512 531 396 1553607861820 
512 548 402 1553607861837 
512 566 407 1553607861853 
512 584 411 1553607861869 
512 595 414 1553607861887 
512 601 415 1553607861903 
512 602 415 1553607861920 
512 603 415 1553607862003 
512 606 410 1553607862020 
512 613 395 1553607862037 
512 623 378 1553607862053 
512 634 360 1553607862071 
512 645 340 1553607862087 
512 653 322 1553607862103 
512 663 303 1553607862120 
512 666 291 1553607862137 
512 667 282 1553607862153 
512 667 276 1553607862170 
512 667 271 1553607862187 
512 667 266 1553607862203 
512 667 260 1553607862220 
512 667 255 1553607862237 
512 667 252 1553607862253 
512 669 247 1553607862270 
512 671 242 1553607862286 
512 675 236 1553607862303 
512 678 231 1553607862320 
512 679 226 1553607862337 
512 680 222 1553607862353 
512 682 218 1553607862370 
512 685 210 1553607862387 
512 688 206 1553607862403 
512 689 204 1553607862420 
512 689 203 1553607862453 
512 691 203 1553607862570 
512 695 203 1553607862587 
512 697 203 1553607862603 
512 698 203 1553607862620 
513 698 203 1553607862740 
514 698 203 1553607862866 
512 698 208 1553607862920 
512 698 213 1553607862937 
512 698 219 1553607862953 
512 699 226 1553607862970 
512 702 245 1553607862987 
512 704 262 1553607863003 
512 707 282 1553607863020 
512 709 303 1553607863037 
512 710 323 1553607863053 
512 714 340 1553607863070 
512 716 353 1553607863087 
512 721 363 1553607863103 
512 729 373 1553607863120 
512 743 381 1553607863137 
512 760 385 1553607863153 
512 782 385 1553607863170 
512 821 383 1553607863187 
512 848 378 1553607863203 
512 871 374 1553607863220 
512 890 371 1553607863236 
512 905 368 1553607863253 
512 916 367 1553607863270 
512 923 366 1553607863287 
512 930 365 1553607863304 
512 934 365 1553607863320 
512 937 364 1553607863336 
512 938 364 1553607863353 
512 939 364 1553607863386 
512 941 362 1553607863420 
512 946 361 1553607863437 
512 950 359 1553607863454 
512 951 358 1553607863470 
512 950 357 1553607863537 
512 949 357 1553607863570 
512 948 357 1553607863587 
512 942 360 1553607863637 
512 926 371 1553607863654 
512 910 382 1553607863670 
512 899 391 1553607863687 
512 897 393 1553607863704 
512 901 389 1553607863920 
512 906 384 1553607863937 
512 911 379 1553607863954 
512 914 377 1553607863970 
512 915 376 1553607863987 
512 916 375 1553607864021 
512 919 374 1553607864037 
512 922 373 1553607864054 
512 925 371 1553607864070 
512 926 371 1553607864090 
513 926 371 1553607864251 
514 926 371 1553607864387 
512 922 376 1553607864470 
512 917 381 1553607864487 
512 911 391 1553607864503 
512 903 403 1553607864520 
512 898 413 1553607864537 
512 893 426 1553607864553 
512 890 435 1553607864570 
512 889 440 1553607864586 
512 888 441 1553607864603 
512 882 448 1553607864653 
512 860 466 1553607864670 
512 813 502 1553607864687 
512 745 550 1553607864704 
512 672 599 1553607864720 
512 600 641 1553607864736 
512 556 669 1553607864753 
512 544 677 1553607864770 
512 543 677 1553607864786 
512 542 677 1553607864853 
512 541 676 1553607864887 
512 540 674 1553607864903 
512 539 673 1553607864920 
512 539 671 1553607864937 
512 539 668 1553607864953 
512 539 666 1553607864970 
512 540 663 1553607864987 
512 541 661 1553607865004 
512 542 660 1553607865020 
512 545 657 1553607865037 
512 547 655 1553607865054 
512 549 651 1553607865071 
512 553 647 1553607865087 
512 555 644 1553607865104 
512 555 643 1553607865120 
513 555 643 1553607865275 
514 555 643 1553607865378 
512 559 644 1553607865420 
512 564 644 1553607865437 
512 570 644 1553607865453 
512 577 642 1553607865470 
512 586 639 1553607865487 
512 593 634 1553607865504 
512 597 631 1553607865520 
512 598 630 1553607865537 
512 598 629 1553607865554 
512 598 628 1553607865570 
512 598 622 1553607865587 
512 598 615 1553607865603 
512 598 604 1553607865620 
512 606 587 1553607865637 
512 623 569 1553607865653 
512 640 554 1553607865670 
512 650 548 1553607865687 
512 653 546 1553607865703 
512 654 546 1553607865720 
512 659 554 1553607865737 
512 668 565 1553607865753 
512 685 586 1553607865772 
512 698 597 1553607865790 
512 711 607 1553607865807 
512 724 617 1553607865821 
512 740 625 1553607865835 
512 755 632 1553607865852 
512 767 637 1553607865869 
512 780 642 1553607865885 
512 790 645 1553607865902 
512 799 646 1553607865919 
512 804 646 1553607865935 
512 806 645 1553607865952 
512 807 645 1553607865969 
512 808 644 1553607865986 
512 810 642 1553607866052 
512 815 638 1553607866068 
512 818 636 1553607866085 
512 823 634 1553607866102 
512 824 634 1553607866119 
512 825 634 1553607866135 
512 826 634 1553607866168 
512 827 634 1553607866186 
512 828 635 1553607866203 
512 831 636 1553607866219 
512 832 636 1553607866235 
512 832 637 1553607866253 
512 833 637 1553607866269 
512 834 637 1553607866336 
512 834 638 1553607866352 
512 837 639 1553607866368 
512 839 641 1553607866385 
512 840 642 1553607866402 
513 840 642 1553607866589 
514 840 642 1553607866659 
512 836 637 1553607866803 
512 829 630 1553607866819 
512 819 620 1553607866836 
512 815 611 1553607866852 
512 810 600 1553607866869 
512 807 589 1553607866886 
512 806 578 1553607866902 
512 807 566 1553607866919 
512 815 557 1553607866936 
512 822 548 1553607866952 
512 830 541 1553607866968 
512 835 536 1553607866985 
512 845 524 1553607867001 
512 878 485 1553607867018 
512 916 437 1553607867035 
512 944 394 1553607867052 
512 957 367 1553607867068 
512 960 355 1553607867085 
512 960 351 1553607867102 
512 960 349 1553607867118 
512 958 349 1553607867135 
512 958 348 1553607867168 
512 956 347 1553607867219 
512 953 347 1553607867235 
512 949 347 1553607867252 
512 945 349 1553607867268 
512 937 353 1553607867285 
512 932 357 1553607867302 
512 929 360 1553607867318 
512 926 362 1553607867335 
512 924 364 1553607867352 
512 923 365 1553607867368 
512 923 366 1553607867385 
512 925 367 1553607867552 
512 926 368 1553607867569 
512 927 369 1553607867585 
512 927 370 1553607867618 
512 927 372 1553607867635 
512 927 373 1553607867652 
512 927 374 1553607867668 
512 927 375 1553607867685 
512 926 375 1553607867735 
513 926 375 1553607867780 
514 926 375 1553607867907 
512 925 375 1553607867985 
512 914 381 1553607868002 
512 895 391 1553607868018 
512 850 415 1553607868035 
512 825 429 1553607868052 
512 810 439 1553607868068 
512 802 445 1553607868085 
512 798 449 1553607868102 
512 789 455 1553607868118 
512 777 464 1553607868135 
512 761 473 1553607868152 
512 751 477 1553607868168 
512 745 480 1553607868185 
512 738 480 1553607868202 
512 725 480 1553607868219 
512 706 479 1553607868236 
512 696 476 1553607868252 
512 685 472 1553607868268 
512 675 467 1553607868285 
512 662 462 1553607868302 
512 645 455 1553607868318 
512 628 448 1553607868335 
512 616 440 1553607868352 
512 601 429 1553607868368 
512 589 420 1553607868385 
512 576 412 1553607868402 
512 556 400 1553607868418 
512 545 395 1553607868435 
512 535 391 1553607868452 
512 526 389 1553607868468 
512 517 386 1553607868485 
512 507 384 1553607868502 
512 500 383 1553607868518 
512 496 382 1553607868535 
512 493 381 1553607868551 
512 492 380 1553607868568 
512 491 379 1553607868651 
512 489 378 1553607868668 
512 486 377 1553607868685 
512 484 377 1553607868702 
512 483 376 1553607868718 
512 481 375 1553607868735 
512 480 375 1553607868752 
512 479 374 1553607868769 
512 478 374 1553607868785 
512 476 374 1553607868802 
512 474 374 1553607868818 
512 473 374 1553607868835 
513 473 374 1553607868963 
514 473 374 1553607869098 
512 477 375 1553607869135 
512 481 378 1553607869152 
512 486 382 1553607869168 
512 494 391 1553607869185 
512 504 401 1553607869202 
512 514 414 1553607869218 
512 529 437 1553607869235 
512 539 457 1553607869252 
512 554 476 1553607869268 
512 571 495 1553607869285 
512 587 507 1553607869302 
512 604 515 1553607869318 
512 620 518 1553607869335 
512 632 519 1553607869352 
512 637 519 1553607869368 
512 638 519 1553607869385 
512 637 523 1553607869402 
512 623 536 1553607869418 
512 581 573 1553607869435 
512 557 602 1553607869452 
512 545 622 1553607869468 
512 540 632 1553607869485 
512 539 635 1553607869502 
512 539 636 1553607869618 
512 540 637 1553607869652 
512 542 638 1553607869668 
512 547 641 1553607869686 
512 553 643 1553607869703 
512 561 646 1553607869719 
512 568 648 1553607869736 
512 570 649 1553607869752 
512 572 649 1553607869769 
512 569 649 1553607870002 
512 565 649 1553607870018 
512 561 648 1553607870036 
512 560 647 1553607870052 
512 559 647 1553607870068 
512 559 646 1553607870085 
512 558 646 1553607870152 
512 556 645 1553607870169 
513 556 645 1553607870283 
512 558 645 1553607870435 
514 558 645 1553607870442 
512 559 645 1553607870452 
512 563 645 1553607870468 
512 569 645 1553607870485 
512 577 644 1553607870501 
512 588 642 1553607870518 
512 597 639 1553607870535 
512 607 633 1553607870552 
512 611 629 1553607870568 
512 613 624 1553607870585 
512 614 619 1553607870602 
512 618 607 1553607870618 
512 623 596 1553607870635 
512 629 580 1553607870652 
512 635 563 1553607870668 
512 643 542 1553607870685 
512 653 517 1553607870702 
512 667 483 1553607870718 
512 678 450 1553607870735 
512 683 411 1553607870752 
512 683 370 1553607870768 
512 683 328 1553607870785 
512 683 289 1553607870802 
512 693 244 1553607870818 
512 703 205 1553607870835 
512 707 187 1553607870852 
512 708 179 1553607870868 
512 708 175 1553607870885 
512 709 175 1553607870902 
512 710 173 1553607870918 
512 712 171 1553607870935 
512 713 170 1553607870952 
512 714 170 1553607870985 
512 709 170 1553607871018 
512 705 173 1553607871035 
512 702 175 1553607871052 
512 699 180 1553607871068 
512 696 185 1553607871085 
512 694 189 1553607871102 
512 693 191 1553607871118 
512 693 193 1553607871135 
512 692 196 1553607871152 
512 691 199 1553607871168 
512 691 203 1553607871185 
512 691 204 1553607871202 
512 691 205 1553607871218 
512 691 206 1553607871235 
512 692 206 1553607871318 
512 695 206 1553607871351 
512 696 206 1553607871368 
512 696 207 1553607871402 
512 697 207 1553607871418 
513 697 207 1553607871499 
514 697 207 1553607871634 
