512 697 211 1553607871685 
512 697 217 1553607871701 
512 697 225 1553607871718 
512 699 235 1553607871735 
512 704 249 1553607871752 
512 712 265 1553607871768 
512 722 284 1553607871785 
512 730 305 1553607871802 
512 741 341 1553607871818 
512 749 364 1553607871835 
512 755 382 1553607871852 
512 763 396 1553607871868 
512 767 402 1553607871885 
512 770 406 1553607871902 
512 772 408 1553607871918 
512 776 413 1553607871935 
512 781 422 1553607871952 
512 786 436 1553607871968 
512 791 456 1553607871985 
512 797 477 1553607872002 
512 803 512 1553607872018 
512 808 534 1553607872035 
512 812 553 1553607872052 
512 816 571 1553607872068 
512 819 586 1553607872085 
512 822 600 1553607872101 
512 826 611 1553607872118 
512 828 617 1553607872135 
512 830 621 1553607872152 
512 831 622 1553607872168 
512 831 623 1553607872218 
512 832 623 1553607872352 
512 835 623 1553607872368 
512 836 623 1553607872385 
512 837 625 1553607872418 
512 837 626 1553607872435 
512 837 628 1553607872452 
512 837 630 1553607872468 
512 838 632 1553607872485 
512 839 634 1553607872502 
512 841 639 1553607872518 
512 842 644 1553607872535 
512 844 648 1553607872552 
512 844 649 1553607872568 
512 845 650 1553607872585 
512 845 649 1553607872685 
512 845 648 1553607872719 
512 845 647 1553607872752 
512 844 646 1553607872768 
512 844 645 1553607872785 
512 844 643 1553607872802 
512 844 642 1553607872818 
513 844 642 1553607872915 
514 844 642 1553607873034 
512 839 642 1553607873119 
512 832 639 1553607873135 
512 822 636 1553607873152 
512 813 634 1553607873168 
512 799 631 1553607873185 
512 787 627 1553607873202 
512 766 621 1553607873219 
512 752 615 1553607873235 
512 735 607 1553607873252 
512 707 597 1553607873268 
512 662 582 1553607873285 
512 614 562 1553607873302 
512 575 540 1553607873318 
512 544 517 1553607873335 
512 523 497 1553607873352 
512 504 475 1553607873368 
512 487 455 1553607873385 
512 473 437 1553607873402 
512 457 414 1553607873419 
512 448 402 1553607873435 
512 440 391 1553607873452 
512 430 382 1553607873469 
512 421 373 1553607873485 
512 413 367 1553607873502 
512 411 364 1553607873518 
512 410 360 1553607873535 
512 410 358 1553607873552 
512 413 354 1553607873568 
512 419 350 1553607873585 
512 423 348 1553607873602 
512 426 347 1553607873618 
512 430 347 1553607873636 
512 434 347 1553607873652 
512 439 350 1553607873669 
512 445 353 1553607873685 
512 449 357 1553607873702 
512 453 360 1553607873719 
512 457 363 1553607873735 
512 459 366 1553607873752 
512 460 367 1553607873768 
512 461 368 1553607873868 
512 462 369 1553607873885 
512 463 370 1553607873902 
512 464 370 1553607873935 
512 465 370 1553607874002 
512 466 370 1553607874019 
512 466 371 1553607874036 
512 467 371 1553607874052 
512 468 372 1553607874068 
513 468 372 1553607874140 
514 468 372 1553607874258 
512 469 374 1553607874285 
512 468 377 1553607874302 
512 454 378 1553607874318 
512 439 377 1553607874335 
512 426 368 1553607874351 
512 419 360 1553607874368 
512 413 349 1553607874385 
512 407 341 1553607874402 
512 399 336 1553607874418 
512 391 332 1553607874435 
512 388 325 1553607874452 
512 389 319 1553607874468 
512 391 317 1553607874485 
512 391 316 1553607874502 
512 395 316 1553607874552 
512 408 317 1553607874568 
512 424 317 1553607874585 
512 443 311 1553607874601 
512 474 294 1553607874618 
512 501 274 1553607874635 
512 526 254 1553607874651 
512 540 242 1553607874668 
512 546 237 1553607874685 
512 548 235 1553607874702 
512 551 234 1553607874718 
512 555 231 1553607874735 
512 566 224 1553607874752 
512 575 218 1553607874769 
512 585 215 1553607874785 
512 593 213 1553607874802 
512 604 213 1553607874819 
512 610 213 1553607874835 
512 624 213 1553607874852 
512 640 214 1553607874868 
512 658 214 1553607874885 
512 672 214 1553607874902 
512 679 214 1553607874918 
512 681 214 1553607874935 
512 682 214 1553607874952 
512 682 215 1553607875135 
512 684 215 1553607875152 
512 689 214 1553607875169 
512 695 214 1553607875185 
512 697 214 1553607875202 
512 699 213 1553607875218 
512 700 213 1553607875285 
512 701 213 1553607875318 
513 701 213 1553607875443 
514 701 213 1553607875587 
512 701 222 1553607875635 
512 702 232 1553607875652 
512 703 246 1553607875668 
512 706 260 1553607875685 
512 709 276 1553607875702 
512 714 295 1553607875718 
512 719 316 1553607875735 
512 723 339 1553607875752 
512 728 360 1553607875768 
512 729 381 1553607875785 
512 729 395 1553607875801 
512 729 405 1553607875818 
512 730 416 1553607875835 
512 733 424 1553607875852 
512 741 434 1553607875868 
512 754 444 1553607875885 
512 771 450 1553607875902 
512 791 452 1553607875918 
512 811 452 1553607875935 
512 829 446 1553607875952 
512 846 437 1553607875968 
512 856 430 1553607875985 
512 861 425 1553607876002 
512 872 414 1553607876019 
512 881 406 1553607876035 
512 894 394 1553607876052 
512 906 385 1553607876068 
512 915 380 1553607876085 
512 922 376 1553607876102 
512 925 376 1553607876118 
512 926 375 1553607876135 
512 928 375 1553607876152 
512 929 375 1553607876168 
512 930 375 1553607876218 
513 930 375 1553607876395 
514 930 375 1553607876514 
512 927 378 1553607876585 
512 920 387 1553607876603 
512 907 405 1553607876618 
512 898 419 1553607876635 
512 891 435 1553607876651 
512 885 447 1553607876669 
512 878 458 1553607876685 
512 873 466 1553607876702 
512 870 468 1553607876718 
512 869 469 1553607876735 
512 868 470 1553607876785 
512 859 481 1553607876802 
512 839 497 1553607876818 
512 753 550 1553607876835 
512 698 590 1553607876852 
512 665 615 1553607876868 
512 646 625 1553607876885 
512 637 628 1553607876902 
512 634 629 1553607876919 
512 630 631 1553607876935 
512 627 632 1553607876952 
512 625 634 1553607876968 
512 620 637 1553607876985 
512 615 641 1553607877002 
512 609 644 1553607877018 
512 608 644 1553607877118 
512 603 644 1553607877135 
512 597 644 1553607877152 
512 592 644 1553607877168 
512 587 646 1553607877185 
512 580 647 1553607877202 
512 571 648 1553607877218 
512 568 649 1553607877235 
512 564 649 1553607877251 
512 562 649 1553607877268 
512 560 649 1553607877285 
512 559 648 1553607877302 
512 558 647 1553607877318 
512 557 646 1553607877335 
512 556 645 1553607877352 
512 559 645 1553607877485 
512 560 645 1553607877502 
512 560 644 1553607877518 
513 560 644 1553607877667 
514 560 644 1553607877794 
512 561 644 1553607877868 
512 569 634 1553607877885 
512 580 622 1553607877901 
512 589 610 1553607877918 
512 597 596 1553607877935 
512 607 578 1553607877952 
512 615 560 1553607877968 
512 625 538 1553607877985 
512 636 511 1553607878002 
512 648 481 1553607878019 
512 661 430 1553607878035 
512 664 404 1553607878052 
512 670 378 1553607878068 
512 674 363 1553607878085 
512 675 360 1553607878102 
512 676 360 1553607878118 
512 678 364 1553607878135 
512 683 375 1553607878152 
512 688 386 1553607878168 
512 693 401 1553607878185 
512 699 415 1553607878202 
512 711 442 1553607878219 
512 720 465 1553607878235 
512 730 490 1553607878252 
512 740 513 1553607878269 
512 750 537 1553607878285 
512 760 556 1553607878302 
512 769 571 1553607878318 
512 777 582 1553607878335 
512 786 590 1553607878352 
512 792 596 1553607878368 
512 796 601 1553607878385 
512 798 603 1553607878402 
512 799 604 1553607878418 
512 799 605 1553607878485 
512 800 605 1553607878535 
512 804 605 1553607878552 
512 807 606 1553607878569 
512 810 607 1553607878585 
512 812 608 1553607878602 
512 814 611 1553607878619 
512 819 615 1553607878635 
512 824 619 1553607878652 
512 827 623 1553607878668 
512 830 626 1553607878685 
512 833 628 1553607878702 
512 834 629 1553607878718 
512 836 631 1553607878819 
512 838 635 1553607878835 
512 840 638 1553607878852 
513 840 638 1553607879092 
514 840 638 1553607879203 
512 840 637 1553607879352 
512 838 633 1553607879369 
512 836 628 1553607879385 
512 832 621 1553607879402 
512 821 606 1553607879419 
512 815 592 1553607879435 
512 813 577 1553607879452 
512 817 556 1553607879468 
512 836 529 1553607879485 
512 864 501 1553607879502 
512 884 480 1553607879518 
512 893 468 1553607879535 
512 896 463 1553607879552 
512 897 460 1553607879569 
512 899 455 1553607879585 
512 904 447 1553607879602 
512 911 435 1553607879618 
512 915 424 1553607879635 
512 916 420 1553607879651 
512 916 419 1553607879668 
512 916 418 1553607879685 
512 916 417 1553607879701 
512 916 416 1553607879718 
512 917 412 1553607879735 
512 919 406 1553607879752 
512 923 398 1553607879768 
512 928 390 1553607879785 
512 931 383 1553607879802 
512 933 380 1553607879819 
512 933 379 1553607879835 
512 933 378 1553607879868 
512 933 377 1553607879885 
512 934 375 1553607879902 
512 934 374 1553607879918 
512 934 373 1553607879985 
512 933 373 1553607880002 
513 933 373 1553607880091 
514 933 373 1553607880250 
512 931 373 1553607880285 
512 920 382 1553607880302 
512 903 394 1553607880318 
512 881 409 1553607880335 
512 857 424 1553607880352 
512 841 436 1553607880368 
512 831 442 1553607880385 
512 825 444 1553607880402 
512 820 445 1553607880419 
512 818 446 1553607880435 
512 817 446 1553607880452 
512 815 446 1553607880468 
512 812 446 1553607880485 
512 805 450 1553607880502 
512 791 459 1553607880518 
512 769 472 1553607880535 
512 745 488 1553607880552 
512 723 502 1553607880568 
512 695 511 1553607880585 
512 645 512 1553607880602 
512 523 500 1553607880618 
512 428 471 1553607880635 
512 339 433 1553607880651 
512 276 390 1553607880668 
512 237 358 1553607880685 
512 221 340 1553607880702 
512 218 335 1553607880718 
512 218 333 1553607880735 
512 221 332 1553607880752 
512 231 331 1553607880768 
512 246 330 1553607880785 
512 262 329 1553607880803 
512 295 329 1553607880818 
512 320 329 1553607880835 
512 352 331 1553607880852 
512 384 335 1553607880868 
512 409 339 1553607880885 
512 425 344 1553607880902 
512 433 350 1553607880918 
512 436 353 1553607880935 
512 436 357 1553607880952 
512 437 360 1553607880968 
512 437 365 1553607880985 
512 437 370 1553607881002 
512 437 375 1553607881018 
512 437 376 1553607881035 
512 441 379 1553607881135 
512 452 384 1553607881152 
512 461 388 1553607881168 
512 466 391 1553607881185 
512 468 391 1553607881202 
512 469 391 1553607881218 
512 470 391 1553607881285 
512 471 389 1553607881302 
512 472 387 1553607881318 
512 473 387 1553607881335 
512 473 386 1553607881352 
512 473 385 1553607881368 
512 474 384 1553607881385 
512 475 381 1553607881402 
512 477 377 1553607881418 
512 479 371 1553607881435 
512 480 368 1553607881452 
512 479 368 1553607881585 
512 475 368 1553607881652 
512 473 369 1553607881668 
512 471 369 1553607881685 
512 469 371 1553607881702 
512 467 372 1553607881718 
513 467 372 1553607881827 
514 467 372 1553607881978 
512 457 367 1553607882018 
512 400 352 1553607882035 
512 347 343 1553607882051 
512 317 335 1553607882068 
512 312 333 1553607882085 
512 312 320 1553607882151 
512 318 311 1553607882168 
512 327 306 1553607882185 
512 332 304 1553607882202 
512 335 304 1553607882235 
512 340 304 1553607882252 
512 361 311 1553607882268 
512 402 347 1553607882285 
512 445 410 1553607882302 
512 481 496 1553607882318 
512 498 576 1553607882335 
512 501 631 1553607882352 
512 498 663 1553607882369 
512 495 675 1553607882385 
512 495 676 1553607882402 
512 495 680 1553607882435 
512 502 690 1553607882452 
512 512 700 1553607882468 
512 524 710 1553607882485 
512 531 715 1553607882502 
512 538 718 1553607882518 
512 544 721 1553607882535 
512 552 722 1553607882552 
512 563 724 1553607882569 
512 574 724 1553607882585 
512 579 724 1553607882602 
512 581 723 1553607882618 
512 581 720 1553607882635 
512 581 713 1553607882652 
512 581 706 1553607882668 
512 581 697 1553607882685 
512 579 689 1553607882702 
512 576 681 1553607882718 
512 573 676 1553607882735 
512 569 670 1553607882752 
512 564 668 1553607882768 
512 561 667 1553607882785 
512 560 667 1553607882802 
512 559 664 1553607882918 
512 559 659 1553607882935 
512 562 652 1553607882952 
512 565 648 1553607882968 
512 565 645 1553607882985 
512 566 645 1553607883002 
512 566 644 1553607883018 
512 566 643 1553607883052 
512 566 642 1553607883068 
512 566 640 1553607883085 
512 566 638 1553607883102 
512 566 637 1553607883118 
512 565 636 1553607883135 
512 564 635 1553607883152 
512 563 635 1553607883202 
513 563 635 1553607883283 
514 563 635 1553607883410 
512 567 635 1553607883485 
512 569 635 1553607883502 
512 572 635 1553607883519 
512 573 635 1553607883535 
512 575 634 1553607883552 
512 579 634 1553607883569 
512 587 630 1553607883586 
512 601 625 1553607883603 
512 626 615 1553607883619 
512 641 609 1553607883635 
512 653 607 1553607883652 
512 666 602 1553607883668 
512 681 595 1553607883685 
512 698 587 1553607883702 
512 717 576 1553607883719 
512 728 568 1553607883735 
512 729 567 1553607883752 
512 720 570 1553607883786 
512 695 584 1553607883803 
512 676 601 1553607883819 
512 666 609 1553607883835 
512 659 615 1553607883852 
512 651 622 1553607883869 
512 631 633 1553607883885 
512 601 651 1553607883902 
512 578 665 1553607883919 
512 572 669 1553607883935 
512 570 669 1553607883952 
512 568 669 1553607884052 
512 564 667 1553607884069 
512 560 666 1553607884085 
512 556 665 1553607884102 
512 556 664 1553607884135 
512 556 663 1553607884152 
512 556 660 1553607884169 
512 556 658 1553607884186 
512 556 657 1553607884202 
512 556 654 1553607884219 
512 556 653 1553607884252 
512 557 651 1553607884285 
512 557 650 1553607884302 
512 558 650 1553607884319 
512 558 649 1553607884335 
512 559 647 1553607884369 
512 560 646 1553607884386 
513 560 646 1553607884475 
514 560 646 1553607884619 
512 561 646 1553607884652 
512 567 646 1553607884669 
512 575 646 1553607884685 
512 586 642 1553607884702 
512 599 637 1553607884718 
512 612 631 1553607884735 
512 625 625 1553607884752 
512 638 619 1553607884769 
512 646 615 1553607884785 
512 649 614 1553607884803 
512 650 613 1553607884819 
512 654 608 1553607884852 
512 661 596 1553607884868 
512 671 579 1553607884885 
512 680 554 1553607884902 
512 689 517 1553607884919 
512 696 472 1553607884935 
512 704 423 1553607884952 
512 707 367 1553607884969 
512 707 313 1553607884986 
512 707 258 1553607885002 
512 702 185 1553607885019 
512 698 152 1553607885035 
512 698 134 1553607885052 
512 698 129 1553607885069 
512 699 129 1553607885236 
512 702 138 1553607885252 
512 704 148 1553607885269 
512 704 157 1553607885285 
512 704 166 1553607885302 
512 704 172 1553607885319 
512 705 177 1553607885335 
512 706 180 1553607885352 
512 706 181 1553607885369 
512 706 183 1553607885386 
512 706 185 1553607885403 
512 706 188 1553607885419 
512 707 192 1553607885435 
512 707 193 1553607885518 
512 704 199 1553607885552 
512 699 206 1553607885569 
512 695 213 1553607885586 
512 693 217 1553607885603 
512 692 217 1553607885619 
512 692 218 1553607885635 
512 692 216 1553607885835 
512 692 214 1553607885852 
512 692 213 1553607885869 
512 692 212 1553607885902 
512 693 212 1553607885969 
512 694 211 1553607885986 
512 695 210 1553607886002 
512 695 209 1553607886019 
513 695 209 1553607886067 
514 695 209 1553607886219 
