512 703 210 1553607934203 
512 705 221 1553607934220 
512 709 230 1553607934236 
512 713 245 1553607934253 
512 716 264 1553607934270 
512 718 289 1553607934286 
512 718 320 1553607934303 
512 718 348 1553607934319 
512 718 373 1553607934336 
512 721 390 1553607934353 
512 728 399 1553607934370 
512 735 405 1553607934386 
512 741 407 1553607934403 
512 747 412 1553607934420 
512 754 421 1553607934436 
512 762 437 1553607934453 
512 767 457 1553607934470 
512 772 483 1553607934486 
512 776 511 1553607934502 
512 783 534 1553607934519 
512 789 552 1553607934536 
512 795 562 1553607934552 
512 798 568 1553607934569 
512 799 571 1553607934586 
512 799 573 1553607934603 
512 799 580 1553607934619 
512 799 587 1553607934636 
512 801 595 1553607934652 
512 803 603 1553607934669 
512 807 609 1553607934686 
512 812 615 1553607934702 
512 816 618 1553607934719 
512 820 619 1553607934736 
512 821 619 1553607934769 
512 821 620 1553607934819 
512 822 621 1553607934836 
512 823 621 1553607934853 
512 825 623 1553607934936 
512 827 626 1553607934953 
512 829 629 1553607934970 
512 832 635 1553607934986 
512 835 641 1553607935003 
512 839 647 1553607935019 
512 842 651 1553607935036 
512 842 650 1553607935103 
512 842 649 1553607935120 
512 842 648 1553607935136 
512 842 647 1553607935169 
512 842 646 1553607935203 
512 842 645 1553607935219 
512 842 644 1553607935236 
512 842 642 1553607935252 
512 842 641 1553607935269 
512 842 640 1553607935286 
513 842 640 1553607935324 
514 842 640 1553607935459 
512 842 639 1553607935570 
512 840 635 1553607935586 
512 840 631 1553607935603 
512 837 622 1553607935619 
512 835 616 1553607935635 
512 833 606 1553607935652 
512 832 591 1553607935669 
512 826 574 1553607935686 
512 815 554 1553607935702 
512 793 536 1553607935719 
512 751 514 1553607935736 
512 687 490 1553607935753 
512 598 477 1553607935769 
512 521 471 1553607935786 
512 490 470 1553607935803 
512 478 468 1553607935820 
512 474 466 1553607935836 
512 473 464 1553607935869 
512 473 461 1553607935886 
512 472 459 1553607935902 
512 472 453 1553607935919 
512 472 448 1553607935936 
512 472 441 1553607935953 
512 474 431 1553607935969 
512 482 418 1553607935986 
512 489 407 1553607936003 
512 496 396 1553607936019 
512 496 395 1553607936036 
512 496 393 1553607936052 
512 496 392 1553607936069 
512 496 390 1553607936086 
512 495 388 1553607936102 
512 494 385 1553607936119 
512 492 381 1553607936136 
512 490 378 1553607936152 
512 487 374 1553607936169 
512 483 370 1553607936186 
512 481 368 1553607936203 
512 480 368 1553607936219 
512 479 368 1553607936253 
512 478 369 1553607936386 
512 478 371 1553607936402 
512 477 371 1553607936436 
512 477 372 1553607936452 
512 476 372 1553607936486 
512 474 373 1553607936502 
512 473 373 1553607936519 
513 473 373 1553607936621 
514 473 373 1553607936707 
512 475 373 1553607936736 
512 481 375 1553607936752 
512 489 377 1553607936769 
512 501 379 1553607936786 
512 519 382 1553607936803 
512 550 386 1553607936819 
512 571 389 1553607936836 
512 591 393 1553607936852 
512 606 395 1553607936869 
512 619 397 1553607936886 
512 632 397 1553607936902 
512 640 397 1553607936919 
512 648 397 1553607936936 
512 651 395 1553607936953 
512 653 393 1553607936969 
512 657 386 1553607936986 
512 664 374 1553607937003 
512 677 350 1553607937019 
512 682 334 1553607937036 
512 683 321 1553607937052 
512 683 310 1553607937069 
512 682 300 1553607937086 
512 681 290 1553607937102 
512 681 282 1553607937119 
512 681 276 1553607937136 
512 681 272 1553607937152 
512 681 268 1553607937169 
512 681 265 1553607937186 
512 681 261 1553607937203 
512 682 253 1553607937219 
512 689 236 1553607937236 
512 694 227 1553607937252 
512 697 221 1553607937269 
512 698 219 1553607937286 
512 699 218 1553607937303 
512 700 218 1553607937319 
512 700 217 1553607937336 
512 701 215 1553607937352 
512 705 211 1553607937369 
512 709 207 1553607937386 
512 709 206 1553607937419 
512 708 206 1553607937519 
513 708 206 1553607937682 
514 708 206 1553607937836 
512 708 207 1553607937903 
512 708 214 1553607937919 
512 708 220 1553607937936 
512 712 226 1553607937952 
512 715 233 1553607937969 
512 718 240 1553607937986 
512 722 247 1553607938002 
512 729 262 1553607938019 
512 734 274 1553607938036 
512 738 283 1553607938052 
512 741 291 1553607938069 
512 746 298 1553607938086 
512 757 309 1553607938102 
512 772 323 1553607938119 
512 793 340 1553607938136 
512 819 355 1553607938152 
512 850 370 1553607938169 
512 875 379 1553607938186 
512 900 381 1553607938219 
512 907 378 1553607938236 
512 911 375 1553607938252 
512 912 373 1553607938269 
512 913 372 1553607938286 
512 914 372 1553607938319 
512 916 371 1553607938369 
512 918 370 1553607938386 
512 919 369 1553607938403 
512 922 369 1553607938419 
512 925 369 1553607938436 
512 926 369 1553607938452 
512 927 370 1553607938469 
512 928 370 1553607938486 
512 929 371 1553607938502 
512 930 371 1553607938519 
513 930 371 1553607938643 
514 930 371 1553607938740 
512 929 373 1553607938786 
512 926 374 1553607938802 
512 923 374 1553607938819 
512 919 374 1553607938836 
512 913 374 1553607938852 
512 902 377 1553607938869 
512 893 382 1553607938886 
512 888 385 1553607938902 
512 886 386 1553607938919 
512 885 387 1553607938936 
512 884 389 1553607938969 
512 878 396 1553607938986 
512 855 417 1553607939003 
512 719 513 1553607939019 
512 615 589 1553607939036 
512 549 643 1553607939052 
512 517 669 1553607939069 
512 508 677 1553607939086 
512 507 678 1553607939119 
512 507 680 1553607939135 
512 503 685 1553607939152 
512 497 691 1553607939169 
512 489 701 1553607939186 
512 479 712 1553607939202 
512 468 723 1553607939219 
512 466 725 1553607939236 
512 468 725 1553607939369 
512 476 725 1553607939386 
512 483 719 1553607939403 
512 493 705 1553607939419 
512 499 693 1553607939435 
512 506 684 1553607939452 
512 513 673 1553607939469 
512 522 663 1553607939486 
512 528 657 1553607939503 
512 530 655 1553607939519 
512 532 655 1553607939685 
512 539 654 1553607939702 
512 545 652 1553607939719 
512 550 650 1553607939736 
512 555 648 1553607939752 
512 560 646 1553607939769 
512 561 645 1553607939786 
512 562 645 1553607939802 
512 563 645 1553607939869 
512 565 644 1553607939885 
512 565 643 1553607939902 
512 565 642 1553607939969 
513 565 642 1553607940010 
514 565 642 1553607940130 
512 565 639 1553607940152 
512 556 629 1553607940168 
512 538 619 1553607940185 
512 502 608 1553607940202 
512 451 602 1553607940219 
512 438 600 1553607940235 
512 437 600 1553607940302 
512 437 585 1553607940319 
512 436 574 1553607940336 
512 438 572 1553607940352 
512 440 570 1553607940369 
512 441 570 1553607940386 
512 447 570 1553607940402 
512 465 573 1553607940419 
512 494 577 1553607940435 
512 551 587 1553607940452 
512 621 602 1553607940469 
512 693 618 1553607940485 
512 752 631 1553607940502 
512 797 642 1553607940519 
512 825 647 1553607940536 
512 844 651 1553607940553 
512 857 653 1553607940569 
512 867 655 1553607940585 
512 877 658 1553607940602 
512 886 661 1553607940619 
512 888 661 1553607940635 
512 889 662 1553607940652 
512 890 662 1553607940685 
512 897 664 1553607940702 
512 915 669 1553607940719 
512 935 676 1553607940735 
512 943 680 1553607940752 
512 942 680 1553607940786 
512 924 675 1553607940802 
512 885 666 1553607940819 
512 879 663 1553607940835 
512 876 662 1553607940852 
512 875 661 1553607940869 
512 873 659 1553607940986 
512 873 657 1553607941002 
512 871 655 1553607941019 
512 861 651 1553607941035 
512 843 649 1553607941052 
512 836 649 1553607941069 
512 834 649 1553607941086 
512 833 649 1553607941102 
512 833 648 1553607941252 
512 834 648 1553607941269 
512 837 648 1553607941286 
512 839 647 1553607941302 
512 841 646 1553607941319 
512 842 646 1553607941335 
513 842 646 1553607941526 
514 842 646 1553607941642 
512 842 644 1553607941719 
512 839 640 1553607941736 
512 835 633 1553607941752 
512 833 624 1553607941769 
512 830 612 1553607941786 
512 826 600 1553607941802 
512 818 577 1553607941819 
512 809 559 1553607941835 
512 798 538 1553607941852 
512 788 516 1553607941869 
512 783 491 1553607941885 
512 786 472 1553607941902 
512 795 459 1553607941919 
512 803 453 1553607941935 
512 811 449 1553607941952 
512 816 449 1553607941969 
512 821 448 1553607941986 
512 829 448 1553607942003 
512 839 447 1553607942019 
512 860 442 1553607942036 
512 870 439 1553607942052 
512 875 437 1553607942069 
512 877 436 1553607942119 
512 882 433 1553607942135 
512 888 428 1553607942152 
512 895 423 1553607942169 
512 903 417 1553607942186 
512 910 411 1553607942202 
512 914 408 1553607942219 
512 916 406 1553607942235 
512 917 405 1553607942269 
512 920 400 1553607942286 
512 925 395 1553607942302 
512 930 389 1553607942319 
512 932 386 1553607942335 
512 932 385 1553607942519 
512 932 384 1553607942552 
512 931 382 1553607942569 
513 931 382 1553607942635 
514 931 382 1553607942772 
512 927 382 1553607942835 
512 924 382 1553607942852 
512 921 381 1553607942869 
512 919 379 1553607942886 
512 914 378 1553607942902 
512 909 375 1553607942919 
512 903 370 1553607942936 
512 896 364 1553607942952 
512 889 359 1553607942969 
512 881 354 1553607942986 
512 865 348 1553607943002 
512 807 337 1553607943019 
512 742 329 1553607943035 
512 706 321 1553607943052 
512 687 315 1553607943069 
512 671 314 1553607943086 
512 657 314 1553607943102 
512 642 318 1553607943119 
512 627 328 1553607943136 
512 610 344 1553607943153 
512 592 359 1553607943169 
512 577 373 1553607943186 
512 563 387 1553607943203 
512 546 400 1553607943219 
512 539 404 1553607943236 
512 534 406 1553607943252 
512 533 407 1553607943269 
512 532 407 1553607943286 
512 528 407 1553607943319 
512 521 406 1553607943336 
512 511 404 1553607943352 
512 501 402 1553607943369 
512 492 401 1553607943386 
512 490 400 1553607943403 
512 488 399 1553607943419 
512 488 397 1553607943436 
512 488 396 1553607943452 
512 488 395 1553607943469 
512 488 394 1553607943486 
512 486 393 1553607943502 
512 483 391 1553607943519 
512 481 390 1553607943536 
512 480 388 1553607943569 
512 478 387 1553607943586 
512 477 384 1553607943603 
512 476 381 1553607943619 
512 475 379 1553607943636 
512 473 378 1553607943669 
512 472 378 1553607943702 
513 472 378 1553607943796 
514 472 378 1553607943946 
512 474 378 1553607943969 
512 478 378 1553607944002 
512 487 376 1553607944019 
512 518 367 1553607944036 
512 547 360 1553607944053 
512 573 354 1553607944069 
512 594 348 1553607944086 
512 606 346 1553607944103 
512 612 345 1553607944119 
512 613 345 1553607944136 
512 614 345 1553607944169 
512 614 346 1553607944252 
512 612 359 1553607944269 
512 603 377 1553607944286 
512 585 406 1553607944303 
512 573 431 1553607944319 
512 563 451 1553607944336 
512 554 473 1553607944353 
512 546 499 1553607944369 
512 536 534 1553607944386 
512 532 569 1553607944403 
512 532 605 1553607944419 
512 536 619 1553607944436 
512 539 624 1553607944452 
512 541 626 1553607944469 
512 542 626 1553607944486 
512 546 625 1553607944536 
512 559 621 1553607944553 
512 570 619 1553607944569 
512 577 618 1553607944586 
512 580 618 1553607944602 
512 579 620 1553607944652 
512 577 623 1553607944669 
512 575 628 1553607944686 
512 573 634 1553607944702 
512 570 639 1553607944719 
512 569 643 1553607944736 
512 568 646 1553607944752 
512 568 647 1553607944769 
512 567 648 1553607944786 
512 566 648 1553607944886 
512 565 648 1553607944903 
512 564 648 1553607944936 
512 563 647 1553607944969 
512 563 646 1553607944986 
512 563 645 1553607945003 
512 563 644 1553607945036 
513 563 644 1553607945109 
514 563 644 1553607945219 
512 564 644 1553607945235 
512 571 637 1553607945252 
512 584 628 1553607945269 
512 598 614 1553607945285 
512 612 602 1553607945303 
512 625 588 1553607945319 
512 638 572 1553607945336 
512 648 556 1553607945353 
512 657 535 1553607945369 
512 662 514 1553607945386 
512 670 487 1553607945403 
512 680 457 1553607945420 
512 703 406 1553607945436 
512 717 374 1553607945453 
512 727 352 1553607945469 
512 732 334 1553607945486 
512 734 319 1553607945503 
512 734 304 1553607945520 
512 734 294 1553607945536 
512 730 288 1553607945553 
512 729 285 1553607945570 
512 728 284 1553607945586 
512 728 283 1553607945635 
512 727 282 1553607945652 
512 726 281 1553607945669 
512 726 280 1553607945685 
512 725 280 1553607945702 
512 720 278 1553607945719 
512 713 272 1553607945736 
512 706 265 1553607945753 
512 699 258 1553607945770 
512 696 250 1553607945787 
512 695 246 1553607945803 
512 673 266 1553607945836 
512 640 327 1553607945853 
512 616 382 1553607945869 
512 606 390 1553607945886 
512 618 387 1553607946069 
512 630 370 1553607946086 
512 635 362 1553607946103 
512 640 357 1553607946119 
512 645 354 1553607946136 
512 650 350 1553607946153 
512 658 343 1553607946170 
512 666 333 1553607946190 
512 679 315 1553607946207 
512 696 290 1553607946236 
512 698 285 1553607946252 
512 698 283 1553607946269 
512 698 282 1553607946286 
512 693 282 1553607946302 
512 692 281 1553607946319 
512 690 280 1553607946336 
512 690 278 1553607946352 
512 689 274 1553607946369 
512 699 261 1553607946386 
512 713 245 1553607946403 
512 725 228 1553607946419 
512 727 224 1553607946436 
512 727 223 1553607946452 
512 727 222 1553607946469 
512 727 220 1553607946486 
512 727 218 1553607946502 
512 727 216 1553607946519 
512 725 215 1553607946536 
512 723 213 1553607946552 
512 720 211 1553607946569 
512 716 209 1553607946586 
512 714 209 1553607946603 
512 713 209 1553607946686 
512 709 209 1553607946702 
512 708 209 1553607946719 
512 707 209 1553607946736 
512 706 209 1553607946819 
512 701 209 1553607946836 
512 699 209 1553607946852 
513 699 209 1553607947026 
514 699 209 1553607947162 
