512 699 211 1553626845900 
512 701 213 1553626845915 
512 706 223 1553626845933 
512 709 230 1553626845948 
512 712 236 1553626845967 
512 715 245 1553626845984 
512 719 254 1553626845999 
512 723 266 1553626846016 
512 728 281 1553626846032 
512 734 297 1553626846050 
512 739 315 1553626846065 
512 746 334 1553626846084 
512 753 355 1553626846099 
512 765 384 1553626846117 
512 774 402 1553626846133 
512 781 421 1553626846150 
512 787 443 1553626846165 
512 792 466 1553626846184 
512 796 490 1553626846200 
512 801 519 1553626846215 
512 810 548 1553626846233 
512 817 573 1553626846250 
512 826 594 1553626846265 
512 832 608 1553626846282 
512 836 616 1553626846300 
512 837 622 1553626846315 
512 838 629 1553626846333 
512 838 631 1553626846350 
512 839 635 1553626846365 
512 839 638 1553626846382 
512 841 639 1553626846400 
512 841 640 1553626846415 
512 841 639 1553626846499 
512 841 638 1553626846516 
512 840 638 1553626846532 
513 840 638 1553626846589 
514 840 638 1553626846707 
512 839 636 1553626846748 
512 839 632 1553626846765 
512 839 626 1553626846782 
512 839 617 1553626846799 
512 843 602 1553626846817 
512 847 587 1553626846832 
512 850 570 1553626846850 
512 853 552 1553626846865 
512 854 539 1553626846883 
512 854 525 1553626846899 
512 852 501 1553626846917 
512 848 482 1553626846932 
512 841 461 1553626846950 
512 830 439 1553626846965 
512 816 417 1553626846983 
512 787 393 1553626847000 
512 737 374 1553626847015 
512 686 364 1553626847033 
512 657 358 1553626847049 
512 631 353 1553626847065 
512 609 350 1553626847084 
512 595 349 1553626847099 
512 584 349 1553626847116 
512 570 350 1553626847134 
512 558 354 1553626847150 
512 548 358 1553626847165 
512 536 364 1553626847184 
512 529 368 1553626847199 
512 527 369 1553626847216 
512 526 370 1553626847282 
512 521 375 1553626847299 
512 512 383 1553626847316 
512 499 387 1553626847332 
512 496 387 1553626847351 
512 492 387 1553626847365 
512 489 384 1553626847382 
512 487 381 1553626847399 
512 484 378 1553626847415 
512 482 376 1553626847433 
512 480 373 1553626847449 
512 478 370 1553626847466 
512 477 367 1553626847482 
512 476 366 1553626847499 
512 476 365 1553626847516 
512 476 364 1553626847532 
512 475 364 1553626847551 
512 474 364 1553626847565 
512 473 364 1553626847584 
513 473 364 1553626847621 
514 473 364 1553626847739 
512 473 365 1553626847783 
512 476 369 1553626847800 
512 477 373 1553626847815 
512 478 374 1553626847834 
512 478 375 1553626847850 
512 478 376 1553626847866 
512 479 376 1553626847882 
512 479 378 1553626847933 
512 478 378 1553626847949 
512 477 378 1553626847966 
512 476 378 1553626848067 
512 475 378 1553626848082 
512 474 378 1553626848116 
512 474 377 1553626848133 
513 474 377 1553626848140 
512 475 378 1553626848268 
514 475 378 1553626848268 
512 477 379 1553626848300 
512 479 379 1553626848315 
512 488 383 1553626848333 
512 502 388 1553626848350 
512 520 391 1553626848365 
512 542 393 1553626848383 
512 570 394 1553626848399 
512 601 394 1553626848416 
512 632 394 1553626848434 
512 662 396 1553626848449 
512 686 401 1553626848466 
512 705 407 1553626848483 
512 717 412 1553626848499 
512 720 413 1553626848516 
512 721 411 1553626848533 
512 722 397 1553626848549 
512 728 371 1553626848567 
512 736 341 1553626848584 
512 742 312 1553626848600 
512 742 291 1553626848616 
512 736 274 1553626848632 
512 728 262 1553626848649 
512 721 251 1553626848665 
512 715 243 1553626848683 
512 713 238 1553626848699 
512 712 235 1553626848716 
512 710 232 1553626848733 
512 706 230 1553626848750 
512 702 229 1553626848766 
512 698 228 1553626848782 
512 697 228 1553626848799 
512 695 228 1553626848815 
512 695 227 1553626848851 
512 694 226 1553626848865 
512 694 224 1553626848882 
512 694 222 1553626848898 
512 694 221 1553626848915 
512 694 220 1553626848932 
512 694 219 1553626848949 
512 694 218 1553626848967 
512 694 216 1553626848982 
512 694 213 1553626848999 
512 694 211 1553626849016 
512 694 208 1553626849034 
512 694 206 1553626849049 
512 695 206 1553626849066 
513 695 206 1553626849093 
512 696 206 1553626849188 
514 696 206 1553626849188 
512 697 207 1553626849199 
512 698 209 1553626849215 
512 699 216 1553626849232 
512 700 225 1553626849250 
512 700 240 1553626849267 
512 701 259 1553626849283 
512 702 276 1553626849299 
512 704 294 1553626849315 
512 711 320 1553626849332 
512 717 337 1553626849349 
512 723 358 1553626849365 
512 729 382 1553626849382 
512 736 405 1553626849400 
512 747 426 1553626849416 
512 765 443 1553626849434 
512 789 449 1553626849449 
512 815 449 1553626849467 
512 844 438 1553626849482 
512 868 423 1553626849499 
512 894 405 1553626849517 
512 907 397 1553626849532 
512 917 389 1553626849550 
512 924 384 1553626849565 
512 925 383 1553626849583 
512 925 382 1553626849599 
512 924 381 1553626849633 
512 923 380 1553626849649 
512 922 380 1553626849667 
512 926 378 1553626849699 
512 942 372 1553626849717 
512 949 370 1553626849733 
512 949 369 1553626849782 
512 946 368 1553626849799 
512 945 368 1553626849817 
512 944 368 1553626849832 
512 938 368 1553626849933 
512 929 371 1553626849949 
512 923 373 1553626849965 
512 922 373 1553626849982 
513 922 373 1553626850061 
514 922 373 1553626850179 
512 922 376 1553626850233 
512 921 379 1553626850250 
512 918 386 1553626850265 
512 908 399 1553626850284 
512 895 414 1553626850299 
512 879 431 1553626850317 
512 857 453 1553626850333 
512 852 460 1553626850350 
512 850 463 1553626850365 
512 849 465 1553626850382 
512 846 470 1553626850399 
512 833 482 1553626850415 
512 801 505 1553626850432 
512 736 547 1553626850449 
512 662 583 1553626850465 
512 587 617 1553626850483 
512 546 634 1553626850499 
512 537 636 1553626850515 
512 536 636 1553626850532 
512 535 636 1553626850582 
512 534 636 1553626850599 
512 532 637 1553626850615 
512 531 639 1553626850632 
512 530 639 1553626850649 
512 535 641 1553626850765 
512 541 642 1553626850784 
512 547 642 1553626850800 
512 552 642 1553626850815 
512 555 641 1553626850832 
512 556 641 1553626850850 
512 560 640 1553626850865 
512 565 639 1553626850882 
512 568 638 1553626850899 
512 571 638 1553626850915 
512 572 638 1553626850933 
512 572 637 1553626851000 
513 572 637 1553626851045 
512 572 636 1553626851066 
514 572 636 1553626851139 
512 572 636 1553626851150 
512 570 636 1553626851166 
512 566 638 1553626851182 
512 562 640 1553626851199 
512 560 642 1553626851215 
512 558 643 1553626851232 
512 556 644 1553626851248 
512 555 645 1553626851266 
512 554 646 1553626851282 
512 553 646 1553626851299 
513 553 646 1553626851405 
514 553 646 1553626851531 
512 554 647 1553626851565 
512 556 648 1553626851582 
512 558 649 1553626851599 
512 561 650 1553626851616 
512 564 651 1553626851633 
512 568 653 1553626851648 
512 573 654 1553626851665 
512 578 657 1553626851683 
512 585 658 1553626851698 
512 602 661 1553626851717 
512 619 664 1553626851733 
512 639 669 1553626851749 
512 665 672 1553626851766 
512 691 674 1553626851782 
512 717 676 1553626851798 
512 744 676 1553626851815 
512 776 673 1553626851834 
512 807 668 1553626851848 
512 833 664 1553626851865 
512 850 660 1553626851882 
512 860 659 1553626851899 
512 861 659 1553626851915 
512 853 661 1553626851950 
512 845 665 1553626851965 
512 837 669 1553626851982 
512 832 671 1553626851998 
512 830 672 1553626852017 
512 829 672 1553626852032 
512 828 672 1553626852065 
512 826 672 1553626852083 
512 825 671 1553626852099 
512 825 668 1553626852115 
512 826 665 1553626852133 
512 830 661 1553626852149 
512 836 656 1553626852165 
512 842 651 1553626852182 
512 846 648 1553626852198 
512 849 645 1553626852216 
512 850 644 1553626852248 
512 849 643 1553626852333 
512 849 642 1553626852349 
513 849 642 1553626852351 
512 848 642 1553626852366 
514 848 642 1553626852459 
512 848 642 1553626852466 
512 847 642 1553626852567 
512 847 643 1553626852615 
512 848 638 1553626852766 
512 853 624 1553626852784 
512 861 606 1553626852800 
512 874 583 1553626852816 
512 892 553 1553626852833 
512 915 513 1553626852849 
512 937 476 1553626852866 
512 955 440 1553626852883 
512 964 415 1553626852899 
512 966 399 1553626852916 
512 964 382 1553626852933 
512 961 375 1553626852949 
512 959 372 1553626852966 
512 958 371 1553626852984 
512 958 370 1553626852999 
512 957 369 1553626853049 
512 956 367 1553626853066 
512 954 365 1553626853082 
512 951 363 1553626853099 
512 945 362 1553626853116 
512 937 362 1553626853132 
512 930 367 1553626853149 
512 928 368 1553626853165 
512 928 369 1553626853184 
512 928 372 1553626853316 
512 928 373 1553626853333 
513 928 373 1553626853421 
514 928 373 1553626853523 
512 924 373 1553626853615 
512 917 373 1553626853634 
512 905 373 1553626853651 
512 890 373 1553626853665 
512 872 373 1553626853682 
512 851 376 1553626853699 
512 827 377 1553626853715 
512 798 377 1553626853733 
512 779 376 1553626853749 
512 760 372 1553626853765 
512 737 369 1553626853783 
512 706 368 1553626853799 
512 645 369 1553626853817 
512 564 378 1553626853832 
512 522 382 1553626853849 
512 498 382 1553626853866 
512 481 380 1553626853882 
512 474 378 1553626853900 
512 470 376 1553626853916 
512 466 375 1553626853932 
512 465 375 1553626853949 
512 469 377 1553626854083 
512 471 379 1553626854099 
512 473 380 1553626854117 
512 474 380 1553626854132 
512 475 380 1553626854199 
512 475 379 1553626854215 
512 475 378 1553626854234 
512 475 377 1553626854249 
512 475 376 1553626854282 
513 475 376 1553626854319 
514 475 376 1553626854435 
512 476 376 1553626854482 
512 480 378 1553626854499 
512 484 380 1553626854515 
512 495 386 1553626854534 
512 507 390 1553626854549 
512 518 393 1553626854565 
512 530 395 1553626854583 
512 542 396 1553626854600 
512 549 397 1553626854616 
512 552 397 1553626854632 
512 552 405 1553626854683 
512 552 425 1553626854699 
512 552 475 1553626854717 
512 554 520 1553626854732 
512 557 565 1553626854750 
512 559 596 1553626854765 
512 559 623 1553626854782 
512 558 647 1553626854799 
512 550 666 1553626854817 
512 546 678 1553626854832 
512 543 683 1553626854850 
512 543 684 1553626854865 
512 544 684 1553626855016 
512 549 680 1553626855033 
512 554 674 1553626855049 
512 558 667 1553626855065 
512 561 661 1553626855083 
512 564 654 1553626855100 
512 564 651 1553626855115 
512 564 648 1553626855132 
513 564 648 1553626855276 
514 564 648 1553626855403 
512 565 648 1553626855466 
512 566 648 1553626855482 
512 569 648 1553626855499 
512 574 644 1553626855515 
512 593 628 1553626855533 
512 614 610 1553626855549 
512 638 588 1553626855565 
512 660 566 1553626855582 
512 674 546 1553626855600 
512 684 529 1553626855615 
512 687 512 1553626855632 
512 687 490 1553626855650 
512 687 462 1553626855665 
512 688 419 1553626855683 
512 694 365 1553626855700 
512 696 321 1553626855715 
512 694 271 1553626855732 
512 690 248 1553626855749 
512 685 230 1553626855767 
512 680 218 1553626855783 
512 677 210 1553626855798 
512 675 204 1553626855817 
512 674 201 1553626855832 
512 673 199 1553626855850 
512 672 198 1553626855866 
512 672 196 1553626855882 
512 671 192 1553626855900 
512 671 189 1553626855915 
512 671 187 1553626855932 
512 673 187 1553626856016 
512 677 189 1553626856034 
512 683 192 1553626856051 
512 690 197 1553626856066 
512 696 201 1553626856084 
512 700 204 1553626856099 
512 701 206 1553626856116 
513 701 206 1553626856277 
514 701 206 1553626856363 
