512 704 211 1553694013832 
512 710 222 1553694013850 
512 716 229 1553694013867 
512 723 239 1553694013884 
512 731 246 1553694013899 
512 740 255 1553694013916 
512 751 263 1553694013932 
512 767 271 1553694013948 
512 779 278 1553694013966 
512 791 287 1553694013983 
512 801 299 1553694014000 
512 809 315 1553694014017 
512 820 346 1553694014034 
512 825 358 1553694014049 
512 835 415 1553694014066 
512 840 471 1553694014083 
512 842 531 1553694014100 
512 842 583 1553694014116 
512 843 609 1553694014134 
512 844 621 1553694014150 
512 845 624 1553694014166 
512 846 624 1553694014183 
512 845 627 1553694014251 
512 844 628 1553694014267 
512 844 629 1553694014284 
512 843 630 1553694014302 
512 843 632 1553694014317 
512 843 636 1553694014532 
512 842 639 1553694014549 
512 842 641 1553694014566 
513 842 641 1553694014667 
514 842 641 1553694014792 
512 841 641 1553694014815 
512 840 635 1553694014866 
512 840 628 1553694014882 
512 840 616 1553694014899 
512 845 599 1553694014915 
512 851 581 1553694014932 
512 855 562 1553694014949 
512 858 546 1553694014966 
512 859 530 1553694014982 
512 861 511 1553694014999 
512 865 490 1553694015015 
512 872 466 1553694015033 
512 880 438 1553694015049 
512 883 406 1553694015066 
512 869 390 1553694015083 
512 835 377 1553694015099 
512 764 369 1553694015116 
512 656 369 1553694015133 
512 545 384 1553694015149 
512 465 400 1553694015166 
512 417 411 1553694015183 
512 404 414 1553694015199 
512 403 414 1553694015216 
512 402 414 1553694015251 
512 401 414 1553694015266 
512 401 413 1553694015283 
512 400 412 1553694015302 
512 400 411 1553694015316 
512 406 411 1553694015366 
512 418 409 1553694015382 
512 432 407 1553694015399 
512 441 405 1553694015416 
512 448 402 1553694015433 
512 451 401 1553694015450 
512 452 400 1553694015466 
512 453 400 1553694015516 
512 455 398 1553694015533 
512 456 396 1553694015549 
512 457 394 1553694015565 
512 458 393 1553694015582 
512 458 391 1553694015599 
512 458 389 1553694015616 
512 459 385 1553694015632 
512 459 383 1553694015649 
512 461 378 1553694015666 
512 464 374 1553694015683 
512 466 372 1553694015700 
512 466 371 1553694015765 
512 467 371 1553694015898 
512 468 371 1553694015915 
512 469 371 1553694015933 
513 469 371 1553694015986 
514 469 371 1553694016104 
512 477 371 1553694016200 
512 485 372 1553694016216 
512 497 372 1553694016233 
512 513 372 1553694016249 
512 541 374 1553694016268 
512 562 379 1553694016285 
512 578 387 1553694016302 
512 590 394 1553694016319 
512 602 402 1553694016334 
512 609 405 1553694016350 
512 613 407 1553694016366 
512 615 407 1553694016383 
512 619 402 1553694016400 
512 630 390 1553694016416 
512 639 376 1553694016433 
512 653 357 1553694016451 
512 658 344 1553694016466 
512 660 333 1553694016484 
512 660 318 1553694016501 
512 658 300 1553694016516 
512 655 283 1553694016535 
512 654 265 1553694016550 
512 653 253 1553694016566 
512 653 246 1553694016583 
512 653 242 1553694016598 
512 653 241 1553694016614 
512 655 238 1553694016632 
512 660 232 1553694016649 
512 672 220 1553694016666 
512 679 212 1553694016683 
512 681 209 1553694016698 
512 682 208 1553694016714 
512 683 208 1553694016849 
512 685 208 1553694016866 
512 688 208 1553694016948 
512 693 208 1553694016966 
512 696 208 1553694016982 
512 697 208 1553694016998 
512 698 208 1553694017015 
513 698 208 1553694017129 
514 698 208 1553694017234 
512 698 211 1553694017282 
512 698 214 1553694017299 
512 700 219 1553694017319 
512 702 225 1553694017332 
512 707 233 1553694017349 
512 715 245 1553694017365 
512 724 261 1553694017382 
512 737 279 1553694017399 
512 752 302 1553694017415 
512 766 323 1553694017432 
512 780 343 1553694017449 
512 789 362 1553694017465 
512 792 371 1553694017482 
512 795 377 1553694017499 
512 798 381 1553694017515 
512 805 386 1553694017532 
512 816 392 1553694017548 
512 834 395 1553694017565 
512 857 395 1553694017581 
512 880 395 1553694017599 
512 902 394 1553694017615 
512 920 391 1553694017633 
512 934 388 1553694017649 
512 942 385 1553694017664 
512 944 384 1553694017682 
512 944 383 1553694017748 
512 944 381 1553694017765 
512 944 380 1553694017782 
512 944 379 1553694017799 
512 944 378 1553694017815 
512 941 377 1553694017865 
512 924 376 1553694017882 
512 921 376 1553694017899 
512 920 376 1553694017915 
512 922 376 1553694018265 
512 923 376 1553694018282 
512 923 377 1553694018299 
513 923 377 1553694018482 
514 923 377 1553694018592 
512 914 377 1553694018716 
512 899 377 1553694018731 
512 889 377 1553694018748 
512 879 377 1553694018765 
512 871 377 1553694018781 
512 859 375 1553694018797 
512 848 372 1553694018814 
512 840 371 1553694018831 
512 838 370 1553694018848 
512 834 374 1553694018882 
512 828 383 1553694018898 
512 816 399 1553694018915 
512 797 423 1553694018931 
512 758 475 1553694018948 
512 712 546 1553694018964 
512 670 603 1553694018981 
512 641 638 1553694018998 
512 625 653 1553694019014 
512 620 656 1553694019031 
512 616 656 1553694019048 
512 609 656 1553694019064 
512 589 656 1553694019081 
512 571 660 1553694019099 
512 560 664 1553694019115 
512 559 664 1553694019131 
512 559 665 1553694019164 
512 558 665 1553694019248 
512 557 663 1553694019264 
512 561 657 1553694019282 
512 568 649 1553694019298 
512 572 645 1553694019315 
512 573 643 1553694019331 
512 573 642 1553694019348 
512 572 641 1553694019381 
512 571 641 1553694019398 
512 570 641 1553694019464 
512 566 641 1553694019531 
512 564 641 1553694019548 
512 563 641 1553694019565 
513 563 641 1553694019721 
514 563 641 1553694019832 
512 563 639 1553694019864 
512 569 633 1553694019881 
512 574 627 1553694019898 
512 582 620 1553694019915 
512 590 610 1553694019931 
512 603 597 1553694019948 
512 617 580 1553694019965 
512 631 562 1553694019981 
512 643 542 1553694019998 
512 651 524 1553694020014 
512 655 506 1553694020031 
512 658 490 1553694020048 
512 658 469 1553694020065 
512 659 456 1553694020081 
512 661 443 1553694020098 
512 664 439 1553694020114 
512 668 440 1553694020131 
512 705 484 1553694020148 
512 758 569 1553694020164 
512 802 669 1553694020181 
512 826 758 1553694020198 
512 837 806 1553694020215 
512 842 820 1553694020231 
512 844 822 1553694020248 
512 844 819 1553694020265 
512 844 814 1553694020281 
512 846 808 1553694020298 
512 846 806 1553694020314 
512 846 805 1553694020331 
512 846 804 1553694020381 
512 847 801 1553694020414 
512 848 797 1553694020431 
512 849 792 1553694020448 
512 849 779 1553694020465 
512 849 766 1553694020482 
512 849 751 1553694020498 
512 848 735 1553694020514 
512 847 716 1553694020531 
512 846 697 1553694020548 
512 845 681 1553694020564 
512 845 666 1553694020581 
512 845 658 1553694020598 
512 845 652 1553694020614 
512 845 650 1553694020631 
512 845 649 1553694020648 
512 844 649 1553694020849 
512 843 649 1553694020881 
513 843 649 1553694020986 
514 843 649 1553694021081 
512 844 650 1553694021132 
512 848 657 1553694021148 
512 855 669 1553694021165 
512 859 684 1553694021182 
512 860 704 1553694021198 
512 857 730 1553694021215 
512 850 756 1553694021233 
512 844 780 1553694021251 
512 841 784 1553694021265 
512 839 784 1553694021283 
512 841 768 1553694021301 
512 838 753 1553694021319 
512 832 736 1553694021334 
512 827 718 1553694021351 
512 820 700 1553694021368 
512 815 678 1553694021382 
512 813 653 1553694021399 
512 813 625 1553694021416 
512 818 596 1553694021431 
512 829 570 1553694021448 
512 841 546 1553694021465 
512 856 518 1553694021482 
512 868 498 1553694021498 
512 878 479 1553694021515 
512 884 462 1553694021532 
512 886 451 1553694021548 
512 886 440 1553694021565 
512 886 433 1553694021582 
512 886 426 1553694021599 
512 886 422 1553694021616 
512 886 420 1553694021634 
512 886 419 1553694021650 
512 886 417 1553694021667 
512 886 414 1553694021684 
512 886 412 1553694021702 
512 888 408 1553694021717 
512 891 405 1553694021734 
512 892 403 1553694021752 
512 894 402 1553694021768 
512 898 399 1553694021783 
512 903 395 1553694021800 
512 914 384 1553694021818 
512 921 379 1553694021835 
512 924 376 1553694021850 
512 925 374 1553694021869 
512 927 373 1553694021919 
512 931 371 1553694021933 
512 935 370 1553694021949 
512 936 369 1553694021969 
512 935 369 1553694022136 
512 934 369 1553694022153 
512 928 371 1553694022170 
512 926 371 1553694022183 
512 923 373 1553694022199 
512 922 373 1553694022215 
513 922 373 1553694022338 
514 922 373 1553694022466 
512 922 382 1553694022482 
512 916 397 1553694022499 
512 902 416 1553694022515 
512 873 448 1553694022532 
512 850 475 1553694022547 
512 830 507 1553694022565 
512 810 543 1553694022582 
512 791 578 1553694022599 
512 785 598 1553694022616 
512 783 605 1553694022632 
512 779 595 1553694022667 
512 772 579 1553694022683 
512 766 554 1553694022701 
512 759 525 1553694022717 
512 749 493 1553694022734 
512 737 466 1553694022750 
512 723 446 1553694022766 
512 704 433 1553694022784 
512 674 426 1553694022799 
512 645 426 1553694022815 
512 619 427 1553694022832 
512 594 434 1553694022849 
512 559 446 1553694022867 
512 537 452 1553694022885 
512 518 459 1553694022900 
512 497 464 1553694022916 
512 476 467 1553694022932 
512 457 471 1553694022950 
512 446 471 1553694022966 
512 439 471 1553694022984 
512 432 469 1553694022999 
512 427 467 1553694023017 
512 419 463 1553694023033 
512 412 459 1553694023050 
512 409 456 1553694023066 
512 409 452 1553694023082 
512 418 448 1553694023100 
512 428 443 1553694023116 
512 436 440 1553694023132 
512 444 437 1553694023148 
512 454 435 1553694023166 
512 464 431 1553694023182 
512 473 427 1553694023200 
512 481 424 1553694023215 
512 493 417 1553694023235 
512 495 414 1553694023250 
512 495 413 1553694023268 
512 495 410 1553694023302 
512 489 404 1553694023317 
512 483 401 1553694023334 
512 481 399 1553694023349 
512 480 397 1553694023366 
512 479 396 1553694023384 
512 478 395 1553694023400 
512 477 393 1553694023416 
512 475 392 1553694023432 
512 470 389 1553694023448 
512 469 387 1553694023466 
512 469 386 1553694023482 
512 470 384 1553694023499 
512 474 382 1553694023515 
512 476 381 1553694023532 
512 477 381 1553694023548 
512 477 380 1553694023565 
512 477 379 1553694023599 
512 476 378 1553694023618 
512 476 376 1553694023634 
513 476 376 1553694023730 
514 476 376 1553694023835 
512 479 376 1553694023882 
512 490 377 1553694023899 
512 502 379 1553694023915 
512 512 381 1553694023933 
512 517 384 1553694023951 
512 518 390 1553694023966 
512 517 400 1553694023983 
512 513 411 1553694023999 
512 513 417 1553694024016 
512 519 419 1553694024032 
512 525 419 1553694024050 
512 534 417 1553694024066 
512 548 413 1553694024083 
512 565 411 1553694024099 
512 585 411 1553694024116 
512 602 414 1553694024132 
512 610 421 1553694024149 
512 613 434 1553694024166 
512 613 450 1553694024182 
512 609 467 1553694024200 
512 602 485 1553694024217 
512 592 506 1553694024234 
512 581 539 1553694024251 
512 578 558 1553694024268 
512 576 570 1553694024285 
512 576 578 1553694024300 
512 576 581 1553694024316 
512 576 582 1553694024332 
512 576 583 1553694024351 
512 575 583 1553694024368 
512 574 587 1553694024383 
512 573 592 1553694024400 
512 573 597 1553694024416 
512 573 603 1553694024434 
512 573 607 1553694024449 
512 573 612 1553694024466 
512 573 616 1553694024482 
512 571 621 1553694024499 
512 567 628 1553694024517 
512 562 636 1553694024532 
512 559 640 1553694024549 
512 558 641 1553694024566 
512 558 642 1553694024584 
512 557 643 1553694024668 
512 555 646 1553694024684 
512 554 648 1553694024700 
512 553 648 1553694024749 
513 553 648 1553694024930 
514 553 648 1553694025088 
512 554 648 1553694025184 
512 557 644 1553694025202 
512 557 642 1553694025219 
512 558 641 1553694025234 
512 559 639 1553694025250 
512 560 638 1553694025266 
512 560 637 1553694025282 
512 562 635 1553694025301 
512 567 630 1553694025317 
512 575 622 1553694025334 
512 587 608 1553694025349 
512 596 594 1553694025367 
512 602 578 1553694025382 
512 605 559 1553694025399 
512 606 528 1553694025418 
512 614 466 1553694025433 
512 633 362 1553694025449 
512 674 185 1553694025468 
512 702 82 1553694025483 
512 716 31 1553694025500 
512 719 17 1553694025516 
512 719 15 1553694025534 
512 715 22 1553694025749 
512 712 32 1553694025765 
512 710 45 1553694025783 
512 710 57 1553694025799 
512 710 70 1553694025816 
512 710 84 1553694025833 
512 710 99 1553694025849 
512 709 114 1553694025866 
512 704 137 1553694025883 
512 701 147 1553694025900 
512 700 152 1553694025917 
512 700 154 1553694025933 
512 699 154 1553694025966 
512 699 156 1553694025999 
512 698 161 1553694026017 
512 696 166 1553694026033 
512 694 175 1553694026049 
512 693 183 1553694026065 
512 692 189 1553694026083 
512 692 193 1553694026100 
512 692 197 1553694026116 
512 692 201 1553694026135 
512 693 206 1553694026150 
512 693 210 1553694026166 
512 694 214 1553694026183 
512 694 216 1553694026203 
512 695 217 1553694026218 
512 695 218 1553694026236 
512 695 219 1553694026268 
512 696 219 1553694026284 
512 696 217 1553694026387 
512 696 216 1553694026402 
512 696 215 1553694026488 
512 697 215 1553694026537 
512 697 214 1553694026552 
512 697 213 1553694026570 
513 697 213 1553694026619 
514 697 213 1553694026760 
