512 705 214 1553694111663 
512 712 219 1553694111680 
512 722 227 1553694111697 
512 732 238 1553694111714 
512 736 256 1553694111730 
512 736 268 1553694111746 
512 735 276 1553694111763 
512 734 280 1553694111780 
512 733 283 1553694111796 
512 733 287 1553694111813 
512 733 297 1553694111830 
512 736 313 1553694111846 
512 740 336 1553694111863 
512 743 363 1553694111880 
512 751 399 1553694111897 
512 764 443 1553694111913 
512 793 521 1553694111930 
512 809 566 1553694111946 
512 819 597 1553694111963 
512 827 620 1553694111980 
512 831 633 1553694111997 
512 833 639 1553694112013 
512 833 642 1553694112030 
512 834 644 1553694112046 
512 835 646 1553694112063 
512 835 647 1553694112080 
512 836 647 1553694112097 
512 836 648 1553694112113 
512 836 649 1553694112130 
512 836 651 1553694112146 
512 837 653 1553694112163 
512 834 648 1553694112230 
512 831 645 1553694112246 
512 830 643 1553694112263 
512 830 642 1553694112313 
513 830 642 1553694112434 
512 832 642 1553694112546 
512 834 643 1553694112553 
514 834 643 1553694112553 
512 836 643 1553694112563 
512 838 643 1553694112580 
512 839 643 1553694112596 
512 840 643 1553694112630 
513 840 643 1553694112851 
514 840 643 1553694113001 
512 840 636 1553694113113 
512 843 621 1553694113130 
512 848 606 1553694113146 
512 852 592 1553694113163 
512 854 577 1553694113180 
512 855 561 1553694113197 
512 852 541 1553694113213 
512 841 516 1553694113230 
512 830 489 1553694113247 
512 812 462 1553694113263 
512 786 434 1553694113280 
512 745 408 1553694113297 
512 704 389 1553694113314 
512 645 374 1553694113331 
512 620 371 1553694113347 
512 601 371 1553694113364 
512 591 371 1553694113380 
512 587 371 1553694113397 
512 584 371 1553694113413 
512 579 371 1553694113430 
512 570 374 1553694113447 
512 558 378 1553694113463 
512 547 381 1553694113480 
512 538 383 1553694113497 
512 532 383 1553694113514 
512 527 383 1553694113530 
512 523 383 1553694113547 
512 517 383 1553694113563 
512 508 383 1553694113581 
512 495 383 1553694113597 
512 485 383 1553694113613 
512 479 383 1553694113630 
512 475 383 1553694113647 
512 474 383 1553694113664 
512 473 383 1553694113680 
512 472 383 1553694113697 
512 470 382 1553694113730 
512 469 381 1553694113747 
512 468 380 1553694113763 
512 468 379 1553694113780 
512 468 378 1553694113813 
512 468 377 1553694113847 
512 468 376 1553694113863 
512 469 374 1553694113897 
512 470 373 1553694113913 
513 470 373 1553694113953 
514 470 373 1553694114089 
512 473 373 1553694114163 
512 478 373 1553694114180 
512 483 373 1553694114197 
512 489 373 1553694114213 
512 500 372 1553694114230 
512 513 369 1553694114247 
512 528 366 1553694114263 
512 550 360 1553694114280 
512 570 354 1553694114297 
512 585 349 1553694114313 
512 604 340 1553694114330 
512 616 332 1553694114347 
512 624 322 1553694114363 
512 629 313 1553694114380 
512 633 301 1553694114397 
512 639 288 1553694114413 
512 645 279 1553694114430 
512 653 269 1553694114447 
512 663 261 1553694114463 
512 672 254 1553694114480 
512 678 249 1553694114497 
512 683 245 1553694114514 
512 686 241 1553694114530 
512 686 239 1553694114563 
512 687 235 1553694114581 
512 690 228 1553694114597 
512 695 220 1553694114613 
512 698 216 1553694114630 
512 699 214 1553694114647 
512 700 213 1553694114663 
512 700 212 1553694114680 
512 701 210 1553694114697 
512 702 206 1553694114714 
512 703 205 1553694114730 
512 704 204 1553694114747 
512 704 202 1553694114763 
513 704 202 1553694114930 
514 704 202 1553694115073 
512 705 205 1553694115130 
512 705 210 1553694115147 
512 707 216 1553694115163 
512 709 220 1553694115180 
512 712 225 1553694115197 
512 717 232 1553694115213 
512 723 237 1553694115230 
512 732 244 1553694115247 
512 742 252 1553694115264 
512 752 260 1553694115280 
512 758 266 1553694115297 
512 760 271 1553694115314 
512 766 286 1553694115330 
512 776 300 1553694115347 
512 793 318 1553694115363 
512 814 335 1553694115380 
512 840 349 1553694115397 
512 866 359 1553694115413 
512 889 364 1553694115430 
512 901 366 1553694115447 
512 909 366 1553694115463 
512 911 366 1553694115480 
512 913 366 1553694115497 
512 914 366 1553694115514 
512 918 366 1553694115530 
512 920 366 1553694115547 
512 923 366 1553694115563 
512 928 365 1553694115580 
512 933 364 1553694115597 
512 934 364 1553694115613 
512 935 364 1553694115647 
512 935 365 1553694115730 
512 935 366 1553694115747 
512 935 368 1553694115763 
512 933 369 1553694115780 
512 931 371 1553694115797 
512 930 373 1553694115813 
513 930 373 1553694115930 
514 930 373 1553694116025 
512 930 375 1553694116097 
512 930 380 1553694116114 
512 923 391 1553694116130 
512 915 399 1553694116146 
512 907 407 1553694116163 
512 902 411 1553694116180 
512 896 416 1553694116196 
512 892 422 1553694116213 
512 887 429 1553694116230 
512 883 435 1553694116247 
512 881 441 1553694116263 
512 880 445 1553694116280 
512 877 454 1553694116297 
512 870 466 1553694116314 
512 842 495 1553694116330 
512 788 528 1553694116347 
512 698 575 1553694116363 
512 624 614 1553694116380 
512 596 628 1553694116397 
512 589 630 1553694116413 
512 588 630 1553694116463 
512 585 630 1553694116480 
512 581 632 1553694116497 
512 576 634 1553694116514 
512 573 636 1553694116530 
512 572 636 1553694116547 
512 570 636 1553694116563 
512 569 636 1553694116663 
512 567 636 1553694116680 
512 565 637 1553694116697 
512 564 637 1553694116763 
512 563 637 1553694116880 
513 563 637 1553694116930 
514 563 637 1553694117067 
512 566 637 1553694117147 
512 570 635 1553694117163 
512 579 630 1553694117180 
512 592 624 1553694117197 
512 605 616 1553694117213 
512 617 607 1553694117230 
512 629 599 1553694117247 
512 640 590 1553694117263 
512 646 584 1553694117280 
512 651 581 1553694117297 
512 656 579 1553694117313 
512 681 575 1553694117330 
512 701 571 1553694117347 
512 720 566 1553694117363 
512 735 565 1553694117380 
512 747 567 1553694117397 
512 761 581 1553694117413 
512 774 601 1553694117430 
512 786 622 1553694117447 
512 796 638 1553694117463 
512 804 647 1553694117480 
512 807 649 1553694117497 
512 807 650 1553694117513 
512 808 651 1553694117613 
512 809 651 1553694117630 
512 810 651 1553694117647 
512 811 651 1553694117663 
512 814 651 1553694117680 
512 817 650 1553694117697 
512 824 647 1553694117713 
512 841 639 1553694117730 
512 847 635 1553694117746 
512 849 634 1553694117763 
512 849 636 1553694117963 
512 848 637 1553694117980 
512 847 639 1553694117997 
512 846 640 1553694118013 
513 846 640 1553694118203 
514 846 640 1553694118283 
512 844 633 1553694118363 
512 844 625 1553694118380 
512 844 614 1553694118397 
512 844 599 1553694118413 
512 846 582 1553694118430 
512 849 563 1553694118446 
512 849 545 1553694118463 
512 849 526 1553694118480 
512 842 501 1553694118496 
512 827 475 1553694118514 
512 794 432 1553694118530 
512 782 411 1553694118546 
512 777 397 1553694118563 
512 776 390 1553694118580 
512 780 387 1553694118596 
512 794 384 1553694118613 
512 814 381 1553694118630 
512 834 379 1553694118647 
512 856 376 1553694118663 
512 872 373 1553694118680 
512 884 369 1553694118697 
512 891 367 1553694118714 
512 894 365 1553694118730 
512 895 365 1553694118813 
512 899 365 1553694118830 
512 902 366 1553694118847 
512 905 366 1553694118863 
512 908 366 1553694118880 
512 910 366 1553694118897 
512 911 366 1553694118914 
512 913 367 1553694118930 
512 916 368 1553694118946 
512 920 368 1553694118963 
512 923 369 1553694118980 
512 926 370 1553694118996 
512 927 371 1553694119030 
512 928 372 1553694119063 
512 929 373 1553694119097 
512 929 374 1553694119130 
512 930 374 1553694119180 
513 930 374 1553694119234 
514 930 374 1553694119314 
512 929 374 1553694119396 
512 923 376 1553694119413 
512 905 379 1553694119430 
512 878 384 1553694119446 
512 859 388 1553694119463 
512 847 389 1553694119480 
512 836 389 1553694119497 
512 827 386 1553694119514 
512 802 381 1553694119530 
512 773 381 1553694119546 
512 713 387 1553694119563 
512 657 401 1553694119580 
512 622 410 1553694119596 
512 596 415 1553694119613 
512 572 416 1553694119630 
512 548 416 1553694119646 
512 523 416 1553694119663 
512 497 415 1553694119680 
512 479 412 1553694119697 
512 466 407 1553694119714 
512 459 401 1553694119730 
512 457 398 1553694119747 
512 457 397 1553694119763 
512 457 396 1553694119780 
512 457 394 1553694119797 
512 460 391 1553694119813 
512 465 385 1553694119829 
512 469 381 1553694119846 
512 473 376 1553694119863 
512 476 373 1553694119879 
512 476 371 1553694119896 
512 476 369 1553694119913 
512 476 368 1553694119946 
513 476 368 1553694120145 
512 476 368 1553694120200 
514 476 368 1553694120269 
512 477 369 1553694120334 
512 483 377 1553694120353 
512 518 397 1553694120385 
512 542 405 1553694120401 
512 560 409 1553694120416 
512 571 414 1553694120433 
512 576 419 1553694120451 
512 579 425 1553694120466 
512 579 437 1553694120483 
512 580 452 1553694120500 
512 588 496 1553694120530 
512 598 523 1553694120547 
512 605 555 1553694120563 
512 610 593 1553694120582 
512 610 624 1553694120597 
512 605 646 1553694120614 
512 600 653 1553694120633 
512 596 654 1553694120649 
512 593 654 1553694120667 
512 591 654 1553694120686 
512 590 654 1553694120719 
512 589 654 1553694120737 
512 587 652 1553694120766 
512 584 650 1553694120783 
512 581 647 1553694120800 
512 579 643 1553694120815 
512 576 640 1553694120834 
512 572 638 1553694120851 
512 571 638 1553694120883 
512 570 638 1553694120949 
512 569 638 1553694121000 
512 568 638 1553694121017 
512 567 638 1553694121100 
512 566 638 1553694121116 
512 564 639 1553694121147 
512 563 639 1553694121197 
513 563 639 1553694121225 
512 563 639 1553694121247 
514 563 639 1553694121353 
512 565 639 1553694121380 
512 570 639 1553694121397 
512 577 636 1553694121413 
512 590 631 1553694121430 
512 604 624 1553694121447 
512 617 616 1553694121463 
512 626 608 1553694121480 
512 635 600 1553694121497 
512 645 590 1553694121514 
512 657 572 1553694121530 
512 667 557 1553694121547 
512 676 542 1553694121563 
512 683 529 1553694121580 
512 689 516 1553694121597 
512 694 504 1553694121614 
512 698 490 1553694121630 
512 699 478 1553694121647 
512 699 461 1553694121663 
512 698 439 1553694121680 
512 692 415 1553694121697 
512 688 388 1553694121714 
512 679 352 1553694121730 
512 672 328 1553694121747 
512 668 308 1553694121763 
512 665 292 1553694121780 
512 663 279 1553694121797 
512 663 271 1553694121813 
512 663 265 1553694121830 
512 663 262 1553694121847 
512 664 261 1553694121863 
512 664 259 1553694121880 
512 666 257 1553694121897 
512 667 255 1553694121914 
512 674 244 1553694121930 
512 684 231 1553694121947 
512 692 222 1553694121963 
512 695 218 1553694121980 
512 695 216 1553694121997 
512 696 214 1553694122013 
512 697 213 1553694122030 
512 699 211 1553694122047 
512 701 208 1553694122063 
512 703 205 1553694122080 
512 704 204 1553694122097 
512 704 203 1553694122113 
513 704 203 1553694122361 
514 704 203 1553694122481 
