512 699 209 1553713328257 
512 700 214 1553713328274 
512 703 225 1553713328291 
512 705 236 1553713328307 
512 711 252 1553713328324 
512 716 270 1553713328341 
512 723 289 1553713328357 
512 733 309 1553713328374 
512 743 328 1553713328391 
512 754 347 1553713328407 
512 765 360 1553713328424 
512 775 370 1553713328441 
512 781 375 1553713328457 
512 784 378 1553713328474 
512 786 384 1553713328491 
512 787 392 1553713328507 
512 789 410 1553713328524 
512 792 435 1553713328541 
512 798 468 1553713328557 
512 807 503 1553713328574 
512 816 536 1553713328591 
512 825 559 1553713328607 
512 831 572 1553713328624 
512 834 578 1553713328641 
512 834 580 1553713328657 
512 835 582 1553713328707 
512 837 585 1553713328724 
512 838 589 1553713328741 
512 841 594 1553713328757 
512 844 599 1553713328774 
512 845 603 1553713328791 
512 846 606 1553713328807 
512 847 609 1553713328824 
512 847 612 1553713328841 
512 847 613 1553713328874 
512 847 614 1553713328891 
512 846 615 1553713328907 
512 844 615 1553713328924 
512 841 617 1553713328941 
512 838 619 1553713328957 
512 836 622 1553713328974 
512 836 624 1553713328991 
512 836 625 1553713329008 
512 836 626 1553713329041 
512 836 627 1553713329057 
512 836 628 1553713329074 
512 836 630 1553713329091 
512 836 631 1553713329107 
512 836 632 1553713329124 
512 836 633 1553713329174 
512 836 634 1553713329224 
512 836 635 1553713329257 
513 836 635 1553713329315 
514 836 635 1553713329434 
512 837 637 1553713329457 
512 838 640 1553713329474 
512 841 644 1553713329491 
512 842 645 1553713329507 
512 843 645 1553713329608 
512 846 642 1553713329625 
512 848 639 1553713329641 
512 850 634 1553713329657 
512 850 629 1553713329674 
512 850 621 1553713329691 
512 850 618 1553713329707 
512 849 620 1553713329774 
512 848 622 1553713329791 
512 848 623 1553713329807 
512 848 625 1553713329824 
512 847 626 1553713329841 
512 846 633 1553713329857 
512 844 639 1553713329874 
512 843 645 1553713329891 
512 843 646 1553713329907 
513 843 646 1553713330115 
514 843 646 1553713330218 
512 842 646 1553713330307 
512 840 642 1553713330324 
512 838 636 1553713330341 
512 835 629 1553713330357 
512 832 621 1553713330374 
512 828 612 1553713330391 
512 823 603 1553713330407 
512 817 593 1553713330424 
512 809 583 1553713330441 
512 801 571 1553713330457 
512 792 559 1553713330474 
512 773 537 1553713330491 
512 751 519 1553713330507 
512 723 501 1553713330524 
512 675 480 1553713330541 
512 613 463 1553713330557 
512 563 454 1553713330574 
512 535 449 1553713330591 
512 521 443 1553713330607 
512 515 438 1553713330624 
512 511 434 1553713330641 
512 507 428 1553713330659 
512 502 422 1553713330674 
512 488 407 1553713330691 
512 475 395 1553713330707 
512 464 386 1553713330724 
512 456 379 1553713330741 
512 453 374 1553713330757 
512 452 372 1553713330774 
512 451 371 1553713330791 
512 451 370 1553713330807 
512 451 369 1553713330841 
512 455 369 1553713330907 
512 459 369 1553713330924 
512 463 372 1553713330941 
512 466 374 1553713330957 
512 468 374 1553713330974 
512 469 376 1553713330991 
512 470 376 1553713331024 
512 471 377 1553713331057 
512 474 377 1553713331074 
512 475 379 1553713331091 
512 476 379 1553713331124 
513 476 379 1553713331187 
514 476 379 1553713331298 
512 477 380 1553713331324 
512 485 386 1553713331341 
512 496 393 1553713331357 
512 510 402 1553713331374 
512 526 414 1553713331391 
512 545 426 1553713331407 
512 562 436 1553713331424 
512 582 447 1553713331441 
512 599 455 1553713331457 
512 612 460 1553713331474 
512 625 463 1553713331491 
512 627 463 1553713331507 
512 627 464 1553713331524 
512 628 465 1553713331541 
512 630 468 1553713331557 
512 630 471 1553713331574 
512 628 474 1553713331591 
512 624 475 1553713331607 
512 618 468 1553713331624 
512 616 451 1553713331641 
512 620 424 1553713331658 
512 639 382 1553713331675 
512 675 326 1553713331691 
512 697 297 1553713331707 
512 713 278 1553713331724 
512 719 264 1553713331741 
512 722 255 1553713331757 
512 722 248 1553713331774 
512 722 243 1553713331791 
512 722 238 1553713331807 
512 722 235 1553713331824 
512 722 234 1553713331841 
512 722 232 1553713331857 
512 722 230 1553713331874 
512 721 226 1553713331891 
512 720 224 1553713331907 
512 718 221 1553713331924 
512 714 219 1553713331941 
512 711 217 1553713331957 
512 710 216 1553713331974 
512 709 215 1553713331991 
512 708 215 1553713332008 
512 708 214 1553713332024 
512 707 213 1553713332057 
512 706 211 1553713332074 
512 704 209 1553713332091 
512 703 208 1553713332107 
512 702 207 1553713332124 
513 702 207 1553713332203 
512 703 209 1553713332307 
512 707 214 1553713332314 
514 707 214 1553713332314 
512 709 218 1553713332324 
512 716 229 1553713332341 
512 721 240 1553713332357 
512 726 251 1553713332374 
512 729 265 1553713332391 
512 730 282 1553713332407 
512 730 299 1553713332424 
512 730 319 1553713332441 
512 726 342 1553713332457 
512 720 366 1553713332474 
512 717 401 1553713332491 
512 716 421 1553713332507 
512 716 437 1553713332524 
512 717 450 1553713332541 
512 718 454 1553713332557 
512 720 456 1553713332574 
512 724 456 1553713332591 
512 736 452 1553713332607 
512 757 443 1553713332624 
512 783 433 1553713332641 
512 816 422 1553713332657 
512 843 415 1553713332674 
512 867 414 1553713332691 
512 878 414 1553713332707 
512 888 413 1553713332724 
512 896 411 1553713332741 
512 907 405 1553713332757 
512 911 402 1553713332774 
512 912 401 1553713332791 
512 912 399 1553713332824 
512 912 398 1553713332841 
512 912 397 1553713332874 
512 912 396 1553713332891 
512 912 393 1553713332907 
512 914 388 1553713332925 
512 919 382 1553713332941 
512 922 379 1553713332957 
512 923 377 1553713332974 
512 924 376 1553713332991 
513 924 376 1553713333180 
514 924 376 1553713333282 
512 922 381 1553713333324 
512 916 388 1553713333341 
512 900 402 1553713333357 
512 857 433 1553713333374 
512 791 484 1553713333391 
512 745 531 1553713333407 
512 727 556 1553713333424 
512 721 567 1553713333441 
512 720 569 1553713333457 
512 718 570 1553713333491 
512 716 570 1553713333507 
512 715 570 1553713333524 
512 710 570 1553713333541 
512 704 571 1553713333557 
512 693 574 1553713333574 
512 673 583 1553713333591 
512 633 605 1553713333607 
512 587 635 1553713333624 
512 554 657 1553713333641 
512 533 670 1553713333657 
512 525 676 1553713333674 
512 523 676 1553713333691 
512 524 676 1553713333791 
512 527 676 1553713333807 
512 529 676 1553713333824 
512 533 675 1553713333841 
512 537 672 1553713333857 
512 544 668 1553713333874 
512 555 661 1553713333891 
512 559 657 1553713333907 
512 561 655 1553713333924 
512 562 654 1553713333941 
512 562 653 1553713334091 
512 561 651 1553713334107 
512 560 649 1553713334124 
512 558 648 1553713334141 
512 557 646 1553713334157 
512 557 645 1553713334174 
512 556 644 1553713334191 
512 556 643 1553713334207 
513 556 643 1553713334292 
514 556 643 1553713334386 
512 556 644 1553713334441 
512 557 645 1553713334457 
512 558 645 1553713334474 
512 559 645 1553713334491 
512 560 645 1553713334507 
512 562 645 1553713334524 
512 569 641 1553713334541 
512 577 633 1553713334557 
512 590 622 1553713334574 
512 602 610 1553713334591 
512 609 599 1553713334607 
512 611 594 1553713334624 
512 611 588 1553713334641 
512 611 582 1553713334657 
512 611 577 1553713334674 
512 615 571 1553713334691 
512 625 568 1553713334707 
512 636 568 1553713334724 
512 644 573 1553713334741 
512 649 576 1553713334757 
512 653 579 1553713334774 
512 657 582 1553713334791 
512 665 587 1553713334807 
512 677 594 1553713334824 
512 694 601 1553713334841 
512 715 610 1553713334857 
512 734 617 1553713334874 
512 758 624 1553713334891 
512 768 626 1553713334907 
512 774 626 1553713334924 
512 780 625 1553713334941 
512 788 622 1553713334957 
512 795 620 1553713334974 
512 803 619 1553713334991 
512 810 619 1553713335007 
512 815 619 1553713335024 
512 820 621 1553713335041 
512 824 623 1553713335057 
512 827 626 1553713335074 
512 831 630 1553713335091 
512 832 633 1553713335107 
512 834 636 1553713335124 
512 837 640 1553713335141 
512 837 642 1553713335157 
512 838 642 1553713335174 
512 838 643 1553713335257 
512 840 643 1553713335274 
512 841 644 1553713335291 
513 841 644 1553713335427 
514 841 644 1553713335498 
512 839 642 1553713335574 
512 836 641 1553713335591 
512 835 640 1553713335607 
512 832 637 1553713335624 
512 829 634 1553713335641 
512 827 628 1553713335657 
512 824 623 1553713335674 
512 818 609 1553713335691 
512 812 596 1553713335707 
512 807 587 1553713335724 
512 800 576 1553713335741 
512 793 566 1553713335757 
512 787 557 1553713335774 
512 781 549 1553713335791 
512 778 541 1553713335807 
512 776 534 1553713335824 
512 779 522 1553713335841 
512 791 512 1553713335857 
512 809 500 1553713335874 
512 832 485 1553713335891 
512 843 479 1553713335907 
512 850 474 1553713335924 
512 855 469 1553713335941 
512 863 461 1553713335957 
512 876 448 1553713335974 
512 887 435 1553713335991 
512 892 426 1553713336007 
512 894 422 1553713336024 
512 894 417 1553713336041 
512 895 415 1553713336057 
512 896 411 1553713336074 
512 900 407 1553713336091 
512 903 403 1553713336107 
512 907 400 1553713336124 
512 913 394 1553713336141 
512 918 390 1553713336157 
512 921 387 1553713336174 
512 922 387 1553713336191 
512 923 386 1553713336274 
512 929 380 1553713336291 
512 931 378 1553713336307 
512 931 377 1553713336324 
512 932 376 1553713336424 
512 933 373 1553713336441 
512 934 372 1553713336457 
513 934 372 1553713336555 
514 934 372 1553713336722 
512 928 374 1553713336841 
512 922 376 1553713336857 
512 915 378 1553713336874 
512 898 379 1553713336892 
512 886 380 1553713336907 
512 872 380 1553713336924 
512 859 380 1553713336941 
512 841 380 1553713336957 
512 825 378 1553713336974 
512 806 375 1553713336991 
512 786 373 1553713337007 
512 762 372 1553713337024 
512 731 372 1553713337041 
512 695 378 1553713337057 
512 666 385 1553713337074 
512 634 393 1553713337091 
512 620 395 1553713337107 
512 610 396 1553713337124 
512 599 397 1553713337141 
512 585 399 1553713337157 
512 570 401 1553713337174 
512 560 403 1553713337191 
512 554 404 1553713337207 
512 549 404 1553713337224 
512 545 404 1553713337241 
512 540 402 1553713337257 
512 535 400 1553713337274 
512 522 398 1553713337291 
512 516 397 1553713337307 
512 511 396 1553713337324 
512 508 395 1553713337341 
512 506 394 1553713337357 
512 504 392 1553713337374 
512 503 391 1553713337391 
512 502 389 1553713337407 
512 500 388 1553713337424 
512 496 386 1553713337441 
512 491 384 1553713337457 
512 486 382 1553713337474 
512 482 381 1553713337491 
512 480 380 1553713337507 
512 479 379 1553713337524 
512 478 379 1553713337541 
512 477 378 1553713337557 
512 476 377 1553713337591 
512 475 376 1553713337607 
512 473 375 1553713337624 
512 473 373 1553713337641 
512 472 372 1553713337657 
512 471 371 1553713337674 
512 470 370 1553713337691 
512 470 369 1553713337707 
513 470 369 1553713337755 
514 470 369 1553713337882 
512 471 369 1553713337924 
512 473 369 1553713337941 
512 476 369 1553713337957 
512 478 369 1553713337974 
512 484 369 1553713337991 
512 498 366 1553713338007 
512 517 359 1553713338024 
512 550 342 1553713338041 
512 585 321 1553713338057 
512 609 306 1553713338074 
512 637 287 1553713338090 
512 649 279 1553713338107 
512 657 274 1553713338124 
512 663 270 1553713338141 
512 668 266 1553713338157 
512 673 263 1553713338174 
512 680 259 1553713338191 
512 685 258 1553713338207 
512 689 258 1553713338224 
512 690 264 1553713338241 
512 690 274 1553713338257 
512 686 286 1553713338274 
512 677 308 1553713338291 
512 671 323 1553713338307 
512 662 344 1553713338324 
512 654 372 1553713338341 
512 646 407 1553713338357 
512 641 448 1553713338374 
512 637 488 1553713338391 
512 637 517 1553713338407 
512 637 541 1553713338424 
512 637 558 1553713338441 
512 637 573 1553713338457 
512 637 583 1553713338474 
512 635 596 1553713338491 
512 633 601 1553713338507 
512 632 605 1553713338524 
512 629 608 1553713338541 
512 625 614 1553713338557 
512 620 619 1553713338574 
512 615 625 1553713338591 
512 609 629 1553713338607 
512 605 633 1553713338624 
512 597 636 1553713338641 
512 588 638 1553713338658 
512 577 642 1553713338674 
512 567 646 1553713338691 
512 565 646 1553713338707 
512 565 647 1553713338724 
513 565 647 1553713338923 
514 565 647 1553713339026 
512 571 645 1553713339057 
512 579 641 1553713339074 
512 593 633 1553713339091 
512 602 627 1553713339107 
512 612 621 1553713339124 
512 622 616 1553713339141 
512 634 608 1553713339157 
512 645 601 1553713339174 
512 655 593 1553713339191 
512 667 586 1553713339207 
512 682 579 1553713339224 
512 695 572 1553713339241 
512 706 564 1553713339257 
512 715 555 1553713339274 
512 725 543 1553713339291 
512 725 541 1553713339307 
512 725 539 1553713339324 
512 723 537 1553713339341 
512 718 535 1553713339357 
512 715 533 1553713339374 
512 711 525 1553713339391 
512 708 510 1553713339407 
512 708 487 1553713339424 
512 713 456 1553713339441 
512 718 428 1553713339457 
512 721 401 1553713339475 
512 727 363 1553713339492 
512 729 342 1553713339507 
512 731 323 1553713339524 
512 731 311 1553713339541 
512 731 301 1553713339557 
512 731 294 1553713339574 
512 731 289 1553713339591 
512 731 285 1553713339607 
512 731 281 1553713339624 
512 730 276 1553713339641 
512 727 271 1553713339657 
512 724 265 1553713339674 
512 719 256 1553713339690 
512 717 250 1553713339707 
512 714 244 1553713339724 
512 710 237 1553713339741 
512 705 231 1553713339757 
512 701 227 1553713339774 
512 699 223 1553713339790 
512 697 219 1553713339807 
512 697 217 1553713339824 
512 697 213 1553713339841 
512 697 212 1553713339857 
512 697 210 1553713339874 
512 697 209 1553713339891 
512 697 208 1553713339941 
512 698 207 1553713339957 
513 698 207 1553713340019 
514 698 207 1553713340138 
