512 699 211 1556744726015
512 699 216 1556744726032
512 699 231 1556744726047
512 699 238 1556744726064
512 699 244 1556744726081
512 699 250 1556744726099
512 699 257 1556744726114
512 699 264 1556744726130
512 698 276 1556744726148
512 698 285 1556744726164
512 696 297 1556744726182
512 695 306 1556744726198
512 695 318 1556744726214
512 695 334 1556744726231
512 701 355 1556744726249
512 716 392 1556744726265
512 729 426 1556744726281
512 745 466 1556744726297
512 757 503 1556744726315
512 767 531 1556744726332
512 777 553 1556744726347
512 789 575 1556744726365
512 793 584 1556744726382
512 795 590 1556744726397
512 798 595 1556744726416
512 800 599 1556744726431
512 805 605 1556744726449
512 807 608 1556744726464
512 807 610 1556744726482
512 809 613 1556744726499
512 810 617 1556744726516
512 813 620 1556744726531
512 814 621 1556744726548
512 815 621 1556744726598
512 821 626 1556744726617
512 827 628 1556744726633
512 832 631 1556744726649
512 837 634 1556744726665
512 840 637 1556744726682
512 843 639 1556744726699
512 844 640 1556744726718
512 844 641 1556744726764
512 845 642 1556744726781
512 845 643 1556744726798
513 845 643 1556744726909
514 845 643 1556744727056
512 845 637 1556744727098
512 845 629 1556744727116
512 844 620 1556744727133
512 849 601 1556744727149
512 853 584 1556744727166
512 855 568 1556744727182
512 856 553 1556744727200
512 856 541 1556744727215
512 856 528 1556744727232
512 856 515 1556744727250
512 856 499 1556744727265
512 845 476 1556744727283
512 835 464 1556744727299
512 818 453 1556744727315
512 784 439 1556744727333
512 726 422 1556744727348
512 665 409 1556744727366
512 612 396 1556744727382
512 540 382 1556744727399
512 504 375 1556744727416
512 485 372 1556744727432
512 482 372 1556744727449
512 481 372 1556744727484
512 479 371 1556744727518
512 477 370 1556744727533
512 474 369 1556744727551
512 473 369 1556744727568
512 472 369 1556744727582
513 472 369 1556744727725
514 472 369 1556744727862
512 473 369 1556744727966
512 479 369 1556744727983
512 485 372 1556744727999
512 491 374 1556744728017
512 494 376 1556744728032
512 502 379 1556744728050
512 507 382 1556744728066
512 513 384 1556744728084
512 519 385 1556744728101
512 525 385 1556744728116
512 530 383 1556744728134
512 537 378 1556744728149
512 550 367 1556744728166
512 565 355 1556744728182
512 582 339 1556744728200
512 603 322 1556744728217
512 626 305 1556744728233
512 644 293 1556744728251
512 669 278 1556744728266
512 686 268 1556744728284
512 701 260 1556744728299
512 715 251 1556744728316
512 722 244 1556744728334
512 725 241 1556744728351
512 725 240 1556744728366
512 727 239 1556744728383
512 727 238 1556744728400
512 727 237 1556744728434
512 726 236 1556744728467
512 724 234 1556744728483
512 720 231 1556744728499
512 716 229 1556744728516
512 713 228 1556744728534
512 710 226 1556744728551
512 708 224 1556744728566
512 705 222 1556744728585
512 704 221 1556744728600
512 700 218 1556744728617
512 698 216 1556744728635
512 697 215 1556744728650
512 697 214 1556744728668
512 696 214 1556744728683
512 696 213 1556744728700
512 695 212 1556744728718
512 695 211 1556744728735
513 695 211 1556744728746
514 695 211 1556744728873
512 695 212 1556744728933
512 695 218 1556744728950
512 695 225 1556744728966
512 697 234 1556744728984
512 702 247 1556744729000
512 706 259 1556744729018
512 711 267 1556744729033
512 714 273 1556744729050
512 715 275 1556744729068
512 716 277 1556744729083
512 721 282 1556744729100
512 730 292 1556744729118
512 745 305 1556744729135
512 758 316 1556744729150
512 780 330 1556744729167
512 796 337 1556744729184
512 810 344 1556744729201
512 824 351 1556744729217
512 839 360 1556744729235
512 858 372 1556744729252
512 893 386 1556744729267
512 908 391 1556744729284
512 912 392 1556744729300
512 913 392 1556744729318
512 913 393 1556744729385
512 916 393 1556744729400
512 919 393 1556744729419
512 922 393 1556744729434
512 923 393 1556744729452
512 924 393 1556744729469
512 925 391 1556744729484
512 927 389 1556744729502
512 930 386 1556744729518
512 930 384 1556744729535
512 931 382 1556744729551
512 932 381 1556744729569
512 933 380 1556744729584
512 935 377 1556744729601
512 936 375 1556744729618
512 936 374 1556744729635
512 936 373 1556744729651
512 936 372 1556744729669
513 936 372 1556744729688
514 936 372 1556744729842
512 935 372 1556744729852
512 932 373 1556744729867
512 928 375 1556744729885
512 924 378 1556744729902
512 921 380 1556744729917
512 915 384 1556744729935
512 912 386 1556744729952
512 910 387 1556744729967
512 909 388 1556744729985
512 908 388 1556744730018
512 905 389 1556744730036
512 896 391 1556744730051
512 884 396 1556744730070
512 868 405 1556744730085
512 851 414 1556744730103
512 825 430 1556744730118
512 790 452 1556744730135
512 753 482 1556744730151
512 703 526 1556744730168
512 681 547 1556744730186
512 666 564 1556744730202
512 653 579 1556744730218
512 643 595 1556744730236
512 634 608 1556744730252
512 612 627 1556744730270
512 597 637 1556744730286
512 579 647 1556744730303
512 566 654 1556744730319
512 560 657 1556744730335
512 558 657 1556744730352
512 557 657 1556744730385
512 556 657 1556744730401
512 554 657 1556744730418
512 553 657 1556744730451
512 549 657 1556744730469
512 548 656 1556744730485
512 546 656 1556744730503
512 546 655 1556744730518
512 546 653 1556744730536
512 546 651 1556744730552
512 546 650 1556744730569
512 546 649 1556744730585
512 547 649 1556744730604
512 547 648 1556744730618
512 548 648 1556744730637
512 549 648 1556744730652
512 550 647 1556744730670
512 551 647 1556744730685
512 553 646 1556744730704
512 556 645 1556744730719
512 557 645 1556744730770
512 558 645 1556744730819
513 558 645 1556744730853
514 558 645 1556744730998
512 558 643 1556744731018
512 558 631 1556744731037
512 566 615 1556744731054
512 578 595 1556744731071
512 596 574 1556744731088
512 614 555 1556744731104
512 632 535 1556744731121
512 645 517 1556744731137
512 656 501 1556744731153
512 667 483 1556744731169
512 674 471 1556744731187
512 683 457 1556744731203
512 691 444 1556744731221
512 697 435 1556744731237
512 702 430 1556744731253
512 711 425 1556744731271
512 714 425 1556744731286
512 717 426 1556744731303
512 724 434 1556744731321
512 739 452 1556744731336
512 760 483 1556744731353
512 791 539 1556744731372
512 800 555 1556744731386
512 822 588 1556744731404
512 830 597 1556744731420
512 830 598 1556744731436
512 831 598 1556744731471
512 831 600 1556744731569
512 832 610 1556744731587
512 833 619 1556744731603
512 834 627 1556744731620
512 834 633 1556744731638
512 834 638 1556744731654
512 834 642 1556744731671
512 833 646 1556744731688
512 833 650 1556744731705
512 833 652 1556744731721
512 833 651 1556744731903
512 836 648 1556744731921
512 839 645 1556744731938
512 839 644 1556744731954
513 839 644 1556744732016
514 839 644 1556744732155
512 839 643 1556744732237
512 839 639 1556744732254
512 836 632 1556744732270
512 831 624 1556744732288
512 829 622 1556744732303
512 828 620 1556744732322
512 826 617 1556744732337
512 823 613 1556744732354
512 822 603 1556744732372
512 823 592 1556744732387
512 828 580 1556744732404
512 840 558 1556744732421
512 860 531 1556744732439
512 884 497 1556744732453
512 896 478 1556744732471
512 903 463 1556744732488
512 912 449 1556744732503
512 919 443 1556744732522
512 926 436 1556744732537
512 931 429 1556744732554
512 932 423 1556744732571
512 934 417 1556744732587
512 935 414 1556744732604
512 935 408 1556744732622
512 935 404 1556744732637
512 934 401 1556744732654
512 934 399 1556744732672
512 934 397 1556744732689
512 932 394 1556744732704
512 931 390 1556744732721
512 929 388 1556744732738
512 929 385 1556744732755
512 929 382 1556744732770
512 928 380 1556744732788
512 928 378 1556744732805
512 927 375 1556744732820
512 927 374 1556744732838
512 926 372 1556744732854
512 926 371 1556744732872
513 926 371 1556744732915
514 926 371 1556744733070
512 924 377 1556744733171
512 922 382 1556744733189
512 921 386 1556744733204
512 921 390 1556744733224
512 920 392 1556744733238
512 918 394 1556744733257
512 909 398 1556744733273
512 895 402 1556744733288
512 880 407 1556744733307
512 859 413 1556744733321
512 832 417 1556744733338
512 802 418 1556744733357
512 758 418 1556744733372
512 719 418 1556744733390
512 690 417 1556744733405
512 681 416 1556744733422
512 672 413 1556744733438
512 659 412 1556744733457
512 643 411 1556744733473
512 630 411 1556744733488
512 609 409 1556744733505
512 595 406 1556744733523
512 587 405 1556744733538
512 583 405 1556744733555
512 579 404 1556744733573
512 577 404 1556744733588
512 574 403 1556744733605
512 560 399 1556744733623
512 548 396 1556744733638
512 539 394 1556744733655
512 535 394 1556744733672
512 532 393 1556744733691
512 528 391 1556744733705
512 521 389 1556744733722
512 518 388 1556744733739
512 515 388 1556744733755
512 512 388 1556744733773
512 507 388 1556744733788
512 499 387 1556744733807
512 485 386 1556744733823
512 479 385 1556744733839
512 475 385 1556744733855
512 473 384 1556744733872
512 472 384 1556744733889
512 470 384 1556744733906
512 470 383 1556744733923
512 469 383 1556744733938
512 469 382 1556744733956
512 468 381 1556744733971
512 467 379 1556744734005
513 467 379 1556744734082
514 467 379 1556744734232
512 469 382 1556744734340
512 473 385 1556744734357
512 479 389 1556744734373
512 489 397 1556744734392
512 504 404 1556744734407
512 521 413 1556744734423
512 528 416 1556744734439
512 530 416 1556744734456
512 531 418 1556744734472
512 533 424 1556744734490
512 537 437 1556744734505
512 542 454 1556744734524
512 543 473 1556744734539
512 545 492 1556744734556
512 546 510 1556744734574
512 546 530 1556744734589
512 547 548 1556744734607
512 548 566 1556744734624
512 548 575 1556744734641
512 548 581 1556744734657
512 548 591 1556744734673
512 548 599 1556744734689
512 550 606 1556744734708
512 550 611 1556744734723
512 551 617 1556744734739
512 553 623 1556744734756
512 553 627 1556744734772
512 553 630 1556744734790
512 554 635 1556744734807
512 555 641 1556744734823
512 555 643 1556744734839
512 556 643 1556744734858
512 557 644 1556744734874
512 557 645 1556744734940
513 557 645 1556744734964
512 557 646 1556744734973
514 557 646 1556744735134
512 556 642 1556744735157
512 556 640 1556744735173
512 556 639 1556744735191
512 556 636 1556744735206
512 556 630 1556744735223
512 558 625 1556744735239
512 562 619 1556744735256
512 574 607 1556744735275
512 577 601 1556744735290
512 578 599 1556744735308
512 578 598 1556744735323
512 578 596 1556744735375
512 578 593 1556744735390
512 581 571 1556744735408
512 585 544 1556744735424
512 594 512 1556744735440
512 609 477 1556744735456
512 633 435 1556744735475
512 654 400 1556744735490
512 674 356 1556744735506
512 683 334 1556744735523
512 692 313 1556744735540
512 700 296 1556744735558
512 704 287 1556744735573
512 706 280 1556744735592
512 708 278 1556744735608
512 708 276 1556744735625
512 709 275 1556744735640
512 710 273 1556744735658
512 711 270 1556744735673
512 712 267 1556744735692
512 712 264 1556744735707
512 712 260 1556744735724
512 712 255 1556744735741
512 710 250 1556744735758
512 709 246 1556744735775
512 706 240 1556744735790
512 705 236 1556744735809
512 703 232 1556744735824
512 703 229 1556744735841
512 703 227 1556744735858
512 702 225 1556744735876
512 702 224 1556744735892
512 702 222 1556744735909
512 702 220 1556744735924
512 702 218 1556744735941
512 702 216 1556744735957
512 702 214 1556744735974
512 702 213 1556744735993
512 702 212 1556744736007
512 702 211 1556744736024
512 702 210 1556744736041
513 702 210 1556744736076
514 702 210 1556744736234