512 700 215 1556744769959
512 699 215 1556744769992
512 697 220 1556744770009
512 695 225 1556744770025
512 693 236 1556744770041
512 693 252 1556744770059
512 695 274 1556744770075
512 710 319 1556744770092
512 738 386 1556744770110
512 785 492 1556744770126
512 814 550 1556744770142
512 828 580 1556744770158
512 834 597 1556744770177
512 837 611 1556744770192
512 839 630 1556744770211
512 839 640 1556744770226
512 839 647 1556744770242
512 839 653 1556744770259
512 839 657 1556744770277
512 840 660 1556744770292
512 840 661 1556744770311
512 841 661 1556744770409
512 841 658 1556744770459
512 841 653 1556744770475
512 841 650 1556744770493
512 841 648 1556744770509
512 841 647 1556744770527
512 841 646 1556744770542
513 841 646 1556744770599
514 841 646 1556744770761
512 841 645 1556744771043
512 828 630 1556744771059
512 798 599 1556744771075
512 722 537 1556744771093
512 692 519 1556744771110
512 671 507 1556744771126
512 655 497 1556744771143
512 638 489 1556744771159
512 629 483 1556744771177
512 613 474 1556744771192
512 599 464 1556744771211
512 585 454 1556744771226
512 580 451 1556744771244
512 575 447 1556744771261
512 569 442 1556744771276
512 562 436 1556744771295
512 552 429 1556744771312
512 551 428 1556744771326
512 544 422 1556744771345
512 538 419 1556744771359
512 531 414 1556744771377
512 524 409 1556744771394
512 518 405 1556744771410
512 515 402 1556744771427
512 513 401 1556744771444
512 512 401 1556744771460
512 510 399 1556744771493
512 506 397 1556744771511
512 502 394 1556744771529
512 500 392 1556744771543
512 499 392 1556744771560
512 498 391 1556744771593
512 497 390 1556744771612
512 496 389 1556744771628
512 495 388 1556744771643
512 493 387 1556744771661
512 491 385 1556744771677
512 490 385 1556744771693
512 489 384 1556744771710
512 488 383 1556744771745
512 487 382 1556744771777
512 486 382 1556744771796
512 485 382 1556744771912
512 485 381 1556744771946
512 483 381 1556744771960
512 482 380 1556744771979
512 481 380 1556744771995
512 480 379 1556744772127
512 479 378 1556744772144
513 479 378 1556744772189
514 479 378 1556744772366
512 485 378 1556744772644
512 503 370 1556744772661
512 519 362 1556744772678
512 534 355 1556744772695
512 550 347 1556744772711
512 566 339 1556744772728
512 576 334 1556744772745
512 584 325 1556744772761
512 592 316 1556744772777
512 599 309 1556744772794
512 606 303 1556744772812
512 612 296 1556744772828
512 618 289 1556744772844
512 622 284 1556744772861
512 623 279 1556744772879
512 624 277 1556744772894
512 624 276 1556744772911
512 624 274 1556744772928
512 624 273 1556744772944
512 626 271 1556744772962
512 632 265 1556744772979
512 642 259 1556744772996
512 651 252 1556744773011
512 658 246 1556744773027
512 662 241 1556744773044
512 666 238 1556744773063
512 669 236 1556744773078
512 673 233 1556744773097
512 676 230 1556744773112
512 680 228 1556744773129
512 682 226 1556744773146
512 683 224 1556744773162
512 684 222 1556744773178
512 684 221 1556744773194
512 686 219 1556744773213
512 692 217 1556744773228
512 696 214 1556744773245
512 699 212 1556744773262
512 700 212 1556744773277
512 700 211 1556744773294
512 701 211 1556744773379
513 701 211 1556744773399
514 701 211 1556744773544
512 702 217 1556744773629
512 704 229 1556744773644
512 708 251 1556744773663
512 713 268 1556744773678
512 720 283 1556744773696
512 725 296 1556744773713
512 726 305 1556744773730
512 726 307 1556744773745
512 727 307 1556744773812
512 731 307 1556744773829
512 751 307 1556744773845
512 781 312 1556744773864
512 837 325 1556744773880
512 860 331 1556744773897
512 873 332 1556744773912
512 876 335 1556744773930
512 879 336 1556744773947
512 884 338 1556744773964
512 887 339 1556744773978
512 894 342 1556744773996
512 897 344 1556744774012
512 899 346 1556744774029
512 903 350 1556744774046
512 908 354 1556744774064
512 914 359 1556744774079
512 922 364 1556744774095
512 933 370 1556744774114
512 940 374 1556744774129
512 946 377 1556744774145
512 947 378 1556744774164
512 947 379 1556744774212
512 947 380 1556744774313
512 943 380 1556744774329
512 942 380 1556744774346
512 938 380 1556744774363
512 935 380 1556744774379
512 933 379 1556744774396
512 931 378 1556744774414
512 930 378 1556744774430
512 929 378 1556744774463
512 928 377 1556744774479
513 928 377 1556744774533
514 928 377 1556744774662
512 916 382 1556744774781
512 896 389 1556744774796
512 862 397 1556744774813
512 844 402 1556744774831
512 830 405 1556744774846
512 827 406 1556744774863
512 825 406 1556744774882
512 825 407 1556744774897
512 816 416 1556744774913
512 801 435 1556744774931
512 778 464 1556744774948
512 741 502 1556744774965
512 700 546 1556744774980
512 649 622 1556744774998
512 625 662 1556744775013
512 611 686 1556744775031
512 600 701 1556744775046
512 591 712 1556744775064
512 581 721 1556744775082
512 573 725 1556744775097
512 566 727 1556744775114
512 565 727 1556744775130
512 561 727 1556744775149
512 559 727 1556744775164
512 557 725 1556744775182
512 554 721 1556744775196
512 550 715 1556744775215
512 550 699 1556744775231
512 550 689 1556744775247
512 550 683 1556744775263
512 550 678 1556744775280
512 552 673 1556744775298
512 553 670 1556744775314
512 554 667 1556744775330
512 556 665 1556744775347
512 557 663 1556744775363
512 559 662 1556744775380
512 561 659 1556744775399
512 561 656 1556744775413
512 561 655 1556744775431
512 561 653 1556744775498
512 561 651 1556744775514
512 560 646 1556744775532
512 560 642 1556744775548
512 560 640 1556744775564
513 560 640 1556744775596
514 560 640 1556744775734
512 560 639 1556744775780
512 574 631 1556744775798
512 596 622 1556744775815
512 627 611 1556744775831
512 656 599 1556744775848
512 672 592 1556744775865
512 686 581 1556744775882
512 691 578 1556744775898
512 699 574 1556744775913
512 708 567 1556744775931
512 720 559 1556744775949
512 734 550 1556744775965
512 743 544 1556744775980
512 756 541 1556744775998
512 763 541 1556744776016
512 769 547 1556744776031
512 774 558 1556744776047
512 777 575 1556744776065
512 780 596 1556744776081
512 784 617 1556744776099
512 789 632 1556744776114
512 802 649 1556744776132
512 809 656 1556744776149
512 811 657 1556744776164
512 812 657 1556744776248
512 815 655 1556744776264
512 820 647 1556744776281
512 824 639 1556744776299
512 827 633 1556744776315
512 829 628 1556744776332
512 831 626 1556744776348
512 834 625 1556744776365
512 836 624 1556744776382
512 837 623 1556744776398
512 838 623 1556744776414
512 839 622 1556744776431
512 840 622 1556744776465
512 842 622 1556744776499
512 843 624 1556744776515
512 845 627 1556744776531
512 845 630 1556744776550
512 844 633 1556744776567
512 843 634 1556744776582
512 841 636 1556744776598
512 840 638 1556744776615
512 839 640 1556744776634
513 839 640 1556744776742
514 839 640 1556744776874
512 834 637 1556744776966
512 826 630 1556744776982
512 795 605 1556744776999
512 763 584 1556744777016
512 742 575 1556744777033
512 730 569 1556744777049
512 719 562 1556744777066
512 709 554 1556744777082
512 693 544 1556744777100
512 691 542 1556744777117
512 690 537 1556744777132
512 697 526 1556744777148
512 716 503 1556744777167
512 746 467 1556744777184
512 781 439 1556744777200
512 804 423 1556744777216
512 842 403 1556744777232
512 858 395 1556744777250
512 866 392 1556744777266
512 868 391 1556744777282
512 870 391 1556744777317
512 878 391 1556744777334
512 892 392 1556744777349
512 895 392 1556744777365
512 896 392 1556744777400
512 902 392 1556744777417
512 913 392 1556744777434
512 923 391 1556744777449
512 925 391 1556744777467
512 925 390 1556744777499
512 927 390 1556744777515
512 929 389 1556744777533
512 932 386 1556744777549
512 933 385 1556744777567
512 935 383 1556744777584
512 935 382 1556744777601
512 936 381 1556744777615
512 936 380 1556744777634
512 936 379 1556744777665
512 936 378 1556744777684
512 936 377 1556744777717
513 936 377 1556744777754
514 936 377 1556744777898
512 935 377 1556744778100
512 928 377 1556744778116
512 902 380 1556744778135
512 871 382 1556744778150
512 797 382 1556744778167
512 713 382 1556744778185
512 640 382 1556744778200
512 558 384 1556744778217
512 531 384 1556744778233
512 516 386 1556744778251
512 504 388 1556744778266
512 492 391 1556744778283
512 480 394 1556744778299
512 468 396 1556744778318
512 458 396 1556744778334
512 456 396 1556744778350
512 455 396 1556744778417
512 455 394 1556744778451
512 460 392 1556744778468
512 465 390 1556744778483
512 468 389 1556744778500
512 470 387 1556744778517
512 472 387 1556744778533
512 475 385 1556744778552
512 479 385 1556744778567
512 481 383 1556744778584
512 481 382 1556744778652
513 481 382 1556744778691
514 481 382 1556744778822
512 482 382 1556744778969
512 489 382 1556744778985
512 504 384 1556744779002
512 523 386 1556744779018
512 554 387 1556744779035
512 572 387 1556744779051
512 601 390 1556744779068
512 621 392 1556744779086
512 644 395 1556744779102
512 680 398 1556744779117
512 694 398 1556744779136
512 689 398 1556744779202
512 676 398 1556744779220
512 620 397 1556744779234
512 550 390 1556744779253
512 500 385 1556744779268
512 476 383 1556744779284
512 463 380 1556744779303
512 459 379 1556744779318
512 454 377 1556744779336
512 451 376 1556744779351
512 445 375 1556744779368
512 440 375 1556744779385
512 439 375 1556744779401
512 438 374 1556744779422
512 437 374 1556744779435
512 437 373 1556744779450
512 438 372 1556744779483
512 442 372 1556744779501
512 445 372 1556744779517
512 447 372 1556744779534
512 451 372 1556744779551
512 456 374 1556744779568
512 458 376 1556744779586
512 460 376 1556744779601
512 461 377 1556744779651
512 462 377 1556744779718
512 463 377 1556744779851
512 464 377 1556744779869
512 465 377 1556744779885
512 466 376 1556744779901
512 468 375 1556744779918
512 469 375 1556744779952
512 470 375 1556744779985
512 472 375 1556744780018
513 472 375 1556744780089
514 472 375 1556744780219
512 473 375 1556744780334
512 485 375 1556744780352
512 505 375 1556744780369
512 524 375 1556744780384
512 560 377 1556744780401
512 602 380 1556744780419
512 634 382 1556744780436
512 657 383 1556744780452
512 668 385 1556744780468
512 674 388 1556744780485
512 680 392 1556744780501
512 683 397 1556744780520
512 684 406 1556744780534
512 677 424 1556744780551
512 650 457 1556744780568
512 617 495 1556744780586
512 584 540 1556744780601
512 571 559 1556744780618
512 559 572 1556744780636
512 549 583 1556744780651
512 542 593 1556744780671
512 538 599 1556744780685
512 536 602 1556744780701
512 534 604 1556744780718
512 532 606 1556744780735
512 532 609 1556744780750
512 532 610 1556744780767
512 532 612 1556744780784
512 534 612 1556744780801
512 535 613 1556744780817
512 539 616 1556744780834
512 544 619 1556744780850
512 551 624 1556744780868
512 556 627 1556744780884
512 558 627 1556744780901
512 558 628 1556744780918
512 558 629 1556744780935
512 558 630 1556744781002
512 558 631 1556744781053
512 559 631 1556744781068
512 559 632 1556744781118
512 559 636 1556744781136
512 559 639 1556744781151
512 559 641 1556744781168
512 559 642 1556744781185
512 559 643 1556744781202
513 559 643 1556744781223
514 559 643 1556744781389
512 559 636 1556744781703
512 559 618 1556744781718
512 563 585 1556744781737
512 576 534 1556744781751
512 595 476 1556744781768
512 630 404 1556744781787
512 639 384 1556744781802
512 654 346 1556744781818
512 658 330 1556744781835
512 659 320 1556744781853
512 663 307 1556744781868
512 672 293 1556744781886
512 683 279 1556744781903
512 686 271 1556744781918
512 687 265 1556744781935
512 687 260 1556744781954
512 687 255 1556744781968
512 687 253 1556744781987
512 687 251 1556744782002
512 687 248 1556744782020
512 687 245 1556744782037
512 687 243 1556744782052
512 687 242 1556744782068
512 687 241 1556744782085
512 687 239 1556744782103
512 687 238 1556744782119
512 687 234 1556744782137
512 687 228 1556744782153
512 687 227 1556744782169
512 687 226 1556744782187
512 687 224 1556744782202
512 688 223 1556744782218
512 689 222 1556744782236
512 692 221 1556744782252
512 692 220 1556744782268
512 692 219 1556744782286
512 693 219 1556744782304
512 694 218 1556744782385
512 696 217 1556744782402
512 697 216 1556744782419
512 697 215 1556744782435
512 698 214 1556744782454
512 698 213 1556744782471
512 700 212 1556744782485
512 700 211 1556744782503
512 701 211 1556744782519
513 701 211 1556744782533
514 701 211 1556744782670