512 704 240 1556816903813
512 728 324 1556816903832
512 742 375 1556816903848
512 774 489 1556816903863
512 804 597 1556816903881
512 815 637 1556816903898
512 827 678 1556816903915
512 831 691 1556816903930
512 831 694 1556816903948
512 836 691 1556816904181
512 840 688 1556816904197
512 845 684 1556816904214
512 848 681 1556816904231
512 850 680 1556816904246
512 852 676 1556816904265
512 853 673 1556816904281
512 853 671 1556816904298
512 853 665 1556816904313
512 851 658 1556816904331
512 850 657 1556816904348
512 848 654 1556816904364
512 847 652 1556816904381
512 846 651 1556816904413
512 845 651 1556816904497
513 845 651 1556816904689
514 845 651 1556816904689
512 769 609 1556816905114
512 677 547 1556816905129
512 636 513 1556816905147
512 568 456 1556816905164
512 545 434 1556816905178
512 538 428 1556816905195
512 531 421 1556816905214
512 530 418 1556816905230
512 521 413 1556816905430
512 514 408 1556816905447
512 501 404 1556816905462
512 491 402 1556816905480
512 487 400 1556816905497
512 482 399 1556816905513
512 479 397 1556816905530
512 477 396 1556816905547
512 476 392 1556816905564
512 475 390 1556816905578
512 475 389 1556816905597
512 475 388 1556816905614
512 475 387 1556816905628
512 475 386 1556816905713
512 475 385 1556816905813
512 475 384 1556816905863
513 475 384 1556816905958
514 475 384 1556816905988
512 475 383 1556816906279
512 476 383 1556816906295
512 525 370 1556816906313
512 593 347 1556816906329
512 625 333 1556816906346
512 667 311 1556816906362
512 688 295 1556816906379
512 695 289 1556816906394
512 707 278 1556816906411
512 711 273 1556816906429
512 712 272 1556816906446
512 713 271 1556816906463
512 714 269 1556816906479
512 714 268 1556816906511
512 714 267 1556816906546
512 714 265 1556816906561
512 714 264 1556816906596
512 714 262 1556816906613
512 714 260 1556816906629
512 713 251 1556816906846
512 708 232 1556816906862
512 706 223 1556816906879
512 705 221 1556816906896
512 704 218 1556816906912
512 703 217 1556816906962
513 703 217 1556816907259
514 703 217 1556816907269
512 722 230 1556816907760
512 752 251 1556816907779
512 809 289 1556816907793
512 848 316 1556816907810
512 858 323 1556816907828
512 874 338 1556816907845
512 882 346 1556816907862
512 886 349 1556816907878
512 890 353 1556816907895
512 893 358 1556816907910
512 895 360 1556816907928
512 901 366 1556816907945
512 907 370 1556816907960
512 909 372 1556816907977
512 912 374 1556816907993
512 913 375 1556816908011
512 914 375 1556816908043
512 915 376 1556816908062
512 916 376 1556816908093
512 917 376 1556816908110
512 919 376 1556816908143
512 920 377 1556816908161
512 921 377 1556816908178
512 923 378 1556816908195
512 925 378 1556816908211
512 926 378 1556816908228
512 927 378 1556816908261
512 928 378 1556816908293
512 929 378 1556816908310
512 929 377 1556816908344
512 930 376 1556816908360
513 930 376 1556816908419
514 930 376 1556816908449
512 908 385 1556816908959
512 874 402 1556816908977
512 806 438 1556816908994
512 741 477 1556816909009
512 714 496 1556816909026
512 686 516 1556816909044
512 667 530 1556816909061
512 660 536 1556816909077
512 647 544 1556816909094
512 636 550 1556816909111
512 631 553 1556816909125
512 622 560 1556816909144
512 614 565 1556816909161
512 609 569 1556816909177
512 601 575 1556816909194
512 596 579 1556816909211
512 594 580 1556816909227
512 592 581 1556816909242
512 591 582 1556816909261
512 590 584 1556816909293
512 586 589 1556816909310
512 585 593 1556816909327
512 581 599 1556816909342
512 579 603 1556816909361
512 578 604 1556816909377
512 576 608 1556816909392
512 570 615 1556816909409
512 567 618 1556816909427
512 563 622 1556816909444
512 561 624 1556816909460
512 561 625 1556816909477
512 559 626 1556816909494
512 557 628 1556816909508
512 556 630 1556816909525
512 555 632 1556816909544
512 554 632 1556816909558
512 553 633 1556816909576
512 552 634 1556816909625
512 551 635 1556816909643
512 550 636 1556816909693
513 550 636 1556816909948
514 550 636 1556816909956
512 551 638 1556816910991
512 553 640 1556816911009
512 555 640 1556816911025
512 556 641 1556816911043
512 557 641 1556816911059
512 557 642 1556816911091
513 557 642 1556816911180
514 557 642 1556816911197
512 585 639 1556816911575
512 678 633 1556816911592
512 775 633 1556816911607
512 816 633 1556816911624
512 857 633 1556816911642
512 873 633 1556816911658
512 878 634 1556816911673
512 884 634 1556816911692
512 886 634 1556816911708
512 887 634 1556816911723
512 875 635 1556816911957
512 870 636 1556816911975
512 862 637 1556816911992
512 856 638 1556816912008
512 853 639 1556816912025
512 847 641 1556816912041
512 845 642 1556816912058
512 844 642 1556816912075
512 843 643 1556816912090
512 842 643 1556816912108
513 842 643 1556816912376
514 842 643 1556816912385
512 862 579 1556816912857
512 875 538 1556816912874
512 894 467 1556816912891
512 903 437 1556816912908
512 906 428 1556816912924
512 910 415 1556816912941
512 911 410 1556816912957
512 911 408 1556816912974
512 911 407 1556816912991
512 911 405 1556816913024
512 912 401 1556816913039
512 914 393 1556816913057
512 914 389 1556816913072
512 915 383 1556816913090
512 915 380 1556816913107
512 915 379 1556816913122
512 915 377 1556816913141
512 915 376 1556816913157
512 916 376 1556816913174
512 916 375 1556816913207
512 917 375 1556816913224
512 919 372 1556816913241
512 921 371 1556816913257
512 922 370 1556816913274
512 923 369 1556816913290
512 925 369 1556816913307
512 925 368 1556816913324
512 926 368 1556816913339
512 927 368 1556816913356
512 928 368 1556816913374
512 929 369 1556816913388
512 930 369 1556816913405
512 930 370 1556816913423
512 930 371 1556816913490
513 930 371 1556816913575
514 930 371 1556816913575
512 833 365 1556816914007
512 767 357 1556816914023
512 646 347 1556816914040
512 567 345 1556816914056
512 553 345 1556816914073
512 535 346 1556816914090
512 525 350 1556816914105
512 512 355 1556816914338
512 494 365 1556816914356
512 488 369 1556816914373
512 479 374 1556816914388
512 473 377 1556816914405
512 472 377 1556816914423
512 470 379 1556816914438
512 469 379 1556816914456
512 469 380 1556816914473
512 468 380 1556816914489
512 468 381 1556816914505
512 467 382 1556816914523
512 467 381 1556816914706
512 467 380 1556816914739
512 467 379 1556816914789
513 467 379 1556816914844
514 467 379 1556816914844
512 478 402 1556816915288
512 510 467 1556816915305
512 526 499 1556816915322
512 545 542 1556816915338
512 560 579 1556816915355
512 563 588 1556816915370
512 571 604 1556816915387
512 574 612 1556816915405
512 576 615 1556816915422
512 578 619 1556816915437
512 579 621 1556816915455
512 577 627 1556816915688
512 572 634 1556816915705
512 571 636 1556816915720
512 569 638 1556816915738
512 568 640 1556816915755
512 568 642 1556816915788
512 567 643 1556816915805
512 567 644 1556816915820
512 567 645 1556816915855
512 566 645 1556816915956
512 565 645 1556816916005
512 564 644 1556816916053
512 563 644 1556816916105
512 563 643 1556816916153
512 562 643 1556816916171
513 562 643 1556816916174
514 562 643 1556816916175
512 579 576 1556816916655
512 592 530 1556816916671
512 628 429 1556816916688
512 665 333 1556816916703
512 678 297 1556816916721
512 688 275 1556816916738
512 692 266 1556816916753
512 693 262 1556816916769
512 693 246 1556816917004
512 693 240 1556816917020
512 693 227 1556816917036
512 694 220 1556816917054
512 694 217 1556816917071
512 695 214 1556816917086
512 696 212 1556816917103
512 696 211 1556816917136
512 696 210 1556816917185
512 696 209 1556816917237
513 696 209 1556816917455
514 696 209 1556816917462