512 701 205 1556824571762
512 701 206 1556824571776
512 701 208 1556824571796
512 700 248 1556824571812
512 700 316 1556824571826
512 700 351 1556824571846
512 708 432 1556824571862
512 715 482 1556824571877
512 718 493 1556824571896
512 724 508 1556824571910
512 732 516 1556824571929
512 738 520 1556824571946
512 741 523 1556824571960
512 745 525 1556824571979
512 747 525 1556824571995
512 763 577 1556824572228
512 778 605 1556824572244
512 785 616 1556824572262
512 800 635 1556824572278
512 810 647 1556824572293
512 814 651 1556824572311
512 818 655 1556824572328
512 821 656 1556824572343
512 823 657 1556824572362
512 827 658 1556824572377
512 831 660 1556824572393
512 832 660 1556824572410
512 833 660 1556824572427
512 834 661 1556824572445
512 835 661 1556824572476
512 835 660 1556824572560
512 836 653 1556824572577
512 838 643 1556824572593
512 840 637 1556824572611
512 840 636 1556824572628
512 840 634 1556824572644
512 841 634 1556824572712
512 841 635 1556824572826
512 842 636 1556824572843
512 842 637 1556824572861
512 842 639 1556824572894
512 842 640 1556824572909
512 842 641 1556824572926
512 842 642 1556824572945
512 842 643 1556824572959
512 842 644 1556824572993
513 842 644 1556824573067
514 842 644 1556824573067
512 774 612 1556824573395
512 728 582 1556824573409
512 645 511 1556824573426
512 586 441 1556824573446
512 578 428 1556824573460
512 568 411 1556824573478
512 542 403 1556824573727
512 524 395 1556824573743
512 519 393 1556824573762
512 513 391 1556824573775
512 510 391 1556824573794
512 509 391 1556824573811
512 508 390 1556824573825
512 507 390 1556824573843
512 504 388 1556824573862
512 503 387 1556824573876
512 500 385 1556824573892
512 499 384 1556824573925
512 498 384 1556824573942
512 497 384 1556824573975
512 496 384 1556824574010
512 496 383 1556824574024
512 494 383 1556824574043
512 492 383 1556824574059
512 491 382 1556824574075
512 490 382 1556824574093
512 488 381 1556824574109
512 487 381 1556824574124
512 484 379 1556824574142
512 481 379 1556824574159
512 480 378 1556824574176
512 479 377 1556824574193
512 478 377 1556824574209
512 476 376 1556824574226
512 475 375 1556824574242
512 472 373 1556824574260
512 471 372 1556824574274
512 470 372 1556824574293
512 470 371 1556824574307
512 469 371 1556824574341
513 469 371 1556824574434
514 469 371 1556824574464
512 470 371 1556824574675
512 471 371 1556824574708
512 475 372 1556824574725
512 479 372 1556824574743
512 491 375 1556824574760
512 507 375 1556824574775
512 518 374 1556824574794
512 541 363 1556824574808
512 564 346 1556824574826
512 584 327 1556824574843
512 593 318 1556824574859
512 607 304 1556824574874
512 618 294 1556824574892
512 623 290 1556824574909
512 632 285 1556824574924
512 640 280 1556824574942
512 644 278 1556824574960
512 652 274 1556824574975
512 656 272 1556824574994
512 661 263 1556824575209
512 670 249 1556824575225
512 679 239 1556824575243
512 683 236 1556824575261
512 689 230 1556824575274
512 692 227 1556824575292
512 693 226 1556824575309
512 694 225 1556824575325
512 695 225 1556824575342
512 695 224 1556824575375
512 696 222 1556824575390
512 697 221 1556824575425
512 698 219 1556824575441
512 698 218 1556824575477
512 699 218 1556824575492
512 699 217 1556824575607
512 700 217 1556824575627
512 700 216 1556824575642
512 700 215 1556824575728
513 700 215 1556824575818
514 700 215 1556824575853
512 700 216 1556824576173
512 700 217 1556824576191
512 700 223 1556824576207
512 706 244 1556824576224
512 716 264 1556824576243
512 724 274 1556824576258
512 741 294 1556824576272
512 751 305 1556824576292
512 775 326 1556824576307
512 797 343 1556824576323
512 816 357 1556824576341
512 824 363 1556824576358
512 838 371 1556824576373
512 846 376 1556824576390
512 848 376 1556824576407
512 867 376 1556824576691
512 875 376 1556824576707
512 888 376 1556824576723
512 898 376 1556824576742
512 902 376 1556824576757
512 908 377 1556824576773
512 914 378 1556824576790
512 916 378 1556824576806
512 918 379 1556824576824
512 920 379 1556824576840
512 921 379 1556824576857
512 922 379 1556824576889
512 923 380 1556824576924
512 924 380 1556824577073
513 924 380 1556824577236
514 924 380 1556824577262
512 896 400 1556824577624
512 863 424 1556824577641
512 804 474 1556824577656
512 749 527 1556824577673
512 724 556 1556824577689
512 683 602 1556824577706
512 665 619 1556824577724
512 658 626 1556824577741
512 647 633 1556824577756
512 638 636 1556824577773
512 636 637 1556824577790
512 632 638 1556824577805
512 630 638 1556824577822
512 621 638 1556824578024
512 601 640 1556824578041
512 591 642 1556824578056
512 576 646 1556824578073
512 566 649 1556824578090
512 563 649 1556824578108
512 560 650 1556824578122
512 558 650 1556824578139
512 556 650 1556824578173
512 556 649 1556824578422
512 556 648 1556824578474
513 556 648 1556824578509
514 556 648 1556824578524
512 556 647 1556824578524
512 570 639 1556824578822
512 583 632 1556824578839
512 607 625 1556824578858
512 634 624 1556824578872
512 649 628 1556824578888
512 684 645 1556824578906
512 709 663 1556824578923
512 721 671 1556824578941
512 737 681 1556824578954
512 747 687 1556824578972
512 752 689 1556824578992
512 758 689 1556824579005
512 764 689 1556824579023
512 767 686 1556824579039
512 782 674 1556824579291
512 790 668 1556824579307
512 804 661 1556824579321
512 817 657 1556824579338
512 821 655 1556824579357
512 829 652 1556824579371
512 835 650 1556824579389
512 837 649 1556824579407
512 839 647 1556824579423
512 841 647 1556824579437
512 842 646 1556824579457
512 843 646 1556824579471
512 845 645 1556824579488
512 846 645 1556824579505
512 847 644 1556824579524
512 848 644 1556824579539
512 849 643 1556824579571
513 849 643 1556824579746
514 849 643 1556824579782
512 850 638 1556824580154
512 873 575 1556824580171
512 884 544 1556824580189
512 911 487 1556824580204
512 927 456 1556824580221
512 932 446 1556824580238
512 943 427 1556824580254
512 950 416 1556824580271
512 946 410 1556824580523
512 942 405 1556824580537
512 937 398 1556824580554
512 934 394 1556824580570
512 932 391 1556824580590
512 932 390 1556824580603
512 931 388 1556824580621
512 930 384 1556824580638
512 930 382 1556824580654
512 929 380 1556824580670
512 929 379 1556824580687
512 928 379 1556824580704
512 928 378 1556824580720
512 928 377 1556824580737
512 928 376 1556824580822
512 927 376 1556824580856
513 927 376 1556824580976
514 927 376 1556824581013
512 925 377 1556824581272
512 910 390 1556824581288
512 871 409 1556824581304
512 856 417 1556824581320
512 814 433 1556824581336
512 785 438 1556824581354
512 773 440 1556824581372
512 753 440 1556824581386
512 741 440 1556824581403
512 738 439 1556824581420
512 732 438 1556824581436
512 728 437 1556824581453
512 664 427 1556824581688
512 590 415 1556824581703
512 548 408 1556824581719
512 538 405 1556824581736
512 527 403 1556824581753
512 524 403 1556824581769
512 522 402 1556824581785
512 515 398 1556824581987
512 495 386 1556824582002
512 482 378 1556824582018
512 477 376 1556824582036
512 473 373 1556824582054
512 470 372 1556824582069
512 469 371 1556824582087
512 468 371 1556824582119
512 467 370 1556824582137
512 467 369 1556824582169
512 466 369 1556824582203
512 466 368 1556824582218
513 466 368 1556824582389
514 466 368 1556824582412
512 467 369 1556824582619
512 468 369 1556824582669
512 469 370 1556824582687
512 481 378 1556824582701
512 491 385 1556824582720
512 510 404 1556824582734
512 526 427 1556824582751
512 533 438 1556824582770
512 556 489 1556824582785
512 567 526 1556824582801
512 570 535 1556824582821
512 573 549 1556824582836
512 574 557 1556824582854
512 574 559 1556824582869
512 574 560 1556824582887
512 566 597 1556824583119
512 562 609 1556824583137
512 560 624 1556824583151
512 559 631 1556824583168
512 559 633 1556824583187
512 559 636 1556824583202
512 559 637 1556824583220
512 559 639 1556824583252
512 559 640 1556824583267
512 559 641 1556824583287
512 559 642 1556824583304
512 559 643 1556824583368
513 559 643 1556824583625
514 559 643 1556824583642
512 567 621 1556824583935
512 582 582 1556824583953
512 614 497 1556824583968
512 648 413 1556824583985
512 663 377 1556824584002
512 685 316 1556824584017
512 693 288 1556824584035
512 697 279 1556824584051
512 700 267 1556824584069
512 702 261 1556824584084
512 702 249 1556824584336
512 701 233 1556824584353
512 701 229 1556824584369
512 701 224 1556824584385
512 701 222 1556824584401
512 701 220 1556824584434
512 701 219 1556824584501
513 701 219 1556824584701
514 701 219 1556824584744
512 700 219 1556824584951
512 692 221 1556824584985
512 682 226 1556824585002
512 669 234 1556824585017
512 666 237 1556824585035
512 660 240 1556824585049
512 658 242 1556824585068
512 657 242 1556824585085
512 656 242 1556824585118
512 659 239 1556824585184
512 664 236 1556824585199
512 673 228 1556824585216
512 680 225 1556824585234
512 681 223 1556824585251
512 683 222 1556824585267
512 685 221 1556824585283
512 686 221 1556824585302
512 688 219 1556824585315
512 691 216 1556824585334
512 692 215 1556824585351
512 693 214 1556824585366
512 695 213 1556824585385
512 697 212 1556824585416
512 699 212 1556824585433
512 700 212 1556824585467
512 701 212 1556824585482
512 702 212 1556824585549
512 703 212 1556824585649
513 703 212 1556824585687
514 703 212 1556824585718