512 706 235 1556824612961
512 739 308 1556824612976
512 777 394 1556824612993
512 798 439 1556824613010
512 839 526 1556824613026
512 857 574 1556824613044
512 862 585 1556824613061
512 867 603 1556824613078
512 868 607 1556824613095
512 862 620 1556824613326
512 851 633 1556824613345
512 847 637 1556824613361
512 842 641 1556824613376
512 840 643 1556824613394
512 838 644 1556824613429
512 837 644 1556824613461
512 837 645 1556824613477
512 836 645 1556824613526
512 835 645 1556824613593
513 835 645 1556824613739
514 835 645 1556824613746
512 807 627 1556824614110
512 710 544 1556824614126
512 663 499 1556824614145
512 588 420 1556824614160
512 558 384 1556824614175
512 553 377 1556824614195
512 548 370 1556824614209
512 523 370 1556824614445
512 509 370 1556824614460
512 486 368 1556824614475
512 471 365 1556824614494
512 468 363 1556824614511
512 463 362 1556824614525
512 461 360 1556824614544
512 460 359 1556824614576
512 460 360 1556824614775
512 461 362 1556824614792
512 462 363 1556824614809
512 465 368 1556824614825
512 467 371 1556824614842
512 469 373 1556824614859
512 469 374 1556824614875
512 470 375 1556824614891
512 470 376 1556824614925
512 471 376 1556824614942
512 472 376 1556824614993
513 472 376 1556824615131
514 472 376 1556824615136
512 485 362 1556824615643
512 530 317 1556824615658
512 584 270 1556824615676
512 614 247 1556824615693
512 666 212 1556824615708
512 690 198 1556824615727
512 699 194 1556824615744
512 709 189 1556824615759
512 716 187 1556824615775
512 714 192 1556824616043
512 712 197 1556824616057
512 710 200 1556824616073
512 708 202 1556824616091
512 708 203 1556824616108
512 707 204 1556824616125
512 706 204 1556824616191
512 705 204 1556824616341
512 704 204 1556824616390
512 704 205 1556824616425
513 704 205 1556824616518
514 704 205 1556824616527
512 716 220 1556824616877
512 738 243 1556824616893
512 773 276 1556824616906
512 794 290 1556824616924
512 804 296 1556824616939
512 822 306 1556824616958
512 842 317 1556824616974
512 851 322 1556824616992
512 865 332 1556824617007
512 875 340 1556824617024
512 878 342 1556824617040
512 882 345 1556824617056
512 897 353 1556824617325
512 910 360 1556824617342
512 914 361 1556824617356
512 922 364 1556824617373
512 924 365 1556824617390
512 928 366 1556824617407
512 930 366 1556824617424
512 931 366 1556824617441
512 931 367 1556824617456
512 932 367 1556824617475
512 933 367 1556824617492
512 933 368 1556824617608
512 933 369 1556824617689
512 933 370 1556824617738
513 933 370 1556824617768
514 933 370 1556824617768
512 932 371 1556824618056
512 919 378 1556824618074
512 890 395 1556824618091
512 841 430 1556824618105
512 816 450 1556824618122
512 757 498 1556824618140
512 701 545 1556824618156
512 676 562 1556824618172
512 654 576 1556824618190
512 638 583 1556824618205
512 632 585 1556824618224
512 625 588 1556824618241
512 620 589 1556824618256
512 613 593 1556824618525
512 598 605 1556824618538
512 587 615 1556824618556
512 583 619 1556824618572
512 576 625 1556824618591
512 571 630 1556824618607
512 568 633 1556824618622
512 567 634 1556824618655
512 567 635 1556824618706
512 567 636 1556824618805
512 566 636 1556824618872
512 566 637 1556824618904
512 565 637 1556824618921
512 564 639 1556824618938
512 562 641 1556824618957
512 560 642 1556824618971
512 559 643 1556824619008
512 558 643 1556824619040
513 558 643 1556824619151
514 558 643 1556824619186
512 576 642 1556824619573
512 634 634 1556824619589
512 652 631 1556824619604
512 679 630 1556824619623
512 705 630 1556824619638
512 726 630 1556824619655
512 734 630 1556824619673
512 750 630 1556824619687
512 763 629 1556824619704
512 770 629 1556824619723
512 783 631 1556824619737
512 793 635 1556824619754
512 798 637 1556824619772
512 802 639 1556824619788
512 803 640 1556824619804
512 807 641 1556824620071
512 813 641 1556824620088
512 819 642 1556824620103
512 823 642 1556824620120
512 825 642 1556824620137
512 827 642 1556824620155
512 828 642 1556824620169
512 829 642 1556824620205
512 830 642 1556824620253
512 831 642 1556824620289
512 832 642 1556824620389
512 832 643 1556824620455
512 833 643 1556824620470
512 835 643 1556824620507
512 836 643 1556824620520
512 838 643 1556824620540
512 839 643 1556824620572
512 840 643 1556824620590
512 841 643 1556824620638
513 841 643 1556824620725
514 841 643 1556824620745
512 862 577 1556824621237
512 882 494 1556824621254
512 891 454 1556824621270
512 901 415 1556824621288
512 907 399 1556824621305
512 909 393 1556824621322
512 910 391 1556824621339
512 913 387 1556824621604
512 915 385 1556824621621
512 915 383 1556824621638
512 916 383 1556824621652
512 917 382 1556824621669
512 918 382 1556824621686
512 919 381 1556824621702
512 920 380 1556824621736
512 921 380 1556824621771
512 922 380 1556824621805
512 922 379 1556824621821
512 923 379 1556824621852
512 923 378 1556824621888
512 924 378 1556824621921
513 924 378 1556824622090
514 924 378 1556824622125
512 898 378 1556824622487
512 851 376 1556824622502
512 745 372 1556824622518
512 646 365 1556824622536
512 609 360 1556824622552
512 579 355 1556824622570
512 563 352 1556824622585
512 559 351 1556824622605
512 545 351 1556824622871
512 524 356 1556824622887
512 504 363 1556824622902
512 497 365 1556824622920
512 489 368 1556824622935
512 486 370 1556824622952
512 485 370 1556824622970
512 481 371 1556824622984
512 479 372 1556824623003
512 478 372 1556824623019
512 476 373 1556824623034
512 475 374 1556824623051
512 474 374 1556824623068
512 474 375 1556824623104
512 473 375 1556824623137
512 472 375 1556824623219
513 472 375 1556824623428
514 472 375 1556824623429
512 481 399 1556824623769
512 517 480 1556824623784
512 535 517 1556824623801
512 571 581 1556824623820
512 585 606 1556824623834
512 590 616 1556824623854
512 595 632 1556824623869
512 597 642 1556824623885
512 592 642 1556824624137
512 583 642 1556824624153
512 580 642 1556824624170
512 576 642 1556824624186
512 573 641 1556824624202
512 572 641 1556824624234
512 571 641 1556824624251
512 571 640 1556824624269
512 570 640 1556824624283
512 569 640 1556824624336
512 568 640 1556824624370
512 567 640 1556824624387
512 566 640 1556824624400
512 565 640 1556824624435
512 564 640 1556824624469
512 563 640 1556824624518
512 562 640 1556824624551
512 561 640 1556824624571
513 561 640 1556824624572
512 560 640 1556824624602
514 560 640 1556824624608
512 560 640 1556824624617
512 559 640 1556824624632
512 560 640 1556824624916
512 560 639 1556824624934
512 573 604 1556824624950
512 602 537 1556824624967
512 620 503 1556824624983
512 655 439 1556824625001
512 694 387 1556824625016
512 704 376 1556824625033
512 716 366 1556824625050
512 716 325 1556824625301
512 716 304 1556824625316
512 716 292 1556824625335
512 715 287 1556824625352
512 715 283 1556824625369
512 715 282 1556824625385
512 714 273 1556824625603
512 712 263 1556824625618
512 710 246 1556824625635
512 709 239 1556824625650
512 708 230 1556824625666
512 708 224 1556824625683
512 708 221 1556824625700
512 708 219 1556824625732
512 707 219 1556824625765
512 706 219 1556824625884
512 706 218 1556824625899
512 705 218 1556824625932
512 704 218 1556824625949
512 703 217 1556824625982
512 701 215 1556824625999
512 699 213 1556824626018
512 699 212 1556824626032
512 698 211 1556824626049
512 698 210 1556824626099
513 698 210 1556824626248
514 698 210 1556824626254