512 694 215 1557149311211
512 694 220 1557149311228
512 695 223 1557149311246
512 698 227 1557149311263
512 703 230 1557149311278
512 708 236 1557149311295
512 729 257 1557149311313
512 746 276 1557149311330
512 760 297 1557149311346
512 770 322 1557149311363
512 781 355 1557149311380
512 795 402 1557149311394
512 808 445 1557149311411
512 822 486 1557149311429
512 826 501 1557149311446
512 832 515 1557149311461
512 839 534 1557149311478
512 843 549 1557149311496
512 847 563 1557149311511
512 850 571 1557149311528
512 850 572 1557149311546
512 850 574 1557149311563
512 850 579 1557149311580
512 850 586 1557149311595
512 851 595 1557149311613
512 851 598 1557149311630
512 851 600 1557149311645
512 851 601 1557149311663
512 851 604 1557149311680
512 850 610 1557149311695
512 849 616 1557149311711
512 849 619 1557149311730
512 849 622 1557149311747
512 849 625 1557149311763
512 849 630 1557149311780
512 849 632 1557149311796
512 849 635 1557149311814
512 849 636 1557149311828
512 849 637 1557149311845
512 849 638 1557149311863
512 849 639 1557149311880
512 848 640 1557149311913
512 848 641 1557149311945
512 847 641 1557149311962
512 847 642 1557149311997
512 846 642 1557149312030
512 845 644 1557149312064
512 844 644 1557149312097
513 844 644 1557149312159
514 844 644 1557149312314
512 843 644 1557149312347
512 841 640 1557149312364
512 839 636 1557149312379
512 837 628 1557149312396
512 835 619 1557149312414
512 834 604 1557149312431
512 832 582 1557149312445
512 832 566 1557149312463
512 832 551 1557149312481
512 832 534 1557149312495
512 832 510 1557149312512
512 832 485 1557149312531
512 822 447 1557149312548
512 814 434 1557149312562
512 786 412 1557149312580
512 767 405 1557149312597
512 742 404 1557149312614
512 720 404 1557149312629
512 676 406 1557149312648
512 649 408 1557149312664
512 625 408 1557149312679
512 611 408 1557149312696
512 603 406 1557149312713
512 600 405 1557149312731
512 596 403 1557149312746
512 588 399 1557149312763
512 578 395 1557149312781
512 564 392 1557149312798
512 554 390 1557149312813
512 548 389 1557149312830
512 542 387 1557149312848
512 537 386 1557149312862
512 529 383 1557149312879
512 517 382 1557149312897
512 507 382 1557149312914
512 497 382 1557149312929
512 490 382 1557149312948
512 485 382 1557149312965
512 483 382 1557149312981
512 481 382 1557149312996
512 480 382 1557149313013
512 478 382 1557149313048
512 476 382 1557149313063
512 475 382 1557149313081
512 474 382 1557149313098
512 473 382 1557149313115
512 472 382 1557149313130
512 470 382 1557149313148
512 469 382 1557149313165
512 469 381 1557149313179
512 468 381 1557149313196
513 468 381 1557149313221
512 469 384 1557149313376
514 469 384 1557149313377
512 471 386 1557149313397
512 473 388 1557149313415
512 474 388 1557149313465
512 479 388 1557149313482
512 489 388 1557149313496
512 501 388 1557149313513
512 508 388 1557149313531
512 511 391 1557149313549
512 514 396 1557149313563
512 518 402 1557149313582
512 523 410 1557149313598
512 529 414 1557149313615
512 534 415 1557149313630
512 537 415 1557149313647
512 541 415 1557149313665
512 546 408 1557149313680
512 555 396 1557149313697
512 568 380 1557149313714
512 585 359 1557149313732
512 607 335 1557149313747
512 624 314 1557149313765
512 638 296 1557149313782
512 641 289 1557149313799
512 644 283 1557149313814
512 650 276 1557149313832
512 657 269 1557149313849
512 665 261 1557149313866
512 671 254 1557149313880
512 676 251 1557149313898
512 680 247 1557149313916
512 683 245 1557149313933
512 685 243 1557149313949
512 685 240 1557149313966
512 686 238 1557149313980
512 688 236 1557149313999
512 692 233 1557149314015
512 693 231 1557149314032
512 693 229 1557149314048
512 693 228 1557149314065
512 693 226 1557149314082
512 693 225 1557149314099
512 693 223 1557149314115
512 693 222 1557149314131
512 693 221 1557149314149
512 693 220 1557149314166
512 693 219 1557149314181
512 693 218 1557149314199
512 693 215 1557149314216
512 693 214 1557149314232
512 693 213 1557149314249
512 693 212 1557149314266
512 693 211 1557149314298
512 694 211 1557149314316
512 694 210 1557149314332
512 694 209 1557149314349
513 694 209 1557149314395
512 695 209 1557149314533
514 695 209 1557149314540
512 695 210 1557149314565
512 695 211 1557149314583
512 695 216 1557149314597
512 695 224 1557149314617
512 695 244 1557149314634
512 695 256 1557149314650
512 696 266 1557149314664
512 696 272 1557149314682
512 697 277 1557149314699
512 697 283 1557149314716
512 698 291 1557149314731
512 701 304 1557149314749
512 708 325 1557149314767
512 711 330 1557149314781
512 717 338 1557149314798
512 726 344 1557149314816
512 740 354 1557149314833
512 760 365 1557149314848
512 775 370 1557149314865
512 797 374 1557149314883
512 826 374 1557149314900
512 843 374 1557149314915
512 858 374 1557149314933
512 870 374 1557149314949
512 881 374 1557149314966
512 887 374 1557149314982
512 894 374 1557149315000
512 900 374 1557149315017
512 906 374 1557149315033
512 913 376 1557149315048
512 920 377 1557149315066
512 923 377 1557149315083
512 924 377 1557149315100
513 924 377 1557149315279
514 924 377 1557149315434
512 923 377 1557149315634
512 917 374 1557149315667
512 882 371 1557149315684
512 855 380 1557149315700
512 832 394 1557149315717
512 802 417 1557149315732
512 756 445 1557149315751
512 707 476 1557149315767
512 668 506 1557149315782
512 620 548 1557149315800
512 603 567 1557149315817
512 589 584 1557149315834
512 580 599 1557149315849
512 578 604 1557149315867
512 576 607 1557149315884
512 575 610 1557149315901
512 569 620 1557149315916
512 565 629 1557149315934
512 561 636 1557149315951
512 561 638 1557149315967
512 561 639 1557149316050
512 560 639 1557149316068
512 560 640 1557149316149
513 560 640 1557149316204
514 560 640 1557149316352
512 561 637 1557149316435
512 562 635 1557149316451
512 575 619 1557149316468
512 590 606 1557149316485
512 610 588 1557149316502
512 630 569 1557149316518
512 648 550 1557149316533
512 662 531 1557149316551
512 672 520 1557149316568
512 680 520 1557149316583
512 684 520 1557149316601
512 688 523 1557149316618
512 695 535 1557149316635
512 704 555 1557149316650
512 716 581 1557149316667
512 725 602 1557149316685
512 739 624 1557149316701
512 748 634 1557149316716
512 758 641 1557149316735
512 764 643 1557149316751
512 766 643 1557149316766
512 768 644 1557149316785
512 780 646 1557149316802
512 795 646 1557149316818
512 811 646 1557149316833
512 823 645 1557149316851
512 828 643 1557149316868
512 829 642 1557149316885
512 832 641 1557149316902
512 835 641 1557149316918
512 837 641 1557149316935
512 839 640 1557149316950
512 840 640 1557149316968
513 840 640 1557149317136
514 840 640 1557149317282
512 840 639 1557149317435
512 837 631 1557149317450
512 827 619 1557149317469
512 806 595 1557149317486
512 798 578 1557149317500
512 792 563 1557149317517
512 790 536 1557149317536
512 794 518 1557149317552
512 805 497 1557149317567
512 824 463 1557149317586
512 835 442 1557149317602
512 845 422 1557149317619
512 850 408 1557149317634
512 851 402 1557149317653
512 852 396 1557149317669
512 853 393 1557149317684
512 855 388 1557149317702
512 858 383 1557149317719
512 862 379 1557149317736
512 865 374 1557149317751
512 871 370 1557149317769
512 880 367 1557149317786
512 886 366 1557149317802
512 895 364 1557149317818
512 901 364 1557149317836
512 905 364 1557149317853
512 908 364 1557149317869
512 915 366 1557149317884
512 921 368 1557149317902
512 924 369 1557149317919
512 925 370 1557149317951
512 925 371 1557149317969
512 925 372 1557149317986
512 925 373 1557149318001
512 926 373 1557149318036
512 926 374 1557149318068
512 927 375 1557149318086
513 927 375 1557149318129
514 927 375 1557149318270
512 924 376 1557149318552
512 910 379 1557149318570
512 885 382 1557149318587
512 816 390 1557149318604
512 769 397 1557149318618
512 738 403 1557149318637
512 715 407 1557149318653
512 702 409 1557149318670
512 699 409 1557149318685
512 698 409 1557149318704
512 696 408 1557149318720
512 685 401 1557149318735
512 664 388 1557149318753
512 631 378 1557149318770
512 604 372 1557149318787
512 574 371 1557149318804
512 561 371 1557149318820
512 550 371 1557149318837
512 535 371 1557149318853
512 522 372 1557149318870
512 515 374 1557149318887
512 512 375 1557149318904
512 509 375 1557149318918
512 507 376 1557149318937
512 503 377 1557149318954
512 502 378 1557149318970
512 501 378 1557149319037
512 499 378 1557149319054
512 496 378 1557149319069
512 492 378 1557149319087
512 488 378 1557149319104
512 485 378 1557149319119
512 482 378 1557149319138
512 477 376 1557149319154
512 475 375 1557149319169
512 474 375 1557149319185
512 473 375 1557149319204
512 472 374 1557149319238
512 471 373 1557149319255
512 469 373 1557149319272
513 469 373 1557149319327
514 469 373 1557149319462
512 477 381 1557149319521
512 492 390 1557149319536
512 506 402 1557149319554
512 525 419 1557149319571
512 548 436 1557149319586
512 579 459 1557149319604
512 597 476 1557149319621
512 612 492 1557149319638
512 623 510 1557149319653
512 628 527 1557149319671
512 631 543 1557149319688
512 631 556 1557149319705
512 630 569 1557149319720
512 626 590 1557149319736
512 620 606 1557149319755
512 613 619 1557149319771
512 607 628 1557149319787
512 604 633 1557149319804
512 602 636 1557149319821
512 598 640 1557149319836
512 593 649 1557149319854
512 588 652 1557149319871
512 583 653 1557149319888
512 580 654 1557149319904
512 578 655 1557149319921
512 578 656 1557149319971
512 577 656 1557149320022
512 574 654 1557149320038
512 570 652 1557149320055
512 569 651 1557149320072
512 568 651 1557149320086
512 567 650 1557149320105
512 565 649 1557149320122
512 562 647 1557149320139
512 558 643 1557149320155
512 552 640 1557149320171
512 552 639 1557149320189
513 552 639 1557149320247
514 552 639 1557149320402
512 552 638 1557149320472
512 556 629 1557149320487
512 565 612 1557149320505
512 587 579 1557149320522
512 604 556 1557149320539
512 622 533 1557149320553
512 639 514 1557149320572
512 654 499 1557149320589
512 667 484 1557149320605
512 684 448 1557149320620
512 693 421 1557149320639
512 699 397 1557149320655
512 704 370 1557149320672
512 711 344 1557149320688
512 720 310 1557149320706
512 722 292 1557149320722
512 722 273 1557149320739
512 722 257 1557149320755
512 720 242 1557149320772
512 718 230 1557149320787
512 716 220 1557149320805
512 715 213 1557149320822
512 715 208 1557149320837
512 714 202 1557149320855
512 714 199 1557149320872
512 712 197 1557149320889
512 711 194 1557149320904
512 710 192 1557149320921
512 710 191 1557149320956
512 709 191 1557149320990
512 704 192 1557149321006
512 698 193 1557149321023
512 695 195 1557149321039
512 691 200 1557149321056
512 691 203 1557149321072
512 690 204 1557149321089
512 690 205 1557149321221
513 690 205 1557149321274
512 691 205 1557149321289
512 691 206 1557149321412
514 691 206 1557149321412
512 692 206 1557149321423
512 692 208 1557149321523
512 693 209 1557149321540
512 694 211 1557149321557
512 695 213 1557149321572
512 695 214 1557149321590
512 696 214 1557149321606
512 697 214 1557149321715
513 697 214 1557149321715
512 698 214 1557149321773
514 698 214 1557149321862