512 698 214 1557149321890
512 698 215 1557149322006
512 697 216 1557149322024
512 695 217 1557149322040
512 691 222 1557149322056
512 686 231 1557149322073
512 683 249 1557149322090
512 684 266 1557149322105
512 691 289 1557149322122
512 700 317 1557149322140
512 720 360 1557149322157
512 748 415 1557149322173
512 790 496 1557149322190
512 809 540 1557149322207
512 823 577 1557149322224
512 831 607 1557149322240
512 837 629 1557149322257
512 841 644 1557149322274
512 843 654 1557149322288
512 844 656 1557149322307
512 845 660 1557149322324
512 845 662 1557149322341
512 845 665 1557149322355
512 846 670 1557149322373
512 847 673 1557149322391
512 843 667 1557149322507
512 836 654 1557149322524
512 834 648 1557149322541
512 834 645 1557149322557
512 833 642 1557149322574
512 833 641 1557149322591
513 833 641 1557149322671
514 833 641 1557149322832
512 831 639 1557149323058
512 812 619 1557149323074
512 794 601 1557149323089
512 771 581 1557149323107
512 741 554 1557149323125
512 713 527 1557149323141
512 689 507 1557149323156
512 669 489 1557149323174
512 652 473 1557149323191
512 632 449 1557149323206
512 618 436 1557149323224
512 609 428 1557149323241
512 603 425 1557149323258
512 598 424 1557149323273
512 590 422 1557149323292
512 570 418 1557149323308
512 553 414 1557149323325
512 539 409 1557149323340
512 525 405 1557149323358
512 511 402 1557149323375
512 498 399 1557149323392
512 482 396 1557149323407
512 474 395 1557149323425
512 471 394 1557149323442
512 470 394 1557149323456
512 470 393 1557149323475
512 469 392 1557149323492
512 467 391 1557149323508
512 467 390 1557149323524
512 466 387 1557149323541
512 466 384 1557149323558
512 465 382 1557149323573
512 464 380 1557149323592
512 464 378 1557149323609
512 464 377 1557149323625
512 464 376 1557149323640
512 464 375 1557149323657
512 464 374 1557149323675
512 464 373 1557149323692
513 464 373 1557149323726
514 464 373 1557149323864
512 466 374 1557149323909
512 469 377 1557149323925
512 477 383 1557149323942
512 487 388 1557149323957
512 499 394 1557149323975
512 508 398 1557149323993
512 514 401 1557149324007
512 522 405 1557149324026
512 531 409 1557149324042
512 540 410 1557149324059
512 550 411 1557149324076
512 555 411 1557149324092
512 565 404 1557149324109
512 573 396 1557149324126
512 581 384 1557149324141
512 591 368 1557149324159
512 603 348 1557149324176
512 621 323 1557149324190
512 629 310 1557149324207
512 637 299 1557149324225
512 643 292 1557149324242
512 654 285 1557149324257
512 677 274 1557149324277
512 682 271 1557149324293
512 688 264 1557149324309
512 696 256 1557149324326
512 702 252 1557149324342
512 706 249 1557149324359
512 709 245 1557149324374
512 710 243 1557149324392
512 711 241 1557149324409
512 711 239 1557149324426
512 711 238 1557149324441
512 711 235 1557149324459
512 711 234 1557149324476
512 711 233 1557149324491
512 710 232 1557149324508
512 709 230 1557149324526
512 708 229 1557149324542
512 706 228 1557149324557
512 706 227 1557149324575
512 706 226 1557149324593
512 706 225 1557149324609
512 706 224 1557149324624
512 705 220 1557149324642
512 705 219 1557149324659
512 704 217 1557149324676
512 703 216 1557149324693
512 703 214 1557149324708
512 703 213 1557149324725
512 703 212 1557149324743
512 703 211 1557149324758
513 703 211 1557149324797
514 703 211 1557149324946
512 703 216 1557149325191
512 709 228 1557149325208
512 716 238 1557149325227
512 728 246 1557149325243
512 745 255 1557149325258
512 767 268 1557149325275
512 792 278 1557149325293
512 829 288 1557149325308
512 841 292 1557149325325
512 843 293 1557149325343
512 846 297 1557149325360
512 850 301 1557149325375
512 854 305 1557149325392
512 857 308 1557149325410
512 859 310 1557149325427
512 862 315 1557149325442
512 864 320 1557149325459
512 867 329 1557149325477
512 870 337 1557149325492
512 874 342 1557149325509
512 877 347 1557149325527
512 881 351 1557149325544
512 884 353 1557149325561
512 887 355 1557149325575
512 890 356 1557149325594
512 894 358 1557149325611
512 901 363 1557149325628
512 908 366 1557149325644
512 910 366 1557149325661
512 910 367 1557149325694
512 911 367 1557149325711
512 912 367 1557149325729
512 916 367 1557149325761
512 919 368 1557149325778
512 922 370 1557149325794
512 924 371 1557149325810
512 924 372 1557149325828
512 926 374 1557149325894
512 927 375 1557149325911
512 928 376 1557149325928
512 929 376 1557149325945
512 930 376 1557149325962
513 930 376 1557149325985
514 930 376 1557149326140
512 929 376 1557149326262
512 921 376 1557149326278
512 907 375 1557149326295
512 890 371 1557149326312
512 878 370 1557149326328
512 869 366 1557149326345
512 863 358 1557149326360
512 857 348 1557149326378
512 851 341 1557149326395
512 843 333 1557149326412
512 833 328 1557149326428
512 819 327 1557149326445
512 806 328 1557149326462
512 791 337 1557149326477
512 772 352 1557149326494
512 752 374 1557149326511
512 731 405 1557149326528
512 711 437 1557149326545
512 672 490 1557149326560
512 652 522 1557149326578
512 640 548 1557149326594
512 634 565 1557149326612
512 627 581 1557149326627
512 620 592 1557149326646
512 610 601 1557149326662
512 598 613 1557149326678
512 595 618 1557149326694
512 594 620 1557149326712
512 591 622 1557149326763
512 589 625 1557149326780
512 586 629 1557149326795
512 586 630 1557149326812
512 585 630 1557149326827
512 584 630 1557149326845
512 584 631 1557149326896
512 583 631 1557149326911
512 581 631 1557149326928
512 578 633 1557149326946
512 574 634 1557149326961
512 573 635 1557149326978
512 572 636 1557149326995
512 571 636 1557149327029
512 570 637 1557149327062
512 570 638 1557149327078
512 569 639 1557149327113
512 567 639 1557149327129
512 566 640 1557149327145
512 565 642 1557149327162
512 564 642 1557149327179
512 563 643 1557149327245
512 563 644 1557149327296
513 563 644 1557149327321
514 563 644 1557149327466
512 563 643 1557149327596
512 563 641 1557149327613
512 563 640 1557149327629
512 564 640 1557149327729
512 572 640 1557149327745
512 592 640 1557149327764
512 618 638 1557149327781
512 673 636 1557149327796
512 703 636 1557149327812
512 723 636 1557149327829
512 736 636 1557149327846
512 742 636 1557149327861
512 746 637 1557149327879
512 757 638 1557149327897
512 770 639 1557149327914
512 782 640 1557149327928
512 792 640 1557149327946
512 798 640 1557149327963
512 800 641 1557149327978
512 801 642 1557149328012
512 805 643 1557149328031
512 809 643 1557149328045
512 811 644 1557149328062
512 816 644 1557149328079
512 820 645 1557149328098
512 824 645 1557149328112
512 825 645 1557149328130
512 829 645 1557149328179
512 836 645 1557149328197
512 842 645 1557149328214
512 845 645 1557149328229
512 848 645 1557149328246
513 848 645 1557149328369
514 848 645 1557149328516
512 846 644 1557149328696
512 843 644 1557149328713
512 842 644 1557149328729
512 841 644 1557149328746
512 840 643 1557149328763
512 840 634 1557149328781
512 839 619 1557149328795
512 841 599 1557149328814
512 849 574 1557149328830
512 862 540 1557149328847
512 880 497 1557149328863
512 894 457 1557149328882
512 898 429 1557149328898
512 899 406 1557149328912
512 901 394 1557149328932
512 905 384 1557149328947
512 908 376 1557149328964
512 910 368 1557149328980
512 911 360 1557149328997
512 914 350 1557149329015
512 918 346 1557149329031
512 920 343 1557149329046
512 920 341 1557149329063
512 921 341 1557149329132
512 921 342 1557149329147
512 922 346 1557149329163
512 922 352 1557149329180
512 922 358 1557149329197
512 922 362 1557149329214
512 922 364 1557149329230
512 922 370 1557149329248
512 922 372 1557149329265
512 922 374 1557149329280
512 922 375 1557149329297
512 922 376 1557149329332
512 922 377 1557149329347
512 922 378 1557149329381
513 922 378 1557149329425
514 922 378 1557149329570
512 918 378 1557149329831
512 902 378 1557149329848
512 879 378 1557149329864
512 848 379 1557149329881
512 801 379 1557149329898
512 770 376 1557149329914
512 742 374 1557149329930
512 714 372 1557149329948
512 691 370 1557149329965
512 676 368 1557149329982
512 671 368 1557149329997
512 664 366 1557149330016
512 646 362 1557149330031
512 630 361 1557149330048
512 615 361 1557149330065
512 602 361 1557149330081
512 592 362 1557149330099
512 584 364 1557149330113
512 576 365 1557149330131
512 565 369 1557149330149
512 553 370 1557149330166
512 538 372 1557149330180
512 527 372 1557149330198
512 519 374 1557149330215
512 514 375 1557149330231
512 509 375 1557149330248
512 507 375 1557149330266
512 504 375 1557149330281
512 500 374 1557149330297
512 497 373 1557149330315
512 496 373 1557149330332
512 495 373 1557149330349
512 494 373 1557149330363
512 491 372 1557149330381
512 488 371 1557149330398
512 486 370 1557149330416
512 485 370 1557149330449
512 484 370 1557149330483
512 483 370 1557149330499
512 482 370 1557149330516
512 482 371 1557149330533
512 481 371 1557149330550
512 480 372 1557149330566
512 478 373 1557149330582
512 477 374 1557149330599
512 476 375 1557149330615
512 473 376 1557149330633
512 472 377 1557149330649
512 470 378 1557149330667
512 468 378 1557149330681
512 466 378 1557149330698
513 466 378 1557149330729
514 466 378 1557149330869
512 482 384 1557149331017
512 503 390 1557149331031
512 523 393 1557149331049
512 539 393 1557149331067
512 551 393 1557149331084
512 562 396 1557149331098
512 572 403 1557149331115
512 586 412 1557149331133
512 606 432 1557149331151
512 620 448 1557149331165
512 633 465 1557149331182
512 642 483 1557149331199
512 648 499 1557149331214
512 653 516 1557149331233
512 655 536 1557149331249
512 656 569 1557149331266
512 656 592 1557149331281
512 656 612 1557149331299
512 656 631 1557149331316
512 653 648 1557149331333
512 650 669 1557149331350
512 643 700 1557149331366
512 635 721 1557149331384
512 627 738 1557149331400
512 620 750 1557149331418
512 617 757 1557149331433
512 614 763 1557149331450
512 611 768 1557149331465
512 606 774 1557149331482
512 602 775 1557149331500
512 599 775 1557149331518
512 596 775 1557149331532
512 592 775 1557149331549
512 590 775 1557149331567
512 588 775 1557149331583
512 582 773 1557149331598
512 577 772 1557149331617
512 575 771 1557149331632
512 574 771 1557149331649
512 573 771 1557149331700
512 571 767 1557149331716
512 571 763 1557149331733
512 571 762 1557149331749
512 572 762 1557149331766
512 572 760 1557149331967
512 572 757 1557149331983
512 572 755 1557149331999
512 572 754 1557149332017
512 571 753 1557149332035
512 569 753 1557149332051
512 568 752 1557149332066
512 567 751 1557149332084
512 566 750 1557149332100
512 565 749 1557149332116
512 563 747 1557149332135
512 563 746 1557149332150
512 563 745 1557149332167
512 563 744 1557149332182
512 562 743 1557149332200
512 562 742 1557149332249
512 562 740 1557149332267
512 560 738 1557149332284
512 558 735 1557149332300
512 557 734 1557149332316
512 556 731 1557149332433
512 556 726 1557149332450
512 557 710 1557149332468
512 561 697 1557149332485
512 565 685 1557149332499
512 567 677 1557149332517
512 567 668 1557149332534
512 567 661 1557149332551
512 567 655 1557149332566
512 564 649 1557149332584
512 564 647 1557149332601
512 564 645 1557149332615
512 564 643 1557149332632
512 564 641 1557149332651
512 564 640 1557149332667
512 564 638 1557149332682
512 564 637 1557149332701
512 563 637 1557149332718
512 563 636 1557149332734
513 563 636 1557149332786
514 563 636 1557149332918
512 569 628 1557149333001
512 584 615 1557149333018
512 605 598 1557149333035
512 634 572 1557149333049
512 658 552 1557149333068
512 686 531 1557149333085
512 710 513 1557149333101
512 724 501 1557149333118
512 735 491 1557149333133
512 744 481 1557149333151
512 758 460 1557149333168
512 764 444 1557149333185
512 767 425 1557149333200
512 767 407 1557149333218
512 761 388 1557149333235
512 740 349 1557149333252
512 731 324 1557149333266
512 723 299 1557149333285
512 715 278 1557149333301
512 708 259 1557149333316
512 704 247 1557149333334
512 701 238 1557149333351
512 700 227 1557149333366
512 699 221 1557149333385
512 699 215 1557149333401
512 699 210 1557149333418
512 699 207 1557149333435
512 699 205 1557149333451
512 699 204 1557149333519
513 699 204 1557149333603
514 699 204 1557149333724