512 701 209 1557171717957
512 702 211 1557171717974
512 704 213 1557171717989
512 707 215 1557171718005
512 714 220 1557171718024
512 717 222 1557171718039
512 726 228 1557171718057
512 733 234 1557171718074
512 738 240 1557171718090
512 743 249 1557171718107
512 748 265 1557171718124
512 752 292 1557171718141
512 755 313 1557171718157
512 759 342 1557171718172
512 765 371 1557171718190
512 770 400 1557171718205
512 771 426 1557171718224
512 774 464 1557171718241
512 781 484 1557171718255
512 788 500 1557171718272
512 794 509 1557171718291
512 801 520 1557171718305
512 807 531 1557171718324
512 810 539 1557171718341
512 814 545 1557171718358
512 818 555 1557171718373
512 820 560 1557171718390
512 824 569 1557171718407
512 830 582 1557171718422
512 835 594 1557171718441
512 836 599 1557171718455
512 836 600 1557171718474
512 836 602 1557171718489
512 837 604 1557171718508
512 837 608 1557171718522
512 837 612 1557171718539
512 838 615 1557171718556
512 841 619 1557171718574
512 842 620 1557171718588
512 843 621 1557171718607
512 843 622 1557171718657
512 843 623 1557171718674
512 843 625 1557171718690
512 844 627 1557171718705
512 844 628 1557171718722
512 844 629 1557171718741
512 844 630 1557171718757
512 844 632 1557171718791
512 844 635 1557171718808
512 844 636 1557171718824
512 844 638 1557171718841
512 844 639 1557171718857
512 844 641 1557171718874
513 844 641 1557171718924
512 844 642 1557171718991
514 844 642 1557171719085
512 842 642 1557171719108
512 839 641 1557171719124
512 834 638 1557171719141
512 823 632 1557171719158
512 812 623 1557171719174
512 797 612 1557171719191
512 770 592 1557171719208
512 743 577 1557171719225
512 724 564 1557171719240
512 682 532 1557171719258
512 647 504 1557171719275
512 621 484 1557171719291
512 604 469 1557171719308
512 587 456 1557171719323
512 564 440 1557171719341
512 547 428 1557171719358
512 532 418 1557171719373
512 530 416 1557171719390
512 524 414 1557171719408
512 518 412 1557171719425
512 514 411 1557171719441
512 506 411 1557171719458
512 504 411 1557171719475
512 500 410 1557171719490
512 496 408 1557171719508
512 492 407 1557171719523
512 489 404 1557171719541
512 485 401 1557171719559
512 482 398 1557171719576
512 477 391 1557171719592
512 475 387 1557171719608
512 472 383 1557171719625
512 471 381 1557171719640
512 471 379 1557171719659
512 471 377 1557171719675
512 471 376 1557171719690
512 471 374 1557171719707
512 471 373 1557171719724
513 471 373 1557171719784
514 471 373 1557171719914
512 478 376 1557171720010
512 486 381 1557171720026
512 494 387 1557171720042
512 504 393 1557171720058
512 513 399 1557171720076
512 523 403 1557171720092
512 534 404 1557171720109
512 543 404 1557171720125
512 567 395 1557171720143
512 584 386 1557171720159
512 598 371 1557171720176
512 606 354 1557171720190
512 608 336 1557171720209
512 610 320 1557171720226
512 612 302 1557171720242
512 614 294 1557171720259
512 622 280 1557171720276
512 630 267 1557171720291
512 636 254 1557171720309
512 640 245 1557171720324
512 644 238 1557171720341
512 646 234 1557171720359
512 650 230 1557171720374
512 655 229 1557171720391
512 659 226 1557171720409
512 664 225 1557171720426
512 670 223 1557171720442
512 674 222 1557171720458
512 678 219 1557171720476
512 680 216 1557171720491
512 681 215 1557171720526
512 683 215 1557171720541
512 685 214 1557171720559
512 688 212 1557171720577
512 690 211 1557171720591
512 692 209 1557171720609
512 692 208 1557171720626
512 693 207 1557171720641
512 694 206 1557171720658
512 694 205 1557171720677
512 696 204 1557171720691
512 697 204 1557171720709
513 697 204 1557171720740
512 698 204 1557171720758
514 698 204 1557171720879
512 698 205 1557171720893
512 698 212 1557171720910
512 698 221 1557171720926
512 699 232 1557171720943
512 699 245 1557171720957
512 699 262 1557171720976
512 699 286 1557171720993
512 699 313 1557171721010
512 699 348 1557171721026
512 699 362 1557171721043
512 701 371 1557171721058
512 704 380 1557171721077
512 710 388 1557171721093
512 717 395 1557171721110
512 726 401 1557171721126
512 743 405 1557171721143
512 762 412 1557171721158
512 784 419 1557171721177
512 802 427 1557171721191
512 818 431 1557171721210
512 834 433 1557171721227
512 845 433 1557171721244
512 854 430 1557171721258
512 858 428 1557171721277
512 859 426 1557171721293
512 861 426 1557171721310
512 864 424 1557171721325
512 867 415 1557171721344
512 867 409 1557171721360
512 868 405 1557171721377
512 872 400 1557171721391
512 875 398 1557171721408
512 878 395 1557171721426
512 881 392 1557171721443
512 886 389 1557171721460
512 898 385 1557171721476
512 911 384 1557171721493
512 925 382 1557171721510
512 937 379 1557171721527
512 942 376 1557171721544
512 945 375 1557171721561
512 945 374 1557171721577
512 946 374 1557171721594
512 945 374 1557171721694
512 941 374 1557171721709
512 937 374 1557171721727
512 934 374 1557171721742
512 932 374 1557171721760
512 931 374 1557171721794
512 930 374 1557171721844
513 930 374 1557171721904
514 930 374 1557171722049
512 929 374 1557171722145
512 927 374 1557171722159
512 922 374 1557171722178
512 920 374 1557171722195
512 916 375 1557171722212
512 909 375 1557171722228
512 895 377 1557171722245
512 884 379 1557171722259
512 868 381 1557171722278
512 841 387 1557171722292
512 789 396 1557171722312
512 732 411 1557171722328
512 682 438 1557171722345
512 645 475 1557171722362
512 609 525 1557171722377
512 599 544 1557171722392
512 597 553 1557171722411
512 595 561 1557171722428
512 593 571 1557171722445
512 588 586 1557171722461
512 576 610 1557171722478
512 571 623 1557171722493
512 569 633 1557171722511
512 569 636 1557171722526
512 569 637 1557171722544
512 570 637 1557171722561
512 570 638 1557171722593
512 570 640 1557171722611
512 570 641 1557171722628
512 570 643 1557171722643
512 568 643 1557171722712
512 567 644 1557171722729
512 566 644 1557171722745
512 565 644 1557171722762
512 564 644 1557171722829
513 564 644 1557171722905
514 564 644 1557171723043
512 564 643 1557171723095
512 566 640 1557171723112
512 570 637 1557171723129
512 574 633 1557171723145
512 576 632 1557171723160
512 578 631 1557171723179
512 581 630 1557171723194
512 582 630 1557171723213
512 583 629 1557171723227
512 585 629 1557171723243
512 587 629 1557171723260
512 597 629 1557171723277
512 612 635 1557171723296
512 629 642 1557171723310
512 649 649 1557171723327
512 684 660 1557171723346
512 705 661 1557171723363
512 724 661 1557171723377
512 740 661 1557171723394
512 754 660 1557171723412
512 766 658 1557171723429
512 774 658 1557171723445
512 778 658 1557171723462
512 783 656 1557171723478
512 784 656 1557171723496
512 784 655 1557171723510
512 785 654 1557171723529
512 787 653 1557171723546
512 789 653 1557171723560
512 793 653 1557171723579
512 799 651 1557171723596
512 803 650 1557171723610
512 807 650 1557171723629
512 811 650 1557171723644
512 814 650 1557171723661
512 818 650 1557171723679
512 823 648 1557171723696
512 826 648 1557171723711
512 829 648 1557171723730
512 833 648 1557171723746
512 835 647 1557171723763
512 836 647 1557171723780
512 837 646 1557171723794
512 839 645 1557171723813
512 840 645 1557171723827
512 840 644 1557171723846
512 841 644 1557171723894
513 841 644 1557171723921
514 841 644 1557171724075
512 840 644 1557171724211
512 838 644 1557171724228
512 835 644 1557171724245
512 828 643 1557171724262
512 822 641 1557171724278
512 817 637 1557171724297
512 812 631 1557171724314
512 809 621 1557171724330
512 808 604 1557171724347
512 820 574 1557171724363
512 831 559 1557171724378
512 848 536 1557171724396
512 866 516 1557171724413
512 884 498 1557171724428
512 897 481 1557171724446
512 904 467 1557171724461
512 906 455 1557171724480
512 907 452 1557171724496
512 908 448 1557171724511
512 909 443 1557171724530
512 909 438 1557171724545
512 909 433 1557171724563
512 909 428 1557171724578
512 907 422 1557171724596
512 907 418 1557171724611
512 907 415 1557171724628
512 907 411 1557171724645
512 907 407 1557171724664
512 907 405 1557171724680
512 909 401 1557171724697
512 912 398 1557171724712
512 914 393 1557171724729
512 915 389 1557171724745
512 916 386 1557171724762
512 916 385 1557171724780
512 918 382 1557171724797
512 918 381 1557171724813
512 921 376 1557171724829
512 922 373 1557171724847
512 923 372 1557171724864
512 923 371 1557171724881
512 923 370 1557171724897
512 924 368 1557171724914
512 924 367 1557171724947
513 924 367 1557171724976
514 924 367 1557171725098
512 921 367 1557171725215
512 917 369 1557171725231
512 904 372 1557171725248
512 890 374 1557171725265
512 875 377 1557171725281
512 856 380 1557171725298
512 838 384 1557171725312
512 822 388 1557171725330
512 804 393 1557171725348
512 801 395 1557171725363
512 790 399 1557171725381
512 784 402 1557171725397
512 781 404 1557171725414
512 780 406 1557171725430
512 784 406 1557171725464
512 796 406 1557171725481
512 815 405 1557171725498
512 837 401 1557171725513
512 862 398 1557171725531
512 880 396 1557171725545
512 890 396 1557171725564
512 893 395 1557171725581
512 896 395 1557171725597
512 897 395 1557171725614
512 900 394 1557171725631
512 903 394 1557171725648
512 906 394 1557171725664
512 906 393 1557171725697
512 907 393 1557171725714
512 909 393 1557171725731
512 913 390 1557171725748
512 916 388 1557171725764
512 918 385 1557171725780
512 920 383 1557171725798
512 922 381 1557171725815
512 924 380 1557171725830
512 927 378 1557171725846
512 930 376 1557171725865
512 931 375 1557171725881
512 931 374 1557171725899
512 931 373 1557171725913
513 931 373 1557171725954
514 931 373 1557171726100
512 930 373 1557171726198
512 926 376 1557171726213
512 914 382 1557171726232
512 907 387 1557171726248
512 895 394 1557171726265
512 880 402 1557171726280
512 861 407 1557171726299
512 832 412 1557171726313
512 781 418 1557171726330
512 731 425 1557171726348
512 666 431 1557171726365
512 642 432 1557171726380
512 623 432 1557171726399
512 606 425 1557171726415
512 592 418 1557171726430
512 582 412 1557171726448
512 574 405 1557171726465
512 551 391 1557171726482
512 533 382 1557171726499
512 519 378 1557171726515
512 514 377 1557171726530
512 513 376 1557171726566
512 512 376 1557171726582
512 510 375 1557171726597
512 507 375 1557171726616
512 503 375 1557171726630
512 497 375 1557171726648
512 492 375 1557171726664
512 490 376 1557171726683
512 489 376 1557171726699
512 488 377 1557171726714
512 487 377 1557171726730
512 484 378 1557171726749
512 482 378 1557171726766
512 481 378 1557171726782
512 480 378 1557171726799
512 478 378 1557171726816
512 477 378 1557171726831
512 476 378 1557171726847
512 474 378 1557171726866
512 473 377 1557171726883
512 472 377 1557171726897
512 471 377 1557171726917
512 471 376 1557171726933
513 471 376 1557171726955
514 471 376 1557171727117
512 472 380 1557171727381
512 480 397 1557171727400
512 493 425 1557171727416
512 510 468 1557171727431
512 526 508 1557171727449
512 544 559 1557171727466
512 551 586 1557171727483
512 558 611 1557171727497
512 561 632 1557171727516
512 562 646 1557171727531
512 562 651 1557171727547
512 562 656 1557171727567
512 562 661 1557171727583
512 562 662 1557171727600
512 562 664 1557171727617
512 562 666 1557171727634
512 562 667 1557171727650
512 562 665 1557171727751
512 562 661 1557171727767
512 562 656 1557171727782
512 563 652 1557171727799
512 564 648 1557171727816
512 564 646 1557171727833
512 562 645 1557171727916
512 561 645 1557171727932
513 561 645 1557171727965
512 560 645 1557171727982
514 560 645 1557171728125
512 560 645 1557171728134
512 562 644 1557171728282
512 566 643 1557171728301
512 569 643 1557171728318
512 573 643 1557171728335
512 577 642 1557171728349
512 593 629 1557171728368
512 613 605 1557171728385
512 642 555 1557171728399
512 673 484 1557171728416
512 689 425 1557171728434
512 693 390 1557171728451
512 693 366 1557171728466
512 693 343 1557171728483
512 687 309 1557171728502
512 683 290 1557171728518
512 683 280 1557171728535
512 683 272 1557171728551
512 685 267 1557171728568
512 689 259 1557171728585
512 690 255 1557171728599
512 690 253 1557171728618
512 690 252 1557171728669
512 692 248 1557171728685
512 693 244 1557171728701
512 694 241 1557171728718
512 695 237 1557171728733
512 696 234 1557171728750
512 697 230 1557171728769
512 697 227 1557171728785
512 697 224 1557171728800
512 697 219 1557171728816
512 697 216 1557171728833
512 697 215 1557171728852
512 698 214 1557171728868
512 698 213 1557171728918
513 698 213 1557171728966
514 698 213 1557171729103