512 699 208 1557171801221
512 700 214 1557171801240
512 700 227 1557171801256
512 704 243 1557171801273
512 712 260 1557171801290
512 722 285 1557171801306
512 727 304 1557171801323
512 730 323 1557171801340
512 731 337 1557171801357
512 731 345 1557171801372
512 731 351 1557171801388
512 732 363 1557171801407
512 735 385 1557171801423
512 744 420 1557171801440
512 752 438 1557171801457
512 760 454 1557171801472
512 769 472 1557171801491
512 779 495 1557171801505
512 793 523 1557171801524
512 795 525 1557171801539
512 806 538 1557171801557
512 812 545 1557171801573
512 818 552 1557171801588
512 823 560 1557171801608
512 829 567 1557171801622
512 836 578 1557171801639
512 837 584 1557171801655
512 839 590 1557171801672
512 842 598 1557171801691
512 845 605 1557171801707
512 849 616 1557171801724
512 850 622 1557171801739
512 851 626 1557171801755
512 851 628 1557171801773
512 851 632 1557171801791
512 853 635 1557171801808
512 853 638 1557171801823
512 853 639 1557171801855
512 853 641 1557171801875
512 853 642 1557171801889
512 853 643 1557171801908
512 853 644 1557171801924
512 853 645 1557171801955
512 852 645 1557171801989
512 850 645 1557171802007
512 849 645 1557171802024
512 848 645 1557171802039
512 847 645 1557171802058
512 846 645 1557171802089
512 845 645 1557171802139
512 844 645 1557171802183
513 844 645 1557171802184
512 845 645 1557171802339
514 845 645 1557171802352
512 845 645 1557171802373
512 845 643 1557171802391
512 844 643 1557171802406
512 842 643 1557171802424
512 841 643 1557171802441
512 838 640 1557171802457
512 831 634 1557171802474
512 819 624 1557171802490
512 807 616 1557171802506
512 795 600 1557171802524
512 787 581 1557171802539
512 779 555 1557171802558
512 764 517 1557171802574
512 746 481 1557171802591
512 733 461 1557171802608
512 719 446 1557171802624
512 691 426 1557171802641
512 622 396 1557171802658
512 572 388 1557171802674
512 525 387 1557171802691
512 489 387 1557171802708
512 474 387 1557171802725
512 466 387 1557171802739
512 463 387 1557171802756
512 463 386 1557171802775
512 463 385 1557171802789
512 462 385 1557171802808
512 459 385 1557171802825
512 455 385 1557171802842
512 454 385 1557171802859
512 452 384 1557171802873
512 450 382 1557171802891
512 449 380 1557171802923
512 449 378 1557171802943
512 449 377 1557171802958
512 451 376 1557171802973
512 452 376 1557171803008
512 454 376 1557171803042
512 458 376 1557171803057
512 461 376 1557171803073
512 463 376 1557171803090
512 465 376 1557171803109
512 467 376 1557171803126
512 469 376 1557171803143
513 469 376 1557171803279
514 469 376 1557171803409
512 471 377 1557171803458
512 476 380 1557171803475
512 486 385 1557171803490
512 498 392 1557171803509
512 512 398 1557171803525
512 523 399 1557171803540
512 527 400 1557171803557
512 529 400 1557171803576
512 530 400 1557171803592
512 532 398 1557171803610
512 536 388 1557171803626
512 541 378 1557171803642
512 548 361 1557171803659
512 558 343 1557171803676
512 567 326 1557171803693
512 580 307 1557171803710
512 596 288 1557171803724
512 620 262 1557171803742
512 636 247 1557171803758
512 648 237 1557171803774
512 655 231 1557171803792
512 662 228 1557171803809
512 667 227 1557171803826
512 669 225 1557171803843
512 670 224 1557171803859
512 671 223 1557171803893
512 673 222 1557171803909
512 674 222 1557171803924
512 676 222 1557171803943
512 677 221 1557171803957
512 679 221 1557171803993
512 682 219 1557171804008
512 687 218 1557171804026
512 691 216 1557171804043
512 693 215 1557171804058
512 694 214 1557171804076
512 695 214 1557171804091
512 696 214 1557171804141
512 696 212 1557171804158
512 697 211 1557171804191
512 697 210 1557171804226
513 697 210 1557171804240
514 697 210 1557171804384
512 698 214 1557171804426
512 698 218 1557171804441
512 699 223 1557171804460
512 700 229 1557171804477
512 701 242 1557171804491
512 704 268 1557171804510
512 706 276 1557171804525
512 711 295 1557171804542
512 714 298 1557171804560
512 716 301 1557171804577
512 720 306 1557171804594
512 726 316 1557171804610
512 734 331 1557171804627
512 751 350 1557171804642
512 765 357 1557171804660
512 777 360 1557171804676
512 794 363 1557171804692
512 816 364 1557171804710
512 836 364 1557171804727
512 861 365 1557171804744
512 877 365 1557171804760
512 891 365 1557171804777
512 898 365 1557171804792
512 901 365 1557171804811
512 904 365 1557171804827
512 907 365 1557171804844
512 909 365 1557171804861
512 910 365 1557171804875
512 911 365 1557171804894
512 914 365 1557171804927
512 918 367 1557171804944
512 922 367 1557171804960
512 925 368 1557171804977
512 926 369 1557171805025
512 927 371 1557171805044
512 927 372 1557171805061
512 928 373 1557171805077
512 928 374 1557171805111
512 929 375 1557171805142
513 929 375 1557171805202
514 929 375 1557171805333
512 925 375 1557171805410
512 909 377 1557171805425
512 883 377 1557171805444
512 849 379 1557171805460
512 822 382 1557171805478
512 797 383 1557171805492
512 774 383 1557171805511
512 745 377 1557171805528
512 722 373 1557171805542
512 708 373 1557171805561
512 691 376 1557171805578
512 678 383 1557171805594
512 667 393 1557171805612
512 652 419 1557171805628
512 643 437 1557171805645
512 638 455 1557171805660
512 635 471 1557171805678
512 634 486 1557171805695
512 633 501 1557171805709
512 624 526 1557171805728
512 614 545 1557171805745
512 608 559 1557171805759
512 607 570 1557171805776
512 607 577 1557171805793
512 603 584 1557171805809
512 597 592 1557171805826
512 591 600 1557171805843
512 587 606 1557171805860
512 586 607 1557171805876
512 585 607 1557171805895
512 582 609 1557171805909
512 578 612 1557171805929
512 575 614 1557171805945
512 573 617 1557171805962
512 571 619 1557171805976
512 570 621 1557171805995
512 570 623 1557171806012
512 569 627 1557171806028
512 568 631 1557171806045
512 567 635 1557171806062
512 566 637 1557171806079
512 565 638 1557171806095
512 564 641 1557171806110
512 563 643 1557171806128
512 562 644 1557171806143
512 562 645 1557171806162
512 560 646 1557171806178
512 559 647 1557171806195
512 557 649 1557171806212
513 557 649 1557171806288
512 557 650 1557171806360
512 557 648 1557171806403
514 557 648 1557171806403
512 557 645 1557171806412
512 559 637 1557171806428
512 560 631 1557171806445
512 560 628 1557171806462
512 560 625 1557171806478
512 563 622 1557171806495
512 571 615 1557171806512
512 581 610 1557171806528
512 594 601 1557171806543
512 610 589 1557171806560
512 623 576 1557171806579
512 636 562 1557171806593
512 650 554 1557171806612
512 663 551 1557171806627
512 675 551 1557171806645
512 684 552 1557171806662
512 691 556 1557171806679
512 704 565 1557171806695
512 720 579 1557171806711
512 732 589 1557171806727
512 757 608 1557171806746
512 769 615 1557171806760
512 776 619 1557171806779
512 784 621 1557171806795
512 788 621 1557171806812
512 792 621 1557171806829
512 795 621 1557171806844
512 798 621 1557171806862
512 807 621 1557171806879
512 813 622 1557171806896
512 818 623 1557171806912
512 822 623 1557171806929
512 826 624 1557171806946
512 827 624 1557171806962
512 829 625 1557171806979
512 830 627 1557171806994
512 832 628 1557171807013
512 834 631 1557171807029
512 836 633 1557171807046
512 838 635 1557171807061
512 839 636 1557171807079
512 840 636 1557171807113
512 840 637 1557171807127
512 841 638 1557171807145
512 841 639 1557171807163
512 841 641 1557171807180
512 842 641 1557171807198
513 842 641 1557171807200
512 842 643 1557171807211
512 842 644 1557171807230
512 843 646 1557171807246
512 843 647 1557171807261
512 844 647 1557171807279
514 844 647 1557171807372
512 844 647 1557171807379
512 842 645 1557171807479
512 839 644 1557171807495
512 834 643 1557171807511
512 826 640 1557171807528
512 819 633 1557171807547
512 804 621 1557171807563
512 782 606 1557171807580
512 770 601 1557171807596
512 765 598 1557171807614
512 762 586 1557171807630
512 762 582 1557171807646
512 773 562 1557171807663
512 787 545 1557171807680
512 806 527 1557171807697
512 829 511 1557171807713
512 864 485 1557171807730
512 879 470 1557171807746
512 886 459 1557171807761
512 888 455 1557171807780
512 889 451 1557171807796
512 890 448 1557171807814
512 890 443 1557171807828
512 891 436 1557171807847
512 891 432 1557171807861
512 892 430 1557171807878
512 894 425 1557171807897
512 898 421 1557171807913
512 905 416 1557171807930
512 911 410 1557171807947
512 914 405 1557171807963
512 919 400 1557171807980
512 921 397 1557171807997
512 924 394 1557171808013
512 926 391 1557171808030
512 929 388 1557171808047
512 930 384 1557171808064
512 932 379 1557171808080
512 932 378 1557171808097
512 932 377 1557171808128
512 932 376 1557171808147
512 932 375 1557171808163
512 932 373 1557171808180
512 932 372 1557171808195
513 932 372 1557171808249
514 932 372 1557171808389
512 931 372 1557171808413
512 923 377 1557171808498
512 902 386 1557171808514
512 851 413 1557171808531
512 818 435 1557171808546
512 793 453 1557171808562
512 774 462 1557171808579
512 757 468 1557171808598
512 740 469 1557171808613
512 700 471 1557171808631
512 671 473 1557171808648
512 636 473 1557171808663
512 586 467 1557171808680
512 552 462 1557171808698
512 530 455 1557171808712
512 512 447 1557171808730
512 490 433 1557171808747
512 482 427 1557171808764
512 473 421 1557171808780
512 468 419 1557171808797
512 465 417 1557171808814
512 464 413 1557171808831
512 462 407 1557171808847
512 460 402 1557171808864
512 460 399 1557171808881
512 460 395 1557171808898
512 460 392 1557171808915
512 460 389 1557171808930
512 461 386 1557171808948
512 462 385 1557171808964
512 463 384 1557171808998
512 465 383 1557171809015
512 465 381 1557171809029
512 467 379 1557171809048
512 467 378 1557171809062
512 467 375 1557171809079
512 467 374 1557171809163
513 467 374 1557171809190
514 467 374 1557171809327
512 468 374 1557171809365
512 472 377 1557171809381
512 482 381 1557171809398
512 497 385 1557171809415
512 518 391 1557171809429
512 544 396 1557171809448
512 582 401 1557171809463
512 623 402 1557171809481
512 656 402 1557171809499
512 684 405 1557171809513
512 711 414 1557171809531
512 718 420 1557171809549
512 721 430 1557171809566
512 721 450 1557171809580
512 721 477 1557171809597
512 721 503 1557171809613
512 714 538 1557171809632
512 703 558 1557171809649
512 690 576 1557171809665
512 674 593 1557171809680
512 660 602 1557171809697
512 639 614 1557171809713
512 614 624 1557171809733
512 602 625 1557171809749
512 594 626 1557171809764
512 592 626 1557171809780
512 591 626 1557171809799
512 589 625 1557171809833
512 587 625 1557171809849
512 585 625 1557171809865
512 583 625 1557171809880
512 581 626 1557171809899
512 578 628 1557171809915
512 576 629 1557171809932
512 573 630 1557171809947
512 569 633 1557171809966
512 564 636 1557171809980
512 561 638 1557171809999
512 560 638 1557171810015
512 559 638 1557171810030
512 559 639 1557171810050
512 558 641 1557171810066
512 558 642 1557171810083
512 556 643 1557171810097
513 556 643 1557171810201
514 556 643 1557171810344
512 561 631 1557171810399
512 577 606 1557171810416
512 595 589 1557171810432
512 610 575 1557171810447
512 640 555 1557171810466
512 674 531 1557171810482
512 697 508 1557171810499
512 711 488 1557171810514
512 724 466 1557171810532
512 731 451 1557171810549
512 739 434 1557171810566
512 741 415 1557171810580
512 741 398 1557171810598
512 736 372 1557171810616
512 733 358 1557171810632
512 730 344 1557171810647
512 725 327 1557171810666
512 722 308 1557171810682
512 721 294 1557171810699
512 718 281 1557171810716
512 713 266 1557171810733
512 706 255 1557171810749
512 704 252 1557171810766
512 703 249 1557171810783
512 702 248 1557171810799
512 701 246 1557171810816
512 701 244 1557171810833
512 699 240 1557171810849
512 697 235 1557171810864
512 696 232 1557171810881
512 696 231 1557171810899
512 696 230 1557171810933
512 696 229 1557171810949
512 695 227 1557171810964
512 695 225 1557171810981
512 695 224 1557171810999
512 695 222 1557171811016
512 695 221 1557171811031
512 695 219 1557171811049
512 696 217 1557171811081
512 697 217 1557171811098
512 697 216 1557171811116
512 698 215 1557171811133
512 698 214 1557171811200
512 698 213 1557171811233
512 699 212 1557171811267
512 699 211 1557171811283
512 699 209 1557171811317
512 700 209 1557171811333
512 701 208 1557171811348
512 701 207 1557171811365
512 701 206 1557171811432
513 701 206 1557171811555
514 701 206 1557171811725