512 701 210 1557171811884
512 706 231 1557171811901
512 710 252 1557171811915
512 715 287 1557171811932
512 721 323 1557171811951
512 729 382 1557171811968
512 733 414 1557171811983
512 735 442 1557171811999
512 740 463 1557171812015
512 745 478 1557171812034
512 750 494 1557171812051
512 744 504 1557171812068
512 733 506 1557171812085
512 733 505 1557171812285
512 733 500 1557171812299
512 733 499 1557171812318
512 731 497 1557171812334
512 727 495 1557171812351
512 724 491 1557171812366
512 728 484 1557171812383
512 730 481 1557171812401
512 728 478 1557171812416
512 724 476 1557171812432
512 721 476 1557171812451
512 717 479 1557171812468
512 713 489 1557171812485
512 709 500 1557171812502
512 707 509 1557171812518
512 707 510 1557171812535
512 709 515 1557171812552
512 725 530 1557171812566
512 744 546 1557171812585
512 764 568 1557171812602
512 769 574 1557171812618
512 786 596 1557171812635
512 797 610 1557171812651
512 806 623 1557171812668
512 812 629 1557171812685
512 817 630 1557171812701
512 822 632 1557171812716
512 827 635 1557171812733
512 829 636 1557171812750
512 829 637 1557171812768
512 830 637 1557171812852
512 833 638 1557171812866
512 835 640 1557171812885
512 836 641 1557171812900
512 838 642 1557171812952
512 840 643 1557171812968
512 840 644 1557171813002
512 841 644 1557171813035
513 841 644 1557171813076
514 841 644 1557171813223
512 834 641 1557171813336
512 817 637 1557171813353
512 800 636 1557171813368
512 789 636 1557171813384
512 774 636 1557171813401
512 763 636 1557171813418
512 747 630 1557171813434
512 709 608 1557171813451
512 655 572 1557171813469
512 610 537 1557171813485
512 568 502 1557171813503
512 547 481 1557171813519
512 531 461 1557171813535
512 523 446 1557171813552
512 516 432 1557171813569
512 510 417 1557171813586
512 505 406 1557171813603
512 503 401 1557171813619
512 502 399 1557171813634
512 502 397 1557171813702
512 501 395 1557171813720
512 498 392 1557171813736
512 497 391 1557171813752
512 496 390 1557171813769
512 494 389 1557171813786
512 489 388 1557171813801
512 484 386 1557171813819
512 481 386 1557171813836
512 480 386 1557171813884
512 479 384 1557171813901
512 477 383 1557171813919
512 476 381 1557171813934
513 476 381 1557171814030
514 476 381 1557171814170
512 481 389 1557171814236
512 490 401 1557171814251
512 499 412 1557171814268
512 523 437 1557171814286
512 542 456 1557171814301
512 557 469 1557171814318
512 564 474 1557171814337
512 567 477 1557171814353
512 571 483 1557171814371
512 578 490 1557171814385
512 587 499 1557171814403
512 591 499 1557171814419
512 595 493 1557171814436
512 602 478 1557171814453
512 612 458 1557171814470
512 625 429 1557171814484
512 642 388 1557171814503
512 658 355 1557171814519
512 667 328 1557171814536
512 671 312 1557171814553
512 678 299 1557171814570
512 685 290 1557171814586
512 692 276 1557171814603
512 700 262 1557171814620
512 703 251 1557171814636
512 704 250 1557171814653
512 704 248 1557171814668
512 704 247 1557171814687
512 704 245 1557171814701
512 705 242 1557171814718
512 705 235 1557171814736
512 705 231 1557171814751
512 705 227 1557171814770
512 705 224 1557171814787
512 705 223 1557171814803
512 705 222 1557171814818
512 704 219 1557171814836
512 702 215 1557171814853
512 702 211 1557171814870
512 701 209 1557171814887
512 701 207 1557171814902
512 701 206 1557171814920
513 701 206 1557171814977
514 701 206 1557171815106
512 701 207 1557171815153
512 700 212 1557171815171
512 697 229 1557171815187
512 695 245 1557171815202
512 693 260 1557171815221
512 689 269 1557171815235
512 685 280 1557171815254
512 676 294 1557171815271
512 668 315 1557171815285
512 662 355 1557171815302
512 663 383 1557171815319
512 677 405 1557171815338
512 694 415 1557171815354
512 709 418 1557171815369
512 734 418 1557171815388
512 745 418 1557171815403
512 775 416 1557171815420
512 787 414 1557171815437
512 807 411 1557171815452
512 823 408 1557171815471
512 834 405 1557171815488
512 845 403 1557171815502
512 857 399 1557171815521
512 861 396 1557171815538
512 864 394 1557171815552
512 865 394 1557171815571
512 867 394 1557171815586
512 871 394 1557171815605
512 878 394 1557171815619
512 883 392 1557171815637
512 888 391 1557171815655
512 892 391 1557171815671
512 893 390 1557171815688
512 894 390 1557171815703
512 897 389 1557171815738
512 900 389 1557171815755
512 902 388 1557171815771
512 905 387 1557171815788
512 907 386 1557171815803
512 908 386 1557171815820
512 910 386 1557171815836
512 911 385 1557171815855
512 911 384 1557171815872
512 912 384 1557171815886
512 913 383 1557171815905
512 916 382 1557171815922
512 922 380 1557171815938
512 926 378 1557171815953
512 928 378 1557171815970
512 928 377 1557171816005
513 928 377 1557171816078
514 928 377 1557171816208
512 927 377 1557171816253
512 915 387 1557171816271
512 905 393 1557171816288
512 896 397 1557171816305
512 884 399 1557171816320
512 862 402 1557171816337
512 820 406 1557171816356
512 763 421 1557171816371
512 719 434 1557171816386
512 681 443 1557171816403
512 661 443 1557171816421
512 638 443 1557171816438
512 616 446 1557171816455
512 601 457 1557171816472
512 589 470 1557171816489
512 580 485 1557171816505
512 569 517 1557171816521
512 565 536 1557171816537
512 561 554 1557171816555
512 560 565 1557171816572
512 560 581 1557171816587
512 560 596 1557171816606
512 561 611 1557171816622
512 562 617 1557171816639
512 562 622 1557171816656
512 562 627 1557171816672
512 562 630 1557171816688
512 562 635 1557171816703
512 561 643 1557171816722
512 560 645 1557171816738
512 560 646 1557171816756
512 560 647 1557171816773
512 560 648 1557171816789
512 560 649 1557171816806
512 560 650 1557171816820
512 560 651 1557171816837
512 560 652 1557171816906
513 560 652 1557171816964
514 560 652 1557171817101
512 562 646 1557171817256
512 566 638 1557171817274
512 571 630 1557171817290
512 583 627 1557171817306
512 599 626 1557171817321
512 619 626 1557171817339
512 640 626 1557171817355
512 659 629 1557171817371
512 669 631 1557171817389
512 694 642 1557171817406
512 712 648 1557171817423
512 732 654 1557171817437
512 748 657 1557171817456
512 757 657 1557171817472
512 767 660 1557171817489
512 777 662 1557171817506
512 782 662 1557171817523
512 787 662 1557171817540
512 790 661 1557171817555
512 791 660 1557171817571
512 794 659 1557171817590
512 799 659 1557171817607
512 808 656 1557171817621
512 814 655 1557171817641
512 817 654 1557171817656
512 820 653 1557171817674
512 821 653 1557171817690
512 822 653 1557171817705
512 823 653 1557171817723
512 824 653 1557171817738
512 825 653 1557171817757
512 826 653 1557171817773
512 829 652 1557171817791
512 831 652 1557171817807
512 832 651 1557171817824
512 833 650 1557171817857
512 835 650 1557171817874
512 838 649 1557171817890
512 841 648 1557171817907
512 842 647 1557171817924
512 843 647 1557171817955
512 844 647 1557171818007
513 844 647 1557171818035
514 844 647 1557171818174
512 843 646 1557171818190
512 842 646 1557171818207
512 842 645 1557171818240
512 838 643 1557171818255
512 830 639 1557171818273
512 816 629 1557171818291
512 805 619 1557171818307
512 789 607 1557171818324
512 778 597 1557171818339
512 773 594 1557171818355
512 766 588 1557171818372
512 757 573 1557171818391
512 753 559 1557171818407
512 752 545 1557171818422
512 755 531 1557171818438
512 762 519 1557171818455
512 780 504 1557171818472
512 803 488 1557171818490
512 833 470 1557171818507
512 872 448 1557171818524
512 890 436 1557171818540
512 901 429 1557171818557
512 906 426 1557171818574
512 909 424 1557171818589
512 910 422 1557171818607
512 912 417 1557171818624
512 912 412 1557171818639
512 912 407 1557171818655
512 912 402 1557171818674
512 913 398 1557171818690
512 914 394 1557171818707
512 915 390 1557171818724
512 915 389 1557171818739
512 915 387 1557171818757
512 915 386 1557171818772
512 915 385 1557171818789
512 915 383 1557171818807
512 915 380 1557171818824
512 917 376 1557171818841
512 917 375 1557171818858
512 918 374 1557171818873
512 918 373 1557171818925
512 919 373 1557171818958
512 920 372 1557171818975
512 921 372 1557171818991
512 921 371 1557171819008
512 922 371 1557171819030
512 923 371 1557171819058
512 924 371 1557171819073
512 925 370 1557171819092
512 926 370 1557171819125
513 926 370 1557171819193
514 926 370 1557171819314
512 922 371 1557171819358
512 912 378 1557171819375
512 900 390 1557171819390
512 865 409 1557171819408
512 831 422 1557171819424
512 778 433 1557171819441
512 710 442 1557171819458
512 656 456 1557171819473
512 604 476 1557171819491
512 579 486 1557171819508
512 562 493 1557171819525
512 552 493 1557171819539
512 535 487 1557171819557
512 513 477 1557171819575
512 491 464 1557171819591
512 461 443 1557171819608
512 451 434 1557171819623
512 445 426 1557171819640
512 441 413 1557171819659
512 440 399 1557171819675
512 440 390 1557171819692
512 440 385 1557171819709
512 440 384 1557171819726
512 441 380 1557171819740
512 443 379 1557171819759
512 445 377 1557171819775
512 449 375 1557171819790
512 454 374 1557171819809
512 457 372 1557171819826
512 460 372 1557171819843
512 461 372 1557171819857
512 463 372 1557171819892
512 464 372 1557171819907
512 466 372 1557171819925
512 467 372 1557171819940
513 467 372 1557171820075
514 467 372 1557171820205
512 471 373 1557171820276
512 473 375 1557171820290
512 486 378 1557171820307
512 501 380 1557171820325
512 515 382 1557171820340
512 528 386 1557171820359
512 546 395 1557171820376
512 556 400 1557171820390
512 560 404 1557171820408
512 562 412 1557171820423
512 562 424 1557171820442
512 562 440 1557171820459
512 556 464 1557171820476
512 550 483 1557171820492
512 541 517 1557171820509
512 537 537 1557171820525
512 535 558 1557171820542
512 535 577 1557171820557
512 535 589 1557171820576
512 535 596 1557171820592
512 537 607 1557171820609
512 542 615 1557171820624
512 544 620 1557171820642
512 546 622 1557171820659
512 548 623 1557171820674
512 549 626 1557171820691
512 551 631 1557171820710
512 555 636 1557171820726
512 555 638 1557171820793
512 557 641 1557171820808
512 558 643 1557171820826
512 558 644 1557171820843
513 558 644 1557171820928
512 559 644 1557171820991
514 559 644 1557171821076
512 559 644 1557171821093
512 559 643 1557171821143
512 559 639 1557171821159
512 559 634 1557171821176
512 559 625 1557171821193
512 558 614 1557171821208
512 557 609 1557171821224
512 564 600 1557171821308
512 584 566 1557171821326
512 615 495 1557171821343
512 646 423 1557171821360
512 675 360 1557171821377
512 697 318 1557171821393
512 701 311 1557171821408
512 704 305 1557171821427
512 707 297 1557171821441
512 712 286 1557171821460
512 717 271 1557171821477
512 719 257 1557171821493
512 719 253 1557171821510
512 719 250 1557171821527
512 719 249 1557171821542
512 719 247 1557171821577
512 719 243 1557171821594
512 717 240 1557171821611
512 715 237 1557171821625
512 714 235 1557171821642
512 712 229 1557171821661
512 709 225 1557171821677
512 707 221 1557171821692
512 705 219 1557171821711
512 703 217 1557171821727
512 703 216 1557171821744
512 702 215 1557171821761
512 702 214 1557171821777
512 702 213 1557171821792
512 702 211 1557171821845
512 702 209 1557171821861
513 702 209 1557171821906
514 702 209 1557171822045
