512 700 212 1557238696259
512 700 217 1557238696277
512 696 235 1557238696294
512 694 250 1557238696310
512 693 270 1557238696328
512 695 289 1557238696343
512 704 309 1557238696361
512 717 329 1557238696376
512 731 349 1557238696395
512 747 370 1557238696410
512 763 391 1557238696428
512 783 423 1557238696445
512 792 442 1557238696461
512 800 459 1557238696478
512 806 475 1557238696495
512 811 488 1557238696511
512 815 500 1557238696528
512 819 516 1557238696543
512 821 524 1557238696561
512 821 530 1557238696578
512 822 537 1557238696593
512 823 543 1557238696610
512 824 555 1557238696628
512 824 564 1557238696645
512 825 572 1557238696660
512 826 581 1557238696676
512 827 587 1557238696694
512 828 591 1557238696711
512 829 595 1557238696728
512 830 598 1557238696743
512 831 603 1557238696762
512 833 607 1557238696778
512 833 609 1557238696794
512 834 612 1557238696812
512 835 614 1557238696828
512 835 615 1557238696845
512 835 619 1557238696863
512 837 622 1557238696887
512 837 624 1557238696912
512 837 625 1557238696928
512 837 626 1557238696945
512 837 628 1557238696960
512 838 630 1557238696978
512 838 631 1557238696993
512 838 632 1557238697026
512 838 633 1557238697045
512 839 635 1557238697060
512 839 637 1557238697077
512 840 637 1557238697093
512 840 638 1557238697112
512 841 638 1557238697143
512 841 639 1557238697161
512 841 640 1557238697177
513 841 640 1557238697204
512 841 641 1557238697227
512 841 642 1557238697326
512 841 640 1557238697360
512 839 639 1557238697364
514 839 639 1557238697364
512 839 638 1557238697376
512 838 636 1557238697394
512 833 627 1557238697412
512 829 622 1557238697428
512 825 616 1557238697445
512 818 612 1557238697463
512 811 607 1557238697479
512 806 605 1557238697495
512 799 600 1557238697510
512 786 590 1557238697529
512 752 566 1557238697546
512 726 552 1557238697562
512 704 542 1557238697579
512 687 532 1557238697593
512 670 519 1557238697612
512 648 496 1557238697628
512 605 459 1557238697644
512 538 420 1557238697660
512 521 413 1557238697678
512 510 407 1557238697696
512 503 403 1557238697711
512 498 399 1557238697728
512 491 394 1557238697746
512 488 390 1557238697761
512 486 387 1557238697779
512 484 386 1557238697793
512 483 384 1557238697813
512 482 383 1557238697827
512 481 381 1557238697844
512 479 381 1557238697862
512 479 380 1557238697877
512 478 379 1557238697896
512 475 378 1557238697912
512 472 377 1557238697929
512 470 375 1557238697944
512 468 373 1557238697963
512 467 373 1557238697996
513 467 373 1557238698041
514 467 373 1557238698210
512 473 375 1557238698246
512 488 382 1557238698263
512 505 389 1557238698278
512 524 394 1557238698297
512 537 396 1557238698314
512 551 398 1557238698330
512 555 397 1557238698346
512 555 395 1557238698546
512 558 387 1557238698562
512 560 384 1557238698580
512 565 378 1557238698595
512 576 367 1557238698612
512 594 354 1557238698630
512 624 328 1557238698645
512 641 310 1557238698662
512 658 293 1557238698679
512 668 282 1557238698697
512 673 272 1557238698713
512 673 267 1557238698731
512 674 265 1557238698746
512 675 263 1557238698763
512 676 262 1557238698778
512 677 260 1557238698795
512 679 257 1557238698812
512 680 254 1557238698828
512 680 250 1557238698845
512 682 247 1557238698863
512 685 240 1557238698879
512 687 236 1557238698896
512 688 233 1557238698913
512 690 231 1557238698929
512 693 228 1557238698947
512 697 225 1557238698962
512 701 221 1557238698979
512 703 219 1557238698996
512 704 217 1557238699012
512 704 215 1557238699030
512 704 214 1557238699046
512 704 212 1557238699064
512 705 212 1557238699081
512 705 211 1557238699096
512 705 210 1557238699145
512 705 209 1557238699162
512 705 208 1557238699179
512 704 206 1557238699197
512 704 205 1557238699214
512 703 205 1557238699228
512 702 205 1557238699247
513 702 205 1557238699267
514 702 205 1557238699405
512 703 205 1557238699480
512 710 211 1557238699497
512 718 217 1557238699513
512 724 222 1557238699531
512 729 228 1557238699546
512 742 247 1557238699564
512 753 262 1557238699580
512 766 275 1557238699596
512 774 282 1557238699616
512 781 284 1557238699631
512 787 286 1557238699647
512 801 290 1557238699663
512 814 293 1557238699680
512 832 300 1557238699697
512 853 310 1557238699714
512 872 322 1557238699731
512 890 339 1557238699747
512 922 369 1557238699764
512 936 383 1557238699781
512 946 394 1557238699797
512 952 400 1557238699814
512 955 404 1557238699831
512 956 405 1557238699846
512 957 406 1557238699863
512 955 406 1557238699965
512 950 402 1557238699980
512 940 394 1557238699998
512 935 391 1557238700015
512 931 388 1557238700029
512 928 385 1557238700048
512 925 382 1557238700063
512 922 378 1557238700081
512 921 376 1557238700097
512 921 375 1557238700113
512 921 374 1557238700130
513 921 374 1557238700237
512 921 373 1557238700313
514 921 373 1557238700384
512 921 373 1557238700398
512 921 376 1557238700533
512 921 380 1557238700547
512 922 380 1557238700565
512 912 384 1557238700666
512 896 396 1557238700682
512 873 416 1557238700698
512 838 445 1557238700714
512 794 478 1557238700731
512 746 514 1557238700750
512 706 546 1557238700765
512 687 567 1557238700782
512 671 588 1557238700797
512 663 598 1557238700815
512 656 605 1557238700832
512 644 613 1557238700850
512 631 622 1557238700865
512 613 635 1557238700881
512 603 641 1557238700898
512 598 644 1557238700916
512 596 646 1557238700933
512 594 646 1557238700964
512 590 646 1557238700982
512 582 646 1557238700997
512 579 648 1557238701016
512 576 648 1557238701032
512 576 649 1557238701048
512 575 649 1557238701081
512 573 649 1557238701099
512 571 649 1557238701115
512 569 649 1557238701130
512 568 649 1557238701147
512 567 649 1557238701165
512 566 649 1557238701181
512 566 648 1557238701265
512 565 648 1557238701281
512 564 648 1557238701298
512 563 647 1557238701316
512 562 647 1557238701349
513 562 647 1557238701371
514 562 647 1557238701550
512 562 646 1557238701580
512 567 643 1557238701599
512 574 639 1557238701615
512 586 632 1557238701630
512 608 622 1557238701649
512 627 615 1557238701666
512 645 603 1557238701680
512 662 588 1557238701698
512 677 572 1557238701714
512 690 555 1557238701732
512 703 540 1557238701747
512 717 527 1557238701767
512 728 517 1557238701782
512 731 516 1557238701800
512 734 516 1557238701817
512 740 517 1557238701833
512 752 525 1557238701848
512 762 537 1557238701864
512 772 550 1557238701882
512 783 566 1557238701898
512 787 574 1557238701914
512 788 582 1557238701934
512 791 592 1557238701950
512 796 605 1557238701967
512 806 620 1557238701984
512 808 622 1557238702000
512 810 624 1557238702017
512 811 624 1557238702067
512 812 625 1557238702081
512 817 626 1557238702099
512 820 626 1557238702117
512 821 627 1557238702133
512 825 628 1557238702150
512 829 630 1557238702166
512 834 632 1557238702183
512 838 633 1557238702198
512 839 633 1557238702216
512 840 634 1557238702233
512 842 635 1557238702250
512 844 637 1557238702264
512 846 638 1557238702282
512 847 639 1557238702300
512 848 639 1557238702382
512 848 640 1557238702449
512 847 640 1557238702584
512 847 641 1557238702600
512 847 642 1557238702617
512 846 642 1557238702634
512 846 643 1557238702648
513 846 643 1557238702684
512 844 643 1557238702828
514 844 643 1557238702828
512 844 643 1557238702833
512 843 639 1557238702848
512 841 635 1557238702867
512 838 628 1557238702884
512 834 621 1557238702899
512 829 609 1557238702917
512 823 597 1557238702934
512 818 588 1557238702951
512 816 582 1557238702966
512 813 577 1557238702984
512 810 568 1557238703002
512 810 560 1557238703016
512 810 548 1557238703034
512 814 534 1557238703051
512 828 521 1557238703067
512 844 513 1557238703082
512 859 504 1557238703100
512 873 496 1557238703116
512 884 487 1557238703134
512 892 476 1557238703151
512 899 467 1557238703166
512 904 456 1557238703184
512 908 446 1557238703199
512 909 437 1557238703217
512 913 424 1557238703233
512 915 417 1557238703251
512 918 411 1557238703267
512 921 405 1557238703282
512 923 400 1557238703299
512 923 395 1557238703318
512 924 390 1557238703334
512 924 387 1557238703351
512 924 385 1557238703368
512 924 383 1557238703383
512 925 382 1557238703401
512 926 381 1557238703416
512 926 379 1557238703432
512 926 378 1557238703451
512 926 377 1557238703466
512 926 375 1557238703484
512 926 374 1557238703501
512 926 373 1557238703518
513 926 373 1557238703558
514 926 373 1557238703714
512 925 373 1557238703768
512 917 382 1557238703785
512 906 398 1557238703802
512 898 412 1557238703818
512 889 427 1557238703835
512 880 444 1557238703850
512 873 461 1557238703869
512 868 473 1557238703884
512 859 485 1557238703902
512 852 492 1557238703918
512 844 498 1557238703935
512 829 505 1557238703950
512 808 507 1557238703967
512 775 507 1557238703983
512 680 489 1557238704002
512 639 480 1557238704017
512 621 472 1557238704035
512 612 465 1557238704051
512 605 457 1557238704069
512 598 449 1557238704084
512 589 437 1557238704102
512 575 423 1557238704119
512 567 416 1557238704134
512 559 410 1557238704151
512 553 405 1557238704169
512 549 403 1557238704186
512 545 399 1557238704202
512 538 393 1557238704218
512 525 384 1557238704235
512 518 381 1557238704252
512 512 380 1557238704268
512 508 379 1557238704285
512 504 379 1557238704302
512 501 379 1557238704318
512 499 379 1557238704335
512 497 379 1557238704351
512 493 377 1557238704368
512 489 376 1557238704385
512 485 376 1557238704400
512 482 375 1557238704416
512 480 375 1557238704450
512 479 375 1557238704467
512 478 375 1557238704485
512 476 374 1557238704501
512 474 374 1557238704520
512 473 373 1557238704534
512 472 373 1557238704570
512 471 373 1557238704586
513 471 373 1557238704632
514 471 373 1557238704776
512 473 375 1557238704867
512 479 384 1557238704884
512 492 397 1557238704901
512 498 401 1557238704919
512 502 404 1557238704934
512 504 404 1557238704952
512 506 406 1557238704968
512 509 412 1557238704985
512 515 422 1557238705001
512 521 435 1557238705017
512 532 461 1557238705034
512 539 477 1557238705052
512 547 494 1557238705067
512 555 512 1557238705084
512 561 531 1557238705101
512 564 547 1557238705119
512 566 566 1557238705136
512 566 577 1557238705152
512 567 586 1557238705168
512 567 592 1557238705186
512 567 596 1557238705200
512 565 604 1557238705219
512 564 611 1557238705234
512 563 614 1557238705250
512 563 616 1557238705268
512 562 618 1557238705285
512 561 620 1557238705301
512 560 625 1557238705318
512 560 627 1557238705334
512 560 632 1557238705352
512 560 633 1557238705368
512 560 634 1557238705384
512 560 636 1557238705418
512 560 638 1557238705435
512 560 640 1557238705453
512 560 641 1557238705468
512 560 642 1557238705485
512 560 643 1557238705519
512 560 644 1557238705535
512 560 646 1557238705554
513 560 646 1557238705624
514 560 646 1557238705771
512 560 645 1557238705835
512 561 640 1557238705852
512 564 633 1557238705870
512 569 619 1557238705886
512 580 592 1557238705903
512 588 574 1557238705920
512 595 557 1557238705935
512 604 540 1557238705953
512 611 521 1557238705970
512 616 504 1557238705986
512 628 466 1557238706003
512 636 443 1557238706020
512 644 421 1557238706036
512 654 400 1557238706052
512 663 375 1557238706069
512 672 347 1557238706086
512 681 321 1557238706104
512 689 301 1557238706120
512 697 279 1557238706137
512 699 268 1557238706154
512 700 260 1557238706171
512 701 256 1557238706185
512 703 253 1557238706204
512 704 253 1557238706219
512 704 252 1557238706236
512 704 251 1557238706254
512 704 249 1557238706269
512 704 247 1557238706285
512 704 245 1557238706304
512 704 241 1557238706320
512 702 234 1557238706337
512 701 229 1557238706352
512 701 224 1557238706371
512 701 220 1557238706385
512 701 215 1557238706402
512 701 211 1557238706419
512 701 207 1557238706436
512 701 204 1557238706454
512 701 200 1557238706471
512 700 199 1557238706487
512 700 198 1557238706504
513 700 198 1557238706547
514 700 198 1557238706702
512 700 200 1557238706803
512 700 204 1557238706819
512 699 210 1557238706838
512 698 220 1557238706853
512 698 227 1557238706870
512 698 230 1557238706889
512 698 231 1557238706905
512 699 229 1557238707021
512 702 224 1557238707038
512 703 222 1557238707054
512 703 220 1557238707072
512 703 218 1557238707087
512 703 215 1557238707106
512 703 213 1557238707138
513 703 213 1557238707192
514 703 213 1557238707368