512 704 223 1557238707538
512 704 237 1557238707555
512 703 260 1557238707572
512 701 282 1557238707589
512 699 307 1557238707603
512 699 336 1557238707622
512 706 370 1557238707637
512 716 403 1557238707654
512 729 435 1557238707672
512 746 469 1557238707687
512 770 510 1557238707704
512 788 540 1557238707722
512 805 565 1557238707739
512 817 582 1557238707756
512 823 590 1557238707772
512 824 593 1557238707789
512 827 598 1557238707805
512 829 602 1557238707822
512 831 606 1557238707837
512 833 611 1557238707855
512 834 614 1557238707871
512 835 615 1557238707889
512 835 616 1557238707904
512 835 618 1557238707922
512 835 620 1557238707937
512 836 624 1557238707956
512 837 627 1557238707970
512 838 630 1557238707989
512 838 631 1557238708006
512 838 632 1557238708020
512 838 633 1557238708039
512 838 634 1557238708056
512 838 635 1557238708072
512 839 637 1557238708089
512 839 639 1557238708106
512 839 640 1557238708123
512 839 642 1557238708139
512 840 643 1557238708156
512 841 644 1557238708171
513 841 644 1557238708265
514 841 644 1557238708440
512 840 642 1557238708504
512 837 639 1557238708522
512 831 632 1557238708539
512 817 622 1557238708554
512 798 615 1557238708573
512 792 613 1557238708588
512 777 611 1557238708606
512 770 607 1557238708621
512 761 601 1557238708639
512 744 587 1557238708654
512 725 568 1557238708671
512 688 533 1557238708690
512 657 510 1557238708706
512 634 492 1557238708721
512 619 479 1557238708740
512 608 469 1557238708754
512 600 461 1557238708773
512 592 450 1557238708788
512 582 440 1557238708806
512 569 429 1557238708823
512 559 422 1557238708838
512 554 418 1557238708856
512 551 416 1557238708871
512 549 413 1557238708890
512 545 410 1557238708907
512 542 407 1557238708921
512 536 405 1557238708940
512 531 402 1557238708957
512 526 401 1557238708973
512 523 400 1557238708989
512 519 398 1557238709005
512 510 395 1557238709023
512 505 393 1557238709040
512 500 391 1557238709055
512 497 389 1557238709071
512 493 387 1557238709090
512 490 385 1557238709105
512 485 382 1557238709124
512 482 380 1557238709140
512 481 380 1557238709155
512 480 379 1557238709174
512 479 379 1557238709189
512 478 378 1557238709205
512 478 377 1557238709222
512 477 377 1557238709272
513 477 377 1557238709327
514 477 377 1557238709513
512 479 377 1557238709723
512 487 376 1557238709739
512 502 375 1557238709758
512 520 371 1557238709773
512 534 364 1557238709791
512 548 356 1557238709806
512 562 344 1557238709825
512 572 333 1557238709842
512 586 318 1557238709858
512 599 304 1557238709873
512 611 291 1557238709890
512 620 279 1557238709906
512 631 264 1557238709924
512 639 257 1557238709939
512 647 250 1557238709958
512 653 246 1557238709974
512 656 242 1557238709992
512 659 238 1557238710006
512 663 234 1557238710024
512 667 231 1557238710039
512 672 229 1557238710058
512 676 227 1557238710074
512 677 225 1557238710090
512 678 225 1557238710108
512 678 224 1557238710125
512 680 222 1557238710141
512 681 221 1557238710158
512 683 220 1557238710173
512 685 218 1557238710190
512 687 216 1557238710206
512 688 214 1557238710225
512 691 212 1557238710242
512 692 211 1557238710275
512 693 210 1557238710290
512 694 209 1557238710307
512 695 208 1557238710323
512 696 208 1557238710342
512 697 207 1557238710358
513 697 207 1557238710398
514 697 207 1557238710560
512 698 209 1557238710675
512 699 215 1557238710690
512 699 224 1557238710708
512 700 229 1557238710723
512 700 232 1557238710742
512 700 235 1557238710758
512 700 238 1557238710775
512 700 241 1557238710790
512 704 251 1557238710809
512 712 259 1557238710823
512 722 266 1557238710840
512 738 275 1557238710857
512 756 282 1557238710874
512 777 291 1557238710892
512 801 303 1557238710909
512 824 317 1557238710925
512 834 325 1557238710940
512 864 347 1557238710958
512 880 359 1557238710975
512 892 367 1557238710992
512 897 371 1557238711009
512 900 372 1557238711026
512 901 373 1557238711042
512 901 374 1557238711057
512 902 375 1557238711076
512 905 378 1557238711092
512 908 381 1557238711109
512 910 383 1557238711125
512 912 384 1557238711140
512 913 384 1557238711174
512 914 384 1557238711192
512 916 384 1557238711208
512 919 384 1557238711225
512 922 384 1557238711240
512 924 383 1557238711257
512 925 383 1557238711275
512 925 382 1557238711327
512 926 381 1557238711341
512 926 380 1557238711358
512 926 379 1557238711376
512 927 378 1557238711393
512 927 377 1557238711410
513 927 377 1557238711438
514 927 377 1557238711600
512 927 378 1557238711691
512 924 387 1557238711710
512 920 393 1557238711726
512 915 399 1557238711743
512 911 404 1557238711758
512 910 407 1557238711775
512 908 409 1557238711791
512 908 410 1557238711810
512 906 414 1557238711826
512 901 420 1557238711841
512 893 428 1557238711858
512 879 440 1557238711875
512 852 464 1557238711896
512 842 474 1557238711909
512 820 494 1557238711926
512 788 526 1557238711940
512 769 544 1557238711957
512 751 559 1557238711974
512 732 575 1557238711993
512 716 588 1557238712007
512 698 600 1557238712024
512 677 613 1557238712043
512 669 616 1557238712058
512 651 623 1557238712074
512 641 626 1557238712093
512 635 627 1557238712108
512 631 627 1557238712125
512 625 628 1557238712143
512 619 628 1557238712160
512 612 628 1557238712174
512 606 628 1557238712193
512 600 628 1557238712208
512 595 628 1557238712226
512 592 628 1557238712243
512 587 629 1557238712258
512 584 630 1557238712274
512 582 631 1557238712291
512 578 633 1557238712310
512 574 635 1557238712324
512 569 637 1557238712341
512 564 640 1557238712360
512 561 643 1557238712375
512 560 644 1557238712393
512 559 645 1557238712459
512 557 646 1557238712475
512 556 646 1557238712492
512 556 647 1557238712510
512 555 647 1557238712526
513 555 647 1557238712548
514 555 647 1557238712717
512 555 646 1557238712727
512 557 642 1557238712741
512 559 639 1557238712758
512 564 636 1557238712777
512 569 632 1557238712793
512 578 626 1557238712809
512 592 617 1557238712826
512 617 601 1557238712843
512 632 588 1557238712858
512 638 576 1557238712877
512 641 570 1557238712894
512 642 565 1557238712908
512 646 564 1557238712927
512 649 564 1557238712944
512 655 564 1557238712958
512 663 567 1557238712977
512 670 572 1557238712993
512 681 581 1557238713009
512 694 593 1557238713027
512 718 610 1557238713042
512 733 619 1557238713059
512 745 624 1557238713077
512 759 630 1557238713092
512 773 633 1557238713109
512 783 633 1557238713126
512 788 633 1557238713143
512 791 633 1557238713159
512 799 633 1557238713178
512 805 633 1557238713194
512 812 633 1557238713210
512 819 633 1557238713225
512 822 632 1557238713243
512 823 632 1557238713311
512 825 632 1557238713327
512 826 632 1557238713344
512 828 632 1557238713359
512 829 632 1557238713376
512 831 632 1557238713394
512 833 634 1557238713409
512 836 635 1557238713428
512 837 636 1557238713444
512 838 637 1557238713461
512 840 638 1557238713476
512 842 639 1557238713495
512 844 640 1557238713509
512 844 641 1557238713610
513 844 641 1557238713619
512 845 641 1557238713660
514 845 641 1557238713788
512 845 641 1557238713811
512 845 639 1557238714011
512 845 633 1557238714029
512 846 623 1557238714044
512 853 596 1557238714062
512 869 557 1557238714078
512 893 507 1557238714096
512 919 464 1557238714113
512 941 432 1557238714129
512 952 412 1557238714143
512 958 392 1557238714162
512 959 384 1557238714179
512 960 379 1557238714193
512 961 377 1557238714211
512 963 374 1557238714228
512 963 371 1557238714245
512 964 369 1557238714261
512 965 363 1557238714278
512 965 361 1557238714293
512 965 360 1557238714326
512 963 360 1557238714394
512 949 360 1557238714413
512 935 360 1557238714429
512 924 363 1557238714445
512 917 365 1557238714462
512 917 366 1557238714477
512 916 366 1557238714512
512 916 367 1557238714527
512 915 368 1557238714546
512 915 370 1557238714562
512 914 371 1557238714579
512 914 372 1557238714662
512 914 373 1557238714679
512 916 374 1557238714696
512 917 374 1557238714711
512 919 375 1557238714727
512 920 375 1557238714746
512 921 375 1557238714763
512 922 375 1557238714779
512 922 376 1557238714796
512 923 376 1557238714813
512 924 376 1557238714846
512 925 376 1557238714913
513 925 376 1557238714932
512 926 376 1557238714963
514 926 376 1557238715085
512 926 376 1557238715096
512 924 375 1557238715363
512 908 370 1557238715378
512 866 357 1557238715394
512 828 347 1557238715411
512 792 342 1557238715430
512 759 337 1557238715446
512 730 335 1557238715463
512 704 334 1557238715480
512 682 333 1557238715497
512 661 332 1557238715513
512 656 332 1557238715530
512 648 332 1557238715544
512 632 332 1557238715563
512 614 334 1557238715579
512 593 339 1557238715597
512 574 346 1557238715612
512 544 355 1557238715630
512 529 358 1557238715645
512 519 360 1557238715662
512 512 361 1557238715680
512 507 361 1557238715695
512 501 362 1557238715712
512 488 364 1557238715728
512 479 366 1557238715747
512 476 369 1557238715761
512 473 370 1557238715780
513 473 370 1557238715977
514 473 370 1557238716132
512 475 370 1557238716281
512 482 370 1557238716297
512 485 370 1557238716312
512 488 369 1557238716330
512 489 369 1557238716345
512 495 372 1557238716364
512 503 379 1557238716379
512 515 400 1557238716397
512 522 418 1557238716414
512 524 443 1557238716431
512 526 471 1557238716447
512 527 497 1557238716464
512 527 519 1557238716479
512 527 538 1557238716495
512 524 563 1557238716513
512 524 577 1557238716531
512 525 584 1557238716548
512 526 588 1557238716564
512 527 590 1557238716581
512 528 592 1557238716596
512 530 596 1557238716614
512 535 604 1557238716631
512 536 606 1557238716646
512 540 610 1557238716664
512 543 611 1557238716680
512 544 612 1557238716698
512 545 613 1557238716713
512 547 615 1557238716729
512 550 618 1557238716748
512 552 620 1557238716763
512 554 623 1557238716779
512 555 625 1557238716797
512 556 628 1557238716812
512 558 631 1557238716829
512 560 634 1557238716848
512 560 635 1557238716880
512 561 636 1557238716898
512 561 637 1557238716914
512 561 639 1557238716930
512 562 639 1557238716964
512 562 640 1557238717030
512 562 641 1557238717047
513 562 641 1557238717051
514 562 641 1557238717203
512 562 640 1557238717246
512 563 636 1557238717265
512 564 630 1557238717282
512 566 618 1557238717298
512 570 606 1557238717315
512 573 596 1557238717331
512 575 587 1557238717348
512 579 581 1557238717365
512 584 574 1557238717382
512 591 567 1557238717399
512 607 553 1557238717415
512 617 538 1557238717432
512 627 522 1557238717448
512 634 504 1557238717465
512 643 481 1557238717480
512 653 451 1557238717498
512 671 400 1557238717515
512 678 375 1557238717532
512 682 356 1557238717548
512 683 339 1557238717565
512 684 321 1557238717580
512 687 301 1557238717596
512 692 273 1557238717615
512 693 263 1557238717631
512 693 257 1557238717646
512 693 253 1557238717666
512 693 250 1557238717682
512 693 247 1557238717698
512 694 245 1557238717716
512 694 244 1557238717730
512 695 242 1557238717748
512 695 241 1557238717781
512 695 239 1557238717798
512 695 236 1557238717813
512 695 232 1557238717832
512 695 227 1557238717849
512 695 226 1557238717865
512 696 224 1557238717882
512 696 222 1557238717899
512 696 221 1557238717914
512 696 218 1557238717932
512 696 217 1557238717947
512 696 215 1557238717965
512 696 214 1557238717999
512 696 213 1557238718033
513 696 213 1557238718035
514 696 213 1557238718196