512 698 209 1553606182675 
512 698 213 1553606182693 
512 698 224 1553606182708 
512 698 239 1553606182725 
512 697 255 1553606182743 
512 694 274 1553606182760 
512 692 295 1553606182776 
512 692 315 1553606182792 
512 692 331 1553606182810 
512 692 349 1553606182825 
512 692 374 1553606182843 
512 701 417 1553606182859 
512 734 494 1553606182876 
512 767 537 1553606182893 
512 786 555 1553606182909 
512 801 568 1553606182926 
512 810 580 1553606182943 
512 816 595 1553606182960 
512 821 607 1553606182975 
512 824 618 1553606182992 
512 828 629 1553606183009 
512 830 640 1553606183025 
512 833 651 1553606183042 
512 837 661 1553606183059 
512 840 669 1553606183076 
512 843 672 1553606183093 
512 843 673 1553606183110 
512 844 673 1553606183193 
512 845 673 1553606183211 
512 846 673 1553606183227 
512 847 671 1553606183244 
512 848 668 1553606183259 
512 849 667 1553606183283 
512 849 664 1553606183292 
512 849 662 1553606183309 
512 849 659 1553606183326 
512 849 658 1553606183344 
512 849 656 1553606183359 
512 848 653 1553606183393 
512 848 652 1553606183476 
512 848 650 1553606183492 
512 846 647 1553606183510 
512 845 646 1553606183525 
512 844 645 1553606183542 
513 844 645 1553606183619 
512 844 645 1553606183659 
512 844 645 1553606183677 
512 844 645 1553606183692 
514 844 645 1553606183699 
512 843 644 1553606183777 
512 839 639 1553606183792 
512 835 633 1553606183809 
512 827 621 1553606183827 
512 821 609 1553606183842 
512 815 601 1553606183861 
512 812 596 1553606183876 
512 809 580 1553606183892 
512 804 557 1553606183910 
512 799 531 1553606183927 
512 784 508 1553606183943 
512 763 485 1553606183959 
512 731 467 1553606183977 
512 695 450 1553606183995 
512 653 434 1553606184009 
512 599 418 1553606184026 
512 555 411 1553606184043 
512 546 411 1553606184059 
512 544 409 1553606184077 
512 543 409 1553606184164 
512 536 409 1553606184176 
512 531 409 1553606184193 
512 524 409 1553606184210 
512 511 407 1553606184227 
512 499 402 1553606184244 
512 491 395 1553606184259 
512 487 391 1553606184276 
512 485 388 1553606184294 
512 485 387 1553606184309 
512 484 385 1553606184326 
512 482 383 1553606184344 
512 480 381 1553606184377 
512 478 379 1553606184393 
512 478 377 1553606184410 
512 477 377 1553606184427 
512 476 376 1553606184509 
512 475 376 1553606184543 
513 475 376 1553606184589 
512 475 376 1553606184594 
512 475 376 1553606184610 
512 475 376 1553606184626 
512 475 376 1553606184644 
512 475 376 1553606184676 
514 475 376 1553606184683 
512 475 377 1553606184778 
512 475 381 1553606184794 
512 475 384 1553606184811 
512 476 388 1553606184827 
512 479 388 1553606184861 
512 484 387 1553606184882 
512 512 374 1553606184893 
512 544 359 1553606184910 
512 584 334 1553606184926 
512 606 313 1553606184943 
512 616 294 1553606184961 
512 620 281 1553606184976 
512 624 270 1553606184994 
512 628 258 1553606185010 
512 635 248 1553606185029 
512 639 243 1553606185045 
512 644 238 1553606185061 
512 647 235 1553606185078 
512 652 233 1553606185093 
512 657 230 1553606185110 
512 661 228 1553606185127 
512 665 226 1553606185144 
512 668 225 1553606185161 
512 672 224 1553606185177 
512 675 222 1553606185195 
512 679 221 1553606185210 
512 683 219 1553606185228 
512 686 217 1553606185243 
512 687 215 1553606185277 
512 688 215 1553606185294 
512 690 214 1553606185310 
512 691 213 1553606185328 
512 695 212 1553606185343 
512 698 211 1553606185361 
512 699 211 1553606185378 
512 700 211 1553606185393 
512 701 211 1553606185412 
512 702 211 1553606185429 
512 703 211 1553606185461 
513 703 211 1553606185515 
514 703 211 1553606185586 
512 701 212 1553606185644 
512 701 219 1553606185662 
512 701 229 1553606185677 
512 705 249 1553606185695 
512 717 270 1553606185711 
512 737 292 1553606185727 
512 762 312 1553606185745 
512 786 319 1553606185762 
512 804 327 1553606185779 
512 809 332 1553606185794 
512 832 355 1553606185811 
512 852 374 1553606185829 
512 878 389 1553606185844 
512 903 397 1553606185862 
512 925 399 1553606185878 
512 938 399 1553606185894 
512 940 397 1553606185912 
512 940 388 1553606185927 
512 940 379 1553606185945 
512 940 372 1553606185962 
512 941 368 1553606185977 
512 941 367 1553606185995 
512 940 366 1553606186145 
512 936 369 1553606186163 
512 932 372 1553606186177 
512 928 373 1553606186195 
512 927 375 1553606186212 
512 926 375 1553606186229 
512 925 376 1553606186328 
513 925 376 1553606186380 
514 925 376 1553606186444 
512 921 378 1553606186529 
512 916 382 1553606186545 
512 907 390 1553606186563 
512 905 392 1553606186578 
512 896 406 1553606186596 
512 890 417 1553606186611 
512 887 429 1553606186628 
512 884 442 1553606186646 
512 880 454 1553606186662 
512 865 476 1553606186679 
512 816 506 1553606186695 
512 741 537 1553606186713 
512 672 564 1553606186728 
512 618 587 1553606186745 
512 587 603 1553606186762 
512 573 616 1553606186780 
512 573 620 1553606186795 
512 573 622 1553606186813 
512 573 623 1553606186828 
512 573 625 1553606186861 
512 573 627 1553606186878 
512 573 631 1553606186895 
512 573 632 1553606186911 
512 573 634 1553606186929 
512 573 635 1553606186946 
512 573 637 1553606186962 
512 570 640 1553606186980 
512 568 642 1553606186995 
512 565 644 1553606187013 
512 560 646 1553606187028 
512 558 646 1553606187046 
512 557 646 1553606187079 
513 557 646 1553606187211 
514 557 646 1553606187290 
512 559 643 1553606187362 
512 560 639 1553606187379 
512 565 632 1553606187395 
512 571 621 1553606187412 
512 577 607 1553606187429 
512 579 596 1553606187445 
512 579 592 1553606187462 
512 580 591 1553606187497 
512 588 592 1553606187512 
512 612 608 1553606187529 
512 663 629 1553606187545 
512 716 649 1553606187562 
512 756 657 1553606187579 
512 768 657 1553606187595 
512 774 657 1553606187612 
512 774 656 1553606187645 
512 775 653 1553606187662 
512 777 651 1553606187680 
512 780 649 1553606187695 
512 783 646 1553606187713 
512 784 645 1553606187730 
512 786 644 1553606187745 
512 790 642 1553606187763 
512 792 641 1553606187780 
512 794 639 1553606187795 
512 795 639 1553606187812 
512 798 639 1553606187829 
512 802 639 1553606187845 
512 805 639 1553606187863 
512 808 639 1553606187880 
512 810 639 1553606187895 
512 812 639 1553606187912 
512 815 639 1553606187929 
512 818 639 1553606187946 
512 824 639 1553606187963 
512 826 640 1553606187979 
512 828 640 1553606187996 
512 830 640 1553606188012 
512 832 640 1553606188046 
512 833 640 1553606188062 
512 834 640 1553606188097 
512 835 641 1553606188114 
512 836 641 1553606188163 
513 836 641 1553606188179 
514 836 641 1553606188282 
512 833 635 1553606188363 
512 831 632 1553606188379 
512 828 629 1553606188397 
512 825 620 1553606188413 
512 819 606 1553606188431 
512 815 595 1553606188447 
512 811 585 1553606188464 
512 810 575 1553606188480 
512 810 562 1553606188497 
512 815 544 1553606188514 
512 830 526 1553606188529 
512 855 504 1553606188547 
512 872 488 1553606188564 
512 894 470 1553606188580 
512 912 452 1553606188596 
512 922 436 1553606188613 
512 925 427 1553606188630 
512 927 420 1553606188647 
512 927 416 1553606188663 
512 927 412 1553606188680 
512 928 406 1553606188696 
512 928 401 1553606188713 
512 928 397 1553606188730 
512 928 394 1553606188746 
512 928 389 1553606188764 
512 928 385 1553606188780 
512 928 384 1553606188796 
512 928 382 1553606188830 
512 928 381 1553606188864 
512 929 378 1553606188881 
512 930 376 1553606188896 
512 930 374 1553606188913 
513 930 374 1553606188963 
514 930 374 1553606189042 
512 927 373 1553606189115 
512 912 381 1553606189131 
512 896 390 1553606189147 
512 878 398 1553606189164 
512 858 404 1553606189181 
512 833 410 1553606189198 
512 808 413 1553606189214 
512 787 420 1553606189230 
512 775 428 1553606189247 
512 765 436 1553606189263 
512 755 444 1553606189282 
512 736 450 1553606189297 
512 716 454 1553606189313 
512 693 452 1553606189331 
512 652 441 1553606189346 
512 624 434 1553606189363 
512 600 423 1553606189381 
512 578 413 1553606189397 
512 560 406 1553606189414 
512 553 403 1553606189432 
512 550 402 1553606189448 
512 549 401 1553606189463 
512 547 400 1553606189480 
512 543 396 1553606189498 
512 535 390 1553606189513 
512 525 382 1553606189532 
512 519 379 1553606189547 
512 513 376 1553606189563 
512 509 374 1553606189580 
512 506 374 1553606189597 
512 500 374 1553606189614 
512 495 373 1553606189630 
512 491 373 1553606189647 
512 487 372 1553606189664 
512 485 371 1553606189680 
512 484 371 1553606189813 
512 483 371 1553606189914 
512 481 374 1553606189931 
512 478 375 1553606189949 
512 476 376 1553606189981 
512 473 377 1553606189998 
512 472 378 1553606190015 
512 471 378 1553606190031 
512 470 378 1553606190048 
513 470 378 1553606190123 
514 470 378 1553606190211 
512 470 381 1553606190297 
512 474 384 1553606190314 
512 484 385 1553606190332 
512 488 386 1553606190347 
512 491 388 1553606190366 
512 496 393 1553606190382 
512 505 406 1553606190397 
512 521 427 1553606190414 
512 551 465 1553606190431 
512 580 495 1553606190448 
512 598 521 1553606190465 
512 605 539 1553606190481 
512 606 555 1553606190498 
512 606 575 1553606190516 
512 602 588 1553606190531 
512 599 602 1553606190547 
512 595 614 1553606190565 
512 592 624 1553606190581 
512 590 629 1553606190598 
512 588 633 1553606190614 
512 586 635 1553606190632 
512 586 636 1553606190665 
512 585 636 1553606190682 
512 584 638 1553606190698 
512 582 639 1553606190715 
512 578 640 1553606190731 
512 574 641 1553606190749 
512 570 641 1553606190764 
512 569 641 1553606190781 
512 568 641 1553606190815 
512 567 642 1553606190831 
512 566 642 1553606190866 
512 564 643 1553606190881 
512 563 644 1553606190898 
513 563 644 1553606190995 
514 563 644 1553606191098 
512 562 644 1553606191150 
512 564 639 1553606191166 
512 572 628 1553606191183 
512 582 613 1553606191200 
512 597 597 1553606191215 
512 612 575 1553606191232 
512 625 549 1553606191248 
512 630 531 1553606191266 
512 636 513 1553606191282 
512 646 491 1553606191298 
512 675 446 1553606191315 
512 697 406 1553606191332 
512 713 379 1553606191348 
512 718 364 1553606191366 
512 720 351 1553606191381 
512 720 340 1553606191398 
512 720 331 1553606191417 
512 720 318 1553606191433 
512 718 308 1553606191450 
512 718 300 1553606191465 
512 717 292 1553606191482 
512 714 280 1553606191499 
512 712 271 1553606191516 
512 710 265 1553606191531 
512 709 259 1553606191548 
512 709 255 1553606191566 
512 708 251 1553606191582 
512 708 245 1553606191598 
512 706 237 1553606191615 
512 704 231 1553606191633 
512 704 228 1553606191648 
512 704 226 1553606191665 
512 702 224 1553606191683 
512 702 220 1553606191699 
512 702 218 1553606191716 
512 701 216 1553606191731 
512 701 215 1553606191748 
512 700 215 1553606191850 
513 700 215 1553606191899 
514 700 215 1553606191994 
