512 697 214 1553606230062 
512 697 215 1553606230079 
512 697 223 1553606230096 
512 699 233 1553606230113 
512 707 250 1553606230131 
512 715 267 1553606230146 
512 727 288 1553606230164 
512 730 292 1553606230179 
512 745 315 1553606230196 
512 760 339 1553606230213 
512 778 367 1553606230230 
512 793 395 1553606230247 
512 807 426 1553606230263 
512 815 456 1553606230279 
512 822 479 1553606230296 
512 824 499 1553606230312 
512 827 518 1553606230330 
512 827 529 1553606230346 
512 827 545 1553606230364 
512 827 559 1553606230380 
512 827 568 1553606230396 
512 827 577 1553606230413 
512 827 582 1553606230431 
512 827 588 1553606230446 
512 827 593 1553606230463 
512 827 598 1553606230479 
512 828 602 1553606230496 
512 829 607 1553606230513 
512 830 610 1553606230530 
512 831 613 1553606230546 
512 831 617 1553606230564 
512 832 619 1553606230580 
512 833 623 1553606230596 
512 835 626 1553606230612 
512 836 630 1553606230629 
512 837 631 1553606230648 
512 838 633 1553606230662 
512 838 634 1553606230680 
512 839 637 1553606230696 
512 839 639 1553606230730 
512 839 641 1553606230746 
512 839 642 1553606230763 
512 839 643 1553606230780 
513 839 643 1553606230884 
514 839 643 1553606230971 
512 837 635 1553606231047 
512 834 626 1553606231063 
512 827 614 1553606231080 
512 817 596 1553606231098 
512 804 577 1553606231113 
512 787 562 1553606231129 
512 765 545 1553606231148 
512 759 541 1553606231163 
512 743 524 1553606231180 
512 728 508 1553606231196 
512 702 489 1553606231213 
512 672 469 1553606231230 
512 632 452 1553606231246 
512 590 436 1553606231264 
512 563 423 1553606231280 
512 542 414 1553606231296 
512 530 408 1553606231313 
512 524 401 1553606231330 
512 521 397 1553606231346 
512 517 391 1553606231363 
512 511 385 1553606231382 
512 507 383 1553606231397 
512 504 380 1553606231413 
512 502 379 1553606231430 
512 501 378 1553606231449 
512 501 377 1553606231463 
512 499 377 1553606231482 
512 495 376 1553606231498 
512 493 376 1553606231514 
512 489 376 1553606231530 
512 486 375 1553606231547 
512 485 375 1553606231563 
512 483 375 1553606231580 
512 482 375 1553606231613 
512 480 375 1553606231631 
512 479 375 1553606231647 
512 478 375 1553606231665 
512 477 375 1553606231680 
512 476 375 1553606231699 
512 475 375 1553606231731 
513 475 375 1553606231812 
514 475 375 1553606231900 
512 477 374 1553606232030 
512 487 370 1553606232048 
512 497 367 1553606232064 
512 514 359 1553606232080 
512 527 352 1553606232098 
512 543 341 1553606232116 
512 566 323 1553606232132 
512 574 317 1553606232147 
512 597 299 1553606232164 
512 615 284 1553606232180 
512 631 272 1553606232197 
512 645 260 1553606232214 
512 656 251 1553606232232 
512 660 247 1553606232247 
512 665 242 1553606232264 
512 669 237 1553606232281 
512 673 232 1553606232297 
512 676 228 1553606232314 
512 681 225 1553606232332 
512 682 224 1553606232347 
512 686 222 1553606232365 
512 689 219 1553606232380 
512 692 218 1553606232398 
512 697 216 1553606232414 
512 699 215 1553606232431 
512 700 214 1553606232448 
512 702 213 1553606232465 
512 703 212 1553606232481 
512 704 211 1553606232498 
512 705 210 1553606232514 
512 706 209 1553606232531 
513 706 209 1553606232612 
514 706 209 1553606232732 
512 708 214 1553606232833 
512 713 230 1553606232849 
512 721 249 1553606232866 
512 733 269 1553606232881 
512 749 290 1553606232898 
512 763 310 1553606232914 
512 777 326 1553606232931 
512 804 350 1553606232948 
512 822 362 1553606232965 
512 839 371 1553606232982 
512 855 377 1553606232998 
512 865 379 1553606233014 
512 873 379 1553606233033 
512 877 379 1553606233048 
512 880 379 1553606233065 
512 882 379 1553606233099 
512 889 374 1553606233116 
512 891 373 1553606233131 
512 897 370 1553606233148 
512 899 370 1553606233165 
512 901 370 1553606233198 
512 902 370 1553606233215 
512 904 370 1553606233232 
512 905 370 1553606233248 
512 910 370 1553606233265 
512 912 370 1553606233283 
512 915 370 1553606233299 
512 918 370 1553606233332 
512 922 373 1553606233366 
512 924 373 1553606233383 
512 925 374 1553606233399 
512 927 375 1553606233416 
512 928 375 1553606233432 
512 929 376 1553606233449 
512 930 376 1553606233481 
513 930 376 1553606233540 
514 930 376 1553606233627 
512 930 378 1553606233715 
512 921 381 1553606233733 
512 908 385 1553606233748 
512 889 390 1553606233766 
512 869 397 1553606233781 
512 843 409 1553606233799 
512 809 421 1553606233817 
512 771 438 1553606233832 
512 731 455 1553606233849 
512 701 473 1553606233866 
512 681 487 1553606233882 
512 668 501 1553606233898 
512 650 522 1553606233916 
512 638 538 1553606233932 
512 627 554 1553606233948 
512 617 569 1553606233966 
512 609 579 1553606233982 
512 602 589 1553606233999 
512 596 595 1553606234015 
512 591 602 1553606234033 
512 586 610 1553606234049 
512 580 618 1553606234066 
512 578 621 1553606234082 
512 577 623 1553606234100 
512 575 627 1553606234116 
512 574 628 1553606234132 
512 571 631 1553606234149 
512 570 631 1553606234165 
512 569 632 1553606234183 
512 569 633 1553606234200 
512 568 634 1553606234233 
512 567 635 1553606234249 
512 566 637 1553606234282 
512 565 638 1553606234301 
512 564 640 1553606234333 
512 563 642 1553606234366 
512 562 642 1553606234382 
512 561 645 1553606234400 
513 561 645 1553606234485 
514 561 645 1553606234596 
512 561 646 1553606234766 
512 566 656 1553606234783 
512 581 671 1553606234800 
512 597 688 1553606234816 
512 629 703 1553606234834 
512 660 709 1553606234850 
512 695 709 1553606234866 
512 722 703 1553606234882 
512 746 678 1553606234900 
512 754 663 1553606234917 
512 759 648 1553606234933 
512 762 636 1553606234949 
512 765 631 1553606234966 
512 765 630 1553606234984 
512 765 629 1553606235034 
512 767 629 1553606235049 
512 772 630 1553606235066 
512 778 633 1553606235084 
512 786 637 1553606235100 
512 795 642 1553606235117 
512 797 642 1553606235133 
512 799 643 1553606235151 
512 803 643 1553606235166 
512 810 643 1553606235183 
512 820 643 1553606235200 
512 826 643 1553606235216 
512 828 643 1553606235233 
512 829 643 1553606235251 
512 830 643 1553606235335 
512 831 643 1553606235349 
512 832 643 1553606235367 
512 833 643 1553606235401 
512 834 643 1553606235418 
512 836 644 1553606235433 
512 837 644 1553606235450 
512 838 644 1553606235499 
512 839 645 1553606235516 
513 839 645 1553606235564 
514 839 645 1553606235676 
512 839 642 1553606235700 
512 837 635 1553606235718 
512 835 627 1553606235733 
512 832 614 1553606235751 
512 829 604 1553606235766 
512 828 593 1553606235784 
512 828 579 1553606235801 
512 828 565 1553606235816 
512 828 552 1553606235834 
512 828 543 1553606235850 
512 828 536 1553606235866 
512 828 526 1553606235883 
512 829 510 1553606235901 
512 836 498 1553606235918 
512 845 483 1553606235933 
512 853 472 1553606235951 
512 861 463 1553606235966 
512 871 452 1553606235984 
512 879 443 1553606236002 
512 888 432 1553606236017 
512 893 424 1553606236034 
512 894 417 1553606236051 
512 898 407 1553606236068 
512 898 400 1553606236084 
512 901 395 1553606236100 
512 904 392 1553606236118 
512 905 387 1553606236133 
512 907 383 1553606236150 
512 909 379 1553606236167 
512 911 377 1553606236184 
512 913 376 1553606236268 
512 914 375 1553606236300 
512 915 375 1553606236318 
512 916 375 1553606236335 
512 917 375 1553606236352 
512 918 375 1553606236368 
512 919 375 1553606236385 
512 920 376 1553606236400 
512 921 376 1553606236418 
512 922 376 1553606236435 
512 924 378 1553606236467 
512 925 378 1553606236501 
512 926 378 1553606236517 
513 926 378 1553606236564 
514 926 378 1553606236668 
512 926 379 1553606236750 
512 919 379 1553606236784 
512 903 377 1553606236801 
512 881 375 1553606236818 
512 847 371 1553606236834 
512 813 370 1553606236851 
512 778 370 1553606236868 
512 765 370 1553606236884 
512 751 370 1553606236902 
512 729 370 1553606236917 
512 704 370 1553606236936 
512 666 370 1553606236952 
512 637 370 1553606236967 
512 612 370 1553606236986 
512 589 367 1553606237001 
512 567 364 1553606237018 
512 553 361 1553606237035 
512 547 361 1553606237051 
512 544 361 1553606237067 
512 540 362 1553606237084 
512 535 364 1553606237101 
512 529 366 1553606237117 
512 525 369 1553606237134 
512 522 371 1553606237151 
512 522 373 1553606237168 
512 520 374 1553606237184 
512 519 375 1553606237217 
512 518 376 1553606237235 
512 516 377 1553606237252 
512 510 378 1553606237269 
512 504 378 1553606237284 
512 495 378 1553606237302 
512 485 377 1553606237319 
512 477 376 1553606237334 
512 476 376 1553606237352 
512 475 374 1553606237367 
512 474 374 1553606237403 
512 472 374 1553606237418 
512 470 374 1553606237436 
512 469 374 1553606237468 
513 469 374 1553606237532 
514 469 374 1553606237611 
512 469 375 1553606237702 
512 478 387 1553606237718 
512 490 401 1553606237736 
512 504 417 1553606237751 
512 518 432 1553606237768 
512 531 447 1553606237786 
512 545 456 1553606237803 
512 557 465 1553606237819 
512 568 478 1553606237836 
512 577 491 1553606237851 
512 584 512 1553606237868 
512 588 529 1553606237886 
512 590 546 1553606237903 
512 592 564 1553606237918 
512 592 580 1553606237936 
512 588 594 1553606237951 
512 585 608 1553606237969 
512 581 617 1553606237985 
512 579 624 1553606238002 
512 579 626 1553606238019 
512 577 630 1553606238035 
512 577 633 1553606238052 
512 577 635 1553606238070 
512 577 636 1553606238103 
512 576 638 1553606238135 
512 575 638 1553606238152 
512 574 639 1553606238168 
512 574 640 1553606238185 
512 572 642 1553606238202 
512 570 643 1553606238218 
512 568 644 1553606238235 
512 565 645 1553606238252 
512 562 645 1553606238269 
512 560 645 1553606238369 
513 560 645 1553606238421 
514 560 645 1553606238492 
512 563 642 1553606238568 
512 578 627 1553606238585 
512 597 611 1553606238603 
512 617 594 1553606238618 
512 654 563 1553606238636 
512 684 537 1553606238652 
512 719 506 1553606238670 
512 759 467 1553606238687 
512 792 424 1553606238702 
512 804 398 1553606238719 
512 807 374 1553606238735 
512 807 354 1553606238752 
512 797 327 1553606238770 
512 784 303 1553606238787 
512 772 282 1553606238804 
512 765 268 1553606238819 
512 755 247 1553606238836 
512 746 234 1553606238853 
512 741 229 1553606238870 
512 737 225 1553606238886 
512 733 223 1553606238903 
512 729 219 1553606238920 
512 725 217 1553606238935 
512 721 214 1553606238954 
512 717 210 1553606238971 
512 713 206 1553606238986 
512 711 206 1553606239002 
512 710 205 1553606239019 
512 709 205 1553606239036 
512 708 205 1553606239052 
512 707 205 1553606239119 
512 705 205 1553606239137 
513 705 205 1553606239220 
514 705 205 1553606239307 
