512 701 210 1552937043988 
512 699 210 1552937044004 
512 699 218 1552937044022 
512 699 233 1552937044037 
512 701 255 1552937044055 
512 709 280 1552937044072 
512 721 307 1552937044088 
512 731 331 1552937044105 
512 738 349 1552937044122 
512 753 383 1552937044140 
512 761 414 1552937044154 
512 774 460 1552937044173 
512 785 498 1552937044189 
512 791 527 1552937044204 
512 793 550 1552937044222 
512 794 570 1552937044239 
512 794 581 1552937044255 
512 794 586 1552937044271 
512 794 588 1552937044289 
512 793 590 1552937044304 
512 793 591 1552937044322 
512 793 593 1552937044338 
512 793 594 1552937044354 
512 793 595 1552937044372 
512 798 597 1552937044390 
512 811 601 1552937044404 
512 823 604 1552937044422 
512 834 609 1552937044439 
512 837 610 1552937044456 
512 838 611 1552937044471 
512 840 613 1552937044488 
512 841 616 1552937044504 
512 847 623 1552937044522 
512 848 628 1552937044538 
512 848 630 1552937044555 
512 848 632 1552937044571 
512 848 633 1552937044640 
512 847 634 1552937044657 
512 846 636 1552937044755 
512 844 637 1552937044772 
512 842 638 1552937044806 
512 842 639 1552937044857 
512 841 640 1552937044866 
513 841 640 1552937044866 
512 840 642 1552937044888 
512 839 642 1552937044906 
514 839 642 1552937044962 
512 839 642 1552937044973 
512 837 635 1552937045106 
512 808 593 1552937045122 
512 786 567 1552937045139 
512 761 547 1552937045157 
512 734 519 1552937045172 
512 694 471 1552937045190 
512 637 424 1552937045205 
512 589 401 1552937045223 
512 558 389 1552937045240 
512 548 388 1552937045257 
512 546 388 1552937045272 
512 542 388 1552937045306 
512 532 384 1552937045322 
512 522 381 1552937045340 
512 518 381 1552937045356 
512 517 381 1552937045372 
512 515 381 1552937045405 
512 513 382 1552937045424 
512 509 382 1552937045439 
512 505 382 1552937045456 
512 502 382 1552937045474 
512 499 382 1552937045489 
512 498 382 1552937045506 
512 496 382 1552937045522 
512 492 380 1552937045539 
512 487 375 1552937045556 
512 484 372 1552937045574 
512 480 372 1552937045590 
512 480 371 1552937045640 
512 477 371 1552937045657 
512 475 371 1552937045672 
513 475 371 1552937045794 
514 475 371 1552937045898 
512 474 375 1552937046006 
512 477 378 1552937046022 
512 481 383 1552937046041 
512 483 385 1552937046057 
512 483 386 1552937046073 
512 484 388 1552937046090 
512 485 390 1552937046106 
512 494 391 1552937046122 
512 535 379 1552937046141 
512 623 328 1552937046156 
512 680 283 1552937046174 
512 694 250 1552937046189 
512 696 228 1552937046206 
512 696 208 1552937046223 
512 696 202 1552937046241 
512 697 201 1552937046257 
512 699 199 1552937046356 
512 700 200 1552937046490 
512 700 207 1552937046507 
512 700 209 1552937046523 
513 700 209 1552937046626 
514 700 209 1552937046722 
512 711 222 1552937046875 
512 733 238 1552937046891 
512 753 253 1552937046907 
512 774 275 1552937046923 
512 803 309 1552937046941 
512 834 345 1552937046956 
512 851 361 1552937046975 
512 864 366 1552937046992 
512 865 366 1552937047007 
512 866 366 1552937047025 
512 867 361 1552937047041 
512 870 357 1552937047056 
512 873 353 1552937047073 
512 876 350 1552937047091 
512 878 349 1552937047107 
512 882 348 1552937047124 
512 885 348 1552937047141 
512 889 348 1552937047157 
512 890 348 1552937047190 
512 894 353 1552937047209 
512 901 360 1552937047224 
512 910 370 1552937047242 
512 914 374 1552937047258 
512 915 376 1552937047274 
512 917 377 1552937047292 
512 918 378 1552937047340 
512 919 379 1552937047357 
512 920 380 1552937047373 
512 921 380 1552937047391 
512 922 380 1552937047425 
512 923 380 1552937047458 
512 925 380 1552937047475 
512 926 379 1552937047492 
513 926 379 1552937047554 
514 926 379 1552937047666 
512 930 375 1552937047807 
512 941 363 1552937047826 
512 950 357 1552937047840 
512 958 354 1552937047859 
512 950 360 1552937047891 
512 935 373 1552937047908 
512 916 392 1552937047925 
512 895 420 1552937047941 
512 871 449 1552937047957 
512 837 476 1552937047975 
512 796 505 1552937047993 
512 761 524 1552937048007 
512 739 538 1552937048026 
512 725 544 1552937048041 
512 713 551 1552937048058 
512 701 553 1552937048075 
512 681 556 1552937048090 
512 652 561 1552937048108 
512 629 567 1552937048125 
512 613 574 1552937048141 
512 610 578 1552937048159 
512 609 581 1552937048175 
512 605 588 1552937048192 
512 596 600 1552937048207 
512 589 611 1552937048225 
512 584 623 1552937048241 
512 582 631 1552937048257 
512 582 632 1552937048325 
512 582 633 1552937048343 
512 582 634 1552937048359 
512 581 635 1552937048374 
512 580 635 1552937048393 
512 575 638 1552937048408 
512 572 639 1552937048431 
512 571 640 1552937048448 
512 570 640 1552937048547 
512 568 642 1552937048564 
512 565 642 1552937048580 
512 562 645 1552937048598 
512 561 645 1552937048614 
513 561 645 1552937048720 
514 561 645 1552937048833 
512 560 644 1552937048881 
512 564 639 1552937048899 
512 576 630 1552937048916 
512 592 619 1552937048931 
512 605 608 1552937048948 
512 614 599 1552937048963 
512 616 599 1552937048982 
512 617 599 1552937048997 
512 619 599 1552937049014 
512 638 605 1552937049032 
512 649 613 1552937049048 
512 693 636 1552937049064 
512 710 644 1552937049081 
512 719 645 1552937049098 
512 730 648 1552937049116 
512 741 648 1552937049130 
512 754 648 1552937049148 
512 770 647 1552937049166 
512 795 642 1552937049182 
512 816 639 1552937049198 
512 831 636 1552937049215 
512 835 636 1552937049231 
512 836 636 1552937049298 
512 837 636 1552937049315 
512 840 637 1552937049331 
512 843 639 1552937049348 
513 843 639 1552937049480 
514 843 639 1552937049584 
512 845 639 1552937049681 
512 850 634 1552937049699 
512 857 622 1552937049715 
512 865 605 1552937049731 
512 873 582 1552937049749 
512 876 555 1552937049765 
512 876 536 1552937049782 
512 876 527 1552937049800 
512 879 520 1552937049815 
512 893 501 1552937049833 
512 908 479 1552937049848 
512 916 455 1552937049864 
512 921 432 1552937049882 
512 921 423 1552937049899 
512 921 421 1552937049916 
512 921 418 1552937049933 
512 921 416 1552937049948 
512 923 412 1552937049966 
512 923 405 1552937049982 
512 923 401 1552937049999 
512 923 397 1552937050017 
512 923 393 1552937050032 
512 923 388 1552937050049 
512 924 383 1552937050065 
512 924 381 1552937050081 
512 924 380 1552937050098 
512 924 379 1552937050116 
512 925 377 1552937050131 
512 925 373 1552937050148 
512 925 372 1552937050165 
513 925 372 1552937050256 
514 925 372 1552937050344 
512 913 371 1552937050581 
512 848 371 1552937050599 
512 757 376 1552937050616 
512 631 381 1552937050632 
512 571 383 1552937050648 
512 540 383 1552937050666 
512 523 383 1552937050684 
512 517 383 1552937050699 
512 516 383 1552937050717 
512 511 385 1552937050734 
512 498 385 1552937050749 
512 478 385 1552937050767 
512 464 385 1552937050782 
512 459 385 1552937050799 
512 458 385 1552937050848 
512 458 384 1552937050884 
512 458 383 1552937050950 
512 458 382 1552937050965 
512 461 378 1552937050983 
512 463 378 1552937050998 
512 466 376 1552937051017 
512 467 375 1552937051150 
512 468 375 1552937051166 
513 468 375 1552937051185 
514 468 375 1552937051296 
512 481 374 1552937051400 
512 531 372 1552937051416 
512 594 372 1552937051432 
512 670 380 1552937051451 
512 719 387 1552937051465 
512 742 388 1552937051483 
512 751 385 1552937051501 
512 752 381 1552937051515 
512 752 379 1552937051532 
512 752 377 1552937051551 
512 747 381 1552937051566 
512 735 394 1552937051583 
512 719 416 1552937051600 
512 685 465 1552937051617 
512 651 505 1552937051633 
512 612 549 1552937051650 
512 579 593 1552937051666 
512 554 629 1552937051684 
512 546 647 1552937051700 
512 542 656 1552937051717 
512 539 659 1552937051733 
512 537 661 1552937051750 
512 532 665 1552937051766 
512 530 667 1552937051784 
512 530 666 1552937051916 
512 535 662 1552937051933 
512 538 658 1552937051950 
512 541 655 1552937051967 
512 544 651 1552937051984 
512 546 647 1552937052000 
512 548 646 1552937052016 
512 548 645 1552937052033 
512 549 645 1552937052066 
512 550 645 1552937052134 
512 552 645 1552937052168 
512 553 645 1552937052183 
512 554 645 1552937052199 
512 556 645 1552937052216 
512 559 645 1552937052234 
512 563 645 1552937052251 
513 563 645 1552937052272 
514 563 645 1552937052399 
512 568 644 1552937052500 
512 575 641 1552937052518 
512 591 639 1552937052533 
512 609 637 1552937052551 
512 616 636 1552937052567 
512 621 633 1552937052583 
512 625 628 1552937052600 
512 638 612 1552937052616 
512 667 576 1552937052633 
512 704 502 1552937052652 
512 722 439 1552937052667 
512 725 404 1552937052685 
512 720 379 1552937052700 
512 715 357 1552937052717 
512 710 339 1552937052734 
512 707 321 1552937052749 
512 703 310 1552937052767 
512 702 297 1552937052783 
512 700 287 1552937052800 
512 698 279 1552937052818 
512 698 275 1552937052835 
512 698 270 1552937052850 
512 698 265 1552937052868 
512 698 259 1552937052884 
512 698 255 1552937052900 
512 698 249 1552937052917 
512 698 244 1552937052933 
512 698 239 1552937052951 
512 698 232 1552937052968 
512 695 224 1552937052984 
512 695 223 1552937053001 
512 695 221 1552937053017 
512 694 220 1552937053035 
512 692 216 1552937053052 
512 692 213 1552937053066 
512 692 211 1552937053085 
513 692 211 1552937053216 
512 694 211 1552937053296 
514 694 211 1552937053296 
