512 702 215 1553625124168 
512 703 228 1553625124184 
512 710 250 1553625124201 
512 722 281 1553625124218 
512 741 315 1553625124234 
512 760 343 1553625124251 
512 781 371 1553625124268 
512 797 396 1553625124284 
512 809 416 1553625124302 
512 817 435 1553625124317 
512 826 467 1553625124335 
512 831 490 1553625124350 
512 840 516 1553625124368 
512 849 546 1553625124384 
512 854 566 1553625124401 
512 857 584 1553625124418 
512 858 590 1553625124436 
512 858 596 1553625124451 
512 858 601 1553625124468 
512 857 609 1553625124485 
512 854 616 1553625124501 
512 853 618 1553625124518 
512 851 621 1553625124534 
512 845 626 1553625124551 
512 841 629 1553625124568 
512 840 631 1553625124586 
512 839 632 1553625124601 
512 838 633 1553625124618 
512 838 634 1553625124635 
512 838 636 1553625124652 
512 838 638 1553625124669 
512 837 641 1553625124685 
512 837 644 1553625124703 
513 837 644 1553625124823 
514 837 644 1553625124902 
512 832 641 1553625124968 
512 825 631 1553625124985 
512 816 620 1553625125002 
512 804 602 1553625125019 
512 795 579 1553625125036 
512 781 548 1553625125052 
512 767 515 1553625125068 
512 750 485 1553625125086 
512 736 461 1553625125102 
512 714 435 1553625125118 
512 683 412 1553625125135 
512 656 402 1553625125152 
512 627 395 1553625125168 
512 604 393 1553625125185 
512 585 388 1553625125202 
512 571 385 1553625125218 
512 561 384 1553625125235 
512 553 382 1553625125251 
512 547 381 1553625125268 
512 540 381 1553625125285 
512 536 381 1553625125302 
512 531 381 1553625125318 
512 526 381 1553625125335 
512 523 381 1553625125351 
512 520 381 1553625125368 
512 515 380 1553625125385 
512 510 380 1553625125402 
512 506 380 1553625125418 
512 501 380 1553625125435 
512 498 380 1553625125452 
512 493 378 1553625125468 
512 491 378 1553625125486 
512 488 378 1553625125503 
512 485 378 1553625125518 
512 482 378 1553625125535 
512 481 378 1553625125552 
512 479 378 1553625125585 
512 478 378 1553625125652 
513 478 378 1553625125714 
514 478 378 1553625125822 
512 484 375 1553625125953 
512 500 364 1553625125968 
512 517 353 1553625125987 
512 525 351 1553625126003 
512 528 350 1553625126018 
512 531 350 1553625126052 
512 536 350 1553625126069 
512 559 346 1553625126087 
512 573 340 1553625126102 
512 604 322 1553625126119 
512 623 309 1553625126135 
512 638 297 1553625126152 
512 651 286 1553625126170 
512 662 274 1553625126185 
512 671 263 1553625126203 
512 681 255 1553625126220 
512 690 247 1553625126237 
512 694 242 1553625126253 
512 696 238 1553625126269 
512 702 231 1553625126287 
512 702 229 1553625126404 
512 703 226 1553625126420 
512 703 223 1553625126438 
512 703 222 1553625126453 
512 703 221 1553625126470 
512 703 218 1553625126487 
512 703 215 1553625126504 
512 703 212 1553625126536 
512 702 212 1553625126553 
512 702 210 1553625126569 
512 702 209 1553625126586 
513 702 209 1553625126639 
514 702 209 1553625126742 
512 702 210 1553625126836 
512 706 216 1553625126854 
512 723 234 1553625126871 
512 731 240 1553625126886 
512 758 267 1553625126903 
512 782 294 1553625126920 
512 810 337 1553625126936 
512 840 376 1553625126954 
512 869 399 1553625126969 
512 899 410 1553625126988 
512 918 413 1553625127003 
512 927 414 1553625127020 
512 932 414 1553625127037 
512 934 414 1553625127070 
512 938 414 1553625127087 
512 939 414 1553625127104 
512 941 414 1553625127121 
512 942 413 1553625127136 
512 944 410 1553625127154 
512 948 405 1553625127169 
512 948 400 1553625127187 
512 948 395 1553625127204 
512 948 392 1553625127220 
512 948 390 1553625127236 
512 947 389 1553625127255 
512 947 388 1553625127271 
512 946 388 1553625127286 
512 943 384 1553625127304 
512 940 381 1553625127319 
512 935 379 1553625127338 
512 931 378 1553625127353 
512 930 377 1553625127370 
512 928 377 1553625127386 
512 924 376 1553625127403 
512 922 375 1553625127420 
512 919 374 1553625127438 
512 918 373 1553625127469 
513 918 373 1553625127534 
514 918 373 1553625127646 
512 921 373 1553625127753 
512 922 373 1553625127772 
512 924 373 1553625127787 
512 926 373 1553625127804 
512 928 373 1553625127820 
512 929 373 1553625127855 
513 929 373 1553625127935 
514 929 373 1553625128022 
512 928 373 1553625128070 
512 914 379 1553625128087 
512 899 383 1553625128104 
512 879 386 1553625128120 
512 864 386 1553625128138 
512 841 384 1553625128153 
512 806 383 1553625128171 
512 751 383 1553625128188 
512 688 383 1553625128205 
512 629 383 1553625128221 
512 581 393 1553625128238 
512 545 412 1553625128255 
512 531 430 1553625128271 
512 526 447 1553625128287 
512 520 466 1553625128304 
512 519 487 1553625128322 
512 516 509 1553625128337 
512 515 530 1553625128354 
512 515 547 1553625128371 
512 515 562 1553625128387 
512 515 577 1553625128404 
512 515 594 1553625128421 
512 515 614 1553625128439 
512 515 617 1553625128454 
512 515 626 1553625128471 
512 515 629 1553625128487 
512 517 634 1553625128504 
512 518 638 1553625128521 
512 520 640 1553625128538 
512 522 642 1553625128555 
512 523 642 1553625128571 
512 526 643 1553625128588 
512 531 645 1553625128605 
512 537 647 1553625128621 
512 541 647 1553625128637 
512 546 647 1553625128654 
512 549 647 1553625128672 
512 550 647 1553625128688 
512 553 647 1553625128705 
512 554 647 1553625128771 
512 555 647 1553625128788 
512 556 646 1553625128821 
512 557 646 1553625128872 
512 558 646 1553625128903 
513 558 646 1553625128903 
514 558 646 1553625129006 
512 558 642 1553625129073 
512 558 637 1553625129088 
512 558 631 1553625129105 
512 558 619 1553625129122 
512 563 600 1553625129137 
512 569 577 1553625129154 
512 572 553 1553625129172 
512 576 529 1553625129189 
512 580 513 1553625129204 
512 592 501 1553625129223 
512 595 500 1553625129238 
512 611 499 1553625129256 
512 627 499 1553625129271 
512 665 510 1553625129288 
512 722 535 1553625129305 
512 769 560 1553625129322 
512 809 582 1553625129338 
512 834 605 1553625129356 
512 844 621 1553625129372 
512 848 630 1553625129388 
512 849 634 1553625129405 
512 849 635 1553625129422 
512 850 639 1553625129438 
512 852 643 1553625129455 
512 854 646 1553625129471 
512 852 648 1553625129605 
512 848 648 1553625129623 
512 845 648 1553625129638 
512 844 648 1553625129671 
512 842 648 1553625129723 
512 841 647 1553625129772 
513 841 647 1553625129830 
514 841 647 1553625129902 
512 841 645 1553625129972 
512 837 637 1553625129988 
512 828 620 1553625130005 
512 818 598 1553625130021 
512 799 560 1553625130039 
512 785 537 1553625130055 
512 777 523 1553625130073 
512 776 517 1553625130088 
512 776 509 1553625130105 
512 779 494 1553625130122 
512 793 477 1553625130139 
512 809 462 1553625130155 
512 826 449 1553625130173 
512 844 438 1553625130188 
512 870 425 1553625130206 
512 881 419 1553625130223 
512 889 413 1553625130240 
512 893 407 1553625130255 
512 895 405 1553625130273 
512 898 401 1553625130289 
512 899 400 1553625130305 
512 900 398 1553625130323 
512 900 397 1553625130338 
512 902 395 1553625130355 
512 903 390 1553625130374 
512 907 385 1553625130390 
512 911 381 1553625130406 
512 913 380 1553625130422 
512 915 378 1553625130438 
512 917 377 1553625130455 
512 920 375 1553625130472 
512 923 372 1553625130489 
512 925 371 1553625130506 
512 927 370 1553625130522 
512 928 370 1553625130572 
512 929 370 1553625130590 
513 929 370 1553625130654 
514 929 370 1553625130750 
512 927 371 1553625130789 
512 920 373 1553625130806 
512 909 375 1553625130823 
512 890 377 1553625130839 
512 871 378 1553625130856 
512 851 378 1553625130872 
512 833 378 1553625130890 
512 817 378 1553625130906 
512 799 378 1553625130923 
512 777 373 1553625130940 
512 753 370 1553625130957 
512 736 370 1553625130974 
512 713 370 1553625130989 
512 674 371 1553625131007 
512 648 381 1553625131023 
512 618 389 1553625131039 
512 595 394 1553625131057 
512 572 401 1553625131073 
512 556 404 1553625131090 
512 549 404 1553625131107 
512 547 404 1553625131123 
512 546 404 1553625131139 
512 543 404 1553625131156 
512 541 403 1553625131174 
512 534 397 1553625131189 
512 522 389 1553625131206 
512 517 386 1553625131222 
512 513 382 1553625131240 
512 511 380 1553625131256 
512 510 380 1553625131273 
512 509 379 1553625131290 
512 507 377 1553625131307 
512 505 376 1553625131323 
512 502 375 1553625131339 
512 499 374 1553625131356 
512 497 373 1553625131374 
512 492 373 1553625131391 
512 490 373 1553625131406 
512 486 373 1553625131423 
512 482 373 1553625131441 
512 481 373 1553625131456 
512 480 373 1553625131474 
512 479 373 1553625131490 
512 478 373 1553625131506 
512 477 373 1553625131540 
512 476 373 1553625131557 
512 476 374 1553625131574 
513 476 374 1553625131638 
512 475 375 1553625131734 
514 475 375 1553625131734 
512 475 375 1553625131740 
512 475 377 1553625131757 
512 475 380 1553625131773 
512 475 386 1553625131790 
512 481 400 1553625131807 
512 490 417 1553625131824 
512 498 428 1553625131840 
512 506 442 1553625131858 
512 513 452 1553625131873 
512 519 458 1553625131891 
512 526 465 1553625131907 
512 535 475 1553625131924 
512 545 488 1553625131941 
512 553 502 1553625131957 
512 560 517 1553625131974 
512 564 530 1553625131990 
512 565 555 1553625132008 
512 565 573 1553625132024 
512 565 591 1553625132041 
512 565 608 1553625132057 
512 565 617 1553625132073 
512 565 623 1553625132090 
512 565 628 1553625132107 
512 565 633 1553625132124 
512 565 635 1553625132140 
512 565 638 1553625132157 
512 565 640 1553625132175 
512 565 642 1553625132191 
512 565 643 1553625132207 
512 565 644 1553625132240 
512 565 645 1553625132341 
513 565 645 1553625132423 
514 565 645 1553625132510 
512 565 644 1553625132575 
512 569 631 1553625132590 
512 576 613 1553625132608 
512 587 590 1553625132624 
512 598 565 1553625132640 
512 609 539 1553625132658 
512 616 518 1553625132674 
512 621 497 1553625132690 
512 626 480 1553625132709 
512 633 459 1553625132724 
512 650 433 1553625132741 
512 669 403 1553625132757 
512 685 372 1553625132774 
512 690 355 1553625132791 
512 692 342 1553625132807 
512 694 324 1553625132824 
512 695 308 1553625132840 
512 695 292 1553625132857 
512 695 280 1553625132874 
512 694 270 1553625132892 
512 693 260 1553625132907 
512 692 254 1553625132925 
512 692 249 1553625132942 
512 692 244 1553625132957 
512 692 239 1553625132975 
512 692 235 1553625132991 
512 692 231 1553625133007 
512 692 228 1553625133025 
512 692 226 1553625133041 
512 692 223 1553625133059 
512 692 222 1553625133074 
512 692 221 1553625133092 
512 692 220 1553625133107 
512 693 219 1553625133125 
512 693 217 1553625133141 
512 694 216 1553625133157 
512 694 214 1553625133175 
512 695 213 1553625133191 
512 696 212 1553625133224 
512 697 210 1553625133241 
513 697 210 1553625133334 
514 697 210 1553625133438 
