512 697 214 1553625133492 
512 696 219 1553625133508 
512 693 229 1553625133525 
512 693 241 1553625133541 
512 693 256 1553625133558 
512 698 279 1553625133576 
512 708 296 1553625133592 
512 723 311 1553625133608 
512 738 322 1553625133626 
512 751 330 1553625133641 
512 761 338 1553625133659 
512 771 349 1553625133674 
512 781 363 1553625133692 
512 792 387 1553625133709 
512 805 419 1553625133724 
512 823 467 1553625133743 
512 831 504 1553625133759 
512 833 531 1553625133774 
512 835 551 1553625133793 
512 836 561 1553625133809 
512 837 565 1553625133825 
512 837 567 1553625133841 
512 837 569 1553625133893 
512 837 570 1553625133908 
512 837 573 1553625133925 
512 836 580 1553625133943 
512 835 583 1553625133958 
512 831 597 1553625133976 
512 830 606 1553625133991 
512 830 613 1553625134009 
512 828 615 1553625134026 
512 828 618 1553625134042 
512 828 619 1553625134058 
512 828 621 1553625134075 
512 828 625 1553625134092 
512 828 628 1553625134108 
512 828 634 1553625134125 
512 829 638 1553625134142 
512 829 639 1553625134159 
512 830 639 1553625134192 
512 830 640 1553625134208 
512 831 641 1553625134226 
512 833 641 1553625134242 
512 833 642 1553625134260 
512 834 642 1553625134276 
512 836 643 1553625134292 
512 839 644 1553625134309 
512 840 645 1553625134325 
513 840 645 1553625134407 
514 840 645 1553625134502 
512 838 645 1553625134542 
512 826 643 1553625134559 
512 804 637 1553625134575 
512 774 629 1553625134593 
512 738 618 1553625134608 
512 701 609 1553625134625 
512 664 595 1553625134643 
512 637 581 1553625134660 
512 617 568 1553625134677 
512 602 558 1553625134692 
512 589 549 1553625134709 
512 575 537 1553625134725 
512 557 522 1553625134742 
512 530 498 1553625134759 
512 512 476 1553625134777 
512 502 460 1553625134793 
512 497 448 1553625134808 
512 496 439 1553625134827 
512 496 433 1553625134843 
512 492 425 1553625134859 
512 489 417 1553625134876 
512 484 412 1553625134892 
512 481 407 1553625134908 
512 479 401 1553625134926 
512 477 396 1553625134942 
512 476 392 1553625134959 
512 476 390 1553625134976 
512 476 388 1553625135009 
512 476 385 1553625135026 
512 476 383 1553625135042 
512 476 380 1553625135059 
512 476 377 1553625135077 
513 476 377 1553625135199 
514 476 377 1553625135286 
512 485 381 1553625135409 
512 508 395 1553625135426 
512 535 416 1553625135444 
512 561 438 1553625135460 
512 577 456 1553625135478 
512 592 466 1553625135492 
512 610 467 1553625135511 
512 622 461 1553625135527 
512 634 450 1553625135543 
512 649 426 1553625135561 
512 662 397 1553625135576 
512 679 369 1553625135594 
512 693 343 1553625135610 
512 708 317 1553625135626 
512 714 294 1553625135644 
512 719 275 1553625135659 
512 720 260 1553625135676 
512 720 242 1553625135694 
512 720 238 1553625135710 
512 720 228 1553625135726 
512 719 221 1553625135742 
512 718 215 1553625135760 
512 718 210 1553625135778 
512 715 206 1553625135794 
512 714 204 1553625135811 
512 712 202 1553625135826 
512 708 203 1553625135959 
512 707 204 1553625135978 
512 705 205 1553625135994 
512 703 207 1553625136009 
512 702 207 1553625136026 
512 701 208 1553625136043 
512 700 210 1553625136059 
512 699 210 1553625136076 
513 699 210 1553625136162 
514 699 210 1553625136262 
512 699 214 1553625136311 
512 704 219 1553625136326 
512 715 229 1553625136344 
512 732 243 1553625136361 
512 756 256 1553625136376 
512 783 273 1553625136394 
512 811 291 1553625136410 
512 828 304 1553625136427 
512 846 321 1553625136443 
512 859 340 1553625136460 
512 870 356 1553625136477 
512 885 369 1553625136495 
512 901 376 1553625136510 
512 913 378 1553625136527 
512 918 380 1553625136543 
512 920 380 1553625136561 
512 921 380 1553625136577 
512 922 380 1553625136593 
512 923 380 1553625136761 
512 924 380 1553625136779 
512 924 378 1553625136794 
512 925 378 1553625136845 
512 925 377 1553625136860 
513 925 377 1553625136895 
514 925 377 1553625136958 
512 917 378 1553625137077 
512 887 383 1553625137095 
512 856 386 1553625137110 
512 809 394 1553625137128 
512 749 403 1553625137145 
512 693 416 1553625137162 
512 638 434 1553625137179 
512 601 453 1553625137195 
512 581 469 1553625137210 
512 572 480 1553625137229 
512 566 494 1553625137245 
512 561 507 1553625137261 
512 556 529 1553625137279 
512 554 543 1553625137295 
512 552 558 1553625137312 
512 551 572 1553625137329 
512 549 583 1553625137344 
512 549 592 1553625137362 
512 549 603 1553625137377 
512 549 609 1553625137395 
512 549 616 1553625137412 
512 549 620 1553625137429 
512 549 622 1553625137444 
512 549 625 1553625137461 
512 549 629 1553625137477 
512 549 633 1553625137494 
512 549 636 1553625137511 
512 549 639 1553625137527 
512 549 640 1553625137577 
512 549 641 1553625137594 
512 549 643 1553625137611 
512 549 644 1553625137629 
512 549 645 1553625137644 
512 550 645 1553625137663 
512 551 646 1553625137694 
512 552 646 1553625137762 
513 552 646 1553625137766 
514 552 646 1553625137862 
512 555 644 1553625137995 
512 556 638 1553625138011 
512 558 634 1553625138029 
512 558 632 1553625138045 
512 558 631 1553625138061 
512 560 622 1553625138078 
512 572 608 1553625138096 
512 592 590 1553625138111 
512 611 583 1553625138129 
512 626 580 1553625138146 
512 640 580 1553625138161 
512 650 580 1553625138178 
512 663 586 1553625138195 
512 677 592 1553625138211 
512 695 603 1553625138228 
512 714 615 1553625138246 
512 747 635 1553625138263 
512 762 638 1553625138279 
512 771 639 1553625138294 
512 775 639 1553625138312 
512 777 639 1553625138328 
512 782 639 1553625138345 
512 790 638 1553625138361 
512 803 634 1553625138378 
512 807 633 1553625138396 
512 810 632 1553625138413 
512 815 632 1553625138546 
512 821 635 1553625138563 
512 828 640 1553625138578 
512 832 642 1553625138595 
512 835 644 1553625138613 
512 836 644 1553625138645 
512 839 645 1553625138663 
512 840 646 1553625138678 
512 841 646 1553625138695 
513 841 646 1553625138790 
514 841 646 1553625138878 
512 842 644 1553625138928 
512 840 637 1553625138945 
512 836 626 1553625138962 
512 832 611 1553625138979 
512 831 593 1553625138995 
512 831 573 1553625139013 
512 831 564 1553625139030 
512 831 559 1553625139045 
512 831 551 1553625139062 
512 831 546 1553625139079 
512 833 536 1553625139095 
512 841 520 1553625139114 
512 850 506 1553625139129 
512 861 489 1553625139145 
512 874 473 1553625139162 
512 885 459 1553625139179 
512 895 446 1553625139196 
512 908 432 1553625139212 
512 918 418 1553625139229 
512 923 409 1553625139246 
512 926 402 1553625139262 
512 927 393 1553625139279 
512 929 388 1553625139296 
512 930 385 1553625139312 
512 931 379 1553625139329 
512 931 377 1553625139347 
512 932 376 1553625139362 
512 932 375 1553625139379 
512 932 374 1553625139395 
512 932 372 1553625139412 
512 932 370 1553625139430 
512 932 369 1553625139463 
513 932 369 1553625139534 
514 932 369 1553625139654 
512 930 370 1553625139729 
512 917 376 1553625139746 
512 898 382 1553625139763 
512 875 386 1553625139780 
512 851 389 1553625139797 
512 823 389 1553625139812 
512 790 389 1553625139829 
512 727 389 1553625139846 
512 683 389 1553625139863 
512 632 389 1553625139879 
512 585 389 1553625139897 
512 557 389 1553625139913 
512 536 389 1553625139929 
512 531 389 1553625139947 
512 530 389 1553625139962 
512 530 388 1553625140013 
512 530 387 1553625140030 
512 528 387 1553625140046 
512 526 386 1553625140081 
512 525 386 1553625140097 
512 522 386 1553625140114 
512 516 386 1553625140129 
512 510 386 1553625140147 
512 503 386 1553625140164 
512 496 386 1553625140181 
512 492 385 1553625140196 
512 487 383 1553625140213 
512 484 382 1553625140230 
512 475 378 1553625140248 
512 474 377 1553625140263 
512 473 377 1553625140314 
512 473 376 1553625140364 
513 473 376 1553625140431 
514 473 376 1553625140526 
512 473 378 1553625140598 
512 475 382 1553625140613 
512 482 389 1553625140631 
512 489 392 1553625140647 
512 493 392 1553625140663 
512 499 392 1553625140681 
512 505 392 1553625140697 
512 509 390 1553625140714 
512 511 389 1553625140730 
512 513 389 1553625140764 
512 520 395 1553625140781 
512 537 423 1553625140798 
512 542 435 1553625140813 
512 555 474 1553625140830 
512 559 498 1553625140846 
512 559 519 1553625140865 
512 559 539 1553625140881 
512 559 562 1553625140897 
512 559 582 1553625140914 
512 559 603 1553625140930 
512 559 616 1553625140947 
512 559 625 1553625140963 
512 559 628 1553625140980 
512 559 633 1553625140998 
512 560 633 1553625141015 
513 560 633 1553625141174 
512 560 636 1553625141231 
512 560 637 1553625141247 
512 560 643 1553625141262 
514 560 643 1553625141262 
512 560 643 1553625141265 
512 560 647 1553625141281 
512 558 648 1553625141297 
513 558 648 1553625141463 
514 558 648 1553625141574 
512 558 649 1553625141647 
512 562 647 1553625141664 
512 577 638 1553625141681 
512 594 625 1553625141697 
512 615 610 1553625141714 
512 635 596 1553625141732 
512 655 579 1553625141747 
512 680 557 1553625141764 
512 705 531 1553625141780 
512 734 490 1553625141798 
512 746 460 1553625141814 
512 748 425 1553625141831 
512 748 405 1553625141847 
512 741 384 1553625141866 
512 733 363 1553625141881 
512 723 343 1553625141897 
512 712 326 1553625141916 
512 701 308 1553625141931 
512 691 289 1553625141947 
512 686 279 1553625141966 
512 681 270 1553625141981 
512 679 263 1553625141998 
512 679 258 1553625142015 
512 679 252 1553625142031 
512 679 248 1553625142049 
512 679 243 1553625142065 
512 680 239 1553625142081 
512 682 234 1553625142097 
512 683 232 1553625142114 
512 685 227 1553625142131 
512 686 225 1553625142148 
512 687 222 1553625142166 
512 688 219 1553625142181 
512 689 218 1553625142198 
512 690 215 1553625142215 
512 691 215 1553625142281 
512 692 213 1553625142315 
512 694 213 1553625142348 
512 696 212 1553625142364 
512 698 211 1553625142382 
512 700 210 1553625142398 
512 701 210 1553625142415 
513 701 210 1553625142551 
514 701 210 1553625142638 
