512 700 210 1553625171554 
512 700 223 1553625171570 
512 700 242 1553625171586 
512 707 265 1553625171603 
512 716 285 1553625171621 
512 732 311 1553625171638 
512 758 334 1553625171653 
512 784 353 1553625171671 
512 795 363 1553625171688 
512 801 372 1553625171704 
512 805 386 1553625171722 
512 807 400 1553625171738 
512 810 415 1553625171753 
512 810 432 1553625171772 
512 810 459 1553625171788 
512 810 485 1553625171805 
512 810 509 1553625171822 
512 810 541 1553625171838 
512 810 551 1553625171853 
512 812 575 1553625171871 
512 813 584 1553625171888 
512 816 596 1553625171904 
512 817 604 1553625171921 
512 820 611 1553625171938 
512 821 615 1553625171954 
512 824 622 1553625171970 
512 826 623 1553625171987 
512 827 624 1553625172004 
512 828 626 1553625172021 
512 831 629 1553625172039 
512 831 630 1553625172054 
512 832 633 1553625172071 
512 833 634 1553625172087 
512 834 634 1553625172122 
512 835 634 1553625172170 
512 836 636 1553625172188 
512 837 637 1553625172204 
512 837 638 1553625172221 
512 837 639 1553625172238 
512 838 641 1553625172255 
512 839 641 1553625172270 
512 839 642 1553625172310 
513 839 642 1553625172310 
514 839 642 1553625172422 
512 837 635 1553625172471 
512 830 622 1553625172487 
512 820 607 1553625172505 
512 812 594 1553625172521 
512 802 578 1553625172537 
512 796 561 1553625172554 
512 791 537 1553625172572 
512 793 512 1553625172587 
512 799 492 1553625172605 
512 805 474 1553625172621 
512 811 446 1553625172638 
512 811 440 1553625172655 
512 810 436 1553625172671 
512 802 433 1553625172688 
512 780 431 1553625172705 
512 737 429 1553625172721 
512 661 429 1553625172739 
512 585 429 1553625172754 
512 525 427 1553625172772 
512 490 427 1553625172787 
512 471 426 1553625172806 
512 466 425 1553625172822 
512 462 423 1553625172839 
512 458 418 1553625172855 
512 453 410 1553625172871 
512 449 405 1553625172888 
512 449 404 1553625172904 
512 448 402 1553625172921 
512 448 400 1553625172938 
512 447 396 1553625172955 
512 447 395 1553625172972 
512 447 392 1553625172989 
512 447 391 1553625173005 
512 447 388 1553625173021 
512 452 384 1553625173038 
512 455 381 1553625173055 
512 455 380 1553625173073 
512 455 379 1553625173088 
512 456 379 1553625173121 
512 458 378 1553625173138 
512 459 377 1553625173154 
512 460 377 1553625173172 
512 463 376 1553625173238 
512 464 375 1553625173255 
512 466 375 1553625173334 
513 466 375 1553625173335 
512 467 375 1553625173356 
514 467 375 1553625173438 
512 467 375 1553625173438 
512 467 376 1553625173488 
512 467 377 1553625173505 
512 466 381 1553625173522 
512 466 385 1553625173539 
512 468 395 1553625173555 
512 477 409 1553625173572 
512 487 420 1553625173588 
512 519 436 1553625173606 
512 541 446 1553625173622 
512 557 452 1553625173638 
512 571 458 1553625173655 
512 586 458 1553625173673 
512 614 446 1553625173689 
512 659 410 1553625173706 
512 692 373 1553625173723 
512 702 348 1553625173739 
512 708 322 1553625173756 
512 709 298 1553625173772 
512 709 286 1553625173790 
512 707 267 1553625173805 
512 703 250 1553625173822 
512 703 246 1553625173839 
512 702 244 1553625173855 
512 700 238 1553625173922 
512 699 233 1553625173938 
512 698 229 1553625173955 
512 697 225 1553625173973 
512 695 220 1553625173988 
512 694 218 1553625174005 
512 694 215 1553625174023 
512 694 213 1553625174038 
512 694 212 1553625174057 
513 694 212 1553625174175 
514 694 212 1553625174262 
512 694 214 1553625174323 
512 694 220 1553625174339 
512 694 234 1553625174356 
512 697 253 1553625174374 
512 703 276 1553625174390 
512 712 307 1553625174405 
512 732 358 1553625174422 
512 747 382 1553625174440 
512 763 399 1553625174456 
512 780 413 1553625174473 
512 800 427 1553625174489 
512 826 436 1553625174507 
512 856 438 1553625174523 
512 882 438 1553625174539 
512 905 435 1553625174556 
512 920 425 1553625174574 
512 927 416 1553625174589 
512 928 399 1553625174606 
512 928 387 1553625174623 
512 928 379 1553625174639 
512 929 373 1553625174656 
512 930 371 1553625174672 
512 930 370 1553625174739 
512 930 369 1553625174757 
513 930 369 1553625174894 
514 930 369 1553625175007 
512 929 368 1553625175023 
512 925 369 1553625175040 
512 922 371 1553625175056 
512 920 374 1553625175073 
512 918 377 1553625175089 
512 915 380 1553625175106 
512 912 385 1553625175122 
512 902 392 1553625175139 
512 888 398 1553625175158 
512 861 410 1553625175173 
512 798 427 1553625175190 
512 773 435 1553625175206 
512 695 455 1553625175225 
512 648 472 1553625175239 
512 614 490 1553625175257 
512 592 508 1553625175273 
512 579 525 1553625175290 
512 568 544 1553625175307 
512 558 562 1553625175323 
512 549 579 1553625175341 
512 541 595 1553625175358 
512 541 599 1553625175374 
512 539 605 1553625175390 
512 538 615 1553625175406 
512 538 621 1553625175424 
512 538 632 1553625175441 
512 538 638 1553625175458 
512 540 644 1553625175475 
512 541 648 1553625175489 
512 544 652 1553625175508 
512 546 655 1553625175523 
512 547 657 1553625175540 
512 547 659 1553625175556 
512 548 660 1553625175573 
512 549 662 1553625175591 
512 550 663 1553625175608 
512 552 663 1553625175625 
512 553 663 1553625175673 
512 560 657 1553625175690 
512 565 652 1553625175707 
512 566 650 1553625175725 
512 566 647 1553625175740 
512 566 646 1553625175757 
512 566 645 1553625175773 
512 566 643 1553625175807 
513 566 643 1553625175911 
514 566 643 1553625176006 
512 564 643 1553625176141 
512 563 642 1553625176158 
512 562 640 1553625176173 
512 562 634 1553625176190 
512 567 627 1553625176207 
512 583 614 1553625176223 
512 602 601 1553625176240 
512 628 594 1553625176257 
512 662 592 1553625176275 
512 691 593 1553625176290 
512 712 600 1553625176307 
512 729 613 1553625176325 
512 743 625 1553625176341 
512 761 641 1553625176358 
512 772 649 1553625176374 
512 779 654 1553625176390 
512 789 658 1553625176408 
512 802 661 1553625176425 
512 821 663 1553625176440 
512 839 663 1553625176457 
512 849 662 1553625176475 
512 852 659 1553625176492 
512 853 656 1553625176507 
512 853 654 1553625176524 
512 854 651 1553625176542 
512 854 649 1553625176558 
512 854 647 1553625176574 
512 854 646 1553625176590 
512 854 645 1553625176657 
512 852 643 1553625176675 
512 848 642 1553625176692 
512 843 640 1553625176708 
512 841 639 1553625176724 
512 839 638 1553625176741 
512 838 638 1553625176824 
513 838 638 1553625176878 
514 838 638 1553625176982 
512 828 628 1553625177075 
512 818 613 1553625177092 
512 804 589 1553625177108 
512 795 569 1553625177124 
512 789 556 1553625177142 
512 776 536 1553625177158 
512 770 529 1553625177174 
512 769 528 1553625177191 
512 768 524 1553625177208 
512 768 516 1553625177224 
512 770 503 1553625177241 
512 780 489 1553625177259 
512 794 476 1553625177275 
512 812 464 1553625177291 
512 835 451 1553625177309 
512 861 434 1553625177324 
512 881 419 1553625177341 
512 897 403 1553625177359 
512 902 398 1553625177375 
512 908 394 1553625177391 
512 911 390 1553625177409 
512 914 385 1553625177426 
512 915 384 1553625177443 
512 916 382 1553625177458 
512 916 381 1553625177475 
512 917 378 1553625177491 
512 919 375 1553625177509 
512 919 374 1553625177525 
512 921 371 1553625177542 
512 921 370 1553625177608 
512 923 370 1553625177625 
512 927 370 1553625177642 
512 928 370 1553625177658 
512 930 370 1553625177691 
512 931 370 1553625177708 
513 931 370 1553625177743 
514 931 370 1553625177846 
512 931 371 1553625177909 
512 922 372 1553625178042 
512 905 375 1553625178060 
512 876 380 1553625178076 
512 820 383 1553625178092 
512 758 383 1553625178109 
512 698 383 1553625178125 
512 624 384 1553625178143 
512 595 384 1553625178159 
512 575 388 1553625178175 
512 566 388 1553625178192 
512 564 388 1553625178208 
512 555 388 1553625178227 
512 544 387 1553625178241 
512 534 385 1553625178259 
512 527 383 1553625178275 
512 524 383 1553625178292 
512 522 381 1553625178309 
512 519 380 1553625178326 
512 510 379 1553625178343 
512 509 379 1553625178360 
512 506 378 1553625178375 
512 505 377 1553625178393 
512 503 376 1553625178408 
512 498 375 1553625178426 
512 492 375 1553625178442 
512 486 373 1553625178459 
512 477 372 1553625178475 
512 475 372 1553625178493 
512 472 372 1553625178508 
512 472 371 1553625178526 
512 470 370 1553625178542 
513 470 370 1553625178666 
514 470 370 1553625178750 
512 471 374 1553625178792 
512 471 379 1553625178810 
512 476 388 1553625178826 
512 481 400 1553625178843 
512 487 410 1553625178859 
512 495 424 1553625178876 
512 504 436 1553625178893 
512 515 449 1553625178909 
512 536 467 1553625178926 
512 561 474 1553625178942 
512 588 482 1553625178959 
512 609 488 1553625178977 
512 623 495 1553625178993 
512 626 502 1553625179010 
512 627 515 1553625179026 
512 627 530 1553625179044 
512 626 544 1553625179060 
512 620 557 1553625179077 
512 615 570 1553625179093 
512 609 580 1553625179109 
512 600 591 1553625179126 
512 597 594 1553625179142 
512 594 597 1553625179160 
512 590 601 1553625179176 
512 584 605 1553625179193 
512 580 609 1553625179209 
512 577 613 1553625179227 
512 574 617 1553625179243 
512 571 620 1553625179259 
512 570 623 1553625179276 
512 564 628 1553625179294 
512 564 633 1553625179327 
512 562 634 1553625179342 
512 562 637 1553625179359 
512 562 639 1553625179392 
512 561 639 1553625179410 
512 561 640 1553625179427 
513 561 640 1553625179527 
514 561 640 1553625179630 
512 560 642 1553625179643 
512 559 641 1553625179676 
512 561 635 1553625179693 
512 572 623 1553625179710 
512 579 613 1553625179726 
512 596 594 1553625179743 
512 616 570 1553625179759 
512 641 539 1553625179777 
512 669 506 1553625179793 
512 686 475 1553625179811 
512 694 450 1553625179827 
512 699 432 1553625179844 
512 702 409 1553625179860 
512 704 381 1553625179878 
512 709 354 1553625179896 
512 709 328 1553625179910 
512 709 315 1553625179927 
512 709 299 1553625179943 
512 709 281 1553625179960 
512 709 263 1553625179978 
512 709 247 1553625179993 
512 709 239 1553625180010 
512 708 231 1553625180028 
512 708 228 1553625180044 
512 708 224 1553625180061 
512 708 220 1553625180078 
512 708 215 1553625180094 
512 707 211 1553625180110 
512 706 208 1553625180127 
513 706 208 1553625180311 
514 706 208 1553625180406 
