512 702 211 1553693027314 
512 702 230 1553693027330 
512 705 251 1553693027347 
512 709 278 1553693027364 
512 713 307 1553693027380 
512 718 331 1553693027397 
512 724 359 1553693027414 
512 734 386 1553693027430 
512 748 411 1553693027447 
512 764 436 1553693027464 
512 776 457 1553693027480 
512 789 482 1553693027497 
512 799 505 1553693027514 
512 809 537 1553693027530 
512 813 556 1553693027547 
512 815 571 1553693027564 
512 815 582 1553693027581 
512 815 590 1553693027597 
512 816 599 1553693027614 
512 818 606 1553693027631 
512 819 608 1553693027647 
512 819 609 1553693027664 
512 821 612 1553693027714 
512 828 627 1553693027731 
512 833 634 1553693027747 
512 836 638 1553693027764 
512 838 640 1553693027781 
512 839 640 1553693027797 
512 840 642 1553693027814 
512 842 644 1553693027831 
512 845 647 1553693027847 
512 850 651 1553693027864 
512 852 653 1553693027881 
512 853 653 1553693028048 
512 853 652 1553693028114 
512 853 650 1553693028164 
512 851 649 1553693028181 
512 849 648 1553693028198 
512 847 647 1553693028214 
512 846 646 1553693028231 
512 845 645 1553693028248 
512 842 645 1553693028264 
512 842 644 1553693028281 
513 842 644 1553693028355 
514 842 644 1553693028434 
512 841 644 1553693028498 
512 837 644 1553693028515 
512 835 644 1553693028532 
512 824 642 1553693028548 
512 805 634 1553693028565 
512 779 626 1553693028581 
512 753 619 1553693028598 
512 730 612 1553693028615 
512 708 605 1553693028631 
512 676 597 1553693028648 
512 620 577 1553693028665 
512 566 552 1553693028682 
512 537 537 1553693028698 
512 519 518 1553693028715 
512 514 504 1553693028732 
512 511 493 1553693028748 
512 510 485 1553693028765 
512 510 480 1553693028781 
512 510 470 1553693028798 
512 510 460 1553693028816 
512 510 451 1553693028831 
512 508 446 1553693028848 
512 508 441 1553693028866 
512 507 436 1553693028882 
512 504 424 1553693028899 
512 500 418 1553693028915 
512 495 412 1553693028932 
512 491 407 1553693028948 
512 489 404 1553693028965 
512 486 399 1553693028983 
512 482 392 1553693028998 
512 478 386 1553693029015 
512 477 384 1553693029032 
512 476 382 1553693029048 
512 476 380 1553693029066 
512 475 378 1553693029082 
512 474 377 1553693029099 
513 474 377 1553693029203 
514 474 377 1553693029290 
512 474 380 1553693029433 
512 482 396 1553693029450 
512 492 410 1553693029466 
512 514 425 1553693029482 
512 546 425 1553693029498 
512 614 403 1553693029516 
512 680 373 1553693029532 
512 727 336 1553693029549 
512 743 303 1553693029567 
512 744 273 1553693029582 
512 743 249 1553693029599 
512 738 236 1553693029617 
512 731 225 1553693029632 
512 728 220 1553693029649 
512 728 219 1553693029665 
512 726 218 1553693029682 
512 726 217 1553693029699 
512 725 217 1553693029717 
512 725 215 1553693029732 
512 722 214 1553693029749 
512 720 214 1553693029765 
512 717 214 1553693029782 
512 715 213 1553693029799 
512 713 213 1553693029816 
512 710 213 1553693029833 
512 706 212 1553693029849 
512 703 212 1553693029867 
512 700 211 1553693029882 
512 699 211 1553693029967 
513 699 211 1553693030011 
514 699 211 1553693030090 
512 697 212 1553693030149 
512 697 216 1553693030166 
512 697 222 1553693030183 
512 697 228 1553693030200 
512 701 239 1553693030217 
512 707 255 1553693030234 
512 725 290 1553693030250 
512 742 313 1553693030267 
512 766 333 1553693030283 
512 802 351 1553693030299 
512 836 361 1553693030316 
512 861 368 1553693030334 
512 875 375 1553693030350 
512 883 381 1553693030366 
512 889 384 1553693030383 
512 893 390 1553693030399 
512 898 393 1553693030416 
512 901 394 1553693030433 
512 905 394 1553693030450 
512 920 394 1553693030467 
512 923 394 1553693030483 
512 926 392 1553693030501 
512 926 388 1553693030567 
512 929 385 1553693030584 
512 930 381 1553693030599 
512 930 379 1553693030617 
512 931 378 1553693030633 
512 932 377 1553693030683 
513 932 377 1553693030758 
514 932 377 1553693030842 
512 923 376 1553693030900 
512 908 376 1553693030917 
512 892 376 1553693030934 
512 873 376 1553693030950 
512 853 375 1553693030968 
512 828 375 1553693030984 
512 807 375 1553693031000 
512 790 381 1553693031017 
512 780 386 1553693031033 
512 752 403 1553693031051 
512 713 423 1553693031066 
512 671 449 1553693031083 
512 649 470 1553693031100 
512 638 492 1553693031116 
512 633 510 1553693031135 
512 630 531 1553693031151 
512 627 550 1553693031167 
512 622 565 1553693031184 
512 622 573 1553693031200 
512 622 580 1553693031218 
512 621 586 1553693031235 
512 618 595 1553693031250 
512 618 600 1553693031268 
512 617 604 1553693031283 
512 615 608 1553693031300 
512 610 613 1553693031318 
512 603 619 1553693031334 
512 595 625 1553693031350 
512 588 631 1553693031367 
512 583 634 1553693031385 
512 579 637 1553693031401 
512 578 638 1553693031417 
512 577 640 1553693031434 
512 576 641 1553693031452 
512 575 642 1553693031467 
512 574 643 1553693031485 
512 572 645 1553693031500 
512 571 645 1553693031518 
512 569 645 1553693031535 
512 568 646 1553693031551 
512 565 646 1553693031585 
512 561 646 1553693031600 
512 557 646 1553693031618 
512 554 646 1553693031633 
512 553 646 1553693031652 
513 553 646 1553693031739 
514 553 646 1553693031835 
512 557 642 1553693031935 
512 560 640 1553693031950 
512 561 640 1553693031969 
512 566 640 1553693032017 
512 569 649 1553693032034 
512 578 669 1553693032052 
512 586 679 1553693032067 
512 599 683 1553693032085 
512 618 683 1553693032100 
512 646 675 1553693032118 
512 688 662 1553693032134 
512 746 644 1553693032151 
512 800 630 1553693032167 
512 826 620 1553693032184 
512 838 615 1553693032201 
512 842 612 1553693032217 
512 842 611 1553693032235 
512 842 613 1553693032367 
512 841 617 1553693032384 
512 841 618 1553693032402 
512 841 624 1553693032419 
512 841 627 1553693032435 
512 840 629 1553693032451 
512 840 632 1553693032468 
512 838 635 1553693032484 
512 838 637 1553693032501 
512 838 638 1553693032518 
512 838 640 1553693032534 
512 838 641 1553693032651 
513 838 641 1553693032667 
514 838 641 1553693032746 
512 838 640 1553693032820 
512 835 630 1553693032835 
512 828 618 1553693032852 
512 823 609 1553693032868 
512 819 598 1553693032886 
512 814 581 1553693032902 
512 814 567 1553693032918 
512 814 553 1553693032935 
512 814 536 1553693032951 
512 825 517 1553693032968 
512 840 497 1553693032985 
512 859 477 1553693033001 
512 881 450 1553693033019 
512 889 440 1553693033035 
512 895 433 1553693033051 
512 899 427 1553693033068 
512 903 422 1553693033088 
512 903 419 1553693033101 
512 905 415 1553693033119 
512 907 412 1553693033135 
512 909 408 1553693033153 
512 911 405 1553693033168 
512 915 399 1553693033186 
512 918 394 1553693033201 
512 921 390 1553693033219 
512 922 389 1553693033235 
512 923 388 1553693033252 
512 924 387 1553693033268 
512 926 385 1553693033286 
512 927 384 1553693033303 
512 928 383 1553693033319 
512 928 381 1553693033335 
512 928 380 1553693033352 
512 928 378 1553693033419 
513 928 378 1553693033483 
514 928 378 1553693033562 
512 922 378 1553693033635 
512 895 380 1553693033653 
512 864 385 1553693033668 
512 820 391 1553693033686 
512 786 397 1553693033702 
512 769 399 1553693033720 
512 759 402 1553693033735 
512 745 403 1553693033752 
512 730 403 1553693033768 
512 702 403 1553693033787 
512 639 403 1553693033803 
512 605 404 1553693033820 
512 580 404 1553693033837 
512 566 404 1553693033852 
512 557 404 1553693033870 
512 548 402 1553693033887 
512 542 401 1553693033903 
512 534 396 1553693033920 
512 529 392 1553693033936 
512 522 386 1553693033952 
512 513 380 1553693033970 
512 504 374 1553693033987 
512 503 373 1553693034003 
512 503 372 1553693034020 
512 501 372 1553693034070 
512 498 372 1553693034085 
512 492 372 1553693034103 
512 486 372 1553693034120 
512 480 373 1553693034136 
512 475 374 1553693034152 
512 470 374 1553693034170 
512 468 376 1553693034186 
512 467 376 1553693034202 
513 467 376 1553693034323 
514 467 376 1553693034410 
512 472 373 1553693034587 
512 479 369 1553693034603 
512 491 366 1553693034621 
512 500 364 1553693034636 
512 502 363 1553693034654 
512 508 363 1553693034670 
512 521 380 1553693034686 
512 533 409 1553693034703 
512 542 444 1553693034720 
512 548 490 1553693034736 
512 548 536 1553693034754 
512 548 586 1553693034769 
512 541 625 1553693034786 
512 539 641 1553693034805 
512 536 652 1553693034819 
512 536 654 1553693034837 
512 535 656 1553693034853 
512 535 657 1553693034919 
512 536 660 1553693034937 
512 539 663 1553693034954 
512 542 665 1553693034970 
512 543 666 1553693034986 
512 543 667 1553693035020 
512 545 664 1553693035037 
512 548 660 1553693035053 
512 551 654 1553693035071 
512 552 651 1553693035086 
512 552 647 1553693035104 
512 552 645 1553693035119 
512 553 644 1553693035304 
512 554 644 1553693035320 
512 556 644 1553693035337 
513 556 644 1553693035347 
514 556 644 1553693035442 
512 557 641 1553693035470 
512 557 634 1553693035488 
512 557 624 1553693035503 
512 557 612 1553693035521 
512 558 602 1553693035536 
512 566 586 1553693035555 
512 571 576 1553693035570 
512 577 563 1553693035587 
512 584 548 1553693035605 
512 594 529 1553693035620 
512 612 502 1553693035636 
512 638 466 1553693035654 
512 666 423 1553693035670 
512 691 378 1553693035687 
512 703 339 1553693035705 
512 711 315 1553693035720 
512 711 296 1553693035738 
512 711 280 1553693035754 
512 706 260 1553693035771 
512 702 251 1553693035788 
512 697 245 1553693035805 
512 694 241 1553693035820 
512 693 237 1553693035838 
512 693 233 1553693035855 
512 695 225 1553693035870 
512 696 218 1553693035888 
512 700 213 1553693035903 
512 702 211 1553693035920 
512 702 210 1553693035938 
513 702 210 1553693036067 
514 702 210 1553693036162 
