512 698 207 1553693045462 
512 698 216 1553693045478 
512 700 230 1553693045496 
512 710 252 1553693045512 
512 723 275 1553693045529 
512 736 302 1553693045544 
512 743 324 1553693045561 
512 751 359 1553693045579 
512 757 383 1553693045594 
512 762 400 1553693045612 
512 765 406 1553693045628 
512 767 410 1553693045644 
512 773 416 1553693045662 
512 782 427 1553693045679 
512 789 438 1553693045694 
512 799 455 1553693045712 
512 804 473 1553693045727 
512 811 495 1553693045745 
512 825 529 1553693045763 
512 828 539 1553693045778 
512 835 560 1553693045795 
512 836 564 1553693045811 
512 836 569 1553693045829 
512 836 574 1553693045846 
512 836 578 1553693045861 
512 836 583 1553693045878 
512 835 586 1553693045896 
512 834 590 1553693045911 
512 833 596 1553693045928 
512 833 600 1553693045946 
512 833 605 1553693045961 
512 833 611 1553693045978 
512 833 620 1553693045996 
512 833 627 1553693046012 
512 835 630 1553693046028 
512 835 631 1553693046045 
512 835 632 1553693046061 
512 835 634 1553693046078 
512 836 636 1553693046095 
512 836 637 1553693046111 
512 837 638 1553693046128 
512 837 639 1553693046243 
513 837 639 1553693046243 
514 837 639 1553693046338 
512 823 628 1553693046447 
512 803 612 1553693046462 
512 770 590 1553693046479 
512 735 574 1553693046495 
512 715 566 1553693046511 
512 706 561 1553693046529 
512 699 556 1553693046545 
512 679 542 1553693046562 
512 612 507 1553693046580 
512 558 484 1553693046595 
512 525 468 1553693046612 
512 509 456 1553693046628 
512 503 446 1553693046647 
512 501 437 1553693046663 
512 501 431 1553693046679 
512 501 423 1553693046696 
512 498 414 1553693046711 
512 495 406 1553693046729 
512 491 402 1553693046746 
512 489 397 1553693046762 
512 487 394 1553693046779 
512 487 391 1553693046795 
512 483 386 1553693046812 
512 481 382 1553693046828 
512 480 381 1553693046845 
512 478 380 1553693046879 
512 477 378 1553693046896 
512 475 377 1553693046912 
513 475 377 1553693047035 
514 475 377 1553693047106 
512 474 375 1553693047196 
512 481 369 1553693047212 
512 489 364 1553693047229 
512 504 352 1553693047246 
512 519 338 1553693047263 
512 528 330 1553693047280 
512 530 328 1553693047296 
512 532 328 1553693047330 
512 546 338 1553693047347 
512 554 347 1553693047362 
512 590 361 1553693047379 
512 614 361 1553693047396 
512 636 355 1553693047414 
512 647 342 1553693047429 
512 652 327 1553693047446 
512 657 305 1553693047462 
512 657 280 1553693047479 
512 658 261 1553693047496 
512 659 246 1553693047514 
512 660 238 1553693047529 
512 663 229 1553693047547 
512 664 225 1553693047563 
512 665 223 1553693047579 
512 666 221 1553693047597 
512 667 218 1553693047612 
512 669 217 1553693047630 
512 671 215 1553693047646 
512 674 215 1553693047662 
512 676 214 1553693047680 
512 681 213 1553693047696 
512 682 213 1553693047713 
512 685 212 1553693047729 
512 686 211 1553693047746 
512 688 211 1553693047763 
512 690 209 1553693047780 
512 691 208 1553693047796 
512 692 208 1553693047813 
512 694 207 1553693047846 
512 697 207 1553693047879 
512 700 207 1553693047896 
512 701 207 1553693047912 
512 703 207 1553693047930 
513 703 207 1553693047971 
514 703 207 1553693048066 
512 703 208 1553693048097 
512 703 212 1553693048113 
512 703 217 1553693048130 
512 703 230 1553693048146 
512 709 253 1553693048163 
512 720 268 1553693048180 
512 737 280 1553693048196 
512 757 291 1553693048214 
512 775 305 1553693048229 
512 790 321 1553693048247 
512 807 348 1553693048263 
512 841 397 1553693048280 
512 867 440 1553693048296 
512 888 457 1553693048313 
512 915 462 1553693048331 
512 925 461 1553693048347 
512 933 456 1553693048363 
512 939 444 1553693048380 
512 944 429 1553693048396 
512 949 417 1553693048413 
512 953 409 1553693048431 
512 956 404 1553693048446 
512 956 402 1553693048464 
512 956 400 1553693048480 
512 956 397 1553693048497 
512 955 395 1553693048514 
512 953 394 1553693048563 
512 949 393 1553693048580 
512 941 389 1553693048598 
512 935 387 1553693048614 
512 932 385 1553693048631 
512 930 383 1553693048646 
512 928 382 1553693048663 
512 926 380 1553693048680 
512 925 378 1553693048697 
512 923 374 1553693048713 
512 922 371 1553693048731 
512 922 370 1553693048764 
513 922 370 1553693048826 
514 922 370 1553693048922 
512 922 369 1553693048947 
512 920 370 1553693048964 
512 918 376 1553693048982 
512 915 383 1553693048998 
512 910 392 1553693049014 
512 904 399 1553693049030 
512 893 408 1553693049047 
512 871 420 1553693049064 
512 846 434 1553693049080 
512 817 453 1553693049097 
512 766 482 1553693049115 
512 727 504 1553693049130 
512 686 521 1553693049148 
512 645 542 1553693049164 
512 622 559 1553693049181 
512 607 574 1553693049198 
512 598 587 1553693049213 
512 586 605 1553693049232 
512 573 618 1553693049248 
512 563 632 1553693049264 
512 554 643 1553693049282 
512 548 652 1553693049297 
512 544 660 1553693049314 
512 541 666 1553693049331 
512 541 668 1553693049347 
512 541 670 1553693049365 
512 541 671 1553693049381 
512 541 672 1553693049397 
512 541 673 1553693049432 
512 541 674 1553693049514 
512 546 672 1553693049532 
512 548 668 1553693049547 
512 549 665 1553693049564 
512 551 661 1553693049582 
512 552 657 1553693049598 
512 554 653 1553693049614 
512 555 650 1553693049632 
512 556 647 1553693049647 
512 559 644 1553693049664 
512 561 643 1553693049682 
512 561 642 1553693049699 
513 561 642 1553693049771 
514 561 642 1553693049883 
512 562 640 1553693049931 
512 562 628 1553693049949 
512 562 617 1553693049964 
512 568 599 1553693049982 
512 578 577 1553693049998 
512 592 553 1553693050016 
512 600 532 1553693050032 
512 605 510 1553693050048 
512 607 494 1553693050066 
512 612 483 1553693050081 
512 619 476 1553693050098 
512 629 471 1553693050115 
512 640 471 1553693050131 
512 658 476 1553693050148 
512 689 495 1553693050166 
512 736 527 1553693050181 
512 791 567 1553693050198 
512 833 602 1553693050215 
512 854 619 1553693050231 
512 861 629 1553693050248 
512 863 634 1553693050266 
512 863 637 1553693050281 
512 863 640 1553693050315 
512 863 643 1553693050331 
512 863 646 1553693050348 
512 862 646 1553693050415 
512 858 647 1553693050431 
512 854 649 1553693050449 
512 848 649 1553693050464 
512 846 649 1553693050483 
512 845 649 1553693050515 
512 844 649 1553693050533 
512 843 649 1553693050548 
513 843 649 1553693050715 
514 843 649 1553693050810 
512 843 646 1553693050867 
512 843 644 1553693050883 
512 843 641 1553693050899 
512 843 635 1553693050917 
512 843 627 1553693050933 
512 843 612 1553693050950 
512 843 597 1553693050965 
512 843 584 1553693050981 
512 843 566 1553693050999 
512 848 544 1553693051015 
512 858 521 1553693051032 
512 870 499 1553693051048 
512 882 479 1553693051065 
512 898 455 1553693051083 
512 904 443 1553693051099 
512 909 435 1553693051115 
512 911 426 1553693051132 
512 913 420 1553693051149 
512 913 415 1553693051166 
512 913 413 1553693051183 
512 913 409 1553693051199 
512 914 406 1553693051217 
512 915 402 1553693051233 
512 916 399 1553693051250 
512 917 395 1553693051266 
512 919 390 1553693051283 
512 919 386 1553693051299 
512 919 385 1553693051315 
512 920 384 1553693051432 
512 921 383 1553693051450 
512 922 383 1553693051533 
512 924 381 1553693051549 
512 925 380 1553693051566 
512 925 379 1553693051599 
512 926 378 1553693051615 
512 927 378 1553693051650 
513 927 378 1553693051662 
514 927 378 1553693051762 
512 920 378 1553693051817 
512 896 378 1553693051832 
512 858 376 1553693051850 
512 809 368 1553693051866 
512 762 361 1553693051882 
512 709 354 1553693051899 
512 685 350 1553693051916 
512 668 348 1553693051933 
512 658 346 1553693051950 
512 646 346 1553693051967 
512 630 346 1553693051982 
512 611 346 1553693052001 
512 591 346 1553693052016 
512 579 347 1553693052032 
512 567 349 1553693052049 
512 557 351 1553693052067 
512 551 352 1553693052084 
512 546 353 1553693052101 
512 540 355 1553693052116 
512 538 356 1553693052134 
512 537 356 1553693052149 
512 536 356 1553693052166 
512 532 358 1553693052183 
512 525 360 1553693052199 
512 515 363 1553693052216 
512 505 367 1553693052233 
512 502 368 1553693052249 
512 499 369 1553693052266 
512 494 372 1553693052283 
512 491 374 1553693052299 
512 488 375 1553693052316 
512 487 375 1553693052334 
512 486 376 1553693052350 
512 484 377 1553693052399 
512 483 378 1553693052433 
512 482 378 1553693052449 
512 480 379 1553693052484 
512 479 379 1553693052499 
512 476 381 1553693052518 
513 476 381 1553693052651 
514 476 381 1553693052754 
512 475 382 1553693052850 
512 482 392 1553693052867 
512 493 401 1553693052883 
512 509 415 1553693052901 
512 526 433 1553693052918 
512 542 453 1553693052933 
512 559 471 1553693052950 
512 569 484 1553693052966 
512 573 492 1553693052983 
512 576 502 1553693053000 
512 576 512 1553693053016 
512 576 521 1553693053034 
512 575 537 1553693053050 
512 571 548 1553693053067 
512 567 561 1553693053083 
512 563 574 1553693053101 
512 561 581 1553693053118 
512 559 589 1553693053134 
512 556 596 1553693053151 
512 555 602 1553693053167 
512 555 608 1553693053184 
512 555 614 1553693053202 
512 555 619 1553693053217 
512 555 625 1553693053234 
512 557 635 1553693053252 
512 558 639 1553693053266 
512 560 643 1553693053284 
512 562 645 1553693053300 
512 562 647 1553693053317 
513 562 647 1553693053435 
514 562 647 1553693053530 
512 563 647 1553693053583 
512 566 643 1553693053600 
512 571 632 1553693053618 
512 580 617 1553693053634 
512 598 583 1553693053651 
512 613 559 1553693053667 
512 629 523 1553693053684 
512 641 489 1553693053700 
512 647 462 1553693053718 
512 648 443 1553693053734 
512 653 423 1553693053751 
512 663 404 1553693053767 
512 673 380 1553693053784 
512 686 355 1553693053801 
512 692 331 1553693053817 
512 695 311 1553693053835 
512 696 301 1553693053851 
512 697 290 1553693053867 
512 700 275 1553693053884 
512 702 260 1553693053901 
512 703 247 1553693053918 
512 704 242 1553693053935 
512 704 235 1553693053951 
512 704 229 1553693053969 
512 704 225 1553693053984 
512 704 221 1553693054001 
512 704 216 1553693054018 
512 704 213 1553693054034 
512 704 211 1553693054051 
512 703 211 1553693054219 
513 703 211 1553693054235 
514 703 211 1553693054322 
