512 695 210 1553001810909 
512 695 214 1553001810924 
512 695 220 1553001810943 
512 695 226 1553001810960 
512 696 238 1553001810975 
512 699 254 1553001810992 
512 699 275 1553001811009 
512 699 300 1553001811025 
512 699 324 1553001811042 
512 699 340 1553001811059 
512 700 346 1553001811075 
512 702 357 1553001811092 
512 710 370 1553001811108 
512 717 384 1553001811125 
512 729 402 1553001811143 
512 744 420 1553001811159 
512 761 443 1553001811175 
512 778 463 1553001811194 
512 789 484 1553001811209 
512 795 500 1553001811225 
512 800 511 1553001811242 
512 804 527 1553001811259 
512 807 543 1553001811275 
512 808 560 1553001811292 
512 808 569 1553001811310 
512 808 581 1553001811325 
512 809 591 1553001811342 
512 812 601 1553001811360 
512 814 609 1553001811375 
512 815 611 1553001811393 
512 816 612 1553001811410 
512 816 616 1553001811427 
512 818 618 1553001811442 
512 819 622 1553001811460 
512 820 623 1553001811476 
512 822 624 1553001811509 
512 824 625 1553001811527 
512 828 626 1553001811542 
512 834 630 1553001811559 
512 839 635 1553001811576 
512 842 638 1553001811592 
512 842 639 1553001811609 
512 842 640 1553001811627 
512 842 642 1553001811642 
512 842 643 1553001811659 
512 843 645 1553001811676 
512 844 646 1553001811692 
513 844 646 1553001811836 
514 844 646 1553001811971 
512 842 639 1553001812110 
512 840 634 1553001812126 
512 840 624 1553001812144 
512 840 616 1553001812160 
512 840 601 1553001812176 
512 840 579 1553001812193 
512 831 547 1553001812209 
512 816 521 1553001812226 
512 795 496 1553001812244 
512 776 483 1553001812261 
512 749 470 1553001812276 
512 690 446 1553001812293 
512 621 418 1553001812309 
512 551 389 1553001812326 
512 510 372 1553001812343 
512 498 365 1553001812362 
512 496 365 1553001812444 
512 496 364 1553001812460 
512 495 364 1553001812477 
512 493 364 1553001812576 
512 492 364 1553001812593 
512 488 364 1553001812611 
512 487 364 1553001812626 
512 483 366 1553001812643 
512 480 367 1553001812660 
512 477 368 1553001812676 
512 476 369 1553001812694 
512 475 370 1553001812710 
512 473 370 1553001812726 
512 472 370 1553001812860 
513 472 370 1553001812876 
514 472 370 1553001812971 
512 475 370 1553001813111 
512 493 363 1553001813127 
512 507 354 1553001813143 
512 516 347 1553001813161 
512 517 344 1553001813177 
512 519 341 1553001813195 
512 525 337 1553001813210 
512 543 332 1553001813227 
512 596 310 1553001813244 
512 621 293 1553001813260 
512 633 282 1553001813279 
512 638 268 1553001813293 
512 641 256 1553001813310 
512 641 249 1553001813327 
512 642 237 1553001813345 
512 643 232 1553001813362 
512 646 228 1553001813378 
512 649 221 1553001813396 
512 651 219 1553001813412 
512 655 213 1553001813429 
512 658 210 1553001813443 
512 660 209 1553001813460 
512 663 209 1553001813477 
512 665 208 1553001813494 
512 666 207 1553001813512 
512 670 205 1553001813529 
512 671 205 1553001813544 
512 674 203 1553001813560 
512 676 203 1553001813577 
512 679 203 1553001813593 
512 683 203 1553001813611 
512 686 204 1553001813628 
512 687 204 1553001813644 
512 689 205 1553001813661 
512 690 206 1553001813678 
512 691 206 1553001813693 
512 692 207 1553001813712 
512 694 207 1553001813728 
512 697 208 1553001813744 
512 698 210 1553001813760 
512 699 210 1553001813778 
512 701 210 1553001813794 
513 701 210 1553001813868 
514 701 210 1553001813980 
512 701 215 1553001814113 
512 702 241 1553001814127 
512 710 267 1553001814144 
512 723 284 1553001814162 
512 737 291 1553001814177 
512 754 295 1553001814196 
512 761 296 1553001814211 
512 784 309 1553001814228 
512 797 315 1553001814246 
512 809 321 1553001814260 
512 814 324 1553001814279 
512 816 326 1553001814294 
512 817 328 1553001814311 
512 821 332 1553001814328 
512 829 336 1553001814344 
512 838 340 1553001814361 
512 842 341 1553001814380 
512 845 341 1553001814395 
512 850 344 1553001814429 
512 856 345 1553001814446 
512 867 349 1553001814461 
512 880 353 1553001814480 
512 884 353 1553001814494 
512 886 354 1553001814511 
512 888 355 1553001814530 
512 891 356 1553001814561 
512 893 357 1553001814578 
512 897 359 1553001814595 
512 903 362 1553001814611 
512 905 363 1553001814628 
512 906 363 1553001814696 
512 908 365 1553001814711 
512 910 367 1553001814728 
512 914 369 1553001814745 
512 918 370 1553001814764 
512 919 371 1553001814863 
512 920 372 1553001814894 
512 922 373 1553001814979 
512 923 374 1553001814995 
512 925 376 1553001815014 
512 928 377 1553001815111 
512 929 379 1553001815128 
513 929 379 1553001815131 
514 929 379 1553001815219 
512 971 393 1553001815462 
512 1044 442 1553001815479 
512 1064 472 1553001815496 
512 1063 473 1553001815962 
512 966 465 1553001815980 
512 888 458 1553001815996 
512 831 458 1553001816013 
512 779 458 1553001816029 
512 743 458 1553001816046 
512 716 458 1553001816062 
512 688 458 1553001816078 
512 661 458 1553001816098 
512 646 459 1553001816112 
512 638 465 1553001816129 
512 636 468 1553001816146 
512 633 475 1553001816163 
512 633 484 1553001816181 
512 635 496 1553001816197 
512 641 505 1553001816213 
512 648 514 1553001816230 
512 652 521 1553001816246 
512 653 530 1553001816263 
512 653 540 1553001816281 
512 648 553 1553001816296 
512 646 567 1553001816315 
512 645 579 1553001816329 
512 641 590 1553001816346 
512 636 596 1553001816363 
512 626 605 1553001816379 
512 613 618 1553001816396 
512 609 619 1553001816414 
512 608 620 1553001816446 
512 604 622 1553001816463 
512 602 623 1553001816480 
512 600 625 1553001816496 
512 599 625 1553001816513 
512 597 626 1553001816529 
512 594 628 1553001816564 
512 589 630 1553001816581 
512 586 632 1553001816596 
512 579 633 1553001816615 
512 578 635 1553001816629 
512 577 635 1553001816647 
512 575 635 1553001816713 
512 573 636 1553001816729 
512 572 636 1553001816748 
512 571 637 1553001816762 
512 570 638 1553001816780 
512 564 640 1553001816796 
512 558 642 1553001816813 
512 555 642 1553001816830 
512 555 643 1553001816847 
512 554 645 1553001816948 
513 554 645 1553001816998 
514 554 645 1553001817118 
512 554 638 1553001817233 
512 559 626 1553001817248 
512 562 614 1553001817267 
512 566 598 1553001817282 
512 571 582 1553001817299 
512 581 556 1553001817315 
512 596 530 1553001817333 
512 637 509 1553001817351 
512 662 506 1553001817367 
512 682 507 1553001817382 
512 700 516 1553001817398 
512 718 533 1553001817417 
512 729 548 1553001817434 
512 739 565 1553001817450 
512 750 584 1553001817465 
512 760 603 1553001817482 
512 766 618 1553001817499 
512 771 626 1553001817516 
512 775 634 1553001817533 
512 779 639 1553001817549 
512 781 640 1553001817566 
512 783 640 1553001817616 
512 792 643 1553001817634 
512 801 643 1553001817651 
512 812 643 1553001817667 
512 819 643 1553001817682 
512 823 643 1553001817700 
512 826 643 1553001817716 
512 828 644 1553001817733 
512 833 644 1553001817749 
512 836 645 1553001817766 
512 837 645 1553001817783 
512 838 645 1553001817816 
512 839 646 1553001817832 
513 839 646 1553001817942 
514 839 646 1553001818022 
512 839 647 1553001818099 
512 840 646 1553001818117 
512 842 642 1553001818133 
512 844 630 1553001818149 
512 848 621 1553001818167 
512 852 611 1553001818183 
512 857 596 1553001818201 
512 862 580 1553001818218 
512 864 561 1553001818235 
512 868 551 1553001818250 
512 874 538 1553001818266 
512 888 522 1553001818283 
512 905 501 1553001818299 
512 917 474 1553001818317 
512 919 449 1553001818333 
512 919 440 1553001818350 
512 917 436 1553001818367 
512 915 431 1553001818384 
512 913 427 1553001818400 
512 912 424 1553001818418 
512 911 421 1553001818433 
512 910 418 1553001818452 
512 910 416 1553001818466 
512 910 412 1553001818484 
512 910 409 1553001818500 
512 910 406 1553001818517 
512 914 400 1553001818534 
512 918 397 1553001818551 
512 921 393 1553001818567 
512 923 391 1553001818583 
512 924 391 1553001818599 
512 924 389 1553001818619 
512 926 387 1553001818633 
512 927 385 1553001818650 
512 927 384 1553001818668 
512 929 383 1553001818684 
513 929 383 1553001819054 
514 929 383 1553001819166 
512 929 382 1553001819319 
512 922 376 1553001819384 
512 893 367 1553001819401 
512 839 361 1553001819418 
512 776 351 1553001819434 
512 726 348 1553001819451 
512 677 348 1553001819468 
512 622 348 1553001819485 
512 573 348 1553001819501 
512 535 348 1553001819517 
512 507 348 1553001819534 
512 503 348 1553001819551 
512 501 349 1553001819568 
512 498 351 1553001819585 
512 497 352 1553001819601 
512 495 355 1553001819700 
512 493 359 1553001819718 
512 492 360 1553001819734 
512 491 362 1553001819751 
512 490 363 1553001819769 
512 488 366 1553001819784 
512 485 367 1553001819801 
512 482 369 1553001819819 
512 478 372 1553001819834 
512 476 374 1553001819851 
512 472 376 1553001819868 
512 468 379 1553001819885 
512 466 380 1553001819903 
512 465 380 1553001819918 
513 465 380 1553001820022 
514 465 380 1553001820150 
512 466 380 1553001820317 
512 467 380 1553001820335 
512 470 382 1553001820351 
512 474 385 1553001820368 
512 482 399 1553001820385 
512 499 419 1553001820401 
512 516 439 1553001820419 
512 541 467 1553001820434 
512 557 488 1553001820451 
512 566 504 1553001820468 
512 568 516 1553001820484 
512 568 523 1553001820502 
512 568 536 1553001820518 
512 571 546 1553001820535 
512 571 554 1553001820551 
512 571 561 1553001820569 
512 571 568 1553001820585 
512 571 573 1553001820601 
512 571 577 1553001820618 
512 572 580 1553001820635 
512 572 583 1553001820652 
512 572 590 1553001820668 
512 572 604 1553001820686 
512 572 608 1553001820701 
512 572 621 1553001820718 
512 572 630 1553001820737 
512 572 637 1553001820751 
512 572 641 1553001820768 
512 572 642 1553001820785 
512 572 643 1553001820835 
512 571 645 1553001820869 
512 570 647 1553001820885 
512 570 648 1553001820952 
512 569 648 1553001820968 
512 568 648 1553001821019 
512 567 648 1553001821036 
512 567 647 1553001821051 
513 567 647 1553001821158 
514 567 647 1553001821293 
512 567 641 1553001821386 
512 572 629 1553001821403 
512 580 620 1553001821419 
512 585 615 1553001821435 
512 587 612 1553001821452 
512 587 611 1553001821470 
512 592 604 1553001821552 
512 609 586 1553001821571 
512 636 554 1553001821586 
512 656 513 1553001821604 
512 670 473 1553001821619 
512 679 428 1553001821636 
512 688 357 1553001821654 
512 696 332 1553001821668 
512 705 280 1553001821685 
512 707 262 1553001821703 
512 707 252 1553001821719 
512 708 246 1553001821736 
512 709 236 1553001821754 
512 711 227 1553001821770 
512 711 220 1553001821787 
512 711 215 1553001821802 
512 711 213 1553001821819 
512 711 211 1553001821836 
512 712 204 1553001821852 
512 713 196 1553001821871 
512 713 193 1553001821886 
512 711 194 1553001821986 
512 705 203 1553001822002 
512 701 208 1553001822020 
512 699 210 1553001822035 
513 699 210 1553001822199 
514 699 210 1553001822285 
