512 700 232 1553020254539 
512 710 287 1553020254556 
512 743 386 1553020254573 
512 768 443 1553020254589 
512 782 476 1553020254607 
512 793 496 1553020254622 
512 801 516 1553020254640 
512 803 530 1553020254656 
512 807 543 1553020254672 
512 807 548 1553020254689 
512 807 553 1553020254706 
512 808 558 1553020254722 
512 808 570 1553020254740 
512 808 582 1553020254755 
512 808 593 1553020254773 
512 808 594 1553020254790 
512 808 596 1553020254806 
512 810 598 1553020254822 
512 814 605 1553020254840 
512 817 609 1553020254857 
512 820 613 1553020254873 
512 823 615 1553020254889 
512 824 616 1553020254906 
512 826 617 1553020254924 
512 827 618 1553020254939 
512 832 622 1553020254957 
512 835 627 1553020254972 
512 835 629 1553020254990 
512 835 633 1553020255005 
512 835 634 1553020255023 
512 835 636 1553020255040 
512 835 638 1553020255056 
512 835 641 1553020255073 
512 835 644 1553020255090 
512 835 645 1553020255106 
512 835 646 1553020255122 
512 835 647 1553020255140 
512 836 647 1553020255157 
512 836 648 1553020255223 
513 836 648 1553020255253 
514 836 648 1553020255348 
512 834 648 1553020255407 
512 832 646 1553020255440 
512 831 642 1553020255458 
512 828 634 1553020255473 
512 824 623 1553020255490 
512 823 606 1553020255507 
512 818 581 1553020255523 
512 816 563 1553020255540 
512 815 541 1553020255557 
512 811 532 1553020255572 
512 797 523 1553020255590 
512 769 514 1553020255608 
512 718 500 1553020255624 
512 643 482 1553020255641 
512 570 462 1553020255656 
512 523 447 1553020255673 
512 504 436 1553020255690 
512 500 430 1553020255707 
512 498 425 1553020255723 
512 498 421 1553020255740 
512 497 410 1553020255757 
512 495 404 1553020255773 
512 494 397 1553020255791 
512 490 390 1553020255806 
512 488 384 1553020255823 
512 485 377 1553020255841 
512 482 373 1553020255856 
512 478 369 1553020255874 
512 475 368 1553020255890 
512 474 368 1553020255908 
512 472 368 1553020255923 
512 469 368 1553020255940 
512 467 368 1553020255958 
512 466 368 1553020255973 
513 466 368 1553020256092 
514 466 368 1553020256181 
512 466 369 1553020256240 
512 468 376 1553020256257 
512 473 382 1553020256273 
512 480 391 1553020256290 
512 489 397 1553020256307 
512 503 406 1553020256324 
512 516 412 1553020256340 
512 523 415 1553020256358 
512 524 415 1553020256373 
512 526 416 1553020256390 
512 531 418 1553020256408 
512 551 419 1553020256425 
512 598 408 1553020256441 
512 676 370 1553020256456 
512 724 331 1553020256474 
512 744 306 1553020256490 
512 751 284 1553020256508 
512 751 264 1553020256524 
512 745 250 1553020256540 
512 739 237 1553020256556 
512 737 235 1553020256574 
512 736 233 1553020256608 
512 735 231 1553020256624 
512 733 230 1553020256641 
512 730 228 1553020256658 
512 727 226 1553020256674 
512 722 225 1553020256690 
512 720 224 1553020256707 
512 719 223 1553020256724 
512 714 220 1553020256741 
512 711 217 1553020256758 
512 709 215 1553020256774 
512 708 211 1553020256792 
512 707 210 1553020256807 
512 707 209 1553020256858 
512 706 208 1553020256874 
513 706 208 1553020256973 
514 706 208 1553020257052 
512 706 211 1553020257141 
512 708 220 1553020257157 
512 713 233 1553020257174 
512 719 251 1553020257190 
512 725 270 1553020257207 
512 734 291 1553020257225 
512 745 312 1553020257241 
512 756 324 1553020257258 
512 768 332 1553020257274 
512 782 338 1553020257291 
512 798 344 1553020257308 
512 818 353 1553020257324 
512 848 359 1553020257341 
512 864 362 1553020257359 
512 879 365 1553020257374 
512 893 365 1553020257391 
512 909 366 1553020257409 
512 923 369 1553020257424 
512 931 369 1553020257441 
512 933 369 1553020257459 
512 935 370 1553020257474 
512 936 370 1553020257524 
512 936 371 1553020257691 
512 935 371 1553020257709 
512 934 372 1553020257741 
513 934 372 1553020257749 
514 934 372 1553020257836 
512 930 373 1553020257925 
512 925 376 1553020257942 
512 918 381 1553020257959 
512 908 386 1553020257975 
512 894 397 1553020257990 
512 877 406 1553020258009 
512 859 417 1553020258026 
512 825 433 1553020258041 
512 763 459 1553020258059 
512 682 492 1553020258076 
512 612 523 1553020258092 
512 541 560 1553020258109 
512 524 579 1553020258124 
512 522 591 1553020258143 
512 522 599 1553020258159 
512 523 605 1553020258176 
512 524 609 1553020258191 
512 530 612 1553020258208 
512 538 616 1553020258226 
512 546 620 1553020258241 
512 552 623 1553020258260 
512 564 629 1553020258277 
512 569 632 1553020258293 
512 570 633 1553020258308 
512 571 634 1553020258326 
512 571 635 1553020258341 
512 571 637 1553020258360 
512 571 638 1553020258375 
512 571 640 1553020258393 
512 571 641 1553020258410 
512 571 644 1553020258426 
512 571 647 1553020258442 
512 571 649 1553020258459 
512 570 651 1553020258492 
512 568 651 1553020258525 
512 567 651 1553020258542 
512 566 652 1553020258559 
512 565 652 1553020258592 
512 563 652 1553020258610 
512 561 650 1553020258643 
512 561 648 1553020258661 
512 561 647 1553020258694 
513 561 647 1553020258749 
514 561 647 1553020258844 
512 561 637 1553020258925 
512 562 620 1553020258942 
512 567 602 1553020258960 
512 571 585 1553020258976 
512 572 574 1553020258992 
512 572 568 1553020259009 
512 573 566 1553020259027 
512 581 566 1553020259077 
512 590 570 1553020259092 
512 655 598 1553020259109 
512 709 623 1553020259126 
512 758 645 1553020259144 
512 790 663 1553020259159 
512 810 676 1553020259176 
512 827 685 1553020259193 
512 831 687 1553020259209 
512 832 687 1553020259242 
512 836 687 1553020259259 
512 847 686 1553020259276 
512 855 685 1553020259292 
512 860 683 1553020259310 
512 864 680 1553020259327 
512 864 677 1553020259343 
512 864 674 1553020259359 
512 864 672 1553020259375 
512 864 670 1553020259392 
512 863 669 1553020259410 
512 860 666 1553020259426 
512 858 664 1553020259444 
512 854 658 1553020259460 
512 853 657 1553020259477 
512 851 654 1553020259493 
512 851 653 1553020259509 
512 850 652 1553020259560 
512 849 651 1553020259592 
512 847 648 1553020259610 
512 846 646 1553020259628 
512 846 645 1553020259643 
513 846 645 1553020259741 
514 846 645 1553020259828 
512 846 634 1553020260045 
512 864 601 1553020260061 
512 877 584 1553020260077 
512 916 513 1553020260092 
512 935 465 1553020260111 
512 940 439 1553020260126 
512 941 423 1553020260143 
512 941 412 1553020260161 
512 941 402 1553020260176 
512 941 396 1553020260195 
512 941 393 1553020260210 
512 940 391 1553020260226 
512 940 390 1553020260244 
512 940 389 1553020260260 
512 938 387 1553020260277 
512 936 385 1553020260360 
512 934 383 1553020260377 
512 933 380 1553020260394 
512 932 379 1553020260411 
512 932 378 1553020260426 
513 932 378 1553020260557 
514 932 378 1553020260629 
512 912 377 1553020260843 
512 816 394 1553020260860 
512 733 403 1553020260877 
512 652 403 1553020260894 
512 600 403 1553020260910 
512 575 403 1553020260927 
512 565 401 1553020260945 
512 562 401 1553020261010 
512 553 401 1553020261028 
512 544 399 1553020261044 
512 534 395 1553020261060 
512 528 393 1553020261078 
512 518 389 1553020261094 
512 506 386 1553020261111 
512 496 382 1553020261127 
512 493 380 1553020261143 
512 491 379 1553020261160 
512 489 379 1553020261178 
512 489 378 1553020261245 
512 488 378 1553020261262 
512 487 377 1553020261277 
512 486 377 1553020261311 
512 484 375 1553020261328 
512 483 375 1553020261344 
512 481 374 1553020261361 
512 478 373 1553020261379 
512 477 373 1553020261394 
512 477 372 1553020261411 
512 475 372 1553020261460 
513 475 372 1553020261557 
514 475 372 1553020261620 
512 476 383 1553020261827 
512 489 423 1553020261844 
512 508 460 1553020261861 
512 528 499 1553020261877 
512 541 522 1553020261894 
512 547 539 1553020261913 
512 551 549 1553020261929 
512 554 558 1553020261946 
512 554 563 1553020261961 
512 554 570 1553020261977 
512 554 578 1553020261994 
512 557 588 1553020262011 
512 557 591 1553020262028 
512 557 595 1553020262044 
512 557 598 1553020262063 
512 557 601 1553020262079 
512 557 602 1553020262096 
512 557 604 1553020262111 
512 557 608 1553020262128 
512 557 613 1553020262144 
512 557 620 1553020262161 
512 557 626 1553020262179 
512 560 631 1553020262195 
512 560 633 1553020262210 
512 562 638 1553020262228 
512 564 639 1553020262245 
512 564 641 1553020262261 
512 564 642 1553020262312 
512 564 643 1553020262328 
512 563 644 1553020262346 
513 563 644 1553020262413 
514 563 644 1553020262484 
512 563 641 1553020262545 
512 563 635 1553020262562 
512 564 629 1553020262579 
512 571 617 1553020262594 
512 576 605 1553020262612 
512 587 576 1553020262630 
512 593 562 1553020262645 
512 596 553 1553020262662 
512 599 549 1553020262678 
512 603 540 1553020262697 
512 614 522 1553020262711 
512 625 501 1553020262728 
512 641 473 1553020262746 
512 652 443 1553020262761 
512 657 418 1553020262779 
512 663 369 1553020262796 
512 663 354 1553020262812 
512 669 317 1553020262829 
512 671 298 1553020262844 
512 672 287 1553020262863 
512 674 278 1553020262878 
512 675 272 1553020262896 
512 676 263 1553020262913 
512 678 256 1553020262929 
512 679 252 1553020262945 
512 680 249 1553020262963 
512 682 245 1553020262978 
512 683 242 1553020262994 
512 686 237 1553020263011 
512 690 229 1553020263028 
512 690 224 1553020263046 
512 691 220 1553020263062 
512 691 218 1553020263078 
512 692 215 1553020263096 
512 692 214 1553020263112 
512 692 213 1553020263128 
512 693 210 1553020263146 
512 693 208 1553020263162 
512 693 207 1553020263196 
512 694 207 1553020263212 
512 695 207 1553020263229 
512 696 207 1553020263262 
512 698 207 1553020263278 
512 699 207 1553020263296 
512 702 207 1553020263300 
513 702 207 1553020263301 
512 703 207 1553020263329 
514 703 207 1553020263397 
