512 702 216 1553088200812 
512 702 227 1553088200828 
512 707 248 1553088200846 
512 725 296 1553088200861 
512 732 322 1553088200878 
512 732 346 1553088200894 
512 732 365 1553088200913 
512 732 390 1553088200928 
512 732 421 1553088200945 
512 744 461 1553088200962 
512 766 501 1553088200979 
512 788 521 1553088200995 
512 799 528 1553088201012 
512 803 534 1553088201028 
512 804 539 1553088201045 
512 805 555 1553088201061 
512 805 563 1553088201078 
512 805 568 1553088201095 
512 805 573 1553088201113 
512 805 578 1553088201128 
512 808 585 1553088201146 
512 811 591 1553088201161 
512 812 594 1553088201179 
512 814 598 1553088201196 
512 815 601 1553088201213 
512 817 608 1553088201230 
512 827 624 1553088201246 
512 833 634 1553088201261 
512 839 641 1553088201278 
512 839 642 1553088201296 
512 840 643 1553088201378 
512 840 644 1553088201445 
512 841 644 1553088201462 
513 841 644 1553088201494 
512 841 645 1553088201579 
514 841 645 1553088201589 
512 841 645 1553088201595 
512 840 645 1553088201629 
512 837 634 1553088201645 
512 833 616 1553088201662 
512 832 602 1553088201678 
512 832 588 1553088201696 
512 832 568 1553088201712 
512 834 546 1553088201729 
512 834 527 1553088201746 
512 833 505 1553088201762 
512 820 481 1553088201779 
512 804 462 1553088201795 
512 775 445 1553088201812 
512 732 427 1553088201829 
512 668 411 1553088201845 
512 635 407 1553088201862 
512 607 404 1553088201879 
512 586 402 1553088201895 
512 576 402 1553088201913 
512 570 402 1553088201929 
512 566 402 1553088201945 
512 564 402 1553088201963 
512 562 402 1553088201979 
512 558 402 1553088201995 
512 556 402 1553088202012 
512 553 402 1553088202028 
512 551 402 1553088202045 
512 541 399 1553088202062 
512 531 394 1553088202079 
512 527 393 1553088202097 
512 524 391 1553088202114 
512 522 391 1553088202130 
512 521 391 1553088202145 
512 515 391 1553088202163 
512 508 391 1553088202180 
512 502 391 1553088202196 
512 497 390 1553088202214 
512 496 390 1553088202247 
512 494 390 1553088202262 
512 491 388 1553088202279 
512 487 386 1553088202297 
512 483 383 1553088202312 
512 480 381 1553088202329 
512 479 379 1553088202347 
512 477 376 1553088202364 
512 477 374 1553088202379 
512 476 373 1553088202397 
512 475 372 1553088202429 
513 475 372 1553088202502 
514 475 372 1553088202598 
512 474 372 1553088202613 
512 474 373 1553088202629 
512 475 374 1553088202713 
512 475 375 1553088202730 
512 477 377 1553088202746 
512 479 383 1553088202762 
512 486 397 1553088202781 
512 505 419 1553088202796 
512 546 438 1553088202812 
512 629 441 1553088202829 
512 771 376 1553088202846 
512 814 335 1553088202863 
512 823 305 1553088202880 
512 823 285 1553088202896 
512 814 265 1553088202913 
512 808 252 1553088202930 
512 805 245 1553088202946 
512 803 242 1553088202964 
512 801 240 1553088202980 
512 796 236 1553088202996 
512 780 232 1553088203014 
512 764 228 1553088203029 
512 744 222 1553088203047 
512 730 219 1553088203064 
512 724 216 1553088203079 
512 721 214 1553088203097 
512 718 213 1553088203113 
512 712 211 1553088203130 
512 706 210 1553088203146 
512 701 208 1553088203163 
512 697 207 1553088203180 
512 696 207 1553088203246 
512 695 207 1553088203263 
512 692 207 1553088203280 
513 692 207 1553088203334 
514 692 207 1553088203437 
512 692 208 1553088203548 
512 692 212 1553088203565 
512 692 216 1553088203580 
512 692 222 1553088203598 
512 692 223 1553088203613 
512 692 224 1553088203664 
512 694 231 1553088203681 
512 707 245 1553088203697 
512 726 264 1553088203714 
512 754 285 1553088203730 
512 795 314 1553088203748 
512 838 342 1553088203764 
512 881 366 1553088203780 
512 915 384 1553088203798 
512 917 385 1553088203814 
512 925 385 1553088203997 
512 926 385 1553088204015 
512 927 384 1553088204063 
512 928 382 1553088204082 
512 928 380 1553088204097 
512 928 378 1553088204113 
512 928 375 1553088204131 
513 928 375 1553088204198 
514 928 375 1553088204285 
512 921 374 1553088204347 
512 899 380 1553088204364 
512 874 392 1553088204380 
512 851 404 1553088204397 
512 831 417 1553088204415 
512 822 424 1553088204430 
512 821 427 1553088204449 
512 819 432 1553088204464 
512 815 441 1553088204480 
512 807 454 1553088204497 
512 788 473 1553088204515 
512 752 497 1553088204532 
512 708 526 1553088204547 
512 673 549 1553088204564 
512 632 576 1553088204582 
512 621 583 1553088204597 
512 595 600 1553088204614 
512 590 603 1553088204630 
512 589 604 1553088204647 
512 586 607 1553088204698 
512 579 613 1553088204714 
512 576 616 1553088204733 
512 575 619 1553088204748 
512 572 626 1553088204766 
512 571 628 1553088204781 
512 563 636 1553088204798 
512 559 639 1553088204814 
512 553 642 1553088204831 
513 553 642 1553088204982 
514 553 642 1553088205085 
512 552 642 1553088205132 
512 554 632 1553088205148 
512 557 618 1553088205165 
512 563 600 1553088205182 
512 574 571 1553088205199 
512 579 552 1553088205214 
512 581 534 1553088205231 
512 581 521 1553088205249 
512 581 509 1553088205266 
512 581 501 1553088205283 
512 583 495 1553088205299 
512 584 494 1553088205314 
512 586 493 1553088205331 
512 597 493 1553088205349 
512 624 504 1553088205364 
512 676 537 1553088205381 
512 710 564 1553088205399 
512 756 596 1553088205416 
512 785 616 1553088205431 
512 802 630 1553088205449 
512 807 634 1553088205466 
512 809 636 1553088205481 
512 810 637 1553088205499 
512 813 637 1553088205532 
512 819 638 1553088205548 
512 829 642 1553088205565 
512 841 644 1553088205582 
512 842 646 1553088205598 
512 843 646 1553088205683 
512 845 645 1553088205698 
512 846 645 1553088205716 
513 846 645 1553088205783 
514 846 645 1553088205885 
512 846 643 1553088205932 
512 841 638 1553088205948 
512 836 621 1553088205967 
512 834 606 1553088205982 
512 833 590 1553088205998 
512 833 575 1553088206015 
512 833 566 1553088206033 
512 832 554 1553088206048 
512 829 544 1553088206066 
512 828 531 1553088206082 
512 828 508 1553088206099 
512 848 479 1553088206115 
512 880 451 1553088206133 
512 904 430 1553088206148 
512 933 405 1553088206166 
512 946 394 1553088206183 
512 950 390 1553088206198 
512 950 389 1553088206215 
512 951 389 1553088206232 
512 951 386 1553088206300 
512 951 384 1553088206315 
512 951 383 1553088206349 
512 948 382 1553088206366 
512 943 380 1553088206382 
512 938 378 1553088206400 
512 934 376 1553088206415 
512 931 374 1553088206433 
512 929 374 1553088206449 
512 927 373 1553088206483 
512 926 373 1553088206498 
512 926 372 1553088206517 
513 926 372 1553088206574 
514 926 372 1553088206669 
512 919 374 1553088206734 
512 915 376 1553088206750 
512 914 376 1553088206766 
512 912 377 1553088206783 
512 899 377 1553088206800 
512 867 377 1553088206816 
512 813 377 1553088206833 
512 768 378 1553088206849 
512 728 382 1553088206866 
512 679 382 1553088206884 
512 618 384 1553088206899 
512 545 384 1553088206916 
512 500 388 1553088206933 
512 465 388 1553088206949 
512 455 387 1553088206967 
512 451 383 1553088206983 
512 449 380 1553088207000 
512 448 378 1553088207016 
512 448 376 1553088207034 
512 447 374 1553088207049 
512 447 372 1553088207066 
512 449 372 1553088207216 
512 452 372 1553088207234 
512 454 372 1553088207249 
512 455 372 1553088207266 
512 456 372 1553088207300 
512 459 371 1553088207334 
512 465 370 1553088207349 
512 473 369 1553088207366 
512 475 368 1553088207383 
513 475 368 1553088207510 
514 475 368 1553088207613 
512 477 376 1553088207733 
512 486 388 1553088207749 
512 497 402 1553088207767 
512 515 412 1553088207784 
512 539 423 1553088207800 
512 556 435 1553088207816 
512 568 452 1553088207834 
512 569 470 1553088207850 
512 569 490 1553088207866 
512 567 510 1553088207883 
512 558 532 1553088207900 
512 549 557 1553088207916 
512 548 588 1553088207935 
512 548 595 1553088207950 
512 548 596 1553088207967 
512 549 600 1553088208066 
512 553 606 1553088208084 
512 557 612 1553088208100 
512 561 616 1553088208117 
512 567 622 1553088208135 
512 568 624 1553088208150 
512 568 625 1553088208167 
512 568 628 1553088208184 
512 568 629 1553088208200 
512 568 630 1553088208217 
512 568 632 1553088208234 
512 568 635 1553088208251 
512 568 636 1553088208268 
512 568 637 1553088208300 
513 568 637 1553088208422 
514 568 637 1553088208525 
512 568 633 1553088208569 
512 568 632 1553088208584 
512 568 631 1553088208601 
512 586 616 1553088208751 
512 624 601 1553088208769 
512 638 593 1553088208784 
512 638 592 1553088208801 
512 638 590 1553088208818 
512 632 589 1553088208834 
512 629 589 1553088208852 
512 626 590 1553088208867 
512 620 596 1553088208885 
512 616 601 1553088208900 
512 613 605 1553088208917 
512 609 610 1553088208934 
512 604 617 1553088208950 
512 597 625 1553088208969 
512 593 631 1553088208984 
512 589 635 1553088209001 
512 587 635 1553088209018 
512 585 636 1553088209036 
512 584 636 1553088209052 
512 581 636 1553088209068 
512 579 636 1553088209084 
512 574 636 1553088209102 
512 573 636 1553088209134 
512 571 636 1553088209151 
512 570 636 1553088209167 
512 568 636 1553088209184 
512 565 636 1553088209201 
512 563 637 1553088209218 
512 561 638 1553088209235 
512 560 638 1553088209286 
512 560 639 1553088209301 
512 560 640 1553088209342 
513 560 640 1553088209342 
512 560 641 1553088209351 
512 559 642 1553088209369 
514 559 642 1553088209437 
512 559 642 1553088209452 
512 559 643 1553088209518 
512 562 644 1553088209534 
512 569 644 1553088209551 
512 573 641 1553088209568 
512 578 635 1553088209585 
512 582 631 1553088209601 
512 592 622 1553088209618 
512 610 606 1553088209636 
512 652 565 1553088209651 
512 679 522 1553088209670 
512 692 483 1553088209684 
512 694 437 1553088209701 
512 697 397 1553088209719 
512 697 361 1553088209734 
512 692 336 1553088209751 
512 690 323 1553088209768 
512 689 314 1553088209786 
512 689 311 1553088209802 
512 689 308 1553088209819 
512 689 306 1553088209835 
512 689 304 1553088209851 
512 689 302 1553088209869 
512 689 297 1553088209886 
512 689 295 1553088209902 
512 689 291 1553088209918 
512 691 284 1553088209935 
512 693 275 1553088209951 
512 693 269 1553088209969 
512 695 261 1553088209986 
512 698 253 1553088210001 
512 700 244 1553088210019 
512 704 238 1553088210036 
512 705 233 1553088210051 
512 705 231 1553088210069 
512 705 229 1553088210086 
512 705 228 1553088210103 
512 705 227 1553088210119 
512 705 224 1553088210136 
512 705 222 1553088210152 
512 705 220 1553088210168 
512 705 218 1553088210185 
512 705 214 1553088210268 
512 705 213 1553088210285 
512 705 211 1553088210303 
512 704 209 1553088210318 
513 704 209 1553088210390 
514 704 209 1553088210485 
