512 698 212 1553088237341 
512 694 220 1553088237358 
512 685 235 1553088237374 
512 675 272 1553088237391 
512 665 312 1553088237407 
512 654 351 1553088237424 
512 640 390 1553088237441 
512 631 435 1553088237459 
512 630 485 1553088237475 
512 630 539 1553088237491 
512 649 597 1553088237508 
512 678 641 1553088237524 
512 710 668 1553088237541 
512 736 684 1553088237559 
512 757 692 1553088237575 
512 775 700 1553088237591 
512 780 700 1553088237608 
512 782 700 1553088237625 
512 787 697 1553088237642 
512 795 688 1553088237659 
512 801 684 1553088237676 
512 805 682 1553088237691 
512 807 681 1553088237707 
512 811 677 1553088237724 
512 815 671 1553088237742 
512 815 668 1553088237758 
512 815 666 1553088237775 
512 816 662 1553088237791 
512 819 659 1553088237808 
512 821 657 1553088237824 
512 824 656 1553088237842 
512 825 655 1553088237858 
512 826 654 1553088237875 
512 827 654 1553088237892 
512 827 653 1553088237909 
512 829 652 1553088237941 
512 830 652 1553088237959 
512 833 652 1553088237976 
512 834 652 1553088238008 
512 836 652 1553088238041 
512 837 651 1553088238059 
512 838 651 1553088238125 
512 839 650 1553088238158 
513 839 650 1553088238167 
512 840 650 1553088238209 
514 840 650 1553088238263 
512 840 650 1553088238276 
512 834 647 1553088238308 
512 821 639 1553088238326 
512 804 626 1553088238341 
512 787 609 1553088238359 
512 770 591 1553088238375 
512 767 579 1553088238392 
512 767 574 1553088238410 
512 770 571 1553088238425 
512 772 568 1553088238442 
512 772 563 1553088238459 
512 772 557 1553088238476 
512 758 547 1553088238493 
512 736 537 1553088238509 
512 699 522 1553088238525 
512 659 505 1553088238543 
512 610 483 1553088238558 
512 549 455 1553088238575 
512 530 446 1553088238593 
512 524 443 1553088238609 
512 524 442 1553088238626 
512 523 438 1553088238642 
512 522 434 1553088238659 
512 522 430 1553088238675 
512 520 424 1553088238692 
512 518 419 1553088238710 
512 515 414 1553088238726 
512 515 411 1553088238744 
512 514 409 1553088238759 
512 510 403 1553088238775 
512 507 397 1553088238792 
512 502 393 1553088238809 
512 497 389 1553088238825 
512 492 386 1553088238842 
512 492 385 1553088238860 
512 490 385 1553088238908 
512 487 385 1553088238926 
512 481 384 1553088238942 
512 478 382 1553088238959 
512 476 382 1553088238975 
512 475 382 1553088238992 
512 474 381 1553088239059 
512 473 380 1553088239092 
512 472 379 1553088239110 
513 472 379 1553088239167 
514 472 379 1553088239255 
512 473 386 1553088239326 
512 482 399 1553088239342 
512 494 417 1553088239359 
512 511 448 1553088239377 
512 525 472 1553088239392 
512 548 503 1553088239409 
512 574 531 1553088239426 
512 589 543 1553088239444 
512 599 551 1553088239459 
512 606 558 1553088239476 
512 610 564 1553088239492 
512 613 565 1553088239510 
512 620 565 1553088239526 
512 650 538 1553088239543 
512 662 523 1553088239559 
512 678 482 1553088239576 
512 679 454 1553088239594 
512 673 425 1553088239609 
512 667 399 1553088239626 
512 666 377 1553088239643 
512 666 361 1553088239660 
512 672 346 1553088239676 
512 676 337 1553088239694 
512 679 329 1553088239711 
512 681 322 1553088239726 
512 683 313 1553088239742 
512 686 304 1553088239760 
512 688 299 1553088239776 
512 693 291 1553088239794 
512 696 282 1553088239809 
512 699 274 1553088239827 
512 701 267 1553088239843 
512 702 262 1553088239860 
512 702 258 1553088239878 
512 702 252 1553088239893 
512 702 248 1553088239911 
512 702 246 1553088239926 
512 702 243 1553088239944 
512 702 241 1553088239960 
512 701 238 1553088239976 
512 701 236 1553088239994 
512 701 234 1553088240011 
512 699 230 1553088240026 
512 699 229 1553088240044 
512 699 227 1553088240059 
512 699 225 1553088240077 
512 699 221 1553088240093 
512 699 218 1553088240110 
512 699 214 1553088240126 
512 699 210 1553088240144 
512 699 209 1553088240159 
512 699 208 1553088240176 
512 699 207 1553088240195 
512 699 206 1553088240210 
513 699 206 1553088240248 
514 699 206 1553088240343 
512 699 208 1553088240410 
512 701 223 1553088240426 
512 705 241 1553088240445 
512 712 264 1553088240460 
512 721 289 1553088240477 
512 726 312 1553088240494 
512 732 332 1553088240510 
512 739 355 1553088240527 
512 761 405 1553088240544 
512 788 439 1553088240560 
512 815 457 1553088240577 
512 840 460 1553088240594 
512 859 455 1553088240610 
512 870 448 1553088240628 
512 878 440 1553088240643 
512 885 433 1553088240661 
512 893 423 1553088240677 
512 903 412 1553088240694 
512 913 404 1553088240710 
512 923 395 1553088240727 
512 930 390 1553088240745 
512 934 387 1553088240761 
512 936 384 1553088240777 
512 938 382 1553088240795 
512 939 381 1553088240810 
512 939 379 1553088240827 
512 940 376 1553088240860 
512 941 375 1553088240877 
512 938 375 1553088241028 
512 935 375 1553088241043 
512 934 375 1553088241061 
512 933 375 1553088241077 
512 932 375 1553088241094 
513 932 375 1553088241200 
514 932 375 1553088241296 
512 922 379 1553088241344 
512 905 387 1553088241362 
512 884 396 1553088241378 
512 873 408 1553088241394 
512 867 423 1553088241412 
512 862 436 1553088241429 
512 858 450 1553088241444 
512 847 470 1553088241462 
512 832 490 1553088241477 
512 805 512 1553088241495 
512 790 522 1553088241512 
512 773 531 1553088241529 
512 754 540 1553088241545 
512 727 546 1553088241561 
512 695 555 1553088241577 
512 666 567 1553088241594 
512 653 575 1553088241611 
512 649 581 1553088241628 
512 643 591 1553088241645 
512 636 602 1553088241662 
512 627 613 1553088241679 
512 617 621 1553088241694 
512 609 625 1553088241712 
512 598 631 1553088241728 
512 590 634 1553088241745 
512 581 639 1553088241761 
512 574 641 1553088241777 
512 568 642 1553088241795 
512 563 644 1553088241812 
512 561 645 1553088241827 
512 560 645 1553088241879 
513 560 645 1553088241992 
514 560 645 1553088242095 
512 559 645 1553088242144 
512 564 634 1553088242162 
512 572 615 1553088242178 
512 582 590 1553088242196 
512 591 562 1553088242212 
512 593 540 1553088242228 
512 593 526 1553088242246 
512 593 512 1553088242262 
512 593 503 1553088242278 
512 596 496 1553088242295 
512 597 494 1553088242312 
512 599 494 1553088242328 
512 607 496 1553088242345 
512 631 514 1553088242361 
512 672 548 1553088242378 
512 727 591 1553088242395 
512 781 625 1553088242412 
512 820 646 1553088242429 
512 837 654 1553088242445 
512 839 655 1553088242461 
512 841 655 1553088242511 
512 845 655 1553088242529 
512 849 655 1553088242545 
512 855 655 1553088242561 
512 859 655 1553088242579 
512 859 654 1553088242679 
512 854 647 1553088242696 
512 852 645 1553088242711 
512 851 645 1553088242745 
512 849 644 1553088242762 
512 848 643 1553088242795 
512 847 643 1553088242812 
512 846 642 1553088242830 
513 846 642 1553088242887 
514 846 642 1553088242999 
512 843 637 1553088243095 
512 842 628 1553088243112 
512 839 618 1553088243129 
512 836 606 1553088243145 
512 833 593 1553088243162 
512 832 579 1553088243180 
512 832 566 1553088243195 
512 838 550 1553088243212 
512 850 534 1553088243230 
512 867 517 1553088243245 
512 890 485 1553088243263 
512 898 475 1553088243278 
512 910 451 1553088243295 
512 916 439 1553088243312 
512 924 426 1553088243330 
512 927 418 1553088243346 
512 930 413 1553088243364 
512 932 407 1553088243380 
512 933 403 1553088243396 
512 934 399 1553088243412 
512 936 395 1553088243430 
512 936 392 1553088243445 
512 937 387 1553088243464 
512 937 386 1553088243479 
512 937 385 1553088243497 
512 937 384 1553088243645 
512 937 383 1553088243663 
512 936 383 1553088243679 
512 936 382 1553088243696 
513 936 382 1553088243728 
514 936 382 1553088243839 
512 910 382 1553088244081 
512 838 393 1553088244096 
512 744 406 1553088244113 
512 661 410 1553088244129 
512 601 410 1553088244146 
512 568 410 1553088244164 
512 555 409 1553088244180 
512 553 408 1553088244197 
512 551 407 1553088244247 
512 542 405 1553088244264 
512 539 405 1553088244281 
512 538 405 1553088244296 
512 536 403 1553088244329 
512 532 400 1553088244346 
512 522 398 1553088244363 
512 511 394 1553088244380 
512 500 390 1553088244396 
512 495 388 1553088244414 
512 491 385 1553088244429 
512 490 384 1553088244447 
512 488 383 1553088244464 
512 484 382 1553088244479 
512 477 380 1553088244497 
512 476 379 1553088244513 
512 475 378 1553088244548 
512 474 378 1553088244563 
512 473 378 1553088244581 
512 470 376 1553088244598 
513 470 376 1553088244671 
514 470 376 1553088244791 
512 472 380 1553088244897 
512 474 387 1553088244913 
512 476 397 1553088244931 
512 478 408 1553088244948 
512 482 424 1553088244963 
512 487 438 1553088244981 
512 494 451 1553088244996 
512 501 461 1553088245013 
512 506 470 1553088245030 
512 516 490 1553088245047 
512 524 506 1553088245064 
512 530 521 1553088245082 
512 532 531 1553088245097 
512 532 538 1553088245114 
512 532 548 1553088245131 
512 532 560 1553088245147 
512 532 572 1553088245164 
512 534 583 1553088245181 
512 534 590 1553088245197 
512 534 595 1553088245214 
512 536 600 1553088245231 
512 538 607 1553088245248 
512 540 610 1553088245264 
512 541 614 1553088245282 
512 542 617 1553088245297 
512 542 619 1553088245314 
512 545 623 1553088245332 
512 546 628 1553088245347 
512 548 631 1553088245364 
512 550 635 1553088245381 
512 550 637 1553088245397 
512 552 640 1553088245415 
512 554 641 1553088245431 
512 555 642 1553088245447 
512 556 642 1553088245499 
512 558 643 1553088245515 
512 559 643 1553088245530 
513 559 643 1553088245560 
512 560 644 1553088245582 
514 560 644 1553088245663 
512 560 644 1553088245663 
512 561 644 1553088245681 
512 561 642 1553088245714 
512 561 636 1553088245730 
512 561 628 1553088245749 
512 561 616 1553088245764 
512 567 600 1553088245781 
512 575 581 1553088245797 
512 586 562 1553088245815 
512 600 538 1553088245830 
512 613 502 1553088245848 
512 618 479 1553088245864 
512 620 460 1553088245881 
512 623 439 1553088245898 
512 631 415 1553088245915 
512 643 385 1553088245931 
512 654 351 1553088245948 
512 661 323 1553088245966 
512 665 302 1553088245980 
512 667 282 1553088245998 
512 676 256 1553088246014 
512 683 228 1553088246031 
512 693 200 1553088246048 
512 697 190 1553088246064 
512 700 182 1553088246081 
512 703 179 1553088246097 
512 705 177 1553088246114 
512 705 175 1553088246132 
512 706 174 1553088246147 
512 706 175 1553088246264 
512 706 179 1553088246281 
512 703 188 1553088246298 
512 701 197 1553088246315 
512 697 206 1553088246331 
512 695 211 1553088246349 
512 694 213 1553088246366 
512 693 214 1553088246382 
513 693 214 1553088246495 
514 693 214 1553088246591 
