512 698 205 1553106722266 
512 698 209 1553106722281 
512 698 216 1553106722299 
512 698 224 1553106722316 
512 706 242 1553106722332 
512 713 260 1553106722349 
512 725 283 1553106722366 
512 740 303 1553106722382 
512 754 317 1553106722399 
512 767 323 1553106722415 
512 779 325 1553106722432 
512 793 333 1553106722449 
512 804 348 1553106722466 
512 817 369 1553106722482 
512 830 399 1553106722499 
512 840 432 1553106722515 
512 847 469 1553106722532 
512 848 495 1553106722549 
512 848 516 1553106722566 
512 848 535 1553106722582 
512 845 553 1553106722600 
512 845 560 1553106722616 
512 845 563 1553106722632 
512 845 565 1553106722649 
512 844 571 1553106722666 
512 844 581 1553106722683 
512 844 589 1553106722698 
512 844 594 1553106722716 
512 844 596 1553106722732 
512 844 599 1553106722748 
512 844 603 1553106722766 
512 844 610 1553106722783 
512 841 620 1553106722799 
512 840 633 1553106722816 
512 840 638 1553106722833 
512 838 641 1553106722850 
512 838 643 1553106722865 
512 838 644 1553106722882 
513 838 644 1553106723017 
514 838 644 1553106723088 
512 837 645 1553106723166 
512 837 644 1553106723184 
512 834 636 1553106723200 
512 834 624 1553106723216 
512 834 603 1553106723232 
512 833 581 1553106723250 
512 825 553 1553106723266 
512 810 524 1553106723283 
512 791 490 1553106723299 
512 757 447 1553106723316 
512 718 421 1553106723333 
512 665 400 1553106723349 
512 617 389 1553106723367 
512 584 383 1553106723383 
512 561 380 1553106723400 
512 557 379 1553106723417 
512 555 379 1553106723450 
512 550 381 1553106723467 
512 540 384 1553106723483 
512 532 386 1553106723499 
512 527 387 1553106723519 
512 525 387 1553106723565 
512 514 387 1553106723583 
512 505 383 1553106723600 
512 497 382 1553106723616 
512 488 378 1553106723633 
512 484 376 1553106723650 
512 482 376 1553106723667 
512 482 375 1553106723683 
512 481 375 1553106723700 
512 479 374 1553106723716 
512 476 374 1553106723733 
512 474 373 1553106723751 
512 472 372 1553106723767 
512 471 371 1553106723784 
512 470 371 1553106723817 
513 470 371 1553106723881 
514 470 371 1553106723978 
512 473 371 1553106724034 
512 490 370 1553106724051 
512 513 370 1553106724068 
512 532 375 1553106724084 
512 548 385 1553106724101 
512 557 399 1553106724118 
512 563 414 1553106724135 
512 566 432 1553106724151 
512 566 451 1553106724167 
512 566 464 1553106724184 
512 567 471 1553106724202 
512 568 472 1553106724218 
512 572 472 1553106724235 
512 584 460 1553106724251 
512 593 442 1553106724269 
512 604 417 1553106724285 
512 617 386 1553106724301 
512 638 345 1553106724318 
512 648 309 1553106724334 
512 655 290 1553106724351 
512 660 279 1553106724368 
512 663 273 1553106724384 
512 664 272 1553106724401 
512 665 269 1553106724418 
512 668 265 1553106724435 
512 668 263 1553106724451 
512 671 256 1553106724468 
512 675 252 1553106724484 
512 678 248 1553106724501 
512 680 246 1553106724518 
512 680 244 1553106724535 
512 681 242 1553106724551 
512 683 239 1553106724568 
512 690 228 1553106724585 
512 693 217 1553106724601 
512 694 211 1553106724618 
512 696 207 1553106724635 
512 696 206 1553106724668 
513 696 206 1553106724793 
512 696 205 1553106724818 
512 697 205 1553106724885 
512 697 206 1553106724889 
514 697 206 1553106724889 
512 697 206 1553106724902 
512 697 210 1553106724985 
512 702 222 1553106725001 
512 709 237 1553106725018 
512 721 256 1553106725035 
512 736 275 1553106725051 
512 751 288 1553106725068 
512 761 297 1553106725085 
512 771 309 1553106725101 
512 783 325 1553106725119 
512 797 342 1553106725135 
512 815 355 1553106725153 
512 839 363 1553106725168 
512 862 364 1553106725185 
512 872 364 1553106725202 
512 880 360 1553106725218 
512 884 360 1553106725236 
512 890 357 1553106725252 
512 900 357 1553106725269 
512 916 357 1553106725285 
512 928 357 1553106725302 
512 934 358 1553106725318 
512 937 360 1553106725335 
512 939 363 1553106725353 
512 940 365 1553106725368 
512 940 369 1553106725385 
512 940 372 1553106725402 
512 940 376 1553106725419 
512 938 381 1553106725435 
512 938 382 1553106725469 
512 937 382 1553106725502 
512 936 383 1553106725520 
512 935 383 1553106725602 
512 931 383 1553106725619 
512 928 380 1553106725637 
512 927 377 1553106725653 
512 926 376 1553106725669 
513 926 376 1553106725755 
514 926 376 1553106725857 
512 926 377 1553106725886 
512 925 381 1553106725903 
512 923 385 1553106725920 
512 921 392 1553106725936 
512 917 397 1553106725953 
512 908 407 1553106725969 
512 897 416 1553106725986 
512 885 425 1553106726002 
512 870 437 1553106726019 
512 854 448 1553106726035 
512 833 461 1553106726053 
512 808 472 1553106726070 
512 771 484 1553106726086 
512 722 504 1553106726103 
512 695 516 1553106726119 
512 677 529 1553106726137 
512 662 542 1553106726152 
512 650 559 1553106726170 
512 640 572 1553106726186 
512 628 586 1553106726203 
512 619 596 1553106726220 
512 613 604 1553106726236 
512 608 611 1553106726253 
512 605 616 1553106726270 
512 599 626 1553106726287 
512 593 631 1553106726302 
512 580 636 1553106726319 
512 567 643 1553106726336 
512 560 646 1553106726353 
512 559 647 1553106726370 
513 559 647 1553106726601 
514 559 647 1553106726689 
512 561 633 1553106726753 
512 569 618 1553106726769 
512 580 601 1553106726786 
512 594 584 1553106726803 
512 612 569 1553106726821 
512 628 551 1553106726837 
512 643 534 1553106726853 
512 656 525 1553106726870 
512 672 520 1553106726886 
512 690 519 1553106726903 
512 706 523 1553106726919 
512 726 535 1553106726937 
512 756 561 1553106726953 
512 774 577 1553106726971 
512 788 595 1553106726986 
512 799 606 1553106727003 
512 807 615 1553106727019 
512 813 622 1553106727037 
512 814 623 1553106727054 
512 814 624 1553106727070 
512 816 628 1553106727087 
512 820 632 1553106727104 
512 825 637 1553106727120 
512 826 638 1553106727136 
512 829 640 1553106727153 
512 832 643 1553106727170 
512 834 645 1553106727186 
512 835 645 1553106727204 
512 837 646 1553106727220 
512 839 647 1553106727236 
512 840 647 1553106727253 
512 842 647 1553106727270 
512 844 647 1553106727287 
512 845 647 1553106727321 
513 845 647 1553106727393 
514 845 647 1553106727481 
512 829 608 1553106727604 
512 825 597 1553106727621 
512 822 581 1553106727638 
512 816 565 1553106727654 
512 813 550 1553106727670 
512 813 535 1553106727687 
512 817 515 1553106727704 
512 831 497 1553106727720 
512 859 479 1553106727738 
512 878 467 1553106727755 
512 890 456 1553106727771 
512 901 448 1553106727788 
512 909 441 1553106727804 
512 915 435 1553106727821 
512 919 426 1553106727837 
512 920 419 1553106727854 
512 920 412 1553106727871 
512 920 407 1553106727887 
512 920 404 1553106727905 
512 920 398 1553106727922 
512 920 393 1553106727937 
512 920 389 1553106727954 
512 920 385 1553106727970 
512 920 380 1553106727988 
512 921 378 1553106728005 
512 921 375 1553106728021 
512 921 373 1553106728037 
512 921 372 1553106728054 
512 922 370 1553106728071 
513 922 370 1553106728169 
514 922 370 1553106728273 
512 921 370 1553106728321 
512 912 374 1553106728338 
512 893 379 1553106728355 
512 868 386 1553106728371 
512 832 396 1553106728388 
512 787 401 1553106728405 
512 746 406 1553106728422 
512 707 413 1553106728438 
512 680 414 1553106728454 
512 657 418 1553106728471 
512 636 422 1553106728489 
512 611 425 1553106728505 
512 582 428 1553106728521 
512 572 428 1553106728538 
512 568 428 1553106728555 
512 557 421 1553106728572 
512 539 411 1553106728588 
512 522 401 1553106728604 
512 509 392 1553106728622 
512 502 387 1553106728637 
512 498 386 1553106728654 
512 497 386 1553106728671 
512 496 386 1553106728687 
512 493 385 1553106728705 
512 490 385 1553106728721 
512 487 384 1553106728739 
512 486 384 1553106728772 
512 485 383 1553106728787 
512 482 381 1553106728804 
512 477 381 1553106728822 
512 474 380 1553106728839 
512 472 379 1553106728856 
512 470 378 1553106728872 
512 468 377 1553106728888 
512 467 377 1553106728904 
512 466 377 1553106728922 
512 465 376 1553106728939 
512 464 376 1553106728955 
513 464 376 1553106729009 
514 464 376 1553106729113 
512 468 381 1553106729155 
512 473 388 1553106729171 
512 482 400 1553106729188 
512 497 416 1553106729204 
512 514 436 1553106729221 
512 527 455 1553106729238 
512 535 472 1553106729255 
512 540 491 1553106729272 
512 542 512 1553106729289 
512 545 533 1553106729305 
512 556 562 1553106729322 
512 564 576 1553106729338 
512 571 586 1553106729356 
512 573 591 1553106729373 
512 575 595 1553106729388 
512 575 601 1553106729404 
512 577 606 1553106729421 
512 577 610 1553106729438 
512 579 616 1553106729455 
512 579 621 1553106729472 
512 579 627 1553106729488 
512 579 630 1553106729505 
512 579 634 1553106729523 
512 569 644 1553106729588 
512 569 645 1553106729606 
512 566 645 1553106729623 
512 564 645 1553106729639 
512 563 645 1553106729656 
512 561 645 1553106729689 
513 561 645 1553106729826 
514 561 645 1553106729937 
512 560 642 1553106729972 
512 560 636 1553106729989 
512 563 627 1553106730006 
512 567 614 1553106730023 
512 577 598 1553106730039 
512 589 585 1553106730056 
512 599 574 1553106730073 
512 612 558 1553106730090 
512 618 546 1553106730105 
512 623 531 1553106730122 
512 629 510 1553106730139 
512 644 483 1553106730155 
512 678 436 1553106730173 
512 713 384 1553106730189 
512 738 335 1553106730206 
512 755 290 1553106730222 
512 759 263 1553106730239 
512 759 240 1553106730256 
512 759 224 1553106730272 
512 752 202 1553106730290 
512 751 194 1553106730306 
512 751 189 1553106730323 
512 749 186 1553106730339 
512 748 185 1553106730356 
512 746 185 1553106730389 
512 741 185 1553106730406 
512 728 185 1553106730423 
512 711 188 1553106730439 
512 697 191 1553106730456 
512 684 196 1553106730473 
512 679 197 1553106730489 
512 678 198 1553106730506 
512 678 200 1553106730606 
512 678 201 1553106730624 
512 679 203 1553106730639 
512 682 205 1553106730656 
512 685 207 1553106730673 
512 686 207 1553106730706 
512 687 208 1553106730723 
512 688 208 1553106730740 
512 689 209 1553106730773 
512 691 209 1553106730789 
512 692 210 1553106730824 
512 693 211 1553106730840 
512 694 211 1553106730856 
512 695 211 1553106730874 
512 696 211 1553106730907 
512 697 211 1553106730937 
513 697 211 1553106730938 
512 698 212 1553106730957 
512 699 212 1553106730973 
514 699 212 1553106731065 
