512 701 210 1553260829857 
512 701 213 1553260829872 
512 699 217 1553260829889 
512 698 228 1553260829906 
512 697 246 1553260829923 
512 697 273 1553260829939 
512 697 301 1553260829956 
512 697 322 1553260829973 
512 698 334 1553260829989 
512 698 341 1553260830006 
512 698 349 1553260830022 
512 700 364 1553260830039 
512 709 385 1553260830057 
512 727 413 1553260830073 
512 737 424 1553260830090 
512 747 433 1553260830106 
512 757 442 1553260830124 
512 768 457 1553260830140 
512 777 474 1553260830156 
512 787 493 1553260830173 
512 792 511 1553260830189 
512 798 528 1553260830206 
512 800 546 1553260830223 
512 801 557 1553260830241 
512 802 567 1553260830256 
512 802 574 1553260830273 
512 802 586 1553260830290 
512 802 598 1553260830306 
512 802 607 1553260830323 
512 803 611 1553260830340 
512 804 612 1553260830356 
512 805 613 1553260830374 
512 806 615 1553260830390 
512 809 617 1553260830406 
512 813 621 1553260830423 
512 817 625 1553260830441 
512 819 625 1553260830456 
512 820 626 1553260830474 
512 823 628 1553260830507 
512 830 634 1553260830524 
512 836 638 1553260830541 
512 839 640 1553260830558 
512 839 641 1553260830589 
512 839 643 1553260830641 
512 840 644 1553260830656 
512 841 645 1553260830673 
513 841 645 1553260830769 
514 841 645 1553260830865 
512 842 645 1553260830924 
512 842 642 1553260830940 
512 841 638 1553260830958 
512 837 627 1553260830975 
512 830 606 1553260830990 
512 822 584 1553260831007 
512 815 570 1553260831025 
512 813 563 1553260831040 
512 813 560 1553260831057 
512 816 536 1553260831074 
512 816 510 1553260831090 
512 807 491 1553260831106 
512 793 480 1553260831124 
512 768 474 1553260831140 
512 743 466 1553260831157 
512 711 462 1553260831173 
512 656 451 1553260831190 
512 601 443 1553260831208 
512 574 434 1553260831223 
512 566 430 1553260831242 
512 566 429 1553260831257 
512 566 426 1553260831274 
512 566 423 1553260831290 
512 566 421 1553260831307 
512 565 418 1553260831325 
512 564 413 1553260831340 
512 560 407 1553260831358 
512 553 401 1553260831373 
512 544 397 1553260831391 
512 531 391 1553260831407 
512 518 386 1553260831424 
512 510 383 1553260831441 
512 505 380 1553260831457 
512 498 380 1553260831474 
512 495 379 1553260831491 
512 494 379 1553260831574 
512 492 379 1553260831592 
512 491 379 1553260831624 
512 490 379 1553260831640 
512 484 379 1553260831657 
512 478 379 1553260831675 
512 476 379 1553260831692 
512 475 379 1553260831708 
512 473 379 1553260831725 
512 472 379 1553260831740 
512 468 379 1553260831758 
512 466 379 1553260831774 
512 465 378 1553260831825 
513 465 378 1553260831866 
514 465 378 1553260831993 
512 483 375 1553260832325 
512 538 357 1553260832341 
512 603 329 1553260832359 
512 636 311 1553260832376 
512 664 292 1553260832391 
512 679 279 1553260832409 
512 683 272 1553260832424 
512 686 265 1553260832441 
512 686 263 1553260832459 
512 687 261 1553260832493 
512 687 255 1553260832508 
512 687 252 1553260832526 
512 687 248 1553260832542 
512 687 246 1553260832558 
512 687 245 1553260832610 
512 687 240 1553260832643 
512 687 234 1553260832658 
512 687 231 1553260832676 
512 688 227 1553260832692 
512 689 227 1553260832708 
512 689 225 1553260832725 
512 690 221 1553260832743 
512 691 220 1553260832758 
512 691 219 1553260832776 
512 691 217 1553260832908 
513 691 217 1553260832945 
514 691 217 1553260833017 
512 693 215 1553260833125 
512 696 213 1553260833159 
512 697 213 1553260833208 
512 699 212 1553260833225 
512 701 211 1553260833276 
513 701 211 1553260833337 
514 701 211 1553260833449 
512 702 211 1553260833509 
512 702 222 1553260833526 
512 702 241 1553260833542 
512 702 273 1553260833560 
512 702 309 1553260833577 
512 702 340 1553260833592 
512 702 377 1553260833609 
512 707 403 1553260833625 
512 719 434 1553260833643 
512 736 467 1553260833660 
512 758 491 1553260833677 
512 779 496 1553260833693 
512 795 496 1553260833709 
512 807 493 1553260833727 
512 820 487 1553260833742 
512 836 476 1553260833760 
512 853 458 1553260833777 
512 867 439 1553260833792 
512 880 419 1553260833809 
512 883 408 1553260833825 
512 884 398 1553260833842 
512 884 391 1553260833860 
512 884 387 1553260833876 
512 884 386 1553260833894 
512 885 384 1553260833926 
512 887 383 1553260833943 
512 888 382 1553260833959 
512 891 380 1553260833977 
512 897 379 1553260833992 
512 908 374 1553260834009 
512 916 372 1553260834026 
512 919 372 1553260834043 
512 919 371 1553260834059 
512 920 371 1553260834076 
512 921 371 1553260834094 
512 922 370 1553260834110 
512 924 370 1553260834126 
512 926 370 1553260834144 
512 928 370 1553260834160 
512 929 370 1553260834176 
512 931 369 1553260834192 
513 931 369 1553260834362 
514 931 369 1553260834449 
512 930 371 1553260834527 
512 926 376 1553260834543 
512 920 385 1553260834559 
512 911 394 1553260834578 
512 903 405 1553260834593 
512 897 417 1553260834609 
512 889 429 1553260834626 
512 882 438 1553260834643 
512 867 451 1553260834661 
512 842 466 1553260834676 
512 814 478 1553260834693 
512 788 488 1553260834709 
512 767 498 1553260834726 
512 747 508 1553260834743 
512 719 521 1553260834761 
512 696 532 1553260834776 
512 666 551 1553260834793 
512 655 561 1553260834810 
512 651 566 1553260834826 
512 648 572 1553260834844 
512 647 574 1553260834860 
512 645 579 1553260834877 
512 643 582 1553260834893 
512 642 585 1553260834910 
512 639 590 1553260834927 
512 632 594 1553260834944 
512 623 600 1553260834960 
512 608 605 1553260834978 
512 596 613 1553260834994 
512 589 617 1553260835010 
512 581 623 1553260835027 
512 575 627 1553260835043 
512 572 630 1553260835060 
512 571 632 1553260835076 
512 570 633 1553260835111 
512 570 635 1553260835161 
512 570 636 1553260835277 
512 570 637 1553260835294 
512 569 639 1553260835312 
512 568 640 1553260835327 
512 566 642 1553260835343 
512 564 642 1553260835377 
513 564 642 1553260835457 
514 564 642 1553260835553 
512 564 644 1553260835678 
512 567 642 1553260835711 
512 585 627 1553260835726 
512 608 607 1553260835744 
512 632 588 1553260835761 
512 651 577 1553260835777 
512 658 573 1553260835794 
512 659 573 1553260835810 
512 660 574 1553260835829 
512 670 580 1553260835844 
512 686 594 1553260835861 
512 708 612 1553260835877 
512 727 630 1553260835894 
512 742 646 1553260835911 
512 754 658 1553260835927 
512 764 666 1553260835945 
512 767 666 1553260835961 
512 772 666 1553260835977 
512 788 660 1553260835994 
512 808 653 1553260836011 
512 831 647 1553260836028 
512 845 641 1553260836045 
512 850 637 1553260836061 
512 851 636 1553260836077 
512 851 635 1553260836094 
512 851 634 1553260836111 
512 850 634 1553260836295 
512 844 637 1553260836310 
512 841 640 1553260836329 
512 838 642 1553260836346 
512 837 644 1553260836361 
512 836 645 1553260836378 
513 836 645 1553260836498 
514 836 645 1553260836569 
512 836 643 1553260836644 
512 836 638 1553260836662 
512 836 632 1553260836677 
512 836 628 1553260836695 
512 836 623 1553260836711 
512 836 618 1553260836729 
512 835 611 1553260836746 
512 833 604 1553260836761 
512 833 597 1553260836778 
512 834 585 1553260836795 
512 844 568 1553260836811 
512 856 545 1553260836828 
512 868 524 1553260836845 
512 874 508 1553260836862 
512 877 496 1553260836878 
512 881 482 1553260836896 
512 882 469 1553260836911 
512 883 458 1553260836928 
512 885 451 1553260836945 
512 886 449 1553260836962 
512 887 446 1553260836979 
512 889 443 1553260836996 
512 893 439 1553260837011 
512 894 434 1553260837028 
512 896 429 1553260837045 
512 900 420 1553260837062 
512 903 415 1553260837078 
512 905 408 1553260837095 
512 907 402 1553260837113 
512 910 398 1553260837128 
512 910 391 1553260837145 
512 913 387 1553260837162 
512 913 384 1553260837178 
512 915 383 1553260837195 
512 917 380 1553260837213 
512 918 379 1553260837228 
512 918 378 1553260837246 
512 918 377 1553260837261 
512 919 376 1553260837279 
512 919 375 1553260837295 
512 920 374 1553260837312 
512 921 372 1553260837328 
512 923 370 1553260837345 
513 923 370 1553260837425 
514 923 370 1553260837497 
512 918 372 1553260837595 
512 912 372 1553260837612 
512 901 372 1553260837630 
512 880 372 1553260837645 
512 842 372 1553260837661 
512 796 372 1553260837680 
512 752 372 1553260837696 
512 697 372 1553260837713 
512 666 372 1553260837729 
512 638 372 1553260837745 
512 617 372 1553260837763 
512 600 370 1553260837778 
512 589 366 1553260837796 
512 584 364 1553260837813 
512 582 362 1553260837829 
512 579 361 1553260837846 
512 573 361 1553260837862 
512 559 358 1553260837879 
512 545 357 1553260837896 
512 534 357 1553260837912 
512 529 357 1553260837929 
512 528 357 1553260837947 
512 526 358 1553260837962 
512 521 358 1553260837978 
512 518 361 1553260837996 
512 512 362 1553260838013 
512 507 364 1553260838030 
512 503 365 1553260838047 
512 500 366 1553260838064 
512 495 368 1553260838079 
512 488 371 1553260838096 
512 484 372 1553260838113 
512 483 373 1553260838129 
512 482 373 1553260838145 
512 480 373 1553260838162 
512 473 376 1553260838180 
512 469 377 1553260838196 
512 466 378 1553260838212 
512 465 379 1553260838229 
512 465 380 1553260838280 
513 465 380 1553260838377 
514 465 380 1553260838433 
512 466 379 1553260838613 
512 469 377 1553260838630 
512 477 374 1553260838646 
512 490 368 1553260838664 
512 512 357 1553260838679 
512 548 336 1553260838697 
512 564 325 1553260838714 
512 573 315 1553260838729 
512 576 310 1553260838746 
512 622 300 1553260838947 
512 685 278 1553260838964 
512 743 246 1553260838981 
512 788 203 1553260838998 
512 833 150 1553260839014 
512 866 103 1553260839031 
512 881 77 1553260839048 
512 883 66 1553260839063 
512 886 57 1553260839080 
512 887 48 1553260839096 
512 891 37 1553260839113 
512 891 35 1553260839130 
512 891 28 1553260839247 
512 886 22 1553260839264 
512 883 18 1553260839280 
512 881 17 1553260839297 
512 879 16 1553260839347 
512 870 9 1553260839363 
512 863 3 1553260839377 
512 1282 4 1553260848016 
512 1056 179 1553260848037 
512 976 245 1553260848053 
512 905 312 1553260848070 
512 837 379 1553260848087 
512 774 440 1553260848103 
512 722 502 1553260848121 
512 707 525 1553260848137 
512 705 531 1553260848153 
512 701 539 1553260848170 
512 697 544 1553260848188 
512 694 548 1553260848203 
512 685 552 1553260848220 
512 672 556 1553260848237 
512 661 557 1553260848253 
512 651 561 1553260848270 
512 648 563 1553260848286 
512 647 566 1553260848320 
512 626 582 1553260848337 
512 596 602 1553260848354 
512 561 622 1553260848370 
512 543 634 1553260848387 
512 535 641 1553260848404 
512 534 642 1553260848421 
512 534 643 1553260848437 
512 534 644 1553260848554 
512 535 644 1553260848571 
512 537 645 1553260848587 
512 541 646 1553260848603 
512 544 646 1553260848620 
512 546 646 1553260848639 
512 547 646 1553260848653 
512 548 646 1553260848737 
512 549 646 1553260848788 
512 550 646 1553260848821 
513 550 646 1553260848842 
514 550 646 1553260848945 
512 553 638 1553260849021 
512 560 621 1553260849037 
512 568 604 1553260849055 
512 576 586 1553260849070 
512 582 573 1553260849087 
512 596 557 1553260849106 
512 601 551 1553260849120 
512 614 534 1553260849139 
512 625 522 1553260849156 
512 631 515 1553260849173 
512 637 510 1553260849188 
512 645 504 1553260849206 
512 653 494 1553260849222 
512 655 486 1553260849239 
512 654 479 1553260849256 
512 650 478 1553260849272 
512 642 478 1553260849290 
512 621 494 1553260849307 
512 614 502 1553260849322 
512 600 527 1553260849339 
512 595 543 1553260849356 
512 593 559 1553260849373 
512 593 570 1553260849391 
512 599 583 1553260849407 
512 610 591 1553260849423 
512 622 598 1553260849439 
512 637 599 1553260849456 
512 657 599 1553260849472 
512 684 583 1553260849490 
512 712 546 1553260849506 
512 734 473 1553260849523 
512 737 412 1553260849540 
512 742 348 1553260849555 
512 742 288 1553260849574 
512 742 259 1553260849590 
512 742 240 1553260849606 
512 741 229 1553260849622 
512 741 222 1553260849640 
512 741 218 1553260849657 
512 741 213 1553260849674 
512 740 210 1553260849689 
512 740 209 1553260849707 
512 738 209 1553260849773 
512 729 209 1553260849789 
512 711 215 1553260849806 
512 692 217 1553260849822 
512 683 217 1553260849839 
512 682 217 1553260849922 
512 685 217 1553260850091 
512 687 217 1553260850107 
512 688 216 1553260850123 
512 690 216 1553260850139 
512 693 215 1553260850156 
512 693 214 1553260850173 
512 695 214 1553260850206 
512 697 213 1553260850298 
513 697 213 1553260850299 
514 697 213 1553260850402 
