512 705 217 1552937002040 
512 709 232 1552937002057 
512 710 247 1552937002072 
512 711 270 1552937002090 
512 721 310 1552937002106 
512 753 364 1552937002123 
512 784 383 1552937002141 
512 808 394 1552937002156 
512 823 404 1552937002173 
512 833 421 1552937002191 
512 841 446 1552937002208 
512 849 474 1552937002222 
512 853 502 1552937002240 
512 856 531 1552937002255 
512 856 563 1552937002273 
512 857 597 1552937002290 
512 857 608 1552937002306 
512 857 611 1552937002323 
512 857 612 1552937002357 
512 857 613 1552937002373 
512 856 615 1552937002389 
512 856 617 1552937002407 
512 855 618 1552937002423 
512 854 620 1552937002441 
512 852 622 1552937002457 
512 849 624 1552937002473 
512 845 631 1552937002490 
512 843 636 1552937002506 
512 842 638 1552937002524 
512 842 641 1552937002623 
513 842 641 1552937002691 
514 842 641 1552937002754 
512 842 640 1552937002824 
512 842 632 1552937002839 
512 846 618 1552937002858 
512 856 597 1552937002873 
512 874 555 1552937002891 
512 885 524 1552937002907 
512 890 495 1552937002924 
512 893 471 1552937002942 
512 897 451 1552937002957 
512 900 434 1552937002974 
512 899 419 1552937002992 
512 880 411 1552937003008 
512 845 409 1552937003023 
512 771 409 1552937003041 
512 690 409 1552937003057 
512 587 409 1552937003073 
512 506 409 1552937003090 
512 455 409 1552937003107 
512 453 409 1552937003124 
512 452 409 1552937003173 
512 452 406 1552937003191 
512 452 404 1552937003207 
512 452 401 1552937003224 
512 452 395 1552937003240 
512 447 382 1552937003258 
512 447 381 1552937003274 
512 446 381 1552937003292 
512 446 380 1552937003324 
512 446 376 1552937003342 
512 446 373 1552937003357 
512 446 370 1552937003373 
512 447 367 1552937003391 
512 448 366 1552937003407 
512 448 365 1552937003425 
512 450 365 1552937003457 
512 454 365 1552937003474 
512 458 366 1552937003491 
512 461 367 1552937003508 
512 465 369 1552937003524 
512 465 370 1552937003541 
512 466 370 1552937003556 
512 466 371 1552937003609 
512 467 374 1552937003625 
512 468 374 1552937003650 
513 468 374 1552937003651 
514 468 374 1552937003746 
512 467 376 1552937003924 
512 466 380 1552937003940 
512 466 386 1552937003958 
512 486 388 1552937003974 
512 549 378 1552937003991 
512 609 349 1552937004007 
512 637 315 1552937004025 
512 640 273 1552937004041 
512 627 243 1552937004057 
512 610 209 1552937004075 
512 608 199 1552937004091 
512 606 194 1552937004109 
512 609 194 1552937004175 
512 623 194 1552937004191 
512 650 201 1552937004209 
512 676 209 1552937004225 
512 691 213 1552937004241 
512 700 215 1552937004258 
512 709 218 1552937004274 
512 713 219 1552937004291 
512 714 219 1552937004309 
512 718 219 1552937004324 
512 720 219 1552937004343 
512 713 216 1552937004459 
512 709 214 1552937004475 
512 706 213 1552937004491 
512 705 212 1552937004509 
512 704 212 1552937004558 
512 703 212 1552937004575 
512 702 211 1552937004592 
513 702 211 1552937004643 
514 702 211 1552937004738 
512 706 232 1552937004925 
512 728 279 1552937004941 
512 777 333 1552937004958 
512 855 382 1552937004976 
512 939 408 1552937004993 
512 979 415 1552937005008 
512 995 415 1552937005025 
512 998 414 1552937005041 
512 997 408 1552937005059 
512 994 403 1552937005074 
512 991 397 1552937005093 
512 987 389 1552937005109 
512 976 375 1552937005125 
512 967 366 1552937005142 
512 956 363 1552937005159 
512 951 362 1552937005175 
512 948 361 1552937005192 
512 943 361 1552937005210 
512 939 361 1552937005225 
512 936 362 1552937005243 
512 932 363 1552937005259 
512 931 364 1552937005310 
512 930 365 1552937005326 
512 928 368 1552937005343 
512 927 370 1552937005358 
512 927 371 1552937005375 
512 927 372 1552937005408 
512 927 374 1552937005459 
513 927 374 1552937005468 
514 927 374 1552937005562 
512 926 378 1552937005658 
512 924 382 1552937005676 
512 918 392 1552937005693 
512 912 401 1552937005709 
512 900 416 1552937005727 
512 887 428 1552937005742 
512 865 438 1552937005760 
512 831 444 1552937005775 
512 774 452 1552937005793 
512 715 465 1552937005809 
512 647 491 1552937005827 
512 632 497 1552937005842 
512 592 524 1552937005859 
512 574 546 1552937005876 
512 564 564 1552937005893 
512 562 573 1552937005909 
512 562 578 1552937005926 
512 562 582 1552937005943 
512 563 588 1552937005959 
512 565 594 1552937005976 
512 567 599 1552937005992 
512 569 602 1552937006009 
512 569 604 1552937006026 
512 570 609 1552937006042 
512 571 615 1552937006060 
512 571 621 1552937006075 
512 571 626 1552937006094 
512 571 629 1552937006109 
512 570 630 1552937006125 
512 569 632 1552937006142 
512 568 633 1552937006160 
512 568 635 1552937006176 
512 567 635 1552937006192 
512 566 636 1552937006227 
512 566 637 1552937006244 
512 565 638 1552937006259 
512 564 639 1552937006309 
512 563 641 1552937006342 
513 563 641 1552937006443 
514 563 641 1552937006530 
512 565 633 1552937006594 
512 571 621 1552937006610 
512 581 607 1552937006626 
512 598 575 1552937006643 
512 604 550 1552937006660 
512 610 530 1552937006677 
512 614 516 1552937006694 
512 617 508 1552937006711 
512 621 502 1552937006728 
512 625 499 1552937006744 
512 633 499 1552937006761 
512 655 504 1552937006776 
512 690 526 1552937006793 
512 740 562 1552937006811 
512 763 584 1552937006827 
512 777 604 1552937006845 
512 788 618 1552937006860 
512 792 621 1552937006876 
512 793 622 1552937006894 
512 795 622 1552937006910 
512 799 622 1552937006927 
512 807 622 1552937006942 
512 820 622 1552937006959 
512 827 622 1552937006978 
512 828 622 1552937006993 
512 829 622 1552937007044 
512 831 622 1552937007061 
512 832 622 1552937007077 
512 834 622 1552937007093 
512 835 623 1552937007109 
512 835 624 1552937007144 
512 836 624 1552937007160 
512 838 627 1552937007178 
512 839 628 1552937007194 
512 839 630 1552937007212 
512 840 630 1552937007260 
512 841 631 1552937007294 
512 841 633 1552937007312 
512 841 634 1552937007327 
512 841 636 1552937007343 
512 841 637 1552937007360 
512 841 638 1552937007378 
513 841 638 1552937007458 
514 841 638 1552937007554 
512 841 636 1552937007678 
512 845 623 1552937007695 
512 851 605 1552937007710 
512 857 593 1552937007728 
512 862 579 1552937007743 
512 872 564 1552937007760 
512 886 545 1552937007777 
512 917 511 1552937007794 
512 934 486 1552937007810 
512 937 463 1552937007828 
512 937 452 1552937007845 
512 936 449 1552937007860 
512 935 448 1552937007877 
512 935 445 1552937007895 
512 933 440 1552937007994 
512 930 421 1552937008011 
512 925 408 1552937008027 
512 925 402 1552937008044 
512 925 400 1552937008061 
512 925 397 1552937008077 
512 925 393 1552937008093 
512 925 386 1552937008111 
512 925 380 1552937008129 
512 925 376 1552937008144 
512 925 375 1552937008161 
513 925 375 1552937008298 
514 925 375 1552937008370 
512 923 375 1552937008411 
512 921 375 1552937008562 
512 903 378 1552937008579 
512 879 378 1552937008594 
512 736 388 1552937008611 
512 637 397 1552937008627 
512 559 403 1552937008645 
512 526 403 1552937008661 
512 513 403 1552937008678 
512 512 403 1552937008694 
512 508 402 1552937008744 
512 500 399 1552937008761 
512 492 395 1552937008779 
512 488 393 1552937008794 
512 487 389 1552937008811 
512 484 384 1552937008827 
512 480 376 1552937008845 
512 474 370 1552937008862 
512 469 369 1552937008878 
512 467 367 1552937008895 
513 467 367 1552937009019 
514 467 367 1552937009114 
512 468 370 1552937009195 
512 473 375 1552937009212 
512 478 382 1552937009228 
512 488 389 1552937009245 
512 496 397 1552937009262 
512 506 403 1552937009280 
512 515 407 1552937009294 
512 520 409 1552937009312 
512 521 409 1552937009328 
512 520 407 1552937009428 
512 512 397 1552937009446 
512 497 390 1552937009461 
512 485 384 1552937009479 
512 482 382 1552937009496 
512 479 379 1552937009512 
512 479 378 1552937009546 
513 479 378 1552937009651 
514 479 378 1552937009738 
512 479 384 1552937009930 
512 482 395 1552937009946 
512 498 427 1552937009962 
512 518 468 1552937009979 
512 538 512 1552937009997 
512 549 553 1552937010013 
512 553 584 1552937010030 
512 553 606 1552937010046 
512 552 622 1552937010062 
512 549 633 1552937010079 
512 549 637 1552937010095 
512 549 639 1552937010113 
512 548 639 1552937010146 
512 548 642 1552937010247 
512 548 643 1552937010262 
512 549 644 1552937010312 
512 551 644 1552937010330 
512 552 644 1552937010346 
512 559 644 1552937010363 
512 560 645 1552937010378 
512 561 645 1552937010396 
513 561 645 1552937010475 
514 561 645 1552937010570 
512 562 643 1552937010696 
512 565 638 1552937010713 
512 571 630 1552937010730 
512 586 611 1552937010748 
512 602 592 1552937010763 
512 622 567 1552937010780 
512 641 537 1552937010797 
512 659 501 1552937010813 
512 670 451 1552937010829 
512 678 388 1552937010847 
512 678 342 1552937010863 
512 671 319 1552937010880 
512 668 303 1552937010898 
512 668 289 1552937010913 
512 670 274 1552937010929 
512 675 267 1552937010947 
512 675 266 1552937010963 
512 678 264 1552937010981 
512 681 262 1552937010996 
512 688 259 1552937011014 
512 695 254 1552937011030 
512 699 251 1552937011046 
512 702 248 1552937011064 
512 703 248 1552937011081 
512 704 246 1552937011097 
512 705 241 1552937011114 
512 706 232 1552937011130 
512 706 214 1552937011147 
512 706 205 1552937011164 
512 706 202 1552937011180 
512 706 201 1552937011280 
513 706 201 1552937011323 
512 706 202 1552937011394 
514 706 202 1552937011394 
512 706 202 1552937011397 
512 706 203 1552937011412 
512 706 204 1552937011479 
512 706 205 1552937011497 
512 706 207 1552937011513 
512 706 208 1552937011547 
512 706 209 1552937011581 
512 705 211 1552937011613 
512 702 213 1552937011631 
512 701 213 1552937011664 
513 701 213 1552937011739 
514 701 213 1552937011826 
