512 706 213 1553519831516 
512 713 228 1553519831535 
512 724 252 1553519831550 
512 738 285 1553519831567 
512 772 339 1553519831585 
512 792 368 1553519831600 
512 800 379 1553519831616 
512 823 417 1553519831634 
512 835 444 1553519831651 
512 843 468 1553519831667 
512 847 490 1553519831684 
512 849 511 1553519831700 
512 854 539 1553519831717 
512 858 563 1553519831733 
512 860 580 1553519831750 
512 862 592 1553519831768 
512 863 611 1553519831785 
512 864 626 1553519831801 
512 867 635 1553519831817 
512 867 639 1553519831833 
512 867 641 1553519831850 
512 867 642 1553519831869 
512 866 644 1553519831883 
512 864 647 1553519831900 
512 862 648 1553519831917 
512 861 649 1553519831935 
512 858 651 1553519831951 
512 854 651 1553519831968 
512 847 651 1553519831985 
512 842 651 1553519832001 
512 837 651 1553519832017 
512 836 651 1553519832034 
512 834 651 1553519832067 
512 833 651 1553519832084 
512 832 651 1553519832102 
512 831 650 1553519832117 
512 831 649 1553519832136 
512 831 648 1553519832236 
512 833 648 1553519832251 
512 834 648 1553519832267 
512 836 648 1553519832284 
513 836 648 1553519832337 
512 839 649 1553519832368 
512 840 649 1553519832418 
514 840 649 1553519832448 
512 840 649 1553519832452 
512 839 648 1553519832501 
512 831 648 1553519832517 
512 823 648 1553519832534 
512 804 649 1553519832552 
512 802 649 1553519832567 
512 798 647 1553519832584 
512 791 642 1553519832601 
512 775 629 1553519832618 
512 755 616 1553519832634 
512 739 602 1553519832651 
512 724 591 1553519832669 
512 702 568 1553519832685 
512 654 526 1553519832701 
512 596 484 1553519832718 
512 562 457 1553519832735 
512 545 439 1553519832752 
512 541 426 1553519832768 
512 539 418 1553519832784 
512 538 414 1553519832803 
512 537 411 1553519832817 
512 535 409 1553519832836 
512 532 409 1553519832851 
512 528 406 1553519832868 
512 515 405 1553519832886 
512 505 401 1553519832901 
512 496 398 1553519832917 
512 487 395 1553519832936 
512 483 394 1553519832951 
512 476 392 1553519832968 
512 471 392 1553519832985 
512 464 388 1553519833001 
512 460 385 1553519833019 
512 458 383 1553519833036 
512 457 382 1553519833051 
512 457 380 1553519833085 
512 457 379 1553519833118 
512 458 377 1553519833134 
512 459 376 1553519833151 
512 462 374 1553519833168 
512 464 373 1553519833185 
512 466 373 1553519833203 
512 467 373 1553519833218 
512 469 373 1553519833251 
512 470 373 1553519833318 
513 470 373 1553519833344 
512 471 373 1553519833368 
514 471 373 1553519833448 
512 471 373 1553519833452 
512 472 373 1553519833485 
512 473 370 1553519833501 
512 477 365 1553519833518 
512 482 355 1553519833536 
512 489 346 1553519833551 
512 498 328 1553519833570 
512 504 316 1553519833585 
512 506 309 1553519833602 
512 510 302 1553519833618 
512 516 295 1553519833635 
512 523 288 1553519833652 
512 531 279 1553519833668 
512 545 268 1553519833685 
512 561 258 1553519833701 
512 583 246 1553519833718 
512 625 227 1553519833737 
512 635 220 1553519833751 
512 652 212 1553519833768 
512 659 209 1553519833787 
512 665 207 1553519833801 
512 668 207 1553519833820 
512 671 207 1553519833836 
512 672 207 1553519833852 
512 675 207 1553519833869 
512 681 207 1553519833885 
512 687 207 1553519833902 
512 693 208 1553519833918 
512 696 209 1553519833935 
512 697 209 1553519833953 
512 699 209 1553519834002 
512 700 210 1553519834020 
512 702 210 1553519834037 
512 703 210 1553519834052 
513 703 210 1553519834137 
514 703 210 1553519834240 
512 704 212 1553519834318 
512 706 226 1553519834336 
512 717 265 1553519834353 
512 734 307 1553519834370 
512 759 354 1553519834386 
512 788 402 1553519834402 
512 807 428 1553519834419 
512 823 448 1553519834436 
512 838 463 1553519834453 
512 856 473 1553519834470 
512 870 478 1553519834486 
512 880 478 1553519834502 
512 884 478 1553519834519 
512 891 473 1553519834535 
512 905 454 1553519834552 
512 914 439 1553519834570 
512 918 428 1553519834586 
512 918 421 1553519834602 
512 918 414 1553519834619 
512 918 408 1553519834636 
512 917 403 1553519834653 
512 916 400 1553519834669 
512 916 397 1553519834686 
512 916 394 1553519834704 
512 916 391 1553519834719 
512 916 389 1553519834737 
512 916 388 1553519834753 
512 917 387 1553519834770 
512 918 385 1553519834787 
512 920 384 1553519834802 
512 921 383 1553519834819 
512 922 381 1553519834837 
512 923 381 1553519834852 
512 925 379 1553519834870 
512 925 378 1553519834886 
512 927 376 1553519834903 
512 927 375 1553519834936 
512 928 375 1553519834953 
512 928 374 1553519834969 
512 928 373 1553519834986 
513 928 373 1553519834992 
514 928 373 1553519835064 
512 923 375 1553519835137 
512 917 379 1553519835153 
512 910 389 1553519835170 
512 897 400 1553519835186 
512 883 412 1553519835203 
512 860 425 1553519835220 
512 836 440 1553519835237 
512 815 452 1553519835253 
512 799 463 1553519835270 
512 788 473 1553519835288 
512 776 487 1553519835303 
512 748 509 1553519835320 
512 722 523 1553519835336 
512 700 535 1553519835353 
512 678 550 1553519835370 
512 665 560 1553519835387 
512 655 570 1553519835403 
512 651 574 1553519835420 
512 648 578 1553519835436 
512 645 583 1553519835453 
512 642 586 1553519835469 
512 639 590 1553519835488 
512 633 596 1553519835504 
512 631 601 1553519835519 
512 621 611 1553519835537 
512 615 618 1553519835554 
512 611 624 1553519835569 
512 606 627 1553519835586 
512 603 630 1553519835604 
512 601 630 1553519835621 
512 599 631 1553519835653 
512 597 632 1553519835670 
512 593 633 1553519835686 
512 589 635 1553519835704 
512 584 637 1553519835721 
512 582 637 1553519835753 
512 581 638 1553519835771 
512 579 639 1553519835803 
512 578 640 1553519835821 
512 575 641 1553519835838 
512 574 641 1553519835871 
512 572 643 1553519835886 
512 570 643 1553519835920 
512 568 644 1553519835938 
512 564 645 1553519835954 
512 562 646 1553519835971 
512 561 646 1553519835987 
512 560 646 1553519836054 
513 560 646 1553519836105 
514 560 646 1553519836216 
512 559 646 1553519836287 
512 564 632 1553519836305 
512 569 620 1553519836320 
512 577 609 1553519836337 
512 588 596 1553519836354 
512 599 578 1553519836371 
512 609 560 1553519836388 
512 612 550 1553519836403 
512 614 545 1553519836422 
512 615 543 1553519836437 
512 621 543 1553519836470 
512 638 547 1553519836488 
512 657 559 1553519836505 
512 676 572 1553519836520 
512 699 585 1553519836537 
512 727 599 1553519836554 
512 758 615 1553519836570 
512 782 626 1553519836587 
512 800 634 1553519836605 
512 814 637 1553519836620 
512 826 639 1553519836638 
512 838 640 1553519836653 
512 849 640 1553519836671 
512 854 640 1553519836688 
512 856 640 1553519836705 
512 857 640 1553519836721 
512 860 640 1553519836755 
512 860 639 1553519836920 
512 858 639 1553519836939 
512 857 639 1553519836954 
512 854 639 1553519836972 
512 852 639 1553519836987 
512 848 639 1553519837004 
512 845 639 1553519837022 
512 844 639 1553519837038 
512 842 640 1553519837054 
512 839 640 1553519837071 
512 838 641 1553519837087 
513 838 641 1553519837184 
514 838 641 1553519837280 
512 837 631 1553519837337 
512 837 618 1553519837355 
512 837 602 1553519837371 
512 839 583 1553519837388 
512 839 564 1553519837404 
512 839 547 1553519837422 
512 832 531 1553519837438 
512 827 517 1553519837455 
512 822 504 1553519837471 
512 816 488 1553519837488 
512 814 475 1553519837505 
512 815 465 1553519837521 
512 821 455 1553519837539 
512 827 447 1553519837555 
512 839 438 1553519837572 
512 851 431 1553519837588 
512 868 423 1553519837605 
512 880 416 1553519837623 
512 889 409 1553519837639 
512 894 403 1553519837655 
512 901 398 1553519837672 
512 914 389 1553519837688 
512 919 384 1553519837706 
512 925 380 1553519837723 
512 928 378 1553519837739 
512 930 374 1553519837755 
513 930 374 1553519837936 
514 930 374 1553519838008 
512 921 373 1553519838155 
512 899 368 1553519838173 
512 875 363 1553519838190 
512 856 359 1553519838205 
512 837 354 1553519838221 
512 814 349 1553519838238 
512 781 346 1553519838256 
512 731 341 1553519838272 
512 651 341 1553519838289 
512 600 341 1553519838305 
512 563 342 1553519838323 
512 537 349 1553519838339 
512 526 355 1553519838356 
512 520 359 1553519838372 
512 517 362 1553519838389 
512 516 363 1553519838406 
512 516 364 1553519838440 
512 515 366 1553519838489 
512 513 368 1553519838506 
512 512 369 1553519838522 
512 510 371 1553519838539 
512 509 373 1553519838556 
512 503 375 1553519838572 
512 489 376 1553519838590 
512 478 378 1553519838607 
512 471 378 1553519838622 
512 467 378 1553519838640 
512 466 378 1553519838689 
512 465 378 1553519838723 
512 464 379 1553519838740 
513 464 379 1553519838904 
514 464 379 1553519839000 
512 474 380 1553519839155 
512 492 380 1553519839173 
512 513 380 1553519839189 
512 531 378 1553519839207 
512 542 376 1553519839222 
512 544 376 1553519839241 
512 551 384 1553519839273 
512 557 400 1553519839289 
512 563 424 1553519839306 
512 565 450 1553519839324 
512 568 478 1553519839339 
512 568 508 1553519839356 
512 568 541 1553519839373 
512 568 568 1553519839390 
512 570 587 1553519839406 
512 571 595 1553519839423 
512 572 599 1553519839440 
512 573 603 1553519839456 
512 573 604 1553519839473 
512 573 607 1553519839557 
512 573 609 1553519839573 
512 572 614 1553519839590 
512 569 617 1553519839607 
512 567 622 1553519839622 
512 563 628 1553519839640 
512 561 631 1553519839656 
512 560 634 1553519839674 
512 560 638 1553519839689 
512 560 643 1553519839707 
512 560 646 1553519839724 
512 560 647 1553519839740 
512 560 648 1553519839757 
512 560 650 1553519839773 
512 560 651 1553519839806 
512 560 652 1553519839824 
513 560 652 1553519839880 
514 560 652 1553519839984 
512 560 650 1553519840007 
512 558 647 1553519840023 
512 558 643 1553519840040 
512 558 633 1553519840057 
512 558 628 1553519840074 
512 558 621 1553519840089 
512 559 611 1553519840107 
512 563 595 1553519840124 
512 567 572 1553519840140 
512 570 545 1553519840158 
512 577 516 1553519840173 
512 586 488 1553519840190 
512 611 446 1553519840208 
512 620 430 1553519840223 
512 640 400 1553519840240 
512 661 359 1553519840257 
512 670 336 1553519840274 
512 673 315 1553519840290 
512 675 296 1553519840306 
512 679 279 1553519840324 
512 685 263 1553519840341 
512 688 252 1553519840357 
512 690 243 1553519840374 
512 692 238 1553519840390 
512 692 236 1553519840407 
512 692 235 1553519840423 
512 692 233 1553519840440 
512 692 231 1553519840457 
512 693 228 1553519840473 
512 694 224 1553519840492 
512 694 223 1553519840540 
512 694 220 1553519840558 
512 695 217 1553519840575 
512 696 213 1553519840591 
512 697 210 1553519840607 
512 699 208 1553519840623 
512 699 207 1553519840641 
512 699 206 1553519840657 
512 699 204 1553519840675 
512 700 203 1553519840707 
513 700 203 1553519840744 
514 700 203 1553519840824 
