512 700 204 1553519840890 
512 701 214 1553519840908 
512 705 228 1553519840923 
512 712 246 1553519840942 
512 727 266 1553519840958 
512 743 281 1553519840974 
512 755 289 1553519840990 
512 763 297 1553519841007 
512 778 317 1553519841024 
512 789 334 1553519841041 
512 801 357 1553519841057 
512 812 376 1553519841074 
512 822 395 1553519841091 
512 828 413 1553519841107 
512 832 431 1553519841125 
512 832 452 1553519841141 
512 832 474 1553519841158 
512 832 497 1553519841175 
512 832 519 1553519841190 
512 832 538 1553519841207 
512 832 562 1553519841224 
512 832 576 1553519841241 
512 832 585 1553519841257 
512 832 591 1553519841274 
512 832 597 1553519841291 
512 833 601 1553519841307 
512 834 604 1553519841325 
512 834 607 1553519841442 
512 834 609 1553519841457 
512 834 613 1553519841474 
512 835 619 1553519841492 
512 836 623 1553519841507 
512 836 627 1553519841525 
512 838 632 1553519841542 
512 838 634 1553519841558 
512 838 636 1553519841574 
512 838 638 1553519841591 
512 836 641 1553519841607 
512 836 642 1553519841625 
513 836 642 1553519841768 
514 836 642 1553519841824 
512 835 640 1553519841908 
512 831 634 1553519841925 
512 823 626 1553519841942 
512 812 611 1553519841958 
512 798 591 1553519841974 
512 781 566 1553519841992 
512 748 513 1553519842009 
512 722 474 1553519842025 
512 693 447 1553519842041 
512 658 427 1553519842059 
512 634 414 1553519842074 
512 614 405 1553519842093 
512 597 398 1553519842109 
512 580 390 1553519842125 
512 564 385 1553519842141 
512 551 378 1553519842158 
512 546 374 1553519842174 
512 538 371 1553519842191 
512 533 367 1553519842209 
512 532 367 1553519842226 
512 531 367 1553519842241 
512 529 367 1553519842259 
512 528 367 1553519842276 
512 521 367 1553519842293 
512 511 367 1553519842309 
512 499 367 1553519842325 
512 492 367 1553519842343 
512 488 367 1553519842359 
512 487 368 1553519842391 
512 485 368 1553519842442 
512 484 370 1553519842458 
512 482 370 1553519842475 
512 481 371 1553519842560 
513 481 371 1553519842696 
512 479 371 1553519842808 
514 479 371 1553519842816 
512 479 371 1553519842825 
512 478 372 1553519843009 
512 477 373 1553519843026 
512 476 373 1553519843075 
513 476 373 1553519843112 
514 476 373 1553519843224 
512 476 375 1553519843309 
512 476 381 1553519843326 
512 479 389 1553519843343 
512 481 399 1553519843359 
512 485 412 1553519843375 
512 489 426 1553519843392 
512 494 435 1553519843410 
512 501 445 1553519843425 
512 509 449 1553519843443 
512 527 449 1553519843459 
512 554 446 1553519843476 
512 586 429 1553519843492 
512 605 409 1553519843510 
512 620 389 1553519843525 
512 636 361 1553519843544 
512 650 335 1553519843560 
512 663 309 1553519843576 
512 675 282 1553519843593 
512 678 265 1553519843610 
512 682 254 1553519843627 
512 685 245 1553519843642 
512 689 237 1553519843661 
512 691 230 1553519843676 
512 695 224 1553519843694 
512 698 221 1553519843711 
512 700 219 1553519843727 
512 701 219 1553519843742 
512 702 218 1553519843759 
512 703 216 1553519843842 
512 703 212 1553519843860 
512 703 211 1553519843876 
512 703 208 1553519843893 
512 703 206 1553519843909 
512 703 205 1553519843926 
513 703 205 1553519843984 
514 703 205 1553519844088 
512 703 208 1553519844160 
512 703 216 1553519844177 
512 704 220 1553519844193 
512 705 224 1553519844210 
512 707 228 1553519844228 
512 711 236 1553519844244 
512 717 246 1553519844259 
512 726 256 1553519844277 
512 739 269 1553519844293 
512 753 279 1553519844311 
512 772 291 1553519844327 
512 794 302 1553519844343 
512 820 310 1553519844361 
512 833 311 1553519844378 
512 841 312 1553519844393 
512 852 314 1553519844411 
512 865 317 1553519844427 
512 877 322 1553519844443 
512 882 326 1553519844459 
512 886 328 1553519844477 
512 887 329 1553519844494 
512 889 333 1553519844510 
512 893 342 1553519844526 
512 895 348 1553519844544 
512 901 359 1553519844560 
512 903 363 1553519844576 
512 905 365 1553519844593 
512 906 369 1553519844610 
512 906 371 1553519844626 
512 909 374 1553519844643 
512 912 376 1553519844660 
512 914 379 1553519844677 
512 916 380 1553519844694 
512 918 381 1553519844726 
512 919 382 1553519844743 
512 921 382 1553519844761 
512 922 383 1553519844776 
512 923 383 1553519844795 
512 924 383 1553519844810 
512 925 383 1553519844995 
513 925 383 1553519845000 
514 925 383 1553519845088 
512 917 383 1553519845362 
512 899 387 1553519845378 
512 874 393 1553519845393 
512 848 402 1553519845411 
512 824 417 1553519845428 
512 790 437 1553519845445 
512 752 462 1553519845460 
512 716 484 1553519845477 
512 693 502 1553519845494 
512 677 517 1553519845511 
512 663 533 1553519845527 
512 646 554 1553519845544 
512 639 566 1553519845561 
512 634 574 1553519845578 
512 633 577 1553519845595 
512 633 580 1553519845610 
512 633 583 1553519845627 
512 631 585 1553519845645 
512 629 588 1553519845660 
512 626 592 1553519845678 
512 625 595 1553519845695 
512 623 596 1553519845710 
512 619 600 1553519845727 
512 605 608 1553519845745 
512 596 613 1553519845761 
512 589 617 1553519845777 
512 584 621 1553519845795 
512 578 624 1553519845810 
512 575 628 1553519845828 
512 570 632 1553519845844 
512 568 634 1553519845861 
512 566 635 1553519845877 
512 565 637 1553519845895 
512 562 641 1553519845911 
512 559 642 1553519845928 
512 558 643 1553519845944 
512 558 644 1553519845977 
513 558 644 1553519846065 
514 558 644 1553519846160 
512 557 641 1553519846228 
512 559 631 1553519846245 
512 565 617 1553519846262 
512 574 598 1553519846277 
512 585 576 1553519846295 
512 597 556 1553519846312 
512 620 537 1553519846328 
512 642 525 1553519846344 
512 664 515 1553519846362 
512 690 509 1553519846379 
512 716 507 1553519846394 
512 742 507 1553519846412 
512 760 513 1553519846429 
512 776 524 1553519846444 
512 784 533 1553519846463 
512 789 542 1553519846477 
512 794 553 1553519846495 
512 799 572 1553519846512 
512 804 588 1553519846528 
512 807 602 1553519846544 
512 811 610 1553519846561 
512 813 614 1553519846578 
512 813 615 1553519846595 
512 814 618 1553519846628 
512 817 620 1553519846646 
512 822 623 1553519846662 
512 826 625 1553519846678 
512 828 625 1553519846696 
512 830 627 1553519846712 
512 834 628 1553519846729 
512 841 631 1553519846744 
512 845 632 1553519846763 
512 846 633 1553519846779 
512 847 634 1553519846796 
512 847 635 1553519846813 
512 847 636 1553519846880 
512 847 637 1553519846913 
512 847 638 1553519847028 
512 847 640 1553519847046 
512 847 641 1553519847079 
512 847 642 1553519847180 
513 847 642 1553519847192 
514 847 642 1553519847280 
512 847 643 1553519847312 
512 844 639 1553519847329 
512 840 627 1553519847345 
512 836 610 1553519847363 
512 830 591 1553519847378 
512 825 572 1553519847396 
512 820 552 1553519847413 
512 812 532 1553519847428 
512 805 510 1553519847446 
512 799 487 1553519847464 
512 798 468 1553519847479 
512 798 450 1553519847497 
512 803 440 1553519847513 
512 814 427 1553519847529 
512 830 416 1553519847546 
512 848 410 1553519847562 
512 867 405 1553519847579 
512 881 402 1553519847596 
512 894 395 1553519847612 
512 901 392 1553519847630 
512 905 390 1553519847645 
512 909 389 1553519847664 
512 914 387 1553519847680 
512 921 383 1553519847697 
512 922 383 1553519847714 
512 923 383 1553519847730 
512 925 381 1553519847813 
512 926 380 1553519847847 
513 926 380 1553519847912 
514 926 380 1553519847992 
512 919 377 1553519848096 
512 898 370 1553519848113 
512 870 361 1553519848129 
512 846 351 1553519848146 
512 820 339 1553519848164 
512 800 329 1553519848179 
512 781 324 1553519848196 
512 759 319 1553519848213 
512 739 317 1553519848229 
512 719 317 1553519848246 
512 702 317 1553519848263 
512 676 320 1553519848279 
512 621 326 1553519848297 
512 587 332 1553519848313 
512 564 338 1553519848331 
512 554 341 1553519848346 
512 551 342 1553519848363 
512 550 343 1553519848379 
512 548 345 1553519848447 
512 547 346 1553519848463 
512 546 348 1553519848480 
512 546 349 1553519848496 
512 544 351 1553519848514 
512 543 353 1553519848530 
512 540 355 1553519848547 
512 533 360 1553519848563 
512 525 364 1553519848580 
512 515 366 1553519848597 
512 504 368 1553519848613 
512 492 369 1553519848629 
512 484 369 1553519848647 
512 481 370 1553519848663 
512 480 370 1553519848680 
512 478 371 1553519848714 
512 477 371 1553519848747 
512 475 372 1553519848913 
512 474 372 1553519848930 
512 473 372 1553519848980 
513 473 372 1553519849056 
514 473 372 1553519849160 
512 472 386 1553519849548 
512 479 408 1553519849564 
512 495 443 1553519849581 
512 504 469 1553519849597 
512 514 492 1553519849613 
512 524 515 1553519849631 
512 531 531 1553519849648 
512 541 555 1553519849665 
512 545 564 1553519849680 
512 548 569 1553519849697 
512 550 573 1553519849714 
512 554 577 1553519849731 
512 557 584 1553519849748 
512 563 590 1553519849764 
512 566 593 1553519849780 
512 566 595 1553519849814 
512 566 598 1553519849865 
512 566 601 1553519849880 
512 566 605 1553519849898 
512 568 610 1553519849915 
512 568 613 1553519849931 
512 568 614 1553519849947 
512 568 615 1553519849964 
512 568 616 1553519849980 
512 568 620 1553519849998 
512 568 626 1553519850015 
512 568 630 1553519850031 
512 568 634 1553519850047 
512 569 635 1553519850065 
512 569 636 1553519850080 
512 569 637 1553519850098 
512 569 640 1553519850115 
512 569 642 1553519850131 
512 569 645 1553519850147 
512 569 647 1553519850165 
512 568 648 1553519850181 
512 567 649 1553519850214 
512 567 650 1553519850232 
512 565 652 1553519850248 
512 564 653 1553519850265 
512 562 655 1553519850281 
512 561 656 1553519850298 
512 560 657 1553519850331 
512 559 657 1553519850365 
512 558 658 1553519850381 
512 558 656 1553519850514 
512 558 655 1553519850532 
512 558 654 1553519850547 
512 558 652 1553519850565 
512 558 651 1553519850582 
512 558 649 1553519850598 
512 558 648 1553519850816 
512 558 646 1553519850832 
513 558 646 1553519850920 
514 558 646 1553519851008 
512 558 642 1553519851215 
512 558 639 1553519851233 
512 556 639 1553519851265 
512 549 639 1553519851282 
512 544 639 1553519851299 
512 543 638 1553519851315 
512 549 629 1553519851416 
512 581 603 1553519851433 
512 631 565 1553519851449 
512 688 511 1553519851465 
512 738 452 1553519851483 
512 785 377 1553519851498 
512 808 323 1553519851516 
512 829 272 1553519851531 
512 837 246 1553519851549 
512 841 231 1553519851566 
512 842 225 1553519851581 
512 842 218 1553519851599 
512 842 213 1553519851615 
512 842 210 1553519851633 
512 842 209 1553519851649 
512 842 208 1553519851666 
512 830 207 1553519851849 
512 811 207 1553519851867 
512 787 207 1553519851883 
512 767 207 1553519851899 
512 751 211 1553519851915 
512 743 215 1553519851932 
512 742 216 1553519851950 
512 740 218 1553519852048 
512 729 218 1553519852067 
512 711 218 1553519852084 
512 695 218 1553519852099 
512 687 218 1553519852117 
512 686 218 1553519852134 
512 685 218 1553519852184 
512 685 217 1553519852234 
512 685 214 1553519852249 
512 687 213 1553519852268 
512 688 212 1553519852284 
512 690 211 1553519852301 
512 693 211 1553519852318 
512 694 209 1553519852334 
512 697 209 1553519852350 
512 698 209 1553519852367 
513 698 209 1553519852466 
514 698 209 1553519852554 
