512 698 220 1553519871049 
512 724 282 1553519871066 
512 747 339 1553519871082 
512 765 382 1553519871100 
512 776 422 1553519871116 
512 782 448 1553519871132 
512 785 475 1553519871148 
512 789 496 1553519871166 
512 790 516 1553519871183 
512 790 539 1553519871199 
512 794 561 1553519871215 
512 800 581 1553519871232 
512 805 595 1553519871248 
512 812 608 1553519871267 
512 814 612 1553519871283 
512 817 616 1553519871300 
512 817 619 1553519871316 
512 820 626 1553519871332 
512 824 632 1553519871348 
512 829 636 1553519871365 
512 832 639 1553519871383 
512 833 640 1553519871398 
512 834 640 1553519871483 
512 835 640 1553519871499 
512 838 641 1553519871565 
512 840 642 1553519871582 
512 841 644 1553519871599 
512 842 644 1553519871615 
513 842 644 1553519871658 
514 842 644 1553519871753 
512 837 636 1553519871817 
512 829 619 1553519871832 
512 819 599 1553519871849 
512 803 567 1553519871866 
512 791 546 1553519871882 
512 778 525 1553519871900 
512 762 504 1553519871915 
512 751 484 1553519871932 
512 746 464 1553519871951 
512 741 444 1553519871965 
512 734 431 1553519871983 
512 726 424 1553519871999 
512 712 419 1553519872016 
512 686 413 1553519872033 
512 650 407 1553519872049 
512 567 403 1553519872066 
512 526 403 1553519872083 
512 509 407 1553519872099 
512 503 410 1553519872118 
512 502 411 1553519872200 
512 501 411 1553519872216 
512 497 411 1553519872251 
512 493 406 1553519872267 
512 490 401 1553519872283 
512 485 394 1553519872301 
512 479 388 1553519872317 
512 470 379 1553519872333 
512 464 374 1553519872349 
512 463 373 1553519872366 
512 463 372 1553519872399 
513 463 372 1553519872522 
514 463 372 1553519872617 
512 463 373 1553519872633 
512 463 377 1553519872649 
512 465 384 1553519872666 
512 468 387 1553519872683 
512 475 387 1553519872699 
512 490 387 1553519872716 
512 510 387 1553519872734 
512 530 387 1553519872749 
512 546 388 1553519872768 
512 554 392 1553519872784 
512 559 396 1553519872799 
512 569 404 1553519872818 
512 571 406 1553519872833 
512 574 407 1553519872850 
512 574 408 1553519872917 
512 572 408 1553519872935 
512 551 409 1553519872951 
512 518 402 1553519872966 
512 486 389 1553519872983 
512 469 378 1553519873000 
512 465 376 1553519873017 
512 465 374 1553519873035 
512 464 374 1553519873100 
512 465 374 1553519873267 
512 466 374 1553519873317 
513 466 374 1553519873362 
514 466 374 1553519873489 
512 470 374 1553519873567 
512 476 373 1553519873583 
512 503 365 1553519873602 
512 513 362 1553519873617 
512 555 344 1553519873633 
512 588 330 1553519873650 
512 625 316 1553519873668 
512 657 309 1553519873685 
512 682 303 1553519873700 
512 701 298 1553519873717 
512 714 293 1553519873735 
512 722 288 1553519873750 
512 729 280 1553519873767 
512 733 267 1553519873784 
512 733 256 1553519873801 
512 733 242 1553519873817 
512 733 230 1553519873834 
512 733 223 1553519873850 
512 733 219 1553519873867 
512 731 212 1553519873884 
512 728 207 1553519873900 
512 727 206 1553519873917 
512 724 205 1553519873935 
512 720 204 1553519873952 
512 713 203 1553519873968 
512 709 203 1553519873984 
512 704 203 1553519874002 
512 703 203 1553519874068 
512 701 203 1553519874084 
512 700 203 1553519874134 
513 700 203 1553519874202 
514 700 203 1553519874289 
512 700 206 1553519874336 
512 702 218 1553519874352 
512 709 236 1553519874367 
512 718 253 1553519874385 
512 727 269 1553519874401 
512 751 296 1553519874418 
512 766 312 1553519874434 
512 777 326 1553519874452 
512 785 335 1553519874469 
512 788 339 1553519874484 
512 791 343 1553519874503 
512 798 350 1553519874517 
512 814 355 1553519874536 
512 840 360 1553519874553 
512 864 361 1553519874567 
512 893 361 1553519874586 
512 899 360 1553519874601 
512 912 356 1553519874618 
512 914 355 1553519874635 
512 914 354 1553519874652 
512 915 354 1553519874718 
512 916 354 1553519874734 
512 919 357 1553519874751 
512 920 362 1553519874768 
512 920 367 1553519874785 
512 922 374 1553519874801 
512 924 379 1553519874818 
512 925 381 1553519874836 
512 927 384 1553519874851 
512 928 385 1553519874868 
512 928 386 1553519874885 
512 929 385 1553519875036 
512 929 383 1553519875051 
512 929 380 1553519875068 
512 928 379 1553519875085 
512 928 378 1553519875168 
512 928 377 1553519875185 
512 928 376 1553519875219 
513 928 376 1553519875219 
514 928 376 1553519875305 
512 927 376 1553519875337 
512 921 376 1553519875352 
512 901 377 1553519875368 
512 865 377 1553519875385 
512 783 377 1553519875403 
512 726 377 1553519875418 
512 680 377 1553519875435 
512 650 383 1553519875453 
512 634 389 1553519875468 
512 620 395 1553519875485 
512 609 401 1553519875502 
512 599 407 1553519875518 
512 588 412 1553519875536 
512 566 422 1553519875553 
512 550 430 1553519875568 
512 535 449 1553519875586 
512 531 463 1553519875601 
512 526 481 1553519875618 
512 523 501 1553519875636 
512 520 523 1553519875651 
512 519 544 1553519875669 
512 519 564 1553519875685 
512 521 582 1553519875702 
512 526 593 1553519875718 
512 532 603 1553519875736 
512 537 610 1553519875752 
512 543 619 1553519875769 
512 547 624 1553519875785 
512 551 630 1553519875802 
512 552 631 1553519875869 
512 553 632 1553519875885 
512 554 633 1553519875903 
512 555 634 1553519875919 
512 556 635 1553519875936 
512 558 637 1553519875952 
512 560 638 1553519875969 
512 562 640 1553519875986 
512 562 641 1553519876002 
512 562 642 1553519876019 
512 562 644 1553519876053 
512 562 645 1553519876069 
513 562 645 1553519876130 
514 562 645 1553519876233 
512 564 641 1553519876270 
512 567 633 1553519876287 
512 572 627 1553519876303 
512 577 615 1553519876319 
512 586 602 1553519876337 
512 597 579 1553519876353 
512 617 528 1553519876370 
512 626 490 1553519876386 
512 632 467 1553519876402 
512 636 456 1553519876419 
512 640 445 1553519876436 
512 644 441 1553519876453 
512 649 439 1553519876470 
512 655 439 1553519876487 
512 668 441 1553519876502 
512 699 459 1553519876519 
512 749 495 1553519876536 
512 803 532 1553519876552 
512 850 571 1553519876571 
512 864 586 1553519876585 
512 872 598 1553519876603 
512 872 603 1553519876619 
512 873 608 1553519876636 
512 873 614 1553519876652 
512 873 622 1553519876670 
512 876 634 1553519876686 
512 877 640 1553519876702 
512 878 643 1553519876719 
512 876 644 1553519876804 
512 870 643 1553519876819 
512 865 642 1553519876836 
512 864 642 1553519876853 
512 863 642 1553519876869 
512 862 642 1553519876903 
512 860 641 1553519876920 
512 858 641 1553519876936 
512 856 641 1553519876953 
512 855 641 1553519876970 
512 853 641 1553519877004 
512 851 642 1553519877037 
512 849 642 1553519877053 
512 846 642 1553519877070 
513 846 642 1553519877226 
514 846 642 1553519877322 
512 842 631 1553519877370 
512 842 619 1553519877386 
512 842 603 1553519877403 
512 842 590 1553519877421 
512 842 571 1553519877436 
512 842 552 1553519877454 
512 842 535 1553519877470 
512 842 521 1553519877486 
512 842 515 1553519877504 
512 845 510 1553519877520 
512 849 505 1553519877537 
512 857 497 1553519877555 
512 865 489 1553519877570 
512 874 474 1553519877587 
512 885 458 1553519877603 
512 893 443 1553519877620 
512 901 428 1553519877636 
512 906 419 1553519877654 
512 911 413 1553519877671 
512 913 409 1553519877688 
512 913 407 1553519877704 
512 913 406 1553519877721 
512 914 406 1553519877736 
512 914 404 1553519877753 
512 914 403 1553519877788 
512 915 400 1553519877805 
512 916 398 1553519877821 
512 916 396 1553519877838 
512 917 393 1553519877855 
512 919 389 1553519877870 
512 920 386 1553519877888 
512 920 385 1553519877905 
512 921 384 1553519877921 
512 922 382 1553519877938 
512 924 380 1553519877954 
512 927 378 1553519877972 
512 930 375 1553519877987 
512 931 374 1553519878004 
512 932 373 1553519878020 
512 933 372 1553519878037 
512 933 371 1553519878054 
513 933 371 1553519878106 
514 933 371 1553519878201 
512 921 372 1553519878437 
512 886 377 1553519878455 
512 824 382 1553519878472 
512 761 382 1553519878489 
512 698 381 1553519878504 
512 659 373 1553519878521 
512 626 369 1553519878539 
512 609 367 1553519878554 
512 593 367 1553519878572 
512 574 367 1553519878588 
512 554 367 1553519878604 
512 538 367 1553519878622 
512 529 367 1553519878637 
512 526 367 1553519878654 
512 525 367 1553519878687 
512 524 367 1553519878705 
512 523 367 1553519878721 
512 512 369 1553519878739 
512 501 370 1553519878754 
512 489 370 1553519878771 
512 478 370 1553519878789 
512 471 370 1553519878804 
512 469 370 1553519878821 
512 468 370 1553519878871 
512 467 371 1553519879021 
513 467 371 1553519879050 
514 467 371 1553519879153 
512 471 371 1553519879205 
512 478 371 1553519879222 
512 493 371 1553519879238 
512 516 371 1553519879255 
512 536 370 1553519879271 
512 557 365 1553519879288 
512 574 359 1553519879306 
512 586 350 1553519879322 
512 605 335 1553519879338 
512 616 325 1553519879354 
512 623 321 1553519879373 
512 624 321 1553519879388 
512 627 322 1553519879406 
512 628 327 1553519879422 
512 628 339 1553519879438 
512 628 359 1553519879455 
512 627 387 1553519879471 
512 615 428 1553519879488 
512 602 469 1553519879504 
512 596 497 1553519879521 
512 588 532 1553519879539 
512 587 547 1553519879555 
512 587 555 1553519879571 
512 587 561 1553519879588 
512 587 567 1553519879605 
512 587 573 1553519879623 
512 587 577 1553519879638 
512 587 578 1553519879655 
512 587 580 1553519879671 
512 586 581 1553519879689 
512 585 583 1553519879705 
512 583 588 1553519879722 
512 579 591 1553519879739 
512 575 596 1553519879755 
512 572 600 1553519879772 
512 569 604 1553519879788 
512 569 607 1553519879805 
512 568 612 1553519879823 
512 567 616 1553519879839 
512 565 620 1553519879855 
512 564 621 1553519879872 
512 564 623 1553519879888 
512 564 628 1553519879906 
512 562 631 1553519879922 
512 562 633 1553519879939 
512 562 635 1553519879956 
512 562 636 1553519879972 
512 562 637 1553519879989 
512 562 639 1553519880023 
512 561 642 1553519880038 
512 561 643 1553519880055 
512 561 646 1553519880072 
512 560 648 1553519880089 
512 560 649 1553519880105 
512 560 650 1553519880122 
513 560 650 1553519880154 
514 560 650 1553519880233 
512 560 647 1553519880272 
512 567 636 1553519880290 
512 572 629 1553519880305 
512 581 613 1553519880322 
512 592 600 1553519880340 
512 602 589 1553519880355 
512 613 574 1553519880372 
512 623 558 1553519880389 
512 628 545 1553519880407 
512 629 540 1553519880423 
512 631 536 1553519880440 
512 637 528 1553519880455 
512 650 511 1553519880472 
512 673 470 1553519880490 
512 683 434 1553519880506 
512 685 401 1553519880523 
512 685 377 1553519880539 
512 682 349 1553519880555 
512 677 327 1553519880573 
512 674 316 1553519880589 
512 674 310 1553519880607 
512 674 306 1553519880623 
512 674 303 1553519880640 
512 673 300 1553519880656 
512 673 296 1553519880674 
512 673 294 1553519880690 
512 673 290 1553519880706 
512 673 284 1553519880722 
512 674 279 1553519880739 
512 678 271 1553519880756 
512 680 262 1553519880772 
512 683 252 1553519880789 
512 686 245 1553519880807 
512 688 236 1553519880822 
512 690 229 1553519880840 
512 692 225 1553519880857 
512 694 221 1553519880873 
512 695 218 1553519880890 
512 695 216 1553519880906 
512 696 215 1553519880922 
512 696 213 1553519880940 
512 696 211 1553519880956 
513 696 211 1553519881122 
512 697 211 1553519881139 
512 698 211 1553519881156 
514 698 211 1553519881201 
