512 696 206 1553538858511 
512 696 211 1553538858527 
512 696 215 1553538858543 
512 697 222 1553538858559 
512 700 231 1553538858578 
512 710 259 1553538858595 
512 713 269 1553538858610 
512 735 314 1553538858628 
512 756 345 1553538858643 
512 772 363 1553538858661 
512 787 373 1553538858677 
512 793 379 1553538858693 
512 796 385 1553538858711 
512 801 396 1553538858726 
512 805 413 1553538858744 
512 815 434 1553538858761 
512 828 466 1553538858778 
512 830 473 1553538858794 
512 833 489 1553538858810 
512 834 512 1553538858828 
512 834 524 1553538858844 
512 834 534 1553538858860 
512 833 544 1553538858878 
512 832 556 1553538858894 
512 831 566 1553538858910 
512 831 575 1553538858926 
512 831 586 1553538858945 
512 831 597 1553538858960 
512 831 607 1553538858977 
512 831 613 1553538858994 
512 833 622 1553538859010 
512 833 628 1553538859027 
512 833 632 1553538859045 
512 833 635 1553538859060 
512 834 637 1553538859195 
512 835 638 1553538859210 
512 840 640 1553538859227 
512 841 641 1553538859245 
512 841 643 1553538859261 
513 841 643 1553538859322 
514 841 643 1553538859418 
512 841 641 1553538859443 
512 840 633 1553538859461 
512 840 625 1553538859479 
512 840 614 1553538859494 
512 839 602 1553538859511 
512 838 584 1553538859527 
512 838 563 1553538859544 
512 838 539 1553538859562 
512 833 515 1553538859577 
512 823 494 1553538859594 
512 812 482 1553538859611 
512 792 468 1553538859627 
512 756 448 1553538859645 
512 702 422 1553538859662 
512 619 392 1553538859678 
512 545 367 1553538859695 
512 498 353 1553538859711 
512 480 348 1553538859728 
512 478 348 1553538859744 
512 477 348 1553538859895 
512 480 355 1553538859911 
512 484 361 1553538859928 
512 488 368 1553538859944 
512 491 371 1553538859961 
512 491 375 1553538859978 
512 491 376 1553538860010 
512 488 376 1553538860111 
512 486 376 1553538860128 
512 480 376 1553538860145 
512 476 376 1553538860162 
512 475 376 1553538860194 
512 474 376 1553538860211 
513 474 376 1553538860306 
514 474 376 1553538860394 
512 473 376 1553538860494 
512 478 376 1553538860512 
512 496 383 1553538860528 
512 518 393 1553538860545 
512 543 402 1553538860561 
512 570 405 1553538860578 
512 588 400 1553538860595 
512 601 384 1553538860612 
512 611 363 1553538860628 
512 620 341 1553538860645 
512 630 319 1553538860663 
512 644 294 1553538860679 
512 655 282 1553538860696 
512 662 275 1553538860712 
512 668 269 1553538860729 
512 671 265 1553538860745 
512 672 265 1553538860778 
512 674 264 1553538860811 
512 679 259 1553538860829 
512 684 253 1553538860845 
512 688 245 1553538860862 
512 691 239 1553538860878 
512 691 232 1553538860896 
512 691 226 1553538860913 
512 691 222 1553538860928 
512 691 217 1553538860945 
512 692 206 1553538860962 
512 692 203 1553538860978 
512 693 202 1553538861130 
512 695 202 1553538861163 
513 695 202 1553538861163 
512 695 204 1553538861228 
514 695 204 1553538861242 
512 695 204 1553538861245 
512 697 207 1553538861346 
512 697 208 1553538861362 
512 700 215 1553538861380 
512 704 223 1553538861396 
512 710 237 1553538861413 
512 718 256 1553538861430 
512 736 286 1553538861445 
512 763 320 1553538861463 
512 798 347 1553538861479 
512 826 357 1553538861495 
512 851 360 1553538861512 
512 866 360 1553538861528 
512 868 360 1553538861546 
512 869 358 1553538861563 
512 869 353 1553538861579 
512 869 348 1553538861595 
512 869 343 1553538861612 
512 869 340 1553538861629 
512 869 338 1553538861647 
512 870 338 1553538861662 
512 872 338 1553538861728 
512 887 348 1553538861747 
512 891 352 1553538861762 
512 903 365 1553538861779 
512 907 372 1553538861796 
512 914 376 1553538861813 
512 916 377 1553538861830 
512 917 377 1553538862029 
512 919 378 1553538862046 
512 920 378 1553538862112 
512 921 379 1553538862130 
513 921 379 1553538862170 
514 921 379 1553538862274 
512 912 390 1553538862479 
512 872 412 1553538862497 
512 822 440 1553538862513 
512 768 464 1553538862529 
512 696 504 1553538862546 
512 655 531 1553538862562 
512 623 553 1553538862579 
512 600 570 1553538862597 
512 583 581 1553538862613 
512 573 587 1553538862630 
512 570 590 1553538862647 
512 566 594 1553538862662 
512 564 595 1553538862680 
512 562 598 1553538862697 
512 561 601 1553538862713 
512 560 607 1553538862730 
512 558 612 1553538862747 
512 557 615 1553538862763 
512 557 617 1553538862780 
512 557 620 1553538862796 
512 557 623 1553538862813 
512 555 627 1553538862831 
512 554 631 1553538862846 
512 554 634 1553538862863 
512 554 635 1553538862880 
512 554 637 1553538862913 
512 554 638 1553538862930 
512 554 641 1553538862946 
512 555 641 1553538862964 
513 555 641 1553538863067 
514 555 641 1553538863154 
512 555 642 1553538863181 
512 555 641 1553538863197 
512 558 635 1553538863215 
512 564 628 1553538863231 
512 575 619 1553538863247 
512 592 606 1553538863264 
512 614 591 1553538863280 
512 640 573 1553538863298 
512 670 553 1553538863313 
512 698 528 1553538863330 
512 727 495 1553538863347 
512 735 486 1553538863363 
512 739 482 1553538863380 
512 740 481 1553538863397 
512 742 481 1553538863414 
512 747 481 1553538863431 
512 757 486 1553538863448 
512 774 503 1553538863465 
512 788 523 1553538863480 
512 802 542 1553538863496 
512 812 560 1553538863513 
512 818 577 1553538863531 
512 822 586 1553538863548 
512 826 594 1553538863564 
512 827 597 1553538863580 
512 828 601 1553538863598 
512 831 608 1553538863614 
512 831 613 1553538863631 
512 832 617 1553538863647 
512 833 619 1553538863664 
512 833 620 1553538863680 
512 834 621 1553538863698 
512 835 623 1553538863730 
512 838 626 1553538863748 
512 838 627 1553538863763 
512 838 628 1553538863797 
512 839 631 1553538863831 
512 841 634 1553538863848 
512 841 636 1553538863863 
512 841 638 1553538863881 
512 841 639 1553538863898 
513 841 639 1553538863978 
514 841 639 1553538864090 
512 843 639 1553538864114 
512 845 635 1553538864131 
512 846 627 1553538864149 
512 848 617 1553538864165 
512 849 603 1553538864181 
512 849 586 1553538864199 
512 849 564 1553538864214 
512 849 546 1553538864231 
512 849 532 1553538864249 
512 849 523 1553538864264 
512 858 504 1553538864282 
512 861 495 1553538864298 
512 870 481 1553538864314 
512 886 453 1553538864331 
512 896 437 1553538864348 
512 901 426 1553538864365 
512 905 416 1553538864382 
512 907 408 1553538864399 
512 910 401 1553538864416 
512 912 392 1553538864431 
512 914 387 1553538864449 
512 915 385 1553538864466 
512 917 381 1553538864481 
512 918 378 1553538864498 
512 920 375 1553538864514 
512 921 372 1553538864531 
512 922 372 1553538864547 
512 923 371 1553538864565 
512 924 369 1553538864581 
512 926 369 1553538864632 
513 926 369 1553538864706 
514 926 369 1553538864810 
512 927 369 1553538864849 
512 927 370 1553538864864 
512 925 372 1553538864881 
512 916 373 1553538864898 
512 903 374 1553538864915 
512 884 374 1553538864932 
512 852 374 1553538864948 
512 810 374 1553538864965 
512 778 374 1553538864981 
512 737 374 1553538864998 
512 704 374 1553538865015 
512 673 379 1553538865032 
512 648 383 1553538865049 
512 623 384 1553538865065 
512 602 385 1553538865082 
512 589 385 1553538865098 
512 584 385 1553538865115 
512 583 385 1553538865132 
512 581 385 1553538865149 
512 565 385 1553538865165 
512 532 375 1553538865182 
512 506 371 1553538865199 
512 494 366 1553538865215 
512 492 366 1553538865232 
512 491 366 1553538865265 
512 487 366 1553538865281 
512 474 366 1553538865298 
512 472 366 1553538865315 
512 470 367 1553538865465 
512 470 369 1553538865481 
512 468 375 1553538865500 
512 468 378 1553538865515 
512 467 378 1553538865533 
513 467 378 1553538865586 
514 467 378 1553538865667 
512 473 382 1553538865766 
512 483 387 1553538865782 
512 497 394 1553538865799 
512 521 403 1553538865816 
512 540 406 1553538865832 
512 555 408 1553538865849 
512 566 408 1553538865866 
512 572 408 1553538865883 
512 575 408 1553538865917 
512 576 417 1553538865932 
512 577 435 1553538865949 
512 577 454 1553538865967 
512 577 479 1553538865982 
512 577 501 1553538865999 
512 577 521 1553538866016 
512 577 536 1553538866032 
512 576 552 1553538866050 
512 574 573 1553538866066 
512 574 585 1553538866082 
512 574 590 1553538866100 
512 574 596 1553538866116 
512 574 597 1553538866133 
512 574 599 1553538866166 
512 574 600 1553538866183 
512 574 601 1553538866199 
512 574 602 1553538866216 
512 573 604 1553538866232 
512 571 608 1553538866250 
512 567 612 1553538866266 
512 566 615 1553538866282 
512 562 619 1553538866299 
512 562 624 1553538866317 
512 560 629 1553538866333 
512 559 632 1553538866349 
512 559 634 1553538866366 
512 559 635 1553538866399 
512 559 637 1553538866416 
512 558 638 1553538866432 
512 558 640 1553538866450 
512 558 641 1553538866466 
512 558 642 1553538866483 
513 558 642 1553538866554 
514 558 642 1553538866635 
512 559 641 1553538866683 
512 567 633 1553538866699 
512 580 623 1553538866717 
512 593 610 1553538866733 
512 608 591 1553538866750 
512 620 567 1553538866766 
512 635 543 1553538866783 
512 647 522 1553538866800 
512 659 507 1553538866817 
512 674 490 1553538866834 
512 699 453 1553538866850 
512 731 381 1553538866867 
512 733 350 1553538866883 
512 733 322 1553538866901 
512 732 302 1553538866917 
512 729 282 1553538866933 
512 726 264 1553538866950 
512 722 253 1553538866966 
512 720 245 1553538866984 
512 718 241 1553538867001 
512 717 238 1553538867017 
512 717 237 1553538867033 
512 714 234 1553538867049 
512 712 229 1553538867066 
512 709 226 1553538867083 
512 707 224 1553538867100 
512 706 223 1553538867116 
512 704 221 1553538867134 
512 703 219 1553538867149 
512 701 216 1553538867168 
512 700 214 1553538867183 
512 700 211 1553538867200 
512 699 209 1553538867216 
513 699 209 1553538867338 
514 699 209 1553538867402 
