512 701 221 1553538906513 
512 702 241 1553538906531 
512 709 260 1553538906546 
512 722 284 1553538906563 
512 742 323 1553538906579 
512 760 359 1553538906597 
512 780 396 1553538906613 
512 793 426 1553538906630 
512 804 448 1553538906647 
512 812 470 1553538906664 
512 825 494 1553538906679 
512 837 514 1553538906697 
512 847 526 1553538906713 
512 851 531 1553538906730 
512 852 534 1553538906747 
512 854 538 1553538906763 
512 855 544 1553538906781 
512 856 554 1553538906797 
512 858 564 1553538906813 
512 859 572 1553538906829 
512 859 578 1553538906847 
512 859 582 1553538906863 
512 859 585 1553538906880 
512 857 591 1553538906896 
512 855 598 1553538906913 
512 849 612 1553538906931 
512 845 621 1553538906947 
512 843 628 1553538906965 
512 842 631 1553538906980 
512 842 633 1553538906998 
512 842 635 1553538907014 
512 841 636 1553538907030 
512 841 639 1553538907046 
512 840 642 1553538907065 
512 840 645 1553538907081 
512 840 646 1553538907098 
513 840 646 1553538907210 
514 840 646 1553538907306 
512 836 643 1553538907397 
512 832 635 1553538907414 
512 822 622 1553538907432 
512 807 606 1553538907448 
512 789 588 1553538907465 
512 770 575 1553538907480 
512 750 563 1553538907497 
512 734 550 1553538907514 
512 697 508 1553538907531 
512 670 484 1553538907547 
512 621 453 1553538907564 
512 582 429 1553538907581 
512 552 411 1553538907597 
512 538 399 1553538907614 
512 532 391 1553538907630 
512 528 382 1553538907647 
512 524 377 1553538907664 
512 523 375 1553538907681 
512 521 373 1553538907697 
512 519 371 1553538907713 
512 516 371 1553538907730 
512 514 371 1553538907748 
512 509 371 1553538907765 
512 504 371 1553538907780 
512 498 371 1553538907798 
512 489 373 1553538907814 
512 479 376 1553538907832 
512 476 377 1553538907847 
512 475 377 1553538907864 
513 475 377 1553538908051 
514 475 377 1553538908138 
512 474 379 1553538908214 
512 482 386 1553538908230 
512 498 399 1553538908249 
512 516 415 1553538908264 
512 537 436 1553538908281 
512 564 461 1553538908298 
512 616 489 1553538908314 
512 641 490 1553538908332 
512 660 487 1553538908349 
512 675 473 1553538908365 
512 683 453 1553538908382 
512 693 414 1553538908398 
512 702 372 1553538908416 
512 708 342 1553538908432 
512 710 322 1553538908448 
512 712 308 1553538908465 
512 713 285 1553538908482 
512 713 270 1553538908498 
512 711 259 1553538908515 
512 709 252 1553538908531 
512 707 245 1553538908549 
512 704 236 1553538908565 
512 703 230 1553538908582 
512 703 225 1553538908599 
512 702 221 1553538908616 
512 702 219 1553538908633 
512 702 218 1553538908648 
512 701 216 1553538908665 
513 701 216 1553538908819 
514 701 216 1553538908930 
512 700 216 1553538908965 
512 701 222 1553538908998 
512 706 234 1553538909016 
512 715 250 1553538909032 
512 730 271 1553538909049 
512 753 303 1553538909066 
512 760 312 1553538909081 
512 787 340 1553538909099 
512 801 351 1553538909114 
512 814 363 1553538909131 
512 827 375 1553538909149 
512 840 393 1553538909165 
512 852 407 1553538909183 
512 865 418 1553538909198 
512 874 421 1553538909216 
512 878 422 1553538909232 
512 884 420 1553538909250 
512 888 416 1553538909265 
512 894 396 1553538909282 
512 900 385 1553538909299 
512 906 377 1553538909315 
512 906 376 1553538909332 
512 907 376 1553538909365 
512 908 375 1553538909383 
512 909 375 1553538909398 
512 911 374 1553538909417 
512 914 374 1553538909432 
512 916 374 1553538909448 
512 919 374 1553538909466 
512 920 374 1553538909481 
512 921 374 1553538909499 
512 922 374 1553538909517 
512 923 374 1553538909533 
512 924 375 1553538909549 
512 925 375 1553538909582 
512 925 376 1553538909599 
513 925 376 1553538909651 
514 925 376 1553538909746 
512 923 377 1553538909800 
512 915 379 1553538909816 
512 905 383 1553538909833 
512 890 389 1553538909849 
512 863 405 1553538909867 
512 839 421 1553538909883 
512 807 442 1553538909899 
512 786 454 1553538909917 
512 765 468 1553538909932 
512 748 477 1553538909948 
512 729 488 1553538909966 
512 707 504 1553538909983 
512 676 525 1553538910000 
512 643 549 1553538910015 
512 611 573 1553538910032 
512 584 594 1553538910050 
512 573 604 1553538910066 
512 569 609 1553538910082 
512 564 615 1553538910099 
512 562 617 1553538910117 
512 561 619 1553538910133 
512 560 620 1553538910149 
512 557 623 1553538910166 
512 556 625 1553538910183 
512 555 626 1553538910199 
512 555 628 1553538910216 
512 555 629 1553538910233 
512 553 631 1553538910249 
512 553 634 1553538910266 
512 553 635 1553538910283 
512 553 636 1553538910315 
512 555 638 1553538910332 
512 557 640 1553538910350 
512 558 641 1553538910365 
512 559 642 1553538910382 
512 559 643 1553538910416 
512 559 644 1553538910451 
513 559 644 1553538910506 
514 559 644 1553538910586 
512 560 644 1553538910633 
512 564 635 1553538910649 
512 575 612 1553538910666 
512 584 598 1553538910683 
512 595 582 1553538910699 
512 606 563 1553538910717 
512 623 537 1553538910732 
512 640 503 1553538910750 
512 654 471 1553538910766 
512 665 451 1553538910784 
512 676 441 1553538910800 
512 683 440 1553538910817 
512 689 440 1553538910834 
512 708 448 1553538910851 
512 726 467 1553538910866 
512 754 506 1553538910883 
512 783 548 1553538910900 
512 800 577 1553538910917 
512 811 594 1553538910933 
512 815 600 1553538910950 
512 816 602 1553538910967 
512 817 603 1553538911033 
512 818 608 1553538911051 
512 819 610 1553538911067 
512 821 611 1553538911083 
512 822 613 1553538911100 
512 823 615 1553538911116 
512 825 619 1553538911133 
512 826 623 1553538911150 
512 827 626 1553538911167 
512 828 627 1553538911201 
512 829 629 1553538911216 
512 831 631 1553538911234 
512 833 633 1553538911250 
512 836 635 1553538911267 
512 837 635 1553538911301 
513 837 635 1553538911474 
514 837 635 1553538911578 
512 837 638 1553538911750 
512 837 641 1553538911767 
513 837 641 1553538911890 
514 837 641 1553538911986 
512 839 632 1553538912119 
512 841 613 1553538912134 
512 846 591 1553538912151 
512 849 569 1553538912167 
512 851 541 1553538912184 
512 854 519 1553538912201 
512 869 486 1553538912219 
512 880 464 1553538912234 
512 887 444 1553538912251 
512 895 428 1553538912268 
512 901 416 1553538912285 
512 904 405 1553538912300 
512 906 398 1553538912318 
512 907 395 1553538912335 
512 907 394 1553538912419 
512 908 394 1553538912435 
512 909 393 1553538912452 
512 912 392 1553538912467 
512 914 391 1553538912484 
512 915 391 1553538912500 
512 919 387 1553538912518 
512 924 385 1553538912534 
512 926 382 1553538912552 
512 927 380 1553538912569 
512 930 377 1553538912584 
512 931 374 1553538912601 
512 931 373 1553538912617 
513 931 373 1553538912730 
514 931 373 1553538912818 
512 924 373 1553538912886 
512 907 373 1553538912901 
512 878 373 1553538912918 
512 834 373 1553538912935 
512 787 373 1553538912953 
512 758 373 1553538912969 
512 732 373 1553538912985 
512 713 376 1553538913002 
512 688 378 1553538913018 
512 666 384 1553538913034 
512 644 389 1553538913051 
512 624 394 1553538913069 
512 610 397 1553538913084 
512 601 397 1553538913102 
512 591 397 1553538913118 
512 582 397 1553538913135 
512 567 395 1553538913152 
512 554 393 1553538913168 
512 541 390 1553538913186 
512 532 388 1553538913201 
512 527 387 1553538913218 
512 521 386 1553538913234 
512 517 386 1553538913251 
512 513 384 1553538913268 
512 506 383 1553538913285 
512 502 383 1553538913302 
512 497 383 1553538913318 
512 491 383 1553538913336 
512 488 383 1553538913352 
512 487 383 1553538913368 
512 484 381 1553538913384 
512 482 380 1553538913403 
512 478 379 1553538913418 
512 477 379 1553538913451 
512 474 377 1553538913468 
512 473 377 1553538913485 
512 471 376 1553538913502 
512 471 374 1553538913519 
512 468 373 1553538913535 
513 468 373 1553538913658 
514 468 373 1553538913770 
512 467 373 1553538913802 
512 468 381 1553538913818 
512 470 389 1553538913836 
512 475 395 1553538913851 
512 483 402 1553538913868 
512 494 412 1553538913885 
512 512 424 1553538913903 
512 535 433 1553538913918 
512 558 433 1553538913936 
512 580 429 1553538913952 
512 596 416 1553538913969 
512 603 409 1553538913985 
512 605 407 1553538914002 
512 605 409 1553538914053 
512 605 423 1553538914069 
512 601 449 1553538914086 
512 588 490 1553538914103 
512 571 535 1553538914119 
512 551 581 1553538914137 
512 537 616 1553538914152 
512 526 642 1553538914169 
512 521 660 1553538914185 
512 519 670 1553538914202 
512 519 672 1553538914219 
512 519 673 1553538914236 
512 519 674 1553538914302 
512 525 674 1553538914319 
512 537 674 1553538914335 
512 547 670 1553538914353 
512 555 665 1553538914369 
512 566 656 1553538914386 
512 571 652 1553538914403 
512 572 651 1553538914469 
512 572 650 1553538914485 
512 572 649 1553538914603 
512 570 648 1553538914619 
512 567 648 1553538914635 
512 566 646 1553538914703 
512 565 646 1553538914721 
512 564 645 1553538914770 
512 562 645 1553538914787 
512 562 644 1553538914837 
513 562 644 1553538914867 
514 562 644 1553538914962 
512 566 634 1553538915070 
512 576 617 1553538915087 
512 587 594 1553538915104 
512 596 572 1553538915119 
512 599 563 1553538915136 
512 600 561 1553538915152 
512 602 559 1553538915187 
512 620 542 1553538915203 
512 646 503 1553538915220 
512 663 461 1553538915237 
512 669 422 1553538915253 
512 677 378 1553538915269 
512 684 323 1553538915287 
512 690 285 1553538915303 
512 696 258 1553538915319 
512 701 241 1553538915337 
512 706 231 1553538915353 
512 709 223 1553538915369 
512 713 218 1553538915386 
512 713 216 1553538915404 
512 715 212 1553538915421 
512 718 208 1553538915437 
512 720 203 1553538915454 
512 721 201 1553538915470 
512 721 200 1553538915488 
512 718 200 1553538915569 
512 715 203 1553538915587 
512 712 204 1553538915603 
512 710 206 1553538915620 
512 710 207 1553538915637 
512 709 207 1553538915671 
512 707 208 1553538915688 
512 706 209 1553538915705 
512 705 210 1553538915719 
512 704 211 1553538915738 
512 703 211 1553538915786 
512 702 211 1553538915804 
512 701 212 1553538915820 
513 701 212 1553538915890 
514 701 212 1553538915986 
