512 709 218 1553547669972 
512 720 234 1553547669979 
512 733 253 1553547669986 
512 752 281 1553547669995 
512 771 310 1553547670003 
512 790 338 1553547670010 
512 808 369 1553547670019 
512 824 401 1553547670028 
512 838 434 1553547670033 
512 848 467 1553547670041 
512 856 497 1553547670048 
512 866 527 1553547670057 
512 873 552 1553547670065 
512 877 570 1553547670072 
512 879 582 1553547670080 
512 880 593 1553547670089 
512 881 601 1553547670097 
512 883 609 1553547670105 
512 884 615 1553547670112 
512 885 619 1553547670119 
512 885 622 1553547670127 
512 886 625 1553547670134 
512 886 626 1553547670143 
512 886 627 1553547670151 
512 886 628 1553547670159 
512 885 629 1553547670174 
512 885 630 1553547670183 
512 884 630 1553547670188 
512 884 631 1553547670197 
512 883 632 1553547670205 
512 882 634 1553547670220 
512 881 636 1553547670229 
512 881 638 1553547670236 
512 880 639 1553547670245 
512 879 642 1553547670252 
512 878 644 1553547670261 
512 877 645 1553547670268 
512 875 647 1553547670275 
512 874 648 1553547670282 
512 873 649 1553547670291 
512 871 651 1553547670298 
512 869 652 1553547670306 
512 868 654 1553547670314 
512 867 654 1553547670323 
512 866 655 1553547670331 
512 865 656 1553547670338 
512 864 657 1553547670352 
512 863 657 1553547670361 
512 862 657 1553547670417 
512 860 657 1553547670431 
512 858 657 1553547670439 
512 856 656 1553547670448 
512 854 655 1553547670454 
512 852 655 1553547670463 
512 849 654 1553547670471 
512 849 653 1553547670479 
512 848 653 1553547670487 
512 848 652 1553547670495 
512 847 652 1553547670501 
512 847 651 1553547670508 
512 846 651 1553547670517 
512 846 650 1553547670532 
512 846 649 1553547670541 
512 845 649 1553547670550 
512 845 648 1553547670559 
512 844 648 1553547670565 
512 844 647 1553547670572 
512 843 647 1553547670580 
512 843 646 1553547670587 
512 842 645 1553547670594 
512 841 645 1553547670610 
512 841 644 1553547670728 
512 841 643 1553547670766 
513 841 643 1553547670829 
512 841 642 1553547670922 
512 841 641 1553547670930 
514 841 641 1553547670931 
512 840 641 1553547671041 
512 838 641 1553547671235 
512 833 637 1553547671242 
512 810 622 1553547671261 
512 792 614 1553547671267 
512 774 604 1553547671274 
512 755 592 1553547671282 
512 736 579 1553547671288 
512 719 566 1553547671297 
512 705 556 1553547671304 
512 693 547 1553547671313 
512 683 537 1553547671320 
512 672 523 1553547671328 
512 659 506 1553547671337 
512 647 489 1553547671345 
512 638 476 1553547671353 
512 632 467 1553547671361 
512 625 457 1553547671368 
512 621 451 1553547671375 
512 618 448 1553547671382 
512 616 445 1553547671391 
512 614 444 1553547671398 
512 611 442 1553547671406 
512 609 441 1553547671415 
512 607 439 1553547671422 
512 605 438 1553547671431 
512 603 437 1553547671439 
512 601 436 1553547671446 
512 600 436 1553547671454 
512 599 435 1553547671460 
512 599 434 1553547671468 
512 597 434 1553547671477 
512 595 433 1553547671484 
512 593 432 1553547671493 
512 590 429 1553547671501 
512 586 428 1553547671509 
512 582 425 1553547671517 
512 578 423 1553547671523 
512 573 422 1553547671532 
512 568 420 1553547671538 
512 564 419 1553547671547 
512 561 419 1553547671555 
512 558 417 1553547671563 
512 554 416 1553547671570 
512 552 415 1553547671578 
512 550 414 1553547671586 
512 549 413 1553547671595 
512 546 412 1553547671603 
512 544 410 1553547671609 
512 542 409 1553547671616 
512 540 407 1553547671624 
512 537 404 1553547671632 
512 534 402 1553547671642 
512 530 399 1553547671650 
512 527 397 1553547671658 
512 524 396 1553547671664 
512 520 393 1553547671673 
512 518 392 1553547671679 
512 515 390 1553547671686 
512 513 389 1553547671695 
512 510 389 1553547671702 
512 509 388 1553547671711 
512 509 387 1553547671719 
512 507 387 1553547671726 
512 507 386 1553547671734 
512 506 386 1553547671743 
512 504 385 1553547671750 
512 502 384 1553547671765 
512 501 384 1553547671772 
512 499 383 1553547671780 
512 497 382 1553547671788 
512 494 381 1553547671797 
512 492 381 1553547671805 
512 490 381 1553547671813 
512 488 380 1553547671820 
512 486 379 1553547671829 
512 483 379 1553547671838 
512 482 379 1553547671844 
512 481 379 1553547671929 
512 480 379 1553547671954 
512 479 379 1553547671961 
513 479 379 1553547672118 
514 479 379 1553547672241 
512 480 379 1553547672281 
512 481 379 1553547672289 
512 481 380 1553547672515 
512 482 380 1553547672547 
512 485 380 1553547672555 
512 501 377 1553547672572 
512 513 373 1553547672577 
512 529 365 1553547672584 
512 550 357 1553547672592 
512 570 348 1553547672600 
512 584 338 1553547672609 
512 599 324 1553547672616 
512 612 311 1553547672623 
512 624 297 1553547672632 
512 635 280 1553547672639 
512 639 268 1553547672647 
512 640 256 1553547672658 
512 641 246 1553547672663 
512 643 238 1553547672670 
512 644 231 1553547672678 
512 645 227 1553547672688 
512 646 223 1553547672695 
512 647 220 1553547672702 
512 648 217 1553547672710 
512 650 215 1553547672717 
512 653 211 1553547672725 
512 657 209 1553547672732 
512 662 206 1553547672741 
512 667 204 1553547672749 
512 673 203 1553547672756 
512 680 202 1553547672765 
512 688 201 1553547672772 
512 694 200 1553547672778 
512 699 199 1553547672786 
512 704 198 1553547672795 
512 708 198 1553547672803 
512 710 197 1553547672810 
512 712 196 1553547672819 
512 714 195 1553547672827 
512 715 195 1553547672842 
512 715 196 1553547672966 
512 715 197 1553547672982 
512 715 198 1553547672999 
512 714 198 1553547673008 
512 713 199 1553547673012 
512 712 200 1553547673020 
512 711 200 1553547673028 
512 710 201 1553547673037 
512 708 202 1553547673044 
512 707 203 1553547673061 
512 707 204 1553547673076 
512 706 204 1553547673085 
512 705 205 1553547673092 
512 704 206 1553547673131 
512 703 206 1553547673139 
512 703 207 1553547673146 
512 702 208 1553547673232 
512 701 209 1553547673242 
513 701 209 1553547673333 
512 701 210 1553547673348 
512 702 210 1553547673405 
514 702 210 1553547673450 
512 702 211 1553547673458 
512 703 212 1553547673521 
512 703 213 1553547673528 
512 705 214 1553547673537 
512 706 215 1553547673544 
512 708 217 1553547673552 
512 710 219 1553547673561 
512 714 222 1553547673569 
512 716 224 1553547673577 
512 720 228 1553547673582 
512 724 231 1553547673591 
512 728 236 1553547673599 
512 735 242 1553547673607 
512 741 247 1553547673615 
512 747 251 1553547673623 
512 753 255 1553547673631 
512 756 259 1553547673638 
512 760 262 1553547673646 
512 762 263 1553547673652 
512 764 265 1553547673661 
512 766 266 1553547673669 
512 766 267 1553547673677 
512 768 269 1553547673684 
512 769 271 1553547673693 
512 771 273 1553547673700 
512 773 277 1553547673709 
512 776 280 1553547673717 
512 779 286 1553547673724 
512 782 292 1553547673733 
512 786 299 1553547673739 
512 790 306 1553547673747 
512 794 314 1553547673754 
512 798 320 1553547673762 
512 804 327 1553547673771 
512 809 334 1553547673779 
512 813 340 1553547673787 
512 817 345 1553547673795 
512 819 349 1553547673800 
512 823 351 1553547673808 
512 825 353 1553547673817 
512 826 353 1553547673826 
512 827 354 1553547673833 
512 828 354 1553547673841 
512 829 354 1553547673848 
512 832 354 1553547673856 
512 834 354 1553547673864 
512 837 354 1553547673873 
512 840 355 1553547673880 
512 843 355 1553547673886 
512 846 355 1553547673895 
512 850 355 1553547673903 
512 854 355 1553547673910 
512 859 355 1553547673918 
512 863 355 1553547673926 
512 869 355 1553547673934 
512 874 355 1553547673942 
512 880 355 1553547673951 
512 883 355 1553547673958 
512 886 355 1553547673966 
512 888 355 1553547673972 
512 890 355 1553547673981 
512 892 355 1553547673989 
512 893 355 1553547673997 
512 894 355 1553547674004 
512 895 356 1553547674012 
512 895 357 1553547674020 
512 896 357 1553547674029 
512 896 358 1553547674034 
512 897 358 1553547674043 
512 897 359 1553547674050 
512 898 359 1553547674059 
512 899 360 1553547674067 
512 900 361 1553547674074 
512 901 363 1553547674082 
512 903 364 1553547674092 
512 906 367 1553547674099 
512 908 368 1553547674108 
512 910 370 1553547674115 
512 912 371 1553547674122 
512 912 372 1553547674128 
512 914 372 1553547674137 
512 914 373 1553547674145 
512 915 373 1553547674160 
512 915 374 1553547674200 
512 916 374 1553547674214 
512 916 375 1553547674224 
512 917 376 1553547674231 
512 918 376 1553547674247 
512 919 376 1553547674254 
512 920 376 1553547674268 
512 921 376 1553547674277 
512 922 376 1553547674284 
512 923 376 1553547674371 
512 923 375 1553547674410 
512 924 375 1553547674418 
512 925 375 1553547674441 
512 926 375 1553547674448 
512 927 375 1553547674488 
513 927 375 1553547674544 
514 927 375 1553547674644 
512 924 375 1553547674745 
512 921 375 1553547674753 
512 912 378 1553547674783 
512 908 380 1553547674784 
512 903 381 1553547674792 
512 899 383 1553547674800 
512 895 385 1553547674809 
512 891 387 1553547674817 
512 887 390 1553547674825 
512 883 393 1553547674831 
512 878 396 1553547674838 
512 874 400 1553547674847 
512 869 404 1553547674854 
512 863 408 1553547674863 
512 857 414 1553547674871 
512 850 419 1553547674879 
512 844 426 1553547674887 
512 838 432 1553547674895 
512 832 439 1553547674900 
512 824 446 1553547674909 
512 817 452 1553547674916 
512 809 460 1553547674924 
512 801 466 1553547674932 
512 792 473 1553547674941 
512 785 479 1553547674948 
512 776 485 1553547674956 
512 767 492 1553547674964 
512 759 497 1553547674972 
512 751 501 1553547674981 
512 744 505 1553547674986 
512 737 508 1553547674994 
512 729 511 1553547675002 
512 720 513 1553547675012 
512 712 515 1553547675019 
512 703 516 1553547675027 
512 692 519 1553547675034 
512 681 522 1553547675042 
512 668 527 1553547675050 
512 657 531 1553547675056 
512 646 536 1553547675065 
512 638 542 1553547675072 
512 629 548 1553547675080 
512 623 553 1553547675088 
512 618 557 1553547675096 
512 615 559 1553547675105 
512 613 561 1553547675114 
512 613 562 1553547675129 
512 613 563 1553547675143 
512 612 563 1553547675151 
512 612 564 1553547675158 
512 612 565 1553547675167 
512 611 566 1553547675183 
512 610 568 1553547675192 
512 610 569 1553547675207 
512 609 570 1553547675222 
512 609 571 1553547675229 
512 609 573 1553547675236 
512 609 576 1553547675244 
512 609 579 1553547675253 
512 608 582 1553547675260 
512 607 585 1553547675268 
512 606 588 1553547675276 
512 605 591 1553547675284 
512 605 594 1553547675291 
512 603 597 1553547675299 
512 602 600 1553547675306 
512 601 604 1553547675315 
512 600 607 1553547675322 
512 598 609 1553547675330 
512 598 611 1553547675338 
512 597 613 1553547675347 
512 596 616 1553547675355 
512 595 618 1553547675363 
512 595 620 1553547675370 
512 594 622 1553547675376 
512 593 624 1553547675384 
512 593 626 1553547675393 
512 592 626 1553547675400 
512 591 628 1553547675408 
512 591 629 1553547675417 
512 590 630 1553547675425 
512 589 632 1553547675433 
512 589 633 1553547675442 
512 587 634 1553547675447 
512 586 635 1553547675455 
512 584 636 1553547675463 
512 583 637 1553547675470 
512 582 637 1553547675478 
512 580 638 1553547675486 
512 578 639 1553547675494 
512 577 639 1553547675511 
512 576 640 1553547675519 
512 575 640 1553547675541 
512 574 641 1553547675572 
512 573 642 1553547675581 
512 572 642 1553547675588 
512 570 642 1553547675604 
512 568 642 1553547675610 
512 566 642 1553547675618 
512 565 642 1553547675626 
512 564 642 1553547675713 
512 563 642 1553547675728 
512 562 642 1553547675737 
512 561 642 1553547675754 
513 561 642 1553547675861 
514 561 642 1553547675995 
512 563 645 1553547676111 
512 567 650 1553547676118 
512 572 657 1553547676136 
512 574 657 1553547676143 
512 574 658 1553547676151 
512 576 657 1553547676259 
512 579 655 1553547676266 
512 582 653 1553547676275 
512 588 650 1553547676282 
512 596 646 1553547676291 
512 607 643 1553547676299 
512 623 639 1553547676304 
512 641 637 1553547676312 
512 658 635 1553547676320 
512 675 636 1553547676328 
512 690 638 1553547676337 
512 704 641 1553547676345 
512 716 645 1553547676352 
512 726 647 1553547676360 
512 735 650 1553547676368 
512 744 653 1553547676377 
512 749 655 1553547676384 
512 753 657 1553547676393 
512 755 657 1553547676399 
512 756 658 1553547676407 
512 756 659 1553547676415 
512 757 659 1553547676463 
512 759 659 1553547676500 
512 761 659 1553547676509 
512 763 659 1553547676517 
512 767 659 1553547676525 
512 770 658 1553547676532 
512 773 657 1553547676541 
512 776 656 1553547676547 
512 778 655 1553547676555 
512 780 654 1553547676562 
512 782 653 1553547676570 
512 784 651 1553547676578 
512 786 650 1553547676586 
512 788 647 1553547676594 
512 790 645 1553547676603 
512 792 644 1553547676610 
512 794 642 1553547676617 
512 797 641 1553547676624 
512 800 639 1553547676632 
512 804 638 1553547676641 
512 810 637 1553547676648 
512 816 635 1553547676657 
512 821 634 1553547676665 
512 828 633 1553547676672 
512 833 633 1553547676681 
512 839 633 1553547676689 
512 841 633 1553547676697 
512 842 633 1553547676702 
512 841 633 1553547676844 
512 840 634 1553547676866 
512 839 635 1553547676883 
512 838 636 1553547676899 
512 837 637 1553547676914 
512 836 638 1553547676922 
512 835 639 1553547676937 
512 835 640 1553547676960 
512 835 641 1553547676978 
512 835 642 1553547676992 
513 835 642 1553547677176 
514 835 642 1553547677265 
512 835 641 1553547677313 
512 833 641 1553547677453 
512 830 641 1553547677460 
512 824 641 1553547677481 
512 820 641 1553547677484 
512 815 640 1553547677493 
512 811 639 1553547677498 
512 808 638 1553547677507 
512 806 637 1553547677515 
512 805 637 1553547677523 
512 804 635 1553547677531 
512 804 633 1553547677538 
512 805 630 1553547677546 
512 808 626 1553547677554 
512 810 621 1553547677560 
512 813 615 1553547677568 
512 816 610 1553547677577 
512 820 601 1553547677584 
512 824 591 1553547677593 
512 827 582 1553547677600 
512 830 571 1553547677609 
512 834 559 1553547677616 
512 838 546 1553547677624 
512 843 532 1553547677633 
512 847 518 1553547677641 
512 851 505 1553547677650 
512 855 493 1553547677655 
512 860 480 1553547677663 
512 864 470 1553547677671 
512 867 462 1553547677678 
512 870 455 1553547677687 
512 873 448 1553547677695 
512 875 442 1553547677703 
512 877 436 1553547677711 
512 879 432 1553547677716 
512 880 429 1553547677724 
512 881 426 1553547677732 
512 881 425 1553547677741 
512 882 424 1553547677749 
512 883 422 1553547677757 
512 883 421 1553547677765 
512 884 419 1553547677773 
512 885 417 1553547677781 
512 885 414 1553547677788 
512 886 411 1553547677797 
512 887 408 1553547677804 
512 888 405 1553547677811 
512 889 402 1553547677819 
512 889 399 1553547677827 
512 890 396 1553547677835 
512 891 394 1553547677843 
512 893 390 1553547677850 
512 895 388 1553547677858 
512 897 385 1553547677867 
512 900 381 1553547677872 
512 902 378 1553547677881 
512 905 374 1553547677889 
512 907 372 1553547677896 
512 911 369 1553547677904 
512 913 366 1553547677913 
512 916 364 1553547677921 
512 918 362 1553547677928 
512 920 360 1553547677938 
512 921 360 1553547677945 
512 921 359 1553547677953 
512 921 360 1553547678101 
512 921 362 1553547678109 
512 921 364 1553547678115 
512 921 366 1553547678123 
512 921 368 1553547678130 
512 921 370 1553547678139 
512 921 372 1553547678147 
512 921 374 1553547678155 
512 921 376 1553547678163 
512 921 378 1553547678170 
512 921 379 1553547678178 
512 922 379 1553547678187 
512 922 380 1553547678194 
512 923 380 1553547678318 
512 924 380 1553547678334 
512 924 379 1553547678342 
512 925 378 1553547678350 
512 926 377 1553547678365 
512 927 377 1553547678372 
512 927 376 1553547678381 
512 928 376 1553547678397 
513 928 376 1553547678491 
514 928 376 1553547678577 
512 927 377 1553547678622 
512 925 379 1553547678630 
512 922 382 1553547678638 
512 918 386 1553547678656 
512 914 390 1553547678661 
512 910 393 1553547678668 
512 908 397 1553547678677 
512 905 400 1553547678684 
512 903 403 1553547678693 
512 902 403 1553547678700 
512 899 406 1553547678810 
512 894 411 1553547678819 
512 886 419 1553547678826 
512 876 428 1553547678832 
512 866 434 1553547678841 
512 854 438 1553547678848 
512 841 440 1553547678856 
512 826 441 1553547678865 
512 810 442 1553547678873 
512 792 443 1553547678881 
512 775 445 1553547678888 
512 759 445 1553547678895 
512 742 445 1553547678902 
512 725 444 1553547678910 
512 709 442 1553547678918 
512 694 440 1553547678927 
512 682 436 1553547678934 
512 670 433 1553547678943 
512 659 431 1553547678951 
512 648 427 1553547678958 
512 637 425 1553547678966 
512 625 423 1553547678974 
512 613 422 1553547678981 
512 600 421 1553547678989 
512 588 420 1553547678997 
512 577 419 1553547679004 
512 569 418 1553547679012 
512 562 417 1553547679020 
512 558 417 1553547679028 
512 555 416 1553547679036 
512 553 415 1553547679044 
512 552 414 1553547679058 
512 551 412 1553547679074 
512 550 412 1553547679082 
512 550 411 1553547679092 
512 549 411 1553547679098 
512 549 410 1553547679107 
512 548 409 1553547679114 
512 547 408 1553547679122 
512 547 407 1553547679131 
512 545 406 1553547679137 
512 544 406 1553547679144 
512 542 404 1553547679152 
512 540 403 1553547679160 
512 537 403 1553547679169 
512 534 402 1553547679176 
512 531 401 1553547679184 
512 528 400 1553547679192 
512 524 399 1553547679201 
512 521 399 1553547679209 
512 518 397 1553547679216 
512 514 396 1553547679223 
512 511 395 1553547679231 
512 508 395 1553547679239 
512 505 394 1553547679247 
512 503 393 1553547679254 
512 501 392 1553547679263 
512 499 392 1553547679270 
512 496 391 1553547679278 
512 494 390 1553547679286 
512 492 390 1553547679292 
512 490 389 1553547679300 
512 488 388 1553547679309 
512 486 387 1553547679316 
512 485 387 1553547679325 
512 483 386 1553547679332 
512 483 385 1553547679341 
512 482 385 1553547679349 
512 482 384 1553547679356 
512 481 383 1553547679373 
512 481 382 1553547679387 
512 481 381 1553547679395 
512 481 380 1553547679410 
512 480 379 1553547679419 
512 479 379 1553547679427 
512 479 378 1553547679434 
512 478 377 1553547679443 
512 478 376 1553547679457 
512 477 376 1553547679465 
513 477 376 1553547679595 
512 477 375 1553547679618 
514 477 375 1553547679723 
512 480 375 1553547679746 
512 482 376 1553547679754 
512 488 377 1553547679774 
512 492 378 1553547679776 
512 495 379 1553547679784 
512 501 380 1553547679792 
512 508 382 1553547679800 
512 516 384 1553547679808 
512 525 387 1553547679817 
512 534 391 1553547679825 
512 544 394 1553547679832 
512 554 398 1553547679838 
512 562 401 1553547679846 
512 570 403 1553547679854 
512 576 404 1553547679862 
512 582 405 1553547679870 
512 587 405 1553547679879 
512 591 405 1553547679887 
512 594 405 1553547679894 
512 598 403 1553547679902 
512 601 402 1553547679911 
512 603 399 1553547679918 
512 607 397 1553547679925 
512 610 394 1553547679932 
512 614 392 1553547679941 
512 616 390 1553547679949 
512 618 389 1553547679958 
512 619 388 1553547679965 
512 620 388 1553547679998 
512 622 392 1553547680010 
512 623 397 1553547680019 
512 624 402 1553547680026 
512 624 407 1553547680035 
512 624 415 1553547680043 
512 623 425 1553547680051 
512 620 437 1553547680059 
512 618 452 1553547680067 
512 615 465 1553547680073 
512 611 481 1553547680081 
512 607 497 1553547680089 
512 604 513 1553547680098 
512 599 529 1553547680104 
512 594 542 1553547680112 
512 590 554 1553547680120 
512 585 564 1553547680128 
512 582 575 1553547680137 
512 579 584 1553547680144 
512 577 593 1553547680153 
512 575 601 1553547680159 
512 573 607 1553547680167 
512 571 613 1553547680175 
512 569 616 1553547680183 
512 568 619 1553547680191 
512 567 621 1553547680199 
512 566 623 1553547680206 
512 565 624 1553547680222 
512 564 624 1553547680228 
512 563 625 1553547680276 
512 563 626 1553547680284 
512 562 626 1553547680292 
512 561 627 1553547680308 
512 560 627 1553547680315 
512 560 628 1553547680323 
512 559 628 1553547680331 
512 559 629 1553547680363 
512 559 630 1553547680371 
512 558 630 1553547680378 
512 558 631 1553547680385 
512 557 632 1553547680393 
512 556 632 1553547680401 
512 556 633 1553547680409 
512 556 634 1553547680416 
512 556 635 1553547680425 
512 556 636 1553547680441 
512 556 637 1553547680449 
512 556 638 1553547680463 
513 556 638 1553547680614 
514 556 638 1553547680705 
512 556 637 1553547680728 
512 556 636 1553547680737 
512 556 635 1553547680752 
512 557 633 1553547680760 
512 560 629 1553547680779 
512 562 625 1553547680785 
512 566 620 1553547680791 
512 571 613 1553547680798 
512 579 603 1553547680806 
512 586 594 1553547680815 
512 595 584 1553547680823 
512 604 571 1553547680831 
512 615 555 1553547680839 
512 625 536 1553547680847 
512 633 519 1553547680855 
512 643 493 1553547680860 
512 652 468 1553547680868 
512 660 443 1553547680877 
512 667 426 1553547680885 
512 671 415 1553547680892 
512 674 408 1553547680901 
512 677 403 1553547680910 
512 678 400 1553547680917 
512 680 398 1553547680924 
512 681 396 1553547680932 
512 683 393 1553547680941 
512 684 391 1553547680946 
512 687 389 1553547680955 
512 689 387 1553547680963 
512 692 382 1553547680970 
512 696 377 1553547680979 
512 699 371 1553547680987 
512 702 365 1553547680995 
512 705 359 1553547681002 
512 706 354 1553547681011 
512 706 347 1553547681017 
512 706 341 1553547681025 
512 706 335 1553547681033 
512 706 328 1553547681043 
512 706 321 1553547681049 
512 706 315 1553547681057 
512 705 311 1553547681065 
512 704 307 1553547681073 
512 704 304 1553547681081 
512 704 300 1553547681088 
512 704 295 1553547681097 
512 705 290 1553547681103 
512 706 284 1553547681111 
512 707 277 1553547681118 
512 707 272 1553547681126 
512 708 266 1553547681134 
512 709 261 1553547681143 
512 710 256 1553547681150 
512 711 253 1553547681158 
512 712 250 1553547681165 
512 712 248 1553547681173 
512 713 245 1553547681181 
512 713 242 1553547681189 
512 713 240 1553547681198 
512 713 237 1553547681205 
512 713 235 1553547681212 
512 711 234 1553547681221 
512 710 232 1553547681228 
512 709 231 1553547681237 
512 708 230 1553547681244 
512 707 230 1553547681251 
512 707 229 1553547681258 
512 706 228 1553547681274 
512 706 227 1553547681291 
512 706 226 1553547681323 
512 706 225 1553547681384 
512 705 225 1553547681393 
512 704 224 1553547681401 
512 704 223 1553547681415 
512 704 222 1553547681423 
512 704 221 1553547681439 
512 703 221 1553547681448 
512 703 220 1553547681454 
512 703 219 1553547681470 
512 703 218 1553547681477 
512 703 217 1553547681492 
512 703 216 1553547681509 
512 703 215 1553547681533 
512 703 214 1553547681541 
512 703 213 1553547681562 
513 703 213 1553547681644 
514 703 213 1553547681735 
