512 697 210 1553547693289 
512 697 211 1553547693305 
512 697 212 1553547693312 
512 697 213 1553547693318 
512 697 215 1553547693327 
512 697 218 1553547693335 
512 697 222 1553547693342 
512 698 228 1553547693350 
512 700 236 1553547693358 
512 703 246 1553547693366 
512 706 258 1553547693375 
512 710 274 1553547693382 
512 719 294 1553547693391 
512 732 320 1553547693399 
512 746 349 1553547693404 
512 759 377 1553547693413 
512 773 399 1553547693420 
512 785 418 1553547693429 
512 796 434 1553547693437 
512 809 456 1553547693445 
512 821 474 1553547693453 
512 830 488 1553547693461 
512 836 499 1553547693469 
512 843 509 1553547693477 
512 847 518 1553547693484 
512 851 524 1553547693491 
512 854 527 1553547693499 
512 856 529 1553547693507 
512 857 530 1553547693516 
512 858 531 1553547693531 
512 859 532 1553547693547 
512 860 533 1553547693555 
512 862 535 1553547693560 
512 863 537 1553547693569 
512 866 540 1553547693577 
512 867 541 1553547693585 
512 869 543 1553547693592 
512 870 545 1553547693601 
512 871 546 1553547693609 
512 871 548 1553547693617 
512 872 549 1553547693625 
512 873 551 1553547693633 
512 874 554 1553547693641 
512 874 557 1553547693647 
512 874 560 1553547693654 
512 874 563 1553547693662 
512 874 566 1553547693671 
512 874 569 1553547693679 
512 873 572 1553547693687 
512 871 575 1553547693695 
512 869 578 1553547693702 
512 866 583 1553547693710 
512 863 588 1553547693717 
512 860 594 1553547693724 
512 857 598 1553547693732 
512 855 604 1553547693741 
512 852 609 1553547693749 
512 849 614 1553547693756 
512 847 617 1553547693765 
512 846 620 1553547693772 
512 845 623 1553547693781 
512 844 625 1553547693788 
512 843 628 1553547693797 
512 843 629 1553547693803 
512 843 630 1553547693810 
512 842 631 1553547693819 
512 842 632 1553547693835 
512 842 633 1553547693842 
512 842 635 1553547693859 
512 842 636 1553547693866 
512 842 637 1553547693875 
512 842 638 1553547693888 
512 842 639 1553547693897 
512 842 640 1553547693912 
512 842 641 1553547693928 
512 842 642 1553547693942 
512 842 643 1553547693950 
512 841 643 1553547693958 
512 840 644 1553547693975 
513 840 644 1553547694094 
514 840 644 1553547694194 
512 839 643 1553547694200 
512 839 642 1553547694209 
512 839 641 1553547694217 
512 838 639 1553547694224 
512 838 636 1553547694242 
512 837 633 1553547694242 
512 836 628 1553547694249 
512 835 623 1553547694256 
512 834 617 1553547694262 
512 831 609 1553547694270 
512 828 599 1553547694279 
512 824 588 1553547694287 
512 818 576 1553547694295 
512 812 561 1553547694302 
512 803 545 1553547694312 
512 789 526 1553547694319 
512 774 504 1553547694326 
512 755 479 1553547694334 
512 738 457 1553547694343 
512 724 438 1553547694349 
512 714 423 1553547694357 
512 705 412 1553547694364 
512 698 402 1553547694372 
512 693 393 1553547694380 
512 690 384 1553547694388 
512 687 374 1553547694397 
512 686 367 1553547694404 
512 685 360 1553547694412 
512 685 355 1553547694418 
512 684 348 1553547694426 
512 684 342 1553547694434 
512 683 337 1553547694443 
512 682 330 1553547694451 
512 680 325 1553547694458 
512 677 322 1553547694466 
512 675 319 1553547694474 
512 673 318 1553547694482 
512 670 317 1553547694491 
512 668 317 1553547694498 
512 665 317 1553547694504 
512 662 317 1553547694513 
512 659 317 1553547694521 
512 656 317 1553547694528 
512 653 317 1553547694537 
512 651 319 1553547694545 
512 649 322 1553547694552 
512 646 324 1553547694561 
512 644 326 1553547694568 
512 642 329 1553547694575 
512 638 331 1553547694582 
512 635 334 1553547694591 
512 632 336 1553547694598 
512 629 338 1553547694607 
512 626 339 1553547694615 
512 623 339 1553547694622 
512 620 340 1553547694631 
512 617 341 1553547694638 
512 611 342 1553547694647 
512 606 342 1553547694654 
512 600 342 1553547694660 
512 593 342 1553547694668 
512 585 341 1553547694677 
512 577 340 1553547694684 
512 568 339 1553547694693 
512 558 339 1553547694700 
512 549 339 1553547694708 
512 539 339 1553547694717 
512 529 339 1553547694724 
512 519 339 1553547694732 
512 511 338 1553547694739 
512 504 337 1553547694747 
512 499 337 1553547694754 
512 496 336 1553547694763 
512 494 336 1553547694771 
512 493 336 1553547694778 
512 492 337 1553547694841 
512 491 339 1553547694848 
512 491 340 1553547694856 
512 490 341 1553547694864 
512 489 342 1553547694872 
512 489 344 1553547694881 
512 488 347 1553547694888 
512 487 349 1553547694894 
512 487 350 1553547694903 
512 486 351 1553547694910 
512 486 353 1553547694918 
512 485 355 1553547694927 
512 484 357 1553547694934 
512 484 359 1553547694943 
512 483 360 1553547694950 
512 482 361 1553547694959 
512 481 362 1553547694972 
512 480 363 1553547694989 
512 479 363 1553547694997 
512 479 364 1553547695005 
512 478 364 1553547695013 
512 478 365 1553547695020 
512 478 366 1553547695028 
512 478 367 1553547695075 
512 477 368 1553547695099 
512 477 369 1553547695131 
512 476 370 1553547695137 
512 476 371 1553547695161 
512 475 371 1553547695169 
513 475 371 1553547695318 
512 476 371 1553547695440 
514 476 371 1553547695441 
512 477 371 1553547695448 
512 478 371 1553547695465 
512 479 371 1553547695473 
512 480 371 1553547695481 
512 486 371 1553547695505 
512 491 371 1553547695505 
512 496 371 1553547695513 
512 503 370 1553547695519 
512 513 368 1553547695526 
512 524 364 1553547695535 
512 536 361 1553547695542 
512 548 358 1553547695550 
512 560 353 1553547695559 
512 570 349 1553547695566 
512 579 345 1553547695575 
512 584 341 1553547695584 
512 588 335 1553547695592 
512 592 329 1553547695597 
512 595 323 1553547695604 
512 597 315 1553547695613 
512 598 309 1553547695620 
512 598 304 1553547695629 
512 598 298 1553547695636 
512 598 294 1553547695645 
512 598 288 1553547695652 
512 598 285 1553547695661 
512 598 282 1553547695669 
512 598 280 1553547695677 
512 598 277 1553547695683 
512 598 275 1553547695691 
512 598 272 1553547695699 
512 601 269 1553547695707 
512 603 265 1553547695715 
512 607 260 1553547695722 
512 611 256 1553547695731 
512 615 251 1553547695738 
512 617 247 1553547695747 
512 620 244 1553547695752 
512 623 240 1553547695761 
512 624 238 1553547695769 
512 626 235 1553547695776 
512 627 233 1553547695785 
512 628 231 1553547695792 
512 630 229 1553547695808 
512 633 229 1553547695816 
512 635 228 1553547695824 
512 638 227 1553547695833 
512 641 226 1553547695838 
512 644 226 1553547695847 
512 649 226 1553547695855 
512 655 226 1553547695863 
512 661 225 1553547695871 
512 667 224 1553547695879 
512 675 224 1553547695886 
512 681 223 1553547695894 
512 686 223 1553547695900 
512 692 223 1553547695909 
512 695 222 1553547695917 
512 697 221 1553547695925 
512 698 220 1553547695933 
512 699 220 1553547695941 
512 699 219 1553547695949 
512 699 218 1553547695973 
512 699 217 1553547695987 
512 699 216 1553547695995 
512 699 215 1553547696026 
512 699 214 1553547696043 
512 699 213 1553547696073 
512 699 212 1553547696097 
512 699 211 1553547696113 
512 699 210 1553547696134 
512 698 210 1553547696142 
513 698 210 1553547696230 
514 698 210 1553547696331 
512 698 212 1553547696369 
512 698 214 1553547696376 
512 699 217 1553547696385 
512 702 223 1553547696392 
512 705 229 1553547696401 
512 708 237 1553547696409 
512 713 247 1553547696416 
512 717 257 1553547696425 
512 721 268 1553547696433 
512 726 279 1553547696442 
512 731 291 1553547696449 
512 736 303 1553547696454 
512 740 316 1553547696462 
512 744 327 1553547696470 
512 747 336 1553547696479 
512 750 346 1553547696486 
512 753 356 1553547696494 
512 756 363 1553547696503 
512 758 370 1553547696511 
512 760 374 1553547696518 
512 761 379 1553547696527 
512 762 382 1553547696533 
512 763 385 1553547696543 
512 763 387 1553547696549 
512 764 389 1553547696557 
512 765 390 1553547696565 
512 765 391 1553547696572 
512 766 392 1553547696581 
512 768 392 1553547696596 
512 769 392 1553547696604 
512 771 392 1553547696610 
512 774 392 1553547696618 
512 778 392 1553547696626 
512 784 391 1553547696636 
512 790 389 1553547696644 
512 797 386 1553547696650 
512 804 381 1553547696659 
512 811 377 1553547696667 
512 817 373 1553547696675 
512 821 370 1553547696682 
512 826 366 1553547696691 
512 829 363 1553547696697 
512 834 361 1553547696704 
512 837 361 1553547696713 
512 841 360 1553547696721 
512 844 360 1553547696729 
512 848 360 1553547696736 
512 851 360 1553547696744 
512 856 360 1553547696752 
512 861 360 1553547696761 
512 866 360 1553547696766 
512 872 361 1553547696774 
512 879 363 1553547696782 
512 885 364 1553547696791 
512 892 366 1553547696798 
512 900 369 1553547696806 
512 905 370 1553547696815 
512 910 372 1553547696823 
512 913 373 1553547696831 
512 915 374 1553547696838 
512 917 374 1553547696846 
512 918 374 1553547696954 
512 918 375 1553547696979 
512 919 375 1553547697001 
512 919 376 1553547697017 
512 920 376 1553547697033 
512 921 376 1553547697041 
512 922 376 1553547697056 
512 923 376 1553547697070 
512 924 376 1553547697087 
512 925 375 1553547697094 
512 926 375 1553547697110 
513 926 375 1553547697214 
514 926 375 1553547697321 
512 924 375 1553547697360 
512 922 375 1553547697369 
512 919 375 1553547697377 
512 911 375 1553547697395 
512 905 375 1553547697399 
512 900 375 1553547697407 
512 894 374 1553547697415 
512 889 374 1553547697422 
512 881 374 1553547697431 
512 873 374 1553547697438 
512 865 374 1553547697447 
512 855 374 1553547697454 
512 846 374 1553547697462 
512 836 375 1553547697468 
512 827 377 1553547697476 
512 818 379 1553547697485 
512 810 381 1553547697493 
512 803 384 1553547697501 
512 797 387 1553547697509 
512 793 389 1553547697516 
512 787 391 1553547697524 
512 782 394 1553547697533 
512 776 397 1553547697541 
512 770 400 1553547697549 
512 766 402 1553547697555 
512 760 405 1553547697563 
512 754 409 1553547697571 
512 748 413 1553547697578 
512 743 418 1553547697586 
512 737 423 1553547697594 
512 732 430 1553547697602 
512 728 436 1553547697611 
512 723 444 1553547697616 
512 719 453 1553547697624 
512 715 464 1553547697633 
512 710 475 1553547697642 
512 707 484 1553547697648 
512 704 495 1553547697656 
512 700 507 1553547697665 
512 698 517 1553547697673 
512 695 528 1553547697680 
512 692 539 1553547697688 
512 687 551 1553547697697 
512 683 561 1553547697703 
512 676 571 1553547697711 
512 670 579 1553547697718 
512 662 588 1553547697727 
512 654 595 1553547697735 
512 645 601 1553547697742 
512 637 608 1553547697751 
512 631 612 1553547697759 
512 625 616 1553547697766 
512 622 618 1553547697772 
512 618 621 1553547697781 
512 616 623 1553547697788 
512 614 625 1553547697797 
512 611 628 1553547697805 
512 609 629 1553547697812 
512 607 631 1553547697820 
512 605 632 1553547697828 
512 603 633 1553547697837 
512 600 634 1553547697845 
512 597 634 1553547697853 
512 594 635 1553547697859 
512 591 636 1553547697866 
512 588 637 1553547697875 
512 586 637 1553547697882 
512 584 638 1553547697891 
512 582 638 1553547697899 
512 580 638 1553547697907 
512 579 638 1553547697923 
512 578 638 1553547697931 
512 577 638 1553547697944 
512 577 639 1553547697961 
512 576 639 1553547697976 
512 574 639 1553547698000 
512 573 640 1553547698009 
512 571 640 1553547698014 
512 569 641 1553547698023 
512 567 641 1553547698032 
512 566 642 1553547698047 
512 565 642 1553547698063 
512 564 642 1553547698079 
512 563 643 1553547698087 
512 562 644 1553547698103 
512 560 644 1553547698108 
512 559 645 1553547698124 
512 558 645 1553547698142 
512 558 646 1553547698149 
513 558 646 1553547698282 
512 559 645 1553547698375 
514 559 645 1553547698383 
512 560 644 1553547698391 
512 561 644 1553547698398 
512 561 643 1553547698405 
512 562 642 1553547698412 
512 564 641 1553547698429 
512 570 636 1553547698446 
512 577 632 1553547698453 
512 587 627 1553547698460 
512 600 620 1553547698469 
512 620 611 1553547698474 
512 646 598 1553547698483 
512 675 583 1553547698491 
512 704 567 1553547698498 
512 736 548 1553547698507 
512 762 526 1553547698515 
512 781 503 1553547698523 
512 795 483 1553547698531 
512 806 467 1553547698538 
512 810 453 1553547698546 
512 814 441 1553547698555 
512 817 427 1553547698563 
512 819 415 1553547698569 
512 819 406 1553547698577 
512 819 396 1553547698584 
512 819 390 1553547698592 
512 819 387 1553547698601 
512 819 384 1553547698608 
512 819 383 1553547698624 
512 820 384 1553547698678 
512 822 389 1553547698686 
512 824 397 1553547698695 
512 825 407 1553547698703 
512 827 416 1553547698710 
512 829 427 1553547698716 
512 832 437 1553547698725 
512 836 448 1553547698732 
512 839 460 1553547698741 
512 843 475 1553547698749 
512 846 487 1553547698757 
512 848 498 1553547698765 
512 851 508 1553547698772 
512 855 518 1553547698781 
512 857 526 1553547698789 
512 859 534 1553547698796 
512 860 542 1553547698803 
512 861 550 1553547698810 
512 861 558 1553547698818 
512 861 565 1553547698827 
512 861 571 1553547698835 
512 861 576 1553547698844 
512 860 582 1553547698850 
512 859 585 1553547698858 
512 859 588 1553547698865 
512 858 591 1553547698872 
512 858 593 1553547698880 
512 857 595 1553547698888 
512 856 598 1553547698896 
512 855 599 1553547698913 
512 854 600 1553547698920 
512 853 601 1553547698929 
512 852 603 1553547698936 
512 850 604 1553547698945 
512 849 605 1553547698952 
512 847 608 1553547698959 
512 845 610 1553547698966 
512 843 612 1553547698974 
512 841 614 1553547698982 
512 839 614 1553547698991 
512 838 616 1553547698998 
512 837 617 1553547699007 
512 836 619 1553547699016 
512 835 620 1553547699030 
512 834 622 1553547699037 
512 833 622 1553547699044 
512 832 624 1553547699052 
512 831 624 1553547699061 
512 831 625 1553547699068 
512 830 625 1553547699077 
512 830 626 1553547699085 
512 829 627 1553547699092 
512 829 628 1553547699106 
512 829 629 1553547699123 
512 829 630 1553547699138 
512 829 631 1553547699154 
512 829 632 1553547699163 
512 829 633 1553547699186 
512 829 634 1553547699201 
512 829 635 1553547699233 
512 829 636 1553547699241 
512 830 637 1553547699278 
512 831 637 1553547699294 
512 832 638 1553547699302 
512 833 639 1553547699310 
512 834 639 1553547699319 
512 835 640 1553547699327 
512 836 640 1553547699499 
512 837 641 1553547699512 
512 838 641 1553547699520 
513 838 641 1553547699546 
514 838 641 1553547699653 
512 838 640 1553547699660 
512 838 638 1553547699668 
512 837 635 1553547699676 
512 832 628 1553547699696 
512 828 623 1553547699701 
512 824 617 1553547699709 
512 817 608 1553547699716 
512 810 601 1553547699724 
512 802 592 1553547699733 
512 796 583 1553547699742 
512 787 576 1553547699746 
512 779 567 1553547699754 
512 771 558 1553547699762 
512 762 549 1553547699771 
512 753 539 1553547699779 
512 745 531 1553547699787 
512 740 522 1553547699794 
512 735 512 1553547699802 
512 731 504 1553547699809 
512 726 495 1553547699817 
512 719 488 1553547699824 
512 714 482 1553547699832 
512 708 475 1553547699841 
512 703 470 1553547699848 
512 698 466 1553547699857 
512 694 461 1553547699865 
512 691 456 1553547699872 
512 688 452 1553547699881 
512 687 450 1553547699888 
512 687 449 1553547699895 
512 687 448 1553547699902 
512 687 447 1553547699911 
512 688 446 1553547699918 
512 691 444 1553547699926 
512 694 442 1553547699935 
512 699 442 1553547699942 
512 706 441 1553547699950 
512 714 440 1553547699959 
512 725 437 1553547699966 
512 739 436 1553547699972 
512 755 434 1553547699980 
512 773 433 1553547699988 
512 795 431 1553547699997 
512 819 427 1553547700004 
512 836 426 1553547700012 
512 848 424 1553547700021 
512 858 423 1553547700029 
512 863 422 1553547700037 
512 868 422 1553547700044 
512 871 420 1553547700051 
512 873 418 1553547700059 
512 875 417 1553547700066 
512 877 416 1553547700075 
512 877 414 1553547700083 
512 878 412 1553547700091 
512 879 411 1553547700099 
512 879 408 1553547700107 
512 880 406 1553547700115 
512 880 404 1553547700123 
512 881 402 1553547700131 
512 883 400 1553547700137 
512 884 398 1553547700144 
512 885 397 1553547700152 
512 888 394 1553547700160 
512 890 393 1553547700169 
512 892 392 1553547700177 
512 895 391 1553547700185 
512 898 389 1553547700193 
512 900 388 1553547700198 
512 902 388 1553547700207 
512 903 387 1553547700215 
512 904 386 1553547700223 
512 905 386 1553547700231 
512 905 385 1553547700239 
512 906 385 1553547700255 
512 906 384 1553547700272 
512 907 383 1553547700284 
512 907 382 1553547700292 
512 908 382 1553547700301 
512 908 381 1553547700309 
512 909 381 1553547700317 
512 910 381 1553547700324 
512 911 380 1553547700342 
512 912 380 1553547700363 
512 913 380 1553547700379 
512 914 379 1553547700386 
512 915 378 1553547700402 
512 916 377 1553547700418 
512 917 376 1553547700434 
512 918 376 1553547700441 
512 919 375 1553547700456 
512 920 374 1553547700465 
512 921 374 1553547700473 
512 922 373 1553547700489 
512 923 373 1553547700505 
513 923 373 1553547700646 
512 923 374 1553547700715 
512 923 375 1553547700723 
512 923 376 1553547700738 
512 922 377 1553547700761 
514 922 377 1553547700761 
512 920 378 1553547700777 
512 918 380 1553547700794 
512 915 382 1553547700800 
512 913 384 1553547700808 
512 911 386 1553547700816 
512 909 389 1553547700824 
512 906 393 1553547700830 
512 904 398 1553547700838 
512 901 404 1553547700846 
512 898 411 1553547700854 
512 893 419 1553547700863 
512 888 429 1553547700871 
512 882 439 1553547700879 
512 875 452 1553547700886 
512 869 461 1553547700894 
512 861 471 1553547700902 
512 852 480 1553547700910 
512 844 487 1553547700916 
512 835 493 1553547700924 
512 825 499 1553547700932 
512 815 503 1553547700941 
512 804 507 1553547700948 
512 795 511 1553547700957 
512 782 514 1553547700964 
512 770 516 1553547700972 
512 758 517 1553547700979 
512 746 518 1553547700987 
512 734 518 1553547700994 
512 722 518 1553547701002 
512 710 517 1553547701010 
512 701 516 1553547701019 
512 693 515 1553547701026 
512 685 514 1553547701035 
512 679 514 1553547701042 
512 673 514 1553547701050 
512 670 514 1553547701058 
512 667 514 1553547701065 
512 664 514 1553547701072 
512 662 514 1553547701081 
512 657 514 1553547701089 
512 652 513 1553547701096 
512 647 512 1553547701105 
512 640 511 1553547701113 
512 632 507 1553547701121 
512 622 503 1553547701127 
512 612 499 1553547701134 
512 603 493 1553547701143 
512 593 487 1553547701151 
512 584 481 1553547701159 
512 579 476 1553547701166 
512 575 470 1553547701174 
512 573 467 1553547701182 
512 570 462 1553547701191 
512 569 459 1553547701199 
512 567 453 1553547701206 
512 565 449 1553547701215 
512 564 444 1553547701221 
512 561 439 1553547701229 
512 557 433 1553547701237 
512 554 428 1553547701245 
512 550 423 1553547701253 
512 546 418 1553547701261 
512 542 413 1553547701268 
512 540 411 1553547701276 
512 538 410 1553547701284 
512 535 408 1553547701291 
512 534 407 1553547701298 
512 533 407 1553547701307 
512 533 406 1553547701314 
512 532 406 1553547701323 
512 532 405 1553547701331 
512 530 404 1553547701338 
512 528 404 1553547701346 
512 526 404 1553547701355 
512 523 403 1553547701362 
512 519 402 1553547701368 
512 516 401 1553547701376 
512 511 400 1553547701385 
512 508 400 1553547701392 
512 504 399 1553547701400 
512 501 398 1553547701408 
512 498 398 1553547701417 
512 496 397 1553547701424 
512 493 397 1553547701432 
512 491 396 1553547701438 
512 490 395 1553547701447 
512 488 394 1553547701454 
512 487 393 1553547701470 
512 486 392 1553547701478 
512 485 391 1553547701487 
512 485 389 1553547701495 
512 484 388 1553547701502 
512 483 387 1553547701510 
512 483 385 1553547701518 
512 482 385 1553547701524 
512 481 383 1553547701532 
512 480 380 1553547701541 
512 479 380 1553547701549 
512 479 379 1553547701556 
512 478 379 1553547701565 
512 478 378 1553547701580 
512 477 378 1553547701610 
512 476 377 1553547701643 
512 476 376 1553547701651 
512 475 376 1553547701659 
513 475 376 1553547701738 
514 475 376 1553547701860 
512 475 375 1553547701877 
512 477 375 1553547701884 
512 479 374 1553547701892 
512 481 374 1553547701900 
512 486 374 1553547701918 
512 489 374 1553547701922 
512 492 374 1553547701931 
512 498 375 1553547701939 
512 503 375 1553547701947 
512 510 375 1553547701955 
512 517 375 1553547701963 
512 525 375 1553547701971 
512 533 375 1553547701978 
512 542 375 1553547701984 
512 552 375 1553547701992 
512 564 375 1553547702001 
512 576 376 1553547702008 
512 588 376 1553547702017 
512 600 376 1553547702024 
512 611 372 1553547702032 
512 623 369 1553547702041 
512 636 366 1553547702048 
512 648 364 1553547702056 
512 659 361 1553547702064 
512 669 359 1553547702072 
512 677 356 1553547702078 
512 683 353 1553547702086 
512 688 349 1553547702095 
512 691 347 1553547702102 
512 695 342 1553547702111 
512 698 338 1553547702119 
512 701 333 1553547702126 
512 704 327 1553547702134 
512 706 323 1553547702142 
512 709 320 1553547702150 
512 711 317 1553547702157 
512 713 315 1553547702165 
512 714 314 1553547702173 
512 715 314 1553547702181 
512 716 314 1553547702213 
512 716 317 1553547702218 
512 717 326 1553547702226 
512 717 334 1553547702235 
512 717 342 1553547702242 
512 715 351 1553547702251 
512 711 362 1553547702258 
512 707 375 1553547702266 
512 701 387 1553547702274 
512 694 400 1553547702283 
512 685 416 1553547702291 
512 676 431 1553547702299 
512 667 445 1553547702307 
512 660 458 1553547702312 
512 651 474 1553547702320 
512 644 487 1553547702328 
512 637 500 1553547702339 
512 630 513 1553547702345 
512 625 523 1553547702353 
512 621 532 1553547702362 
512 618 543 1553547702368 
512 617 553 1553547702376 
512 616 562 1553547702384 
512 615 572 1553547702391 
512 614 580 1553547702400 
512 612 587 1553547702406 
512 610 593 1553547702414 
512 607 598 1553547702422 
512 604 604 1553547702430 
512 602 608 1553547702438 
512 600 611 1553547702448 
512 599 614 1553547702454 
512 597 616 1553547702463 
512 597 620 1553547702469 
512 596 623 1553547702476 
512 595 625 1553547702484 
512 594 627 1553547702492 
512 594 629 1553547702500 
512 593 631 1553547702509 
512 592 633 1553547702517 
512 591 634 1553547702526 
512 591 635 1553547702533 
512 590 635 1553547702539 
512 590 636 1553547702546 
512 588 636 1553547702554 
512 586 637 1553547702562 
512 583 638 1553547702570 
512 580 638 1553547702579 
512 577 639 1553547702587 
512 574 639 1553547702594 
512 571 639 1553547702602 
512 569 639 1553547702611 
512 567 639 1553547702618 
512 565 640 1553547702624 
512 564 640 1553547702642 
512 564 641 1553547702773 
513 564 641 1553547702846 
512 565 639 1553547702952 
514 565 639 1553547702961 
512 566 637 1553547702969 
512 567 635 1553547702977 
512 572 628 1553547702994 
512 576 622 1553547703001 
512 583 614 1553547703007 
512 591 607 1553547703015 
512 600 598 1553547703022 
512 610 588 1553547703030 
512 622 579 1553547703038 
512 636 567 1553547703047 
512 651 553 1553547703055 
512 664 540 1553547703064 
512 676 526 1553547703070 
512 686 512 1553547703078 
512 695 498 1553547703086 
512 699 486 1553547703093 
512 704 473 1553547703100 
512 707 461 1553547703108 
512 711 452 1553547703116 
512 712 442 1553547703124 
512 713 433 1553547703132 
512 713 425 1553547703141 
512 713 419 1553547703149 
512 713 415 1553547703157 
512 714 409 1553547703162 
512 715 404 1553547703171 
512 716 398 1553547703179 
512 718 392 1553547703187 
512 721 386 1553547703195 
512 724 380 1553547703203 
512 726 376 1553547703211 
512 727 370 1553547703219 
512 728 365 1553547703226 
512 729 359 1553547703234 
512 730 352 1553547703243 
512 730 346 1553547703249 
512 730 337 1553547703257 
512 730 332 1553547703265 
512 730 325 1553547703272 
512 729 320 1553547703280 
512 728 314 1553547703288 
512 727 310 1553547703298 
512 726 304 1553547703304 
512 725 298 1553547703312 
512 724 292 1553547703321 
512 723 285 1553547703326 
512 722 276 1553547703335 
512 721 271 1553547703342 
512 720 265 1553547703350 
512 719 260 1553547703359 
512 718 254 1553547703366 
512 718 250 1553547703374 
512 717 247 1553547703383 
512 717 244 1553547703392 
512 716 241 1553547703397 
512 715 237 1553547703404 
512 714 234 1553547703413 
512 713 231 1553547703420 
512 712 229 1553547703429 
512 710 226 1553547703436 
512 708 223 1553547703445 
512 706 221 1553547703453 
512 704 219 1553547703461 
512 701 216 1553547703469 
512 699 214 1553547703477 
512 697 213 1553547703482 
512 697 212 1553547703492 
512 696 212 1553547703499 
512 696 211 1553547703507 
512 696 210 1553547703516 
512 696 209 1553547703538 
513 696 209 1553547703696 
512 696 210 1553547703787 
512 697 211 1553547703795 
514 697 211 1553547703803 
