512 698 215 1553547715403 
512 698 217 1553547715410 
512 698 220 1553547715418 
512 698 225 1553547715427 
512 698 233 1553547715436 
512 698 241 1553547715443 
512 698 250 1553547715449 
512 699 260 1553547715456 
512 700 271 1553547715465 
512 701 284 1553547715473 
512 704 296 1553547715480 
512 709 310 1553547715489 
512 714 324 1553547715497 
512 720 341 1553547715504 
512 727 356 1553547715512 
512 732 369 1553547715521 
512 739 380 1553547715526 
512 743 389 1553547715534 
512 747 398 1553547715542 
512 752 408 1553547715550 
512 755 417 1553547715559 
512 758 427 1553547715567 
512 760 435 1553547715575 
512 762 444 1553547715584 
512 766 453 1553547715592 
512 768 463 1553547715597 
512 771 472 1553547715604 
512 774 483 1553547715612 
512 777 493 1553547715621 
512 781 503 1553547715628 
512 785 513 1553547715637 
512 789 520 1553547715644 
512 793 526 1553547715652 
512 797 532 1553547715661 
512 801 537 1553547715669 
512 805 543 1553547715677 
512 808 546 1553547715683 
512 810 551 1553547715691 
512 813 555 1553547715699 
512 816 559 1553547715706 
512 818 562 1553547715715 
512 820 565 1553547715722 
512 821 567 1553547715731 
512 821 569 1553547715738 
512 822 571 1553547715746 
512 823 573 1553547715753 
512 824 575 1553547715760 
512 824 577 1553547715769 
512 825 578 1553547715776 
512 825 580 1553547715785 
512 826 583 1553547715793 
512 826 585 1553547715800 
512 826 587 1553547715808 
512 826 589 1553547715816 
512 826 591 1553547715824 
512 826 594 1553547715832 
512 826 596 1553547715839 
512 826 599 1553547715846 
512 827 601 1553547715855 
512 828 603 1553547715863 
512 829 605 1553547715870 
512 829 607 1553547715878 
512 830 610 1553547715887 
512 831 613 1553547715894 
512 832 615 1553547715903 
512 833 618 1553547715910 
512 834 620 1553547715916 
512 835 623 1553547715924 
512 836 626 1553547715933 
512 836 629 1553547715941 
512 837 631 1553547715948 
512 838 633 1553547715956 
512 838 635 1553547715965 
512 838 637 1553547715973 
512 838 639 1553547715981 
512 838 641 1553547715987 
512 838 643 1553547715994 
512 838 645 1553547716003 
512 838 646 1553547716010 
512 838 648 1553547716018 
512 838 649 1553547716027 
512 838 650 1553547716042 
512 838 651 1553547716059 
512 838 652 1553547716066 
512 839 651 1553547716322 
512 839 650 1553547716331 
512 839 648 1553547716339 
512 840 647 1553547716347 
512 840 646 1553547716354 
512 840 645 1553547716363 
512 840 644 1553547716377 
513 840 644 1553547716449 
512 840 643 1553547716469 
514 840 643 1553547716572 
512 840 644 1553547716683 
512 839 645 1553547716691 
512 837 646 1553547716697 
512 837 648 1553547716705 
512 836 648 1553547716713 
512 835 649 1553547716721 
512 834 649 1553547716814 
512 831 651 1553547716823 
512 826 651 1553547716830 
512 823 651 1553547716838 
512 820 651 1553547716847 
512 815 651 1553547716854 
512 807 648 1553547716861 
512 797 643 1553547716869 
512 781 636 1553547716877 
512 761 629 1553547716885 
512 736 619 1553547716893 
512 705 607 1553547716900 
512 674 592 1553547716909 
512 642 576 1553547716916 
512 613 561 1553547716925 
512 590 548 1553547716931 
512 571 536 1553547716939 
512 554 525 1553547716947 
512 544 518 1553547716954 
512 537 510 1553547716963 
512 531 503 1553547716971 
512 527 497 1553547716979 
512 523 491 1553547716987 
512 519 485 1553547716995 
512 515 481 1553547717002 
512 511 477 1553547717010 
512 508 474 1553547717017 
512 504 470 1553547717024 
512 501 468 1553547717033 
512 497 465 1553547717041 
512 492 462 1553547717048 
512 489 460 1553547717056 
512 485 456 1553547717065 
512 482 452 1553547717073 
512 478 449 1553547717079 
512 475 445 1553547717086 
512 472 442 1553547717095 
512 469 438 1553547717102 
512 468 435 1553547717111 
512 466 432 1553547717118 
512 465 428 1553547717126 
512 464 425 1553547717134 
512 464 422 1553547717142 
512 463 419 1553547717150 
512 462 416 1553547717159 
512 461 413 1553547717167 
512 461 411 1553547717173 
512 460 409 1553547717180 
512 459 406 1553547717189 
512 458 404 1553547717197 
512 458 402 1553547717204 
512 457 401 1553547717213 
512 456 399 1553547717220 
512 456 398 1553547717235 
512 456 396 1553547717243 
512 456 395 1553547717251 
512 456 394 1553547717259 
512 458 392 1553547717266 
512 459 391 1553547717275 
512 460 389 1553547717283 
512 461 388 1553547717291 
512 462 387 1553547717299 
512 463 386 1553547717315 
512 464 385 1553547717328 
512 464 384 1553547717336 
512 465 384 1553547717345 
512 465 383 1553547717361 
512 466 383 1553547717378 
512 467 382 1553547717447 
512 467 381 1553547717463 
512 468 381 1553547717471 
512 468 380 1553547717479 
512 469 380 1553547717500 
512 470 379 1553547717509 
512 471 378 1553547717533 
512 472 377 1553547717548 
512 472 376 1553547717563 
512 472 375 1553547717571 
512 473 374 1553547717586 
513 473 374 1553547717666 
514 473 374 1553547717775 
512 474 374 1553547717867 
512 475 374 1553547717882 
512 478 374 1553547717892 
512 494 376 1553547717927 
512 500 378 1553547717931 
512 507 380 1553547717939 
512 512 382 1553547717947 
512 521 384 1553547717952 
512 527 385 1553547717960 
512 536 387 1553547717969 
512 545 388 1553547717977 
512 553 389 1553547717984 
512 563 389 1553547717992 
512 571 389 1553547718001 
512 580 389 1553547718008 
512 588 389 1553547718016 
512 595 389 1553547718025 
512 601 388 1553547718030 
512 606 385 1553547718039 
512 611 381 1553547718047 
512 615 378 1553547718055 
512 619 372 1553547718062 
512 623 366 1553547718071 
512 626 357 1553547718079 
512 627 349 1553547718086 
512 628 341 1553547718094 
512 628 332 1553547718100 
512 629 322 1553547718109 
512 629 313 1553547718116 
512 629 305 1553547718124 
512 630 297 1553547718132 
512 630 289 1553547718141 
512 630 283 1553547718149 
512 631 278 1553547718157 
512 632 272 1553547718165 
512 633 269 1553547718173 
512 634 266 1553547718181 
512 635 263 1553547718187 
512 637 259 1553547718195 
512 639 256 1553547718202 
512 642 252 1553547718211 
512 644 249 1553547718219 
512 646 247 1553547718227 
512 648 244 1553547718235 
512 650 241 1553547718242 
512 652 239 1553547718249 
512 653 237 1553547718256 
512 655 235 1553547718265 
512 657 234 1553547718272 
512 659 232 1553547718280 
512 661 231 1553547718289 
512 663 229 1553547718297 
512 665 229 1553547718304 
512 667 228 1553547718313 
512 668 227 1553547718321 
512 671 226 1553547718329 
512 672 226 1553547718334 
512 674 225 1553547718342 
512 676 224 1553547718351 
512 678 224 1553547718359 
512 681 223 1553547718366 
512 682 222 1553547718375 
512 683 221 1553547718382 
512 684 221 1553547718391 
512 685 221 1553547718399 
512 685 220 1553547718405 
512 686 220 1553547718492 
512 686 219 1553547718506 
512 687 219 1553547718515 
512 687 218 1553547718523 
512 688 217 1553547718531 
512 689 217 1553547718538 
512 689 216 1553547718546 
512 690 216 1553547718554 
512 690 215 1553547718563 
512 691 215 1553547718570 
512 691 214 1553547718577 
512 692 213 1553547718585 
512 693 213 1553547718594 
512 694 213 1553547718600 
512 694 212 1553547718608 
512 696 212 1553547718616 
512 698 212 1553547718625 
512 699 211 1553547718632 
512 701 211 1553547718642 
512 702 210 1553547718647 
512 703 210 1553547718655 
512 704 210 1553547718670 
513 704 210 1553547718757 
514 704 210 1553547718883 
512 704 211 1553547718975 
512 704 212 1553547718982 
512 704 213 1553547718991 
512 704 214 1553547718998 
512 704 215 1553547719006 
512 704 217 1553547719015 
512 705 219 1553547719023 
512 706 221 1553547719031 
512 706 223 1553547719038 
512 708 225 1553547719046 
512 710 228 1553547719052 
512 713 232 1553547719060 
512 717 235 1553547719068 
512 721 240 1553547719077 
512 726 245 1553547719085 
512 735 252 1553547719092 
512 742 257 1553547719100 
512 751 262 1553547719108 
512 760 269 1553547719115 
512 768 276 1553547719123 
512 777 284 1553547719130 
512 787 294 1553547719139 
512 799 303 1553547719146 
512 814 317 1553547719155 
512 828 329 1553547719163 
512 845 340 1553547719171 
512 858 348 1553547719178 
512 870 356 1553547719186 
512 882 363 1553547719194 
512 892 372 1553547719202 
512 902 379 1553547719209 
512 911 383 1553547719216 
512 919 387 1553547719224 
512 925 390 1553547719233 
512 931 391 1553547719241 
512 934 391 1553547719249 
512 936 391 1553547719257 
512 937 391 1553547719272 
512 937 389 1553547719287 
512 937 386 1553547719295 
512 936 383 1553547719302 
512 935 381 1553547719310 
512 934 379 1553547719319 
512 934 377 1553547719326 
512 934 376 1553547719335 
512 933 375 1553547719343 
512 933 374 1553547719351 
512 933 373 1553547719365 
512 933 372 1553547719388 
512 933 371 1553547719404 
512 933 370 1553547719428 
512 933 369 1553547719451 
512 932 369 1553547719569 
512 931 369 1553547719585 
512 930 369 1553547719598 
512 929 370 1553547719606 
512 928 371 1553547719622 
512 927 372 1553547719639 
512 926 373 1553547719655 
513 926 373 1553547719780 
514 926 373 1553547719888 
512 926 374 1553547720021 
512 926 376 1553547720029 
512 926 378 1553547720036 
512 926 382 1553547720061 
512 926 383 1553547720067 
512 929 386 1553547720123 
512 934 390 1553547720131 
512 940 394 1553547720137 
512 946 397 1553547720144 
512 949 399 1553547720152 
512 953 401 1553547720161 
512 955 402 1553547720168 
512 956 402 1553547720177 
512 956 403 1553547720185 
512 956 405 1553547720192 
512 955 405 1553547720200 
512 952 407 1553547720209 
512 947 410 1553547720217 
512 940 413 1553547720222 
512 930 416 1553547720240 
512 918 421 1553547720241 
512 906 424 1553547720249 
512 894 428 1553547720254 
512 881 435 1553547720263 
512 870 442 1553547720270 
512 856 452 1553547720278 
512 846 461 1553547720287 
512 835 471 1553547720295 
512 824 484 1553547720302 
512 813 494 1553547720308 
512 804 505 1553547720317 
512 794 519 1553547720324 
512 785 531 1553547720333 
512 777 541 1553547720342 
512 770 550 1553547720349 
512 765 558 1553547720356 
512 760 565 1553547720364 
512 753 572 1553547720370 
512 747 579 1553547720378 
512 742 586 1553547720386 
512 737 590 1553547720395 
512 731 596 1553547720402 
512 727 599 1553547720410 
512 724 603 1553547720418 
512 720 606 1553547720427 
512 715 610 1553547720435 
512 709 613 1553547720443 
512 703 616 1553547720451 
512 696 618 1553547720457 
512 690 619 1553547720465 
512 681 620 1553547720472 
512 674 621 1553547720482 
512 665 622 1553547720489 
512 657 622 1553547720497 
512 649 623 1553547720504 
512 640 623 1553547720513 
512 630 623 1553547720521 
512 622 623 1553547720527 
512 615 623 1553547720536 
512 610 623 1553547720543 
512 606 623 1553547720551 
512 603 623 1553547720559 
512 601 623 1553547720568 
512 598 623 1553547720574 
512 597 624 1553547720583 
512 595 624 1553547720592 
512 593 624 1553547720599 
512 591 624 1553547720607 
512 588 625 1553547720613 
512 586 626 1553547720621 
512 583 627 1553547720628 
512 580 627 1553547720636 
512 577 628 1553547720644 
512 575 629 1553547720654 
512 573 630 1553547720661 
512 572 631 1553547720675 
512 571 632 1553547720692 
512 571 633 1553547720707 
512 570 634 1553547720716 
512 569 635 1553547720723 
512 568 636 1553547720738 
512 567 637 1553547720754 
512 566 638 1553547720761 
512 565 639 1553547720777 
512 565 640 1553547720794 
512 564 640 1553547720801 
512 564 641 1553547720878 
512 563 642 1553547720887 
512 562 642 1553547720904 
513 562 642 1553547720998 
512 563 642 1553547721113 
512 563 641 1553547721121 
512 564 641 1553547721129 
512 564 640 1553547721136 
514 564 640 1553547721137 
512 565 640 1553547721145 
512 565 639 1553547721152 
512 566 639 1553547721161 
512 567 638 1553547721167 
512 568 637 1553547721189 
512 569 636 1553547721191 
512 570 634 1553547721199 
512 573 633 1553547721207 
512 576 630 1553547721215 
512 579 628 1553547721223 
512 584 624 1553547721229 
512 592 620 1553547721236 
512 601 613 1553547721245 
512 610 604 1553547721254 
512 620 595 1553547721261 
512 627 589 1553547721269 
512 635 580 1553547721278 
512 642 572 1553547721286 
512 648 563 1553547721302 
512 654 556 1553547721303 
512 657 550 1553547721309 
512 658 545 1553547721315 
512 660 542 1553547721322 
512 660 540 1553547721331 
512 661 538 1553547721338 
512 661 535 1553547721347 
512 661 534 1553547721354 
512 661 532 1553547721363 
512 661 531 1553547721371 
512 661 530 1553547721385 
512 661 532 1553547721425 
512 662 534 1553547721433 
512 664 538 1553547721441 
512 667 543 1553547721448 
512 670 549 1553547721457 
512 673 555 1553547721463 
512 677 561 1553547721470 
512 681 568 1553547721478 
512 685 574 1553547721487 
512 689 580 1553547721494 
512 694 586 1553547721503 
512 700 593 1553547721510 
512 709 599 1553547721519 
512 717 604 1553547721526 
512 726 609 1553547721534 
512 737 612 1553547721543 
512 747 615 1553547721548 
512 756 618 1553547721557 
512 767 623 1553547721564 
512 777 627 1553547721573 
512 787 631 1553547721581 
512 795 635 1553547721589 
512 802 637 1553547721597 
512 808 640 1553547721604 
512 812 640 1553547721613 
512 816 641 1553547721619 
512 818 642 1553547721627 
512 820 643 1553547721635 
512 821 643 1553547721643 
512 822 643 1553547721658 
512 823 643 1553547721682 
512 824 643 1553547721698 
512 825 643 1553547721704 
512 826 643 1553547721713 
512 829 643 1553547721720 
512 831 643 1553547721728 
512 832 643 1553547721745 
512 833 643 1553547721753 
512 834 643 1553547721760 
512 835 643 1553547721839 
512 836 643 1553547721864 
512 837 643 1553547721876 
512 838 643 1553547721884 
513 838 643 1553547722049 
514 838 643 1553547722167 
512 837 643 1553547722253 
512 837 642 1553547722267 
512 837 641 1553547722275 
512 837 640 1553547722291 
512 837 639 1553547722307 
512 838 639 1553547722314 
512 838 638 1553547722322 
512 841 636 1553547722348 
512 843 636 1553547722353 
512 845 634 1553547722361 
512 847 633 1553547722368 
512 850 630 1553547722377 
512 853 628 1553547722384 
512 856 625 1553547722393 
512 860 622 1553547722401 
512 863 619 1553547722407 
512 866 615 1553547722414 
512 868 612 1553547722423 
512 871 606 1553547722430 
512 874 600 1553547722439 
512 878 592 1553547722446 
512 881 583 1553547722454 
512 884 575 1553547722463 
512 887 565 1553547722470 
512 890 556 1553547722479 
512 894 545 1553547722486 
512 897 532 1553547722493 
512 899 520 1553547722500 
512 902 509 1553547722509 
512 906 500 1553547722517 
512 909 490 1553547722525 
512 911 481 1553547722533 
512 913 472 1553547722541 
512 916 464 1553547722549 
512 918 458 1553547722557 
512 920 452 1553547722564 
512 922 448 1553547722570 
512 924 443 1553547722579 
512 924 440 1553547722587 
512 926 438 1553547722594 
512 927 436 1553547722603 
512 927 434 1553547722611 
512 928 432 1553547722619 
512 929 430 1553547722626 
512 930 428 1553547722634 
512 932 426 1553547722641 
512 933 423 1553547722648 
512 935 420 1553547722656 
512 937 416 1553547722664 
512 937 412 1553547722673 
512 938 409 1553547722680 
512 939 406 1553547722688 
512 939 403 1553547722697 
512 939 401 1553547722705 
512 939 400 1553547722713 
512 939 398 1553547722721 
512 939 396 1553547722727 
512 939 394 1553547722734 
512 939 392 1553547722743 
512 939 391 1553547722750 
512 938 389 1553547722758 
512 938 386 1553547722766 
512 937 385 1553547722775 
512 936 384 1553547722783 
512 936 383 1553547722791 
512 935 383 1553547722797 
512 935 381 1553547722805 
512 934 380 1553547722821 
512 933 380 1553547722828 
512 933 379 1553547722837 
512 933 378 1553547722845 
512 932 378 1553547722852 
512 931 378 1553547722869 
512 931 377 1553547722876 
512 930 377 1553547722882 
512 930 376 1553547722891 
512 928 376 1553547722899 
512 927 375 1553547722906 
512 925 374 1553547722914 
512 924 374 1553547722923 
512 923 373 1553547722940 
512 922 373 1553547722947 
513 922 373 1553547723080 
514 922 373 1553547723180 
512 923 373 1553547723203 
512 924 373 1553547723218 
512 925 373 1553547723250 
512 925 374 1553547723259 
512 925 376 1553547723265 
512 926 379 1553547723272 
512 928 390 1553547723293 
512 929 398 1553547723297 
512 930 408 1553547723304 
512 931 418 1553547723313 
512 931 429 1553547723320 
512 931 441 1553547723329 
512 931 453 1553547723336 
512 931 465 1553547723345 
512 931 477 1553547723351 
512 929 489 1553547723359 
512 926 500 1553547723366 
512 922 512 1553547723374 
512 918 524 1553547723383 
512 913 535 1553547723391 
512 908 545 1553547723398 
512 901 554 1553547723406 
512 897 560 1553547723415 
512 891 565 1553547723420 
512 885 569 1553547723429 
512 881 572 1553547723437 
512 877 573 1553547723445 
512 873 574 1553547723453 
512 870 574 1553547723461 
512 867 574 1553547723468 
512 864 574 1553547723477 
512 860 574 1553547723484 
512 854 572 1553547723493 
512 845 567 1553547723500 
512 836 562 1553547723507 
512 822 554 1553547723514 
512 801 540 1553547723522 
512 771 523 1553547723530 
512 742 503 1553547723538 
512 715 488 1553547723547 
512 691 474 1553547723555 
512 670 460 1553547723563 
512 650 447 1553547723570 
512 636 436 1553547723577 
512 625 430 1553547723584 
512 616 423 1553547723593 
512 610 419 1553547723601 
512 607 416 1553547723609 
512 604 413 1553547723616 
512 602 411 1553547723625 
512 601 410 1553547723632 
512 600 408 1553547723641 
512 599 408 1553547723648 
512 598 407 1553547723657 
512 596 406 1553547723663 
512 594 406 1553547723670 
512 592 405 1553547723679 
512 587 404 1553547723687 
512 582 403 1553547723695 
512 576 402 1553547723703 
512 571 401 1553547723711 
512 565 400 1553547723719 
512 558 399 1553547723727 
512 551 398 1553547723735 
512 544 397 1553547723743 
512 538 396 1553547723748 
512 532 395 1553547723757 
512 526 394 1553547723765 
512 521 394 1553547723772 
512 517 394 1553547723780 
512 514 394 1553547723788 
512 511 394 1553547723796 
512 508 394 1553547723804 
512 505 394 1553547723814 
512 503 394 1553547723819 
512 501 395 1553547723827 
512 499 395 1553547723834 
512 497 396 1553547723843 
512 494 397 1553547723850 
512 492 398 1553547723858 
512 490 398 1553547723867 
512 488 398 1553547723875 
512 486 398 1553547723883 
512 484 398 1553547723891 
512 481 397 1553547723897 
512 478 396 1553547723904 
512 476 396 1553547723913 
512 476 395 1553547723920 
512 475 395 1553547723929 
512 474 394 1553547723937 
512 473 393 1553547723952 
512 472 392 1553547723966 
512 472 391 1553547723982 
512 471 391 1553547723991 
512 470 389 1553547723999 
512 469 388 1553547724007 
512 468 387 1553547724014 
512 466 386 1553547724022 
512 466 385 1553547724030 
512 465 385 1553547724039 
512 465 384 1553547724047 
512 465 383 1553547724060 
512 465 382 1553547724069 
512 465 381 1553547724100 
512 465 380 1553547724125 
512 466 379 1553547724163 
512 466 378 1553547724171 
512 467 378 1553547724186 
512 468 378 1553547724194 
512 468 377 1553547724202 
512 469 377 1553547724217 
512 469 376 1553547724233 
512 470 376 1553547724241 
512 471 375 1553547724256 
512 471 374 1553547724265 
512 472 374 1553547724272 
512 473 374 1553547724295 
512 473 373 1553547724302 
513 473 373 1553547724405 
514 473 373 1553547724507 
512 473 375 1553547724615 
512 475 377 1553547724622 
512 476 379 1553547724630 
512 482 384 1553547724650 
512 487 387 1553547724655 
512 491 390 1553547724663 
512 496 392 1553547724670 
512 502 394 1553547724676 
512 507 395 1553547724685 
512 513 395 1553547724692 
512 518 395 1553547724701 
512 521 395 1553547724709 
512 524 394 1553547724716 
512 527 393 1553547724724 
512 529 392 1553547724733 
512 530 392 1553547724740 
512 531 391 1553547724749 
512 532 392 1553547724779 
512 532 394 1553547724787 
512 533 398 1553547724794 
512 533 401 1553547724802 
512 533 406 1553547724810 
512 533 412 1553547724819 
512 532 420 1553547724826 
512 531 431 1553547724834 
512 530 442 1553547724841 
512 530 454 1553547724849 
512 530 467 1553547724856 
512 530 479 1553547724864 
512 530 491 1553547724873 
512 530 504 1553547724881 
512 530 515 1553547724888 
512 530 524 1553547724897 
512 530 533 1553547724902 
512 530 543 1553547724911 
512 530 551 1553547724918 
512 531 559 1553547724927 
512 532 567 1553547724935 
512 533 573 1553547724942 
512 534 578 1553547724950 
512 535 583 1553547724958 
512 535 586 1553547724966 
512 537 591 1553547724974 
512 539 595 1553547724982 
512 540 598 1553547724988 
512 542 602 1553547724997 
512 543 606 1553547725005 
512 546 608 1553547725013 
512 546 610 1553547725021 
512 549 612 1553547725029 
512 549 614 1553547725037 
512 550 615 1553547725045 
512 551 616 1553547725053 
512 551 617 1553547725058 
512 552 618 1553547725066 
512 553 620 1553547725075 
512 555 621 1553547725082 
512 556 622 1553547725091 
512 557 622 1553547725098 
512 557 623 1553547725106 
512 558 624 1553547725115 
512 559 625 1553547725132 
512 560 627 1553547725139 
512 561 628 1553547725144 
512 562 629 1553547725152 
512 562 631 1553547725161 
512 562 632 1553547725169 
512 563 633 1553547725176 
512 563 634 1553547725192 
512 563 635 1553547725209 
512 563 636 1553547725224 
512 563 637 1553547725231 
512 563 638 1553547725255 
512 562 639 1553547725270 
512 562 640 1553547725294 
512 562 641 1553547725300 
512 561 641 1553547725316 
512 561 642 1553547725332 
512 560 642 1553547725341 
512 560 643 1553547725373 
513 560 643 1553547725458 
514 560 643 1553547725551 
512 560 641 1553547725591 
512 560 638 1553547725598 
512 560 634 1553547725617 
512 560 631 1553547725621 
512 560 628 1553547725628 
512 561 623 1553547725637 
512 561 617 1553547725644 
512 563 610 1553547725652 
512 568 601 1553547725661 
512 572 592 1553547725668 
512 578 582 1553547725676 
512 582 571 1553547725684 
512 587 561 1553547725691 
512 592 552 1553547725698 
512 595 541 1553547725706 
512 598 530 1553547725715 
512 602 517 1553547725723 
512 606 506 1553547725731 
512 609 497 1553547725738 
512 613 486 1553547725748 
512 615 478 1553547725755 
512 617 469 1553547725763 
512 619 461 1553547725770 
512 622 451 1553547725777 
512 624 442 1553547725784 
512 625 432 1553547725792 
512 626 423 1553547725801 
512 627 413 1553547725810 
512 628 404 1553547725816 
512 628 395 1553547725824 
512 628 387 1553547725832 
512 628 379 1553547725842 
512 629 370 1553547725848 
512 629 362 1553547725855 
512 630 354 1553547725863 
512 630 349 1553547725871 
512 631 343 1553547725879 
512 632 338 1553547725886 
512 633 333 1553547725894 
512 635 328 1553547725903 
512 636 322 1553547725910 
512 638 316 1553547725918 
512 640 312 1553547725924 
512 641 307 1553547725932 
512 642 304 1553547725941 
512 643 301 1553547725949 
512 644 299 1553547725956 
512 645 296 1553547725965 
512 646 294 1553547725973 
512 647 293 1553547725981 
512 647 292 1553547725989 
512 649 289 1553547725996 
512 650 288 1553547726004 
512 651 286 1553547726012 
512 652 284 1553547726019 
512 654 282 1553547726027 
512 655 280 1553547726034 
512 656 278 1553547726043 
512 657 276 1553547726050 
512 658 274 1553547726058 
512 659 273 1553547726066 
512 660 270 1553547726074 
512 661 268 1553547726080 
512 662 266 1553547726088 
512 663 263 1553547726097 
512 663 260 1553547726105 
512 664 257 1553547726113 
512 665 254 1553547726121 
512 666 251 1553547726128 
512 667 249 1553547726137 
512 668 247 1553547726144 
512 669 245 1553547726152 
512 670 243 1553547726160 
512 671 240 1553547726166 
512 672 238 1553547726175 
512 672 237 1553547726184 
512 673 235 1553547726193 
512 674 232 1553547726198 
512 674 230 1553547726207 
512 675 229 1553547726215 
512 676 227 1553547726222 
512 677 226 1553547726230 
512 677 225 1553547726238 
512 678 224 1553547726247 
512 678 223 1553547726260 
512 679 222 1553547726269 
512 679 221 1553547726293 
512 680 221 1553547726301 
512 681 221 1553547726323 
512 681 220 1553547726331 
512 682 220 1553547726338 
512 684 220 1553547726354 
512 684 219 1553547726363 
512 685 219 1553547726371 
512 686 218 1553547726378 
512 687 218 1553547726393 
512 688 218 1553547726401 
512 689 217 1553547726416 
512 690 217 1553547726448 
512 690 216 1553547726479 
512 691 216 1553547726519 
512 692 215 1553547726565 
512 692 214 1553547726580 
512 693 214 1553547726588 
512 693 213 1553547726605 
512 694 213 1553547726613 
512 694 212 1553547726621 
512 695 212 1553547726626 
512 696 211 1553547726635 
512 696 210 1553547726643 
512 697 210 1553547726650 
512 698 210 1553547726674 
512 698 209 1553547726692 
513 698 209 1553547726755 
514 698 209 1553547726863 
