512 698 210 1553547726941 
512 698 214 1553547726946 
512 698 222 1553547726955 
512 698 230 1553547726963 
512 698 239 1553547726970 
512 698 251 1553547726978 
512 699 263 1553547726987 
512 701 279 1553547726994 
512 705 301 1553547727002 
512 711 322 1553547727010 
512 720 345 1553547727019 
512 730 375 1553547727026 
512 739 400 1553547727033 
512 748 421 1553547727042 
512 759 444 1553547727049 
512 769 465 1553547727056 
512 781 483 1553547727065 
512 788 499 1553547727073 
512 794 511 1553547727081 
512 798 523 1553547727089 
512 802 533 1553547727095 
512 804 541 1553547727103 
512 805 547 1553547727111 
512 805 551 1553547727119 
512 805 555 1553547727126 
512 805 558 1553547727135 
512 805 560 1553547727143 
512 805 562 1553547727150 
512 806 565 1553547727159 
512 807 567 1553547727167 
512 808 569 1553547727174 
512 810 571 1553547727181 
512 812 573 1553547727189 
512 814 575 1553547727196 
512 818 578 1553547727204 
512 823 581 1553547727212 
512 827 584 1553547727220 
512 831 587 1553547727228 
512 833 588 1553547727237 
512 835 591 1553547727245 
512 836 593 1553547727250 
512 837 595 1553547727258 
512 838 598 1553547727267 
512 839 602 1553547727275 
512 840 605 1553547727283 
512 841 609 1553547727291 
512 842 613 1553547727298 
512 843 618 1553547727307 
512 843 621 1553547727315 
512 844 624 1553547727323 
512 845 627 1553547727331 
512 846 630 1553547727336 
512 846 632 1553547727344 
512 846 634 1553547727352 
512 847 637 1553547727361 
512 847 639 1553547727368 
512 847 641 1553547727376 
512 847 642 1553547727385 
512 847 643 1553547727393 
512 847 644 1553547727402 
512 847 645 1553547727417 
512 847 646 1553547727422 
512 847 647 1553547727438 
512 847 648 1553547727471 
512 846 647 1553547727643 
512 845 646 1553547727657 
512 845 645 1553547727665 
512 844 644 1553547727673 
512 843 643 1553547727688 
512 842 643 1553547727697 
512 842 642 1553547727705 
512 842 641 1553547727720 
512 841 641 1553547727728 
513 841 641 1553547727776 
512 841 640 1553547727898 
514 841 640 1553547727899 
512 840 641 1553547727993 
512 838 643 1553547728002 
512 836 645 1553547728009 
512 835 647 1553547728025 
512 834 647 1553547728025 
512 834 648 1553547728038 
512 834 646 1553547728173 
512 835 643 1553547728181 
512 835 638 1553547728189 
512 833 632 1553547728194 
512 826 623 1553547728202 
512 816 614 1553547728210 
512 802 603 1553547728219 
512 783 590 1553547728227 
512 762 578 1553547728235 
512 736 565 1553547728243 
512 704 549 1553547728250 
512 673 531 1553547728259 
512 649 517 1553547728266 
512 633 509 1553547728273 
512 623 505 1553547728281 
512 615 502 1553547728289 
512 611 500 1553547728297 
512 607 498 1553547728305 
512 605 497 1553547728313 
512 604 496 1553547728321 
512 602 494 1553547728329 
512 600 494 1553547728336 
512 598 492 1553547728345 
512 595 491 1553547728352 
512 591 488 1553547728358 
512 588 485 1553547728366 
512 583 483 1553547728374 
512 577 479 1553547728382 
512 571 475 1553547728391 
512 565 471 1553547728399 
512 559 465 1553547728406 
512 553 459 1553547728415 
512 549 453 1553547728422 
512 545 447 1553547728428 
512 542 441 1553547728439 
512 538 434 1553547728444 
512 536 428 1553547728453 
512 533 422 1553547728460 
512 530 416 1553547728468 
512 527 411 1553547728476 
512 523 403 1553547728485 
512 519 396 1553547728493 
512 515 390 1553547728501 
512 511 384 1553547728506 
512 508 379 1553547728514 
512 503 376 1553547728523 
512 498 372 1553547728530 
512 493 369 1553547728538 
512 487 366 1553547728547 
512 482 363 1553547728554 
512 477 360 1553547728563 
512 474 359 1553547728571 
512 471 358 1553547728577 
512 469 357 1553547728585 
512 469 356 1553547728593 
512 467 356 1553547728600 
512 466 356 1553547728617 
512 465 356 1553547728625 
512 464 356 1553547728633 
512 463 356 1553547728649 
512 462 357 1553547728664 
512 461 358 1553547728678 
512 460 359 1553547728694 
512 460 360 1553547728711 
512 460 361 1553547728719 
512 460 363 1553547728728 
512 461 365 1553547728733 
512 462 367 1553547728741 
512 464 369 1553547728749 
512 465 371 1553547728757 
512 468 373 1553547728765 
512 470 375 1553547728773 
512 472 378 1553547728780 
512 475 380 1553547728788 
512 476 381 1553547728797 
512 477 382 1553547728804 
512 478 382 1553547728818 
512 478 383 1553547728827 
512 479 384 1553547728834 
512 479 383 1553547728991 
512 479 382 1553547729015 
512 478 382 1553547729031 
512 478 381 1553547729040 
512 477 380 1553547729076 
512 476 379 1553547729084 
512 475 379 1553547729116 
512 475 378 1553547729156 
512 474 378 1553547729171 
512 474 377 1553547729178 
513 474 377 1553547729235 
514 474 377 1553547729373 
512 478 380 1553547729467 
512 483 384 1553547729474 
512 495 395 1553547729493 
512 502 402 1553547729499 
512 511 407 1553547729507 
512 519 411 1553547729515 
512 527 414 1553547729523 
512 535 418 1553547729528 
512 542 419 1553547729536 
512 547 419 1553547729545 
512 550 419 1553547729553 
512 552 419 1553547729560 
512 554 419 1553547729568 
512 554 418 1553547729577 
512 555 418 1553547729584 
512 556 416 1553547729593 
512 556 414 1553547729598 
512 557 411 1553547729606 
512 558 405 1553547729615 
512 558 398 1553547729622 
512 558 390 1553547729631 
512 558 381 1553547729638 
512 558 372 1553547729646 
512 559 362 1553547729655 
512 561 351 1553547729663 
512 565 338 1553547729670 
512 568 326 1553547729677 
512 571 315 1553547729684 
512 572 305 1553547729692 
512 575 297 1553547729700 
512 577 290 1553547729708 
512 579 281 1553547729717 
512 581 276 1553547729724 
512 584 270 1553547729733 
512 587 265 1553547729741 
512 591 261 1553547729748 
512 594 258 1553547729754 
512 598 255 1553547729763 
512 603 252 1553547729771 
512 609 251 1553547729778 
512 618 250 1553547729787 
512 627 249 1553547729794 
512 635 248 1553547729803 
512 645 247 1553547729810 
512 653 246 1553547729818 
512 660 245 1553547729827 
512 665 244 1553547729832 
512 671 243 1553547729842 
512 676 243 1553547729848 
512 680 242 1553547729856 
512 682 241 1553547729865 
512 682 240 1553547729872 
512 683 240 1553547729881 
512 683 239 1553547729889 
512 683 238 1553547729905 
512 684 238 1553547729913 
512 684 236 1553547729919 
512 685 236 1553547729927 
512 685 235 1553547729934 
512 685 234 1553547729951 
512 685 233 1553547729966 
512 685 232 1553547729974 
512 685 231 1553547729983 
512 685 229 1553547729988 
512 684 229 1553547729997 
512 684 228 1553547730004 
512 683 227 1553547730013 
512 683 226 1553547730028 
512 683 225 1553547730053 
512 683 224 1553547730069 
512 684 223 1553547730077 
512 685 223 1553547730083 
512 685 222 1553547730091 
512 686 222 1553547730099 
512 686 221 1553547730107 
512 687 221 1553547730114 
512 687 220 1553547730122 
512 688 220 1553547730131 
512 688 219 1553547730139 
512 689 219 1553547730147 
512 690 219 1553547730152 
512 690 218 1553547730161 
512 691 218 1553547730168 
512 691 217 1553547730176 
512 692 217 1553547730192 
512 692 216 1553547730201 
512 693 215 1553547730210 
512 694 215 1553547730217 
512 694 214 1553547730223 
512 695 214 1553547730230 
512 695 213 1553547730238 
512 696 213 1553547730246 
512 696 212 1553547730254 
512 696 211 1553547730270 
512 697 211 1553547730279 
512 697 210 1553547730286 
513 697 210 1553547730452 
514 697 210 1553547730551 
512 698 211 1553547730583 
512 698 212 1553547730591 
512 699 212 1553547730598 
512 699 213 1553547730607 
512 700 213 1553547730613 
512 701 215 1553547730621 
512 702 216 1553547730637 
512 702 217 1553547730661 
512 703 217 1553547730668 
512 703 218 1553547730684 
512 703 219 1553547730698 
512 703 220 1553547730724 
512 704 223 1553547730817 
512 708 231 1553547730825 
512 714 240 1553547730833 
512 722 250 1553547730842 
512 733 263 1553547730849 
512 744 276 1553547730854 
512 758 291 1553547730862 
512 768 301 1553547730871 
512 778 310 1553547730879 
512 788 317 1553547730886 
512 797 323 1553547730895 
512 803 327 1553547730902 
512 806 328 1553547730912 
512 808 329 1553547730917 
512 809 329 1553547730924 
512 811 329 1553547730932 
512 813 329 1553547730949 
512 814 328 1553547730964 
512 815 327 1553547730981 
512 816 327 1553547730988 
512 817 327 1553547730997 
512 818 327 1553547731005 
512 820 327 1553547731011 
512 821 326 1553547731019 
512 823 326 1553547731027 
512 825 326 1553547731035 
512 827 326 1553547731042 
512 828 326 1553547731051 
512 831 327 1553547731059 
512 833 329 1553547731066 
512 835 332 1553547731072 
512 837 334 1553547731081 
512 840 336 1553547731089 
512 843 340 1553547731097 
512 847 344 1553547731104 
512 851 347 1553547731112 
512 855 351 1553547731120 
512 859 355 1553547731128 
512 863 358 1553547731137 
512 865 362 1553547731145 
512 868 364 1553547731153 
512 869 366 1553547731159 
512 870 367 1553547731166 
512 871 368 1553547731174 
512 872 368 1553547731182 
512 874 369 1553547731285 
512 875 370 1553547731300 
512 875 371 1553547731308 
512 876 371 1553547731316 
512 877 371 1553547731449 
512 878 372 1553547731465 
512 880 372 1553547731472 
512 882 373 1553547731479 
512 883 373 1553547731486 
512 884 373 1553547731494 
512 885 374 1553547731510 
512 886 374 1553547731519 
512 887 374 1553547731526 
512 888 374 1553547731605 
512 890 375 1553547731612 
512 892 376 1553547731620 
512 895 376 1553547731629 
512 897 376 1553547731634 
512 899 377 1553547731643 
512 901 377 1553547731652 
512 902 377 1553547731659 
512 903 377 1553547731745 
512 904 377 1553547731753 
512 906 377 1553547731761 
512 908 377 1553547731769 
512 911 377 1553547731777 
512 914 377 1553547731785 
512 917 377 1553547731791 
512 919 377 1553547731798 
512 920 377 1553547731900 
512 921 377 1553547731916 
512 922 376 1553547731925 
512 922 375 1553547731932 
513 922 375 1553547732136 
512 923 375 1553547732250 
514 923 375 1553547732251 
512 924 375 1553547732275 
512 925 376 1553547732292 
512 927 376 1553547732298 
512 929 377 1553547732321 
512 929 378 1553547732322 
512 930 378 1553547732328 
512 930 379 1553547732337 
512 930 380 1553547732344 
512 930 381 1553547732368 
512 928 381 1553547732533 
512 922 385 1553547732541 
512 914 390 1553547732549 
512 904 396 1553547732556 
512 895 404 1553547732564 
512 886 412 1553547732570 
512 877 420 1553547732579 
512 870 430 1553547732586 
512 862 442 1553547732595 
512 854 455 1553547732603 
512 845 472 1553547732611 
512 841 485 1553547732618 
512 836 497 1553547732627 
512 832 509 1553547732634 
512 827 522 1553547732643 
512 822 531 1553547732649 
512 815 540 1553547732656 
512 807 549 1553547732664 
512 798 557 1553547732673 
512 790 563 1553547732681 
512 782 569 1553547732688 
512 775 574 1553547732697 
512 767 577 1553547732704 
512 761 580 1553547732712 
512 756 583 1553547732718 
512 750 585 1553547732726 
512 744 587 1553547732735 
512 738 590 1553547732743 
512 733 593 1553547732750 
512 730 594 1553547732758 
512 728 595 1553547732766 
512 726 595 1553547732774 
512 724 596 1553547732783 
512 721 597 1553547732792 
512 719 598 1553547732799 
512 716 599 1553547732806 
512 713 602 1553547732812 
512 709 604 1553547732820 
512 704 607 1553547732828 
512 701 610 1553547732836 
512 696 612 1553547732844 
512 693 614 1553547732853 
512 688 616 1553547732861 
512 684 618 1553547732868 
512 678 620 1553547732875 
512 673 621 1553547732883 
512 666 622 1553547732891 
512 659 623 1553547732898 
512 653 624 1553547732906 
512 648 625 1553547732915 
512 642 628 1553547732922 
512 636 629 1553547732931 
512 631 631 1553547732938 
512 627 633 1553547732946 
512 624 634 1553547732954 
512 621 635 1553547732960 
512 619 635 1553547732968 
512 616 635 1553547732977 
512 614 635 1553547732984 
512 612 635 1553547732993 
512 610 635 1553547733000 
512 607 635 1553547733008 
512 604 635 1553547733016 
512 602 635 1553547733025 
512 600 635 1553547733031 
512 599 635 1553547733038 
512 598 635 1553547733094 
512 597 635 1553547733110 
512 595 635 1553547733116 
512 592 636 1553547733125 
512 589 637 1553547733133 
512 586 638 1553547733141 
512 583 638 1553547733149 
512 580 639 1553547733156 
512 577 640 1553547733164 
512 575 641 1553547733172 
512 573 641 1553547733181 
512 570 642 1553547733187 
512 568 643 1553547733195 
512 566 644 1553547733202 
512 565 644 1553547733210 
512 564 645 1553547733218 
512 562 646 1553547733234 
512 561 647 1553547733243 
512 560 647 1553547733250 
512 560 648 1553547733259 
512 559 648 1553547733266 
512 558 649 1553547733281 
512 559 649 1553547733358 
512 560 649 1553547733367 
512 562 649 1553547733374 
512 563 649 1553547733382 
512 564 649 1553547733391 
513 564 649 1553547733540 
512 565 649 1553547733625 
512 565 648 1553547733641 
514 565 648 1553547733642 
512 566 647 1553547733773 
512 567 646 1553547733788 
512 568 645 1553547733796 
512 570 645 1553547733804 
512 576 643 1553547733826 
512 580 642 1553547733827 
512 587 640 1553547733835 
512 597 638 1553547733842 
512 606 635 1553547733850 
512 616 632 1553547733858 
512 626 627 1553547733866 
512 634 623 1553547733875 
512 642 619 1553547733880 
512 648 615 1553547733888 
512 652 611 1553547733897 
512 656 608 1553547733904 
512 659 607 1553547733912 
512 662 606 1553547733920 
512 668 606 1553547733929 
512 672 606 1553547733937 
512 679 608 1553547733945 
512 686 610 1553547733953 
512 694 613 1553547733960 
512 703 614 1553547733969 
512 712 616 1553547733974 
512 722 617 1553547733982 
512 731 618 1553547733991 
512 742 620 1553547733998 
512 751 622 1553547734007 
512 760 624 1553547734015 
512 767 626 1553547734022 
512 773 629 1553547734031 
512 776 630 1553547734039 
512 778 631 1553547734046 
512 779 632 1553547734052 
512 780 632 1553547734061 
512 781 633 1553547734093 
512 782 633 1553547734100 
512 783 634 1553547734109 
512 785 635 1553547734117 
512 788 636 1553547734125 
512 792 636 1553547734131 
512 795 637 1553547734138 
512 798 638 1553547734147 
512 801 638 1553547734154 
512 805 639 1553547734162 
512 808 639 1553547734171 
512 811 639 1553547734178 
512 813 639 1553547734186 
512 815 639 1553547734194 
512 816 639 1553547734203 
512 817 639 1553547734289 
512 819 639 1553547734295 
512 820 639 1553547734311 
512 821 639 1553547734327 
512 822 639 1553547734335 
512 823 639 1553547734349 
512 824 639 1553547734372 
512 824 640 1553547734381 
512 825 640 1553547734388 
512 825 641 1553547734397 
512 826 642 1553547734404 
512 827 642 1553547734412 
512 827 643 1553547734420 
512 828 643 1553547734428 
512 829 644 1553547734443 
512 830 644 1553547734450 
512 831 644 1553547734459 
512 832 644 1553547734475 
512 833 644 1553547734491 
512 834 644 1553547734606 
512 834 643 1553547734622 
512 835 643 1553547734639 
513 835 643 1553547734735 
512 836 642 1553547734857 
514 836 642 1553547734857 
512 836 641 1553547734881 
512 837 641 1553547734888 
512 838 641 1553547734897 
512 838 640 1553547734904 
512 839 640 1553547734910 
512 840 640 1553547734935 
512 840 639 1553547734958 
512 839 640 1553547735066 
512 836 642 1553547735074 
512 834 644 1553547735082 
512 832 645 1553547735091 
512 830 645 1553547735099 
512 828 645 1553547735106 
512 826 645 1553547735115 
512 824 644 1553547735122 
512 822 642 1553547735131 
512 820 640 1553547735139 
512 820 637 1553547735145 
512 819 634 1553547735152 
512 819 628 1553547735160 
512 819 624 1553547735169 
512 821 616 1553547735177 
512 824 607 1553547735184 
512 827 597 1553547735193 
512 830 588 1553547735201 
512 835 578 1553547735207 
512 839 566 1553547735215 
512 843 552 1553547735222 
512 847 537 1553547735230 
512 851 521 1553547735239 
512 855 502 1553547735247 
512 856 482 1553547735254 
512 859 464 1553547735262 
512 862 451 1553547735271 
512 866 439 1553547735279 
512 868 428 1553547735286 
512 870 418 1553547735293 
512 872 412 1553547735301 
512 873 408 1553547735309 
512 874 405 1553547735316 
512 876 402 1553547735324 
512 877 400 1553547735333 
512 878 399 1553547735341 
512 879 397 1553547735348 
512 881 397 1553547735357 
512 882 395 1553547735362 
512 883 394 1553547735370 
512 884 393 1553547735378 
512 884 391 1553547735387 
512 885 391 1553547735394 
512 885 390 1553547735403 
512 886 390 1553547735410 
512 887 389 1553547735418 
512 887 388 1553547735427 
512 888 388 1553547735434 
512 888 387 1553547735442 
512 889 387 1553547735448 
512 889 386 1553547735456 
512 890 386 1553547735465 
512 891 386 1553547735473 
512 893 385 1553547735481 
512 895 385 1553547735488 
512 897 385 1553547735497 
512 899 385 1553547735505 
512 901 385 1553547735513 
512 903 385 1553547735521 
512 905 385 1553547735528 
512 908 385 1553547735535 
512 910 385 1553547735543 
512 912 384 1553547735551 
512 913 383 1553547735558 
512 915 383 1553547735566 
512 916 382 1553547735574 
512 917 381 1553547735583 
512 918 381 1553547735591 
512 918 380 1553547735597 
512 920 380 1553547735604 
512 921 378 1553547735613 
512 923 377 1553547735620 
512 925 377 1553547735628 
512 927 376 1553547735636 
512 928 375 1553547735644 
512 930 375 1553547735653 
512 931 373 1553547735661 
512 932 373 1553547735668 
512 932 372 1553547735676 
512 933 371 1553547735682 
513 933 371 1553547735794 
514 933 371 1553547735895 
512 933 372 1553547735925 
512 933 373 1553547735965 
512 932 374 1553547735980 
512 931 375 1553547735989 
512 929 375 1553547735995 
512 929 376 1553547736003 
512 926 378 1553547736021 
512 925 379 1553547736027 
512 924 380 1553547736035 
512 923 381 1553547736043 
512 923 383 1553547736050 
512 922 384 1553547736059 
512 921 386 1553547736065 
512 921 388 1553547736072 
512 921 389 1553547736081 
512 921 390 1553547736089 
512 921 391 1553547736104 
512 921 392 1553547736113 
512 921 394 1553547736120 
512 921 396 1553547736128 
512 920 398 1553547736136 
512 919 401 1553547736144 
512 918 404 1553547736150 
512 917 406 1553547736159 
512 915 408 1553547736166 
512 913 409 1553547736174 
512 912 410 1553547736183 
512 910 410 1553547736192 
512 908 410 1553547736199 
512 906 410 1553547736206 
512 903 410 1553547736215 
512 897 407 1553547736221 
512 889 403 1553547736228 
512 876 397 1553547736237 
512 858 391 1553547736244 
512 834 383 1553547736252 
512 802 376 1553547736260 
512 775 370 1553547736268 
512 752 367 1553547736277 
512 723 362 1553547736284 
512 700 359 1553547736293 
512 682 357 1553547736301 
512 667 357 1553547736306 
512 658 357 1553547736315 
512 650 357 1553547736323 
512 645 357 1553547736331 
512 642 357 1553547736338 
512 639 357 1553547736347 
512 637 358 1553547736354 
512 636 359 1553547736363 
512 634 361 1553547736368 
512 633 362 1553547736376 
512 631 364 1553547736384 
512 627 366 1553547736393 
512 622 368 1553547736401 
512 613 370 1553547736408 
512 604 371 1553547736417 
512 592 371 1553547736424 
512 577 371 1553547736432 
512 563 372 1553547736441 
512 548 373 1553547736449 
512 534 373 1553547736454 
512 522 373 1553547736463 
512 512 372 1553547736470 
512 504 372 1553547736478 
512 499 372 1553547736487 
512 496 372 1553547736494 
512 496 373 1553547736503 
512 495 373 1553547736518 
512 495 374 1553547736526 
512 494 375 1553547736541 
512 493 376 1553547736556 
512 492 377 1553547736565 
512 490 378 1553547736573 
512 488 379 1553547736582 
512 485 379 1553547736589 
512 481 379 1553547736597 
512 478 379 1553547736604 
512 475 379 1553547736610 
512 473 379 1553547736618 
512 471 379 1553547736627 
512 469 379 1553547736634 
512 470 378 1553547736852 
512 471 377 1553547736868 
512 471 376 1553547736876 
512 472 376 1553547736885 
512 472 375 1553547736892 
512 473 375 1553547736901 
513 473 375 1553547736955 
514 473 375 1553547737065 
512 474 374 1553547737079 
512 475 374 1553547737135 
512 476 374 1553547737150 
512 479 374 1553547737159 
512 489 374 1553547737179 
512 494 374 1553547737181 
512 500 374 1553547737189 
512 505 374 1553547737196 
512 512 374 1553547737205 
512 517 374 1553547737213 
512 523 374 1553547737221 
512 529 374 1553547737229 
512 536 373 1553547737237 
512 545 370 1553547737243 
512 552 368 1553547737250 
512 558 365 1553547737258 
512 561 362 1553547737267 
512 565 358 1553547737274 
512 567 355 1553547737282 
512 571 351 1553547737291 
512 575 346 1553547737299 
512 578 343 1553547737307 
512 581 340 1553547737313 
512 583 339 1553547737320 
512 585 338 1553547737328 
512 586 338 1553547737344 
512 586 339 1553547737369 
512 586 342 1553547737377 
512 586 347 1553547737384 
512 586 351 1553547737392 
512 584 359 1553547737398 
512 583 369 1553547737406 
512 580 380 1553547737414 
512 577 392 1553547737423 
512 575 405 1553547737431 
512 571 417 1553547737438 
512 568 430 1553547737447 
512 565 443 1553547737455 
512 561 458 1553547737460 
512 557 480 1553547737468 
512 553 501 1553547737476 
512 551 521 1553547737484 
512 550 538 1553547737492 
512 548 553 1553547737501 
512 547 565 1553547737508 
512 547 578 1553547737517 
512 547 590 1553547737525 
512 547 600 1553547737533 
512 549 607 1553547737542 
512 550 612 1553547737547 
512 552 618 1553547737554 
512 553 624 1553547737563 
512 553 627 1553547737571 
512 554 629 1553547737578 
512 555 631 1553547737587 
512 556 633 1553547737595 
512 556 634 1553547737610 
512 557 634 1553547737736 
512 557 635 1553547737743 
512 557 636 1553547737759 
512 557 637 1553547737766 
512 557 638 1553547737781 
512 557 639 1553547737796 
513 557 639 1553547737862 
512 557 640 1553547737962 
514 557 640 1553547737977 
512 558 640 1553547738016 
512 559 640 1553547738031 
512 559 639 1553547738038 
512 560 639 1553547738047 
512 560 638 1553547738054 
512 560 636 1553547738063 
512 561 635 1553547738071 
512 562 632 1553547738078 
512 563 626 1553547738098 
512 564 620 1553547738100 
512 565 614 1553547738109 
512 568 606 1553547738117 
512 569 598 1553547738125 
512 571 588 1553547738133 
512 573 576 1553547738141 
512 576 564 1553547738148 
512 578 552 1553547738157 
512 580 538 1553547738163 
512 581 526 1553547738171 
512 585 513 1553547738179 
512 587 500 1553547738186 
512 589 487 1553547738195 
512 590 477 1553547738202 
512 591 467 1553547738211 
512 592 459 1553547738218 
512 593 451 1553547738226 
512 594 445 1553547738235 
512 596 440 1553547738243 
512 598 434 1553547738248 
512 601 428 1553547738256 
512 604 422 1553547738264 
512 607 416 1553547738272 
512 611 410 1553547738281 
512 614 403 1553547738288 
512 618 394 1553547738296 
512 622 386 1553547738304 
512 627 377 1553547738313 
512 631 368 1553547738319 
512 634 358 1553547738326 
512 636 350 1553547738335 
512 637 342 1553547738343 
512 638 335 1553547738350 
512 639 329 1553547738358 
512 640 323 1553547738367 
512 641 318 1553547738374 
512 643 312 1553547738383 
512 646 306 1553547738391 
512 649 300 1553547738398 
512 653 294 1553547738406 
512 658 288 1553547738413 
512 665 282 1553547738421 
512 672 276 1553547738429 
512 678 269 1553547738436 
512 684 263 1553547738445 
512 690 256 1553547738452 
512 694 250 1553547738460 
512 697 244 1553547738468 
512 700 239 1553547738474 
512 701 235 1553547738482 
512 702 232 1553547738491 
512 702 229 1553547738499 
512 702 226 1553547738506 
512 702 224 1553547738515 
512 702 221 1553547738522 
512 701 219 1553547738530 
512 701 217 1553547738539 
512 701 216 1553547738547 
512 701 215 1553547738561 
512 701 214 1553547738577 
512 701 213 1553547738593 
512 701 212 1553547738600 
512 701 211 1553547738617 
512 701 210 1553547738630 
512 700 210 1553547738639 
512 700 209 1553547738647 
512 700 208 1553547738654 
512 699 208 1553547738670 
513 699 208 1553547738782 
514 699 208 1553547738882 
