512 697 211 1553604716866 
512 702 211 1553604716882 
512 703 211 1553604716899 
512 706 212 1553604716916 
512 726 226 1553604716933 
512 743 240 1553604716949 
512 763 264 1553604716967 
512 785 295 1553604716982 
512 805 329 1553604716999 
512 819 357 1553604717016 
512 826 379 1553604717032 
512 831 393 1553604717049 
512 832 405 1553604717066 
512 832 418 1553604717083 
512 832 442 1553604717099 
512 835 466 1553604717116 
512 840 492 1553604717132 
512 848 525 1553604717149 
512 856 554 1553604717166 
512 858 574 1553604717182 
512 858 591 1553604717199 
512 855 598 1553604717216 
512 852 602 1553604717232 
512 851 604 1553604717249 
512 850 606 1553604717266 
512 850 608 1553604717282 
512 851 610 1553604717299 
512 852 611 1553604717316 
512 852 613 1553604717333 
512 851 614 1553604717349 
512 850 615 1553604717366 
512 850 616 1553604717383 
512 849 618 1553604717399 
512 848 619 1553604717416 
512 848 622 1553604717433 
512 847 626 1553604717449 
512 846 629 1553604717467 
512 845 631 1553604717483 
512 844 632 1553604717499 
512 843 633 1553604717516 
512 841 633 1553604717533 
512 841 634 1553604717566 
512 841 635 1553604717632 
512 840 636 1553604717650 
512 839 638 1553604717666 
513 839 638 1553604717863 
512 838 637 1553604717949 
512 838 632 1553604717957 
514 838 632 1553604717957 
512 837 628 1553604717966 
512 831 617 1553604717982 
512 827 599 1553604718000 
512 825 586 1553604718016 
512 823 568 1553604718032 
512 822 536 1553604718049 
512 822 507 1553604718065 
512 824 476 1553604718082 
512 826 438 1553604718098 
512 827 394 1553604718115 
512 829 364 1553604718132 
512 832 336 1553604718148 
512 834 314 1553604718165 
512 837 288 1553604718183 
512 837 278 1553604718199 
512 836 275 1553604718215 
512 832 273 1553604718232 
512 824 273 1553604718250 
512 813 275 1553604718266 
512 798 281 1553604718283 
512 773 297 1553604718300 
512 755 310 1553604718316 
512 742 318 1553604718334 
512 726 324 1553604718348 
512 708 330 1553604718366 
512 686 334 1553604718383 
512 658 335 1553604718399 
512 633 335 1553604718416 
512 611 335 1553604718433 
512 588 333 1553604718449 
512 577 332 1553604718466 
512 567 331 1553604718484 
512 559 331 1553604718500 
512 546 330 1553604718515 
512 533 330 1553604718533 
512 521 329 1553604718550 
512 516 329 1553604718566 
512 514 330 1553604718584 
512 513 332 1553604718599 
512 510 334 1553604718616 
512 506 338 1553604718633 
512 501 343 1553604718649 
512 496 348 1553604718667 
512 489 355 1553604718682 
512 486 359 1553604718700 
512 484 363 1553604718715 
512 483 365 1553604718732 
512 482 366 1553604718749 
512 481 368 1553604718765 
512 479 369 1553604718783 
512 479 370 1553604718799 
512 478 370 1553604718815 
512 478 371 1553604718832 
512 478 372 1553604718849 
512 478 373 1553604718950 
513 478 373 1553604719009 
514 478 373 1553604719111 
512 483 368 1553604719165 
512 488 363 1553604719182 
512 492 360 1553604719199 
512 497 357 1553604719215 
512 503 352 1553604719232 
512 511 346 1553604719249 
512 525 340 1553604719265 
512 543 335 1553604719282 
512 571 324 1553604719299 
512 589 317 1553604719315 
512 601 311 1553604719332 
512 607 307 1553604719350 
512 610 304 1553604719365 
512 613 302 1553604719382 
512 618 300 1553604719399 
512 634 293 1553604719416 
512 647 285 1553604719432 
512 659 273 1553604719449 
512 670 264 1553604719466 
512 679 256 1553604719482 
512 688 250 1553604719499 
512 695 246 1553604719516 
512 701 241 1553604719532 
512 711 234 1553604719550 
512 716 230 1553604719567 
512 720 225 1553604719583 
512 722 221 1553604719599 
512 723 216 1553604719617 
512 723 215 1553604719632 
512 723 213 1553604719649 
512 722 212 1553604719666 
512 721 212 1553604719682 
512 720 212 1553604719699 
512 719 212 1553604719716 
512 718 212 1553604719732 
512 717 212 1553604719749 
512 714 212 1553604719766 
512 710 212 1553604719782 
512 706 213 1553604719799 
512 703 214 1553604719816 
512 702 214 1553604719832 
512 701 214 1553604719899 
512 699 213 1553604719932 
512 698 213 1553604719949 
512 698 212 1553604720073 
513 698 212 1553604720074 
514 698 212 1553604720181 
512 699 213 1553604720232 
512 701 214 1553604720249 
512 705 219 1553604720266 
512 712 226 1553604720282 
512 727 248 1553604720299 
512 745 273 1553604720316 
512 768 308 1553604720332 
512 787 338 1553604720349 
512 798 357 1553604720366 
512 808 366 1553604720383 
512 808 367 1553604720399 
512 811 371 1553604720416 
512 817 379 1553604720433 
512 826 391 1553604720449 
512 835 402 1553604720467 
512 843 416 1553604720483 
512 855 432 1553604720499 
512 866 443 1553604720516 
512 872 449 1553604720533 
512 873 449 1553604720550 
512 874 448 1553604720582 
512 876 444 1553604720599 
512 879 439 1553604720616 
512 887 422 1553604720633 
512 894 413 1553604720649 
512 898 408 1553604720665 
512 901 404 1553604720682 
512 903 402 1553604720698 
512 905 401 1553604720716 
512 906 400 1553604720732 
512 908 399 1553604720748 
512 909 398 1553604720765 
512 911 395 1553604720782 
512 912 393 1553604720798 
512 913 392 1553604720816 
512 914 391 1553604720832 
512 914 390 1553604720848 
512 915 390 1553604720865 
512 916 389 1553604720883 
512 917 388 1553604720899 
512 918 386 1553604720915 
512 919 385 1553604720932 
512 920 384 1553604720949 
512 922 382 1553604720965 
512 923 381 1553604720983 
512 924 379 1553604720999 
512 925 378 1553604721015 
513 925 378 1553604721141 
512 924 380 1553604721182 
514 924 380 1553604721227 
512 924 380 1553604721232 
512 924 381 1553604721249 
512 922 382 1553604721315 
512 916 385 1553604721332 
512 910 389 1553604721349 
512 901 397 1553604721365 
512 889 405 1553604721382 
512 868 420 1553604721399 
512 856 427 1553604721415 
512 847 435 1553604721432 
512 839 443 1553604721449 
512 834 454 1553604721465 
512 820 481 1553604721483 
512 807 502 1553604721499 
512 788 522 1553604721516 
512 768 542 1553604721532 
512 746 563 1553604721549 
512 716 584 1553604721566 
512 683 599 1553604721582 
512 661 610 1553604721599 
512 634 621 1553604721617 
512 627 623 1553604721632 
512 608 625 1553604721649 
512 597 625 1553604721666 
512 586 625 1553604721682 
512 580 626 1553604721699 
512 575 627 1553604721716 
512 573 628 1553604721732 
512 569 629 1553604721749 
512 567 630 1553604721766 
512 566 631 1553604721782 
512 565 632 1553604721799 
512 564 633 1553604721816 
512 563 634 1553604721832 
512 562 635 1553604721850 
512 561 635 1553604721867 
512 560 636 1553604721883 
512 559 638 1553604721899 
512 558 639 1553604721916 
512 557 640 1553604721932 
512 556 640 1553604721949 
512 555 642 1553604721966 
513 555 642 1553604722134 
512 556 642 1553604722217 
512 558 640 1553604722221 
514 558 640 1553604722222 
512 560 637 1553604722233 
512 570 629 1553604722250 
512 574 623 1553604722266 
512 583 612 1553604722283 
512 592 603 1553604722299 
512 616 582 1553604722334 
512 630 565 1553604722350 
512 643 545 1553604722367 
512 663 515 1553604722383 
512 675 496 1553604722400 
512 683 476 1553604722416 
512 684 458 1553604722433 
512 682 449 1553604722450 
512 680 447 1553604722466 
512 679 447 1553604722483 
512 676 448 1553604722500 
512 665 467 1553604722533 
512 662 481 1553604722550 
512 664 520 1553604722583 
512 673 545 1553604722600 
512 687 581 1553604722617 
512 698 603 1553604722633 
512 715 626 1553604722649 
512 732 643 1553604722666 
512 752 660 1553604722683 
512 772 670 1553604722699 
512 785 672 1553604722717 
512 790 672 1553604722733 
512 797 670 1553604722750 
512 804 663 1553604722767 
512 810 654 1553604722799 
512 814 650 1553604722816 
512 815 647 1553604722833 
512 816 646 1553604722852 
512 818 644 1553604722870 
512 818 643 1553604722883 
512 819 642 1553604722899 
512 820 641 1553604722915 
512 820 640 1553604722932 
512 821 639 1553604722949 
512 822 638 1553604722982 
512 822 637 1553604722999 
512 824 637 1553604723016 
512 825 636 1553604723032 
512 826 636 1553604723049 
512 829 636 1553604723065 
512 830 636 1553604723083 
512 831 636 1553604723100 
512 832 636 1553604723116 
512 833 637 1553604723149 
512 833 638 1553604723166 
512 835 639 1553604723183 
512 837 640 1553604723199 
512 838 641 1553604723217 
512 839 642 1553604723233 
512 841 643 1553604723250 
512 843 644 1553604723266 
512 844 644 1553604723283 
512 845 645 1553604723299 
512 846 645 1553604723316 
513 846 645 1553604723375 
512 846 646 1553604723466 
514 846 646 1553604723489 
512 846 646 1553604723515 
512 846 644 1553604723533 
512 846 642 1553604723549 
512 845 639 1553604723567 
512 841 635 1553604723583 
512 834 628 1553604723600 
512 823 616 1553604723616 
512 814 607 1553604723633 
512 808 603 1553604723649 
512 806 602 1553604723666 
512 805 602 1553604723699 
512 803 602 1553604723733 
512 815 596 1553604723817 
512 829 589 1553604723833 
512 841 579 1553604723850 
512 857 550 1553604723867 
512 865 525 1553604723883 
512 867 504 1553604723899 
512 867 482 1553604723916 
512 866 466 1553604723933 
512 864 450 1553604723949 
512 864 438 1553604723966 
512 866 429 1553604723983 
512 868 426 1553604723999 
512 869 422 1553604724016 
512 870 418 1553604724033 
512 872 412 1553604724049 
512 874 408 1553604724067 
512 879 403 1553604724083 
512 886 398 1553604724100 
512 895 394 1553604724116 
512 902 392 1553604724133 
512 910 391 1553604724150 
512 916 389 1553604724166 
512 922 388 1553604724182 
512 924 386 1553604724199 
512 926 386 1553604724215 
512 927 385 1553604724232 
512 928 384 1553604724249 
512 930 382 1553604724266 
512 931 382 1553604724283 
512 931 380 1553604724333 
512 931 379 1553604724349 
512 931 378 1553604724433 
513 931 378 1553604724445 
512 930 378 1553604724467 
512 929 378 1553604724483 
514 929 378 1553604724543 
512 929 378 1553604724565 
512 929 379 1553604724616 
512 924 383 1553604724633 
512 921 385 1553604724649 
512 922 385 1553604724833 
512 956 385 1553604724850 
512 1045 401 1553604724866 
512 1087 408 1553604724883 
512 1124 424 1553604724899 
512 1146 444 1553604724916 
512 1149 462 1553604724933 
512 1135 478 1553604724950 
512 1119 482 1553604724966 
512 1096 482 1553604724983 
512 1062 475 1553604724999 
512 1039 467 1553604725016 
512 1024 463 1553604725033 
512 1007 461 1553604725049 
512 991 459 1553604725066 
512 972 455 1553604725083 
512 938 445 1553604725099 
512 913 437 1553604725116 
512 884 429 1553604725133 
512 857 422 1553604725149 
512 833 419 1553604725166 
512 803 418 1553604725183 
512 769 420 1553604725199 
512 704 425 1553604725215 
512 664 427 1553604725232 
512 625 427 1553604725249 
512 591 426 1553604725266 
512 565 424 1553604725283 
512 545 421 1553604725299 
512 526 419 1553604725316 
512 510 416 1553604725333 
512 494 408 1553604725349 
512 489 404 1553604725366 
512 488 403 1553604725382 
512 488 402 1553604725399 
512 486 398 1553604725416 
512 486 392 1553604725433 
512 486 386 1553604725450 
512 487 381 1553604725465 
512 489 378 1553604725483 
512 490 375 1553604725499 
512 490 373 1553604725516 
512 490 372 1553604725532 
512 490 371 1553604725549 
512 489 371 1553604725616 
512 488 371 1553604725649 
512 487 371 1553604725666 
512 486 372 1553604725683 
512 485 373 1553604725699 
512 484 375 1553604725716 
512 483 375 1553604725733 
512 482 376 1553604725932 
512 474 377 1553604725949 
512 468 377 1553604725965 
512 465 376 1553604725982 
512 465 375 1553604726032 
512 466 374 1553604726049 
512 466 373 1553604726065 
513 466 373 1553604726137 
514 466 373 1553604726213 
512 467 373 1553604726249 
512 471 372 1553604726300 
512 473 373 1553604726316 
512 474 372 1553604726332 
512 480 378 1553604726483 
512 511 411 1553604726499 
512 536 438 1553604726516 
512 551 458 1553604726532 
512 561 479 1553604726549 
512 573 511 1553604726565 
512 580 534 1553604726582 
512 584 553 1553604726599 
512 585 569 1553604726616 
512 586 583 1553604726632 
512 588 593 1553604726649 
512 591 599 1553604726666 
512 594 601 1553604726682 
512 595 602 1553604726699 
512 595 603 1553604726716 
512 593 607 1553604726766 
512 592 611 1553604726783 
512 590 618 1553604726799 
512 590 622 1553604726816 
512 588 626 1553604726832 
512 585 631 1553604726849 
512 580 636 1553604726866 
512 574 641 1553604726883 
512 567 645 1553604726899 
512 562 648 1553604726915 
512 560 649 1553604726932 
512 559 650 1553604726982 
512 554 652 1553604726999 
512 552 653 1553604727015 
512 550 654 1553604727032 
512 551 654 1553604727116 
512 552 653 1553604727133 
512 553 651 1553604727149 
512 555 650 1553604727166 
512 560 646 1553604727183 
512 565 644 1553604727199 
512 568 644 1553604727216 
512 569 643 1553604727233 
513 569 643 1553604727301 
512 570 643 1553604727332 
514 570 643 1553604727409 
512 570 643 1553604727433 
512 568 643 1553604727549 
512 564 643 1553604727566 
512 560 643 1553604727582 
512 559 643 1553604727599 
512 558 643 1553604727732 
512 558 642 1553604727749 
512 557 642 1553604727766 
513 557 642 1553604727802 
512 560 639 1553604727893 
514 560 639 1553604727893 
512 562 638 1553604727916 
512 563 638 1553604728099 
512 573 634 1553604728115 
512 593 626 1553604728132 
512 626 609 1553604728149 
512 644 596 1553604728166 
512 654 581 1553604728183 
512 663 559 1553604728199 
512 667 527 1553604728216 
512 667 483 1553604728232 
512 671 427 1553604728249 
512 676 360 1553604728265 
512 680 294 1553604728283 
512 687 244 1553604728300 
512 702 200 1553604728316 
512 709 185 1553604728332 
512 713 177 1553604728349 
512 715 174 1553604728366 
512 715 173 1553604728382 
512 716 172 1553604728399 
512 718 171 1553604728416 
512 720 170 1553604728433 
512 722 168 1553604728449 
512 724 166 1553604728466 
512 725 165 1553604728482 
512 724 167 1553604728549 
512 722 172 1553604728566 
512 717 179 1553604728583 
512 712 186 1553604728599 
512 707 192 1553604728616 
512 703 197 1553604728633 
512 699 202 1553604728649 
512 698 203 1553604728665 
512 697 205 1553604728682 
512 696 206 1553604728699 
513 696 206 1553604728870 
514 696 206 1553604728947 
