512 696 213 1553085422239 
512 706 237 1553085422255 
512 713 255 1553085422272 
512 716 278 1553085422289 
512 718 297 1553085422306 
512 721 320 1553085422323 
512 723 345 1553085422339 
512 727 369 1553085422355 
512 734 395 1553085422372 
512 742 420 1553085422389 
512 760 459 1553085422405 
512 772 483 1553085422422 
512 779 503 1553085422439 
512 786 520 1553085422456 
512 789 531 1553085422472 
512 790 538 1553085422489 
512 791 544 1553085422506 
512 793 553 1553085422522 
512 795 556 1553085422539 
512 796 560 1553085422555 
512 798 562 1553085422572 
512 801 565 1553085422589 
512 803 570 1553085422605 
512 806 576 1553085422622 
512 807 582 1553085422639 
512 810 592 1553085422655 
512 812 596 1553085422672 
512 815 601 1553085422689 
512 818 605 1553085422705 
512 819 610 1553085422722 
512 821 615 1553085422739 
512 821 619 1553085422755 
512 822 626 1553085422772 
512 823 629 1553085422789 
512 824 633 1553085422805 
512 825 634 1553085422822 
512 827 635 1553085422839 
512 828 636 1553085422855 
512 828 637 1553085422872 
512 828 638 1553085422889 
512 829 639 1553085422906 
512 829 640 1553085422955 
512 830 641 1553085422972 
512 831 642 1553085422989 
512 834 644 1553085423005 
512 837 645 1553085423022 
512 838 645 1553085423039 
512 839 645 1553085423056 
512 840 645 1553085423072 
512 841 645 1553085423089 
512 843 645 1553085423105 
512 848 645 1553085423122 
512 852 645 1553085423139 
512 853 645 1553085423156 
513 853 645 1553085423210 
514 853 645 1553085423327 
512 852 645 1553085423355 
512 851 644 1553085423372 
512 850 642 1553085423389 
512 847 641 1553085423405 
512 846 640 1553085423422 
512 845 640 1553085423439 
512 844 639 1553085423455 
512 843 639 1553085423472 
512 842 639 1553085423489 
512 840 639 1553085423505 
512 839 639 1553085423539 
513 839 639 1553085423594 
512 841 639 1553085423689 
514 841 639 1553085423701 
512 841 639 1553085423722 
512 842 639 1553085423739 
512 842 638 1553085423840 
512 842 637 1553085423855 
512 843 633 1553085423872 
512 846 626 1553085423889 
512 846 605 1553085423905 
512 840 586 1553085423922 
512 835 567 1553085423939 
512 827 547 1553085423955 
512 816 528 1553085423972 
512 807 509 1553085423989 
512 801 482 1553085424006 
512 798 464 1553085424022 
512 793 441 1553085424039 
512 776 411 1553085424055 
512 749 388 1553085424072 
512 712 374 1553085424089 
512 659 363 1553085424105 
512 605 357 1553085424122 
512 573 356 1553085424139 
512 549 358 1553085424156 
512 543 359 1553085424172 
512 540 361 1553085424189 
512 536 365 1553085424205 
512 532 368 1553085424222 
512 527 370 1553085424239 
512 519 373 1553085424255 
512 514 374 1553085424272 
512 510 374 1553085424289 
512 505 374 1553085424306 
512 499 373 1553085424323 
512 494 372 1553085424339 
512 491 372 1553085424357 
512 489 371 1553085424373 
512 488 371 1553085424390 
512 486 371 1553085424407 
512 484 371 1553085424422 
512 481 371 1553085424439 
512 480 371 1553085424456 
512 477 372 1553085424539 
512 473 372 1553085424555 
512 470 373 1553085424572 
512 468 374 1553085424589 
513 468 374 1553085424765 
514 468 374 1553085424874 
512 469 374 1553085424889 
512 472 376 1553085424973 
512 477 380 1553085424990 
512 494 394 1553085425007 
512 513 406 1553085425023 
512 531 417 1553085425039 
512 545 426 1553085425057 
512 557 433 1553085425073 
512 560 436 1553085425089 
512 561 437 1553085425105 
512 561 433 1553085425155 
512 560 427 1553085425172 
512 560 421 1553085425189 
512 560 408 1553085425205 
512 568 388 1553085425222 
512 579 367 1553085425239 
512 602 332 1553085425256 
512 617 306 1553085425272 
512 633 279 1553085425289 
512 645 259 1553085425305 
512 652 241 1553085425322 
512 657 233 1553085425339 
512 661 228 1553085425356 
512 667 226 1553085425372 
512 669 225 1553085425389 
512 672 223 1553085425405 
512 674 222 1553085425422 
512 675 220 1553085425439 
512 677 217 1553085425456 
512 677 216 1553085425472 
512 677 215 1553085425505 
512 678 215 1553085425522 
512 680 215 1553085425539 
512 685 214 1553085425555 
512 689 212 1553085425572 
512 693 211 1553085425589 
512 696 210 1553085425605 
512 697 210 1553085425622 
512 699 209 1553085425639 
512 700 208 1553085425656 
512 701 208 1553085425672 
513 701 208 1553085425794 
514 701 208 1553085425895 
512 701 209 1553085425989 
512 704 217 1553085426005 
512 708 225 1553085426022 
512 714 236 1553085426039 
512 722 249 1553085426056 
512 732 264 1553085426072 
512 745 282 1553085426089 
512 765 307 1553085426105 
512 777 324 1553085426122 
512 784 341 1553085426139 
512 792 358 1553085426155 
512 801 375 1553085426172 
512 812 392 1553085426189 
512 825 406 1553085426205 
512 839 417 1553085426222 
512 858 428 1553085426239 
512 884 435 1553085426255 
512 893 435 1553085426272 
512 900 435 1553085426289 
512 904 433 1553085426306 
512 907 430 1553085426322 
512 910 425 1553085426339 
512 915 419 1553085426355 
512 920 416 1553085426372 
512 923 413 1553085426389 
512 924 412 1553085426405 
512 925 410 1553085426422 
512 925 407 1553085426439 
512 925 403 1553085426455 
512 924 398 1553085426472 
512 923 396 1553085426489 
512 923 391 1553085426505 
512 923 389 1553085426522 
512 923 387 1553085426539 
512 924 386 1553085426555 
512 924 384 1553085426572 
512 923 379 1553085426589 
512 921 375 1553085426605 
512 921 374 1553085426622 
512 921 373 1553085426639 
512 921 372 1553085426655 
512 921 371 1553085426739 
513 921 371 1553085426794 
514 921 371 1553085426887 
512 922 371 1553085426922 
512 918 373 1553085427005 
512 914 376 1553085427022 
512 911 378 1553085427039 
512 906 379 1553085427139 
512 902 381 1553085427155 
512 896 385 1553085427172 
512 883 393 1553085427189 
512 870 401 1553085427205 
512 859 410 1553085427222 
512 847 432 1553085427239 
512 838 452 1553085427255 
512 829 479 1553085427272 
512 816 501 1553085427289 
512 803 519 1553085427306 
512 785 532 1553085427322 
512 768 545 1553085427339 
512 742 559 1553085427355 
512 729 567 1553085427372 
512 718 574 1553085427389 
512 711 579 1553085427405 
512 705 581 1553085427422 
512 699 583 1553085427439 
512 692 586 1553085427456 
512 686 589 1553085427472 
512 672 597 1553085427489 
512 663 601 1553085427505 
512 655 606 1553085427522 
512 648 609 1553085427539 
512 644 613 1553085427555 
512 639 616 1553085427572 
512 635 619 1553085427589 
512 627 622 1553085427606 
512 621 625 1553085427622 
512 614 627 1553085427639 
512 609 629 1553085427656 
512 605 630 1553085427672 
512 600 630 1553085427689 
512 596 631 1553085427705 
512 589 631 1553085427722 
512 583 632 1553085427739 
512 576 632 1553085427755 
512 570 632 1553085427772 
512 566 634 1553085427789 
512 564 635 1553085427805 
512 563 635 1553085427822 
512 562 635 1553085427839 
512 560 636 1553085427855 
512 559 637 1553085428022 
512 559 638 1553085428056 
512 559 639 1553085428072 
512 559 640 1553085428081 
513 559 640 1553085428082 
512 559 641 1553085428090 
514 559 641 1553085428208 
512 560 640 1553085428239 
512 560 638 1553085428272 
512 560 637 1553085428289 
512 562 636 1553085428305 
512 564 634 1553085428322 
512 569 632 1553085428340 
512 579 625 1553085428355 
512 592 618 1553085428372 
512 608 605 1553085428389 
512 622 588 1553085428406 
512 631 566 1553085428422 
512 635 542 1553085428439 
512 635 508 1553085428456 
512 635 496 1553085428472 
512 636 493 1553085428489 
512 640 490 1553085428506 
512 646 490 1553085428522 
512 658 492 1553085428539 
512 677 500 1553085428556 
512 703 514 1553085428572 
512 727 532 1553085428589 
512 753 559 1553085428606 
512 766 576 1553085428622 
512 775 588 1553085428639 
512 783 599 1553085428657 
512 792 606 1553085428672 
512 801 615 1553085428691 
512 807 619 1553085428706 
512 807 620 1553085428722 
512 809 622 1553085428739 
512 811 625 1553085428755 
512 812 626 1553085428772 
512 813 627 1553085428789 
512 815 629 1553085428806 
512 817 631 1553085428822 
512 820 632 1553085428839 
512 826 636 1553085428856 
512 827 637 1553085428872 
512 828 638 1553085428889 
512 829 639 1553085428906 
512 830 640 1553085428989 
512 832 640 1553085429006 
512 836 642 1553085429022 
512 840 642 1553085429039 
512 841 644 1553085429056 
512 842 644 1553085429072 
512 843 644 1553085429172 
513 843 644 1553085429246 
514 843 644 1553085429361 
512 842 643 1553085429389 
512 841 642 1553085429406 
512 840 641 1553085429422 
512 838 640 1553085429439 
512 835 637 1553085429456 
512 832 634 1553085429472 
512 831 628 1553085429489 
512 830 618 1553085429506 
512 830 601 1553085429522 
512 829 577 1553085429539 
512 823 542 1553085429561 
512 812 508 1553085429590 
512 811 505 1553085429606 
512 813 504 1553085429673 
512 822 500 1553085429690 
512 849 479 1553085429706 
512 864 460 1553085429723 
512 874 443 1553085429739 
512 881 427 1553085429757 
512 885 412 1553085429773 
512 887 401 1553085429789 
512 891 389 1553085429806 
512 901 375 1553085429822 
512 906 368 1553085429839 
512 911 361 1553085429856 
512 915 354 1553085429873 
512 917 350 1553085429889 
512 918 347 1553085429907 
512 919 346 1553085429923 
512 920 346 1553085429973 
512 923 346 1553085429992 
512 926 349 1553085430007 
512 931 352 1553085430023 
512 935 357 1553085430039 
512 936 360 1553085430057 
512 938 367 1553085430073 
512 938 371 1553085430090 
512 938 375 1553085430106 
512 938 377 1553085430123 
512 937 377 1553085430306 
512 935 375 1553085430323 
512 934 374 1553085430339 
512 933 374 1553085430357 
512 933 373 1553085430373 
512 932 373 1553085430389 
512 931 373 1553085430423 
512 929 374 1553085430440 
512 928 376 1553085430457 
512 927 377 1553085430473 
512 926 377 1553085430490 
512 926 378 1553085430506 
513 926 378 1553085430580 
512 926 379 1553085430607 
514 926 379 1553085430691 
512 927 378 1553085430705 
512 928 377 1553085430722 
512 927 377 1553085430806 
512 924 377 1553085430822 
512 918 378 1553085430840 
512 911 380 1553085430856 
512 901 382 1553085430873 
512 897 382 1553085430889 
512 896 382 1553085430907 
512 904 387 1553085431039 
512 917 395 1553085431057 
512 921 399 1553085431073 
512 922 405 1553085431090 
512 916 410 1553085431106 
512 896 413 1553085431123 
512 848 419 1553085431140 
512 755 421 1553085431157 
512 649 418 1553085431173 
512 530 400 1553085431190 
512 487 394 1553085431207 
512 462 394 1553085431224 
512 448 394 1553085431239 
512 443 394 1553085431257 
512 442 394 1553085431273 
512 442 393 1553085431341 
512 442 391 1553085431356 
512 443 390 1553085431373 
512 445 389 1553085431389 
512 449 388 1553085431407 
512 456 386 1553085431424 
512 466 380 1553085431439 
512 470 378 1553085431456 
512 471 377 1553085431473 
512 471 376 1553085431489 
512 471 375 1553085431507 
512 472 375 1553085431639 
512 473 375 1553085431656 
513 473 375 1553085431682 
512 474 375 1553085431707 
514 474 375 1553085431781 
512 474 375 1553085431806 
512 474 376 1553085431823 
512 475 376 1553085431973 
512 487 376 1553085431989 
512 506 376 1553085432006 
512 525 372 1553085432023 
512 542 366 1553085432039 
512 558 357 1553085432056 
512 564 352 1553085432073 
512 566 351 1553085432089 
512 567 351 1553085432106 
512 570 359 1553085432123 
512 572 373 1553085432140 
512 574 391 1553085432157 
512 569 433 1553085432172 
512 564 464 1553085432190 
512 559 497 1553085432206 
512 556 527 1553085432222 
512 549 554 1553085432239 
512 539 572 1553085432257 
512 532 585 1553085432273 
512 531 595 1553085432289 
512 532 605 1553085432306 
512 535 612 1553085432322 
512 538 616 1553085432341 
512 543 621 1553085432357 
512 547 626 1553085432373 
512 551 629 1553085432390 
512 555 633 1553085432407 
512 557 636 1553085432422 
512 559 637 1553085432440 
512 560 638 1553085432457 
512 561 640 1553085432473 
512 561 641 1553085432491 
512 562 642 1553085432506 
512 562 643 1553085432523 
512 563 645 1553085432541 
512 563 646 1553085432556 
512 563 647 1553085432572 
512 563 648 1553085432589 
513 563 648 1553085432705 
514 563 648 1553085432790 
512 564 648 1553085432842 
512 564 647 1553085432856 
512 564 645 1553085432873 
512 564 644 1553085432890 
512 564 641 1553085432908 
512 564 636 1553085432923 
512 564 627 1553085432941 
512 564 612 1553085432957 
512 565 593 1553085432972 
512 565 573 1553085432989 
512 565 557 1553085433007 
512 566 545 1553085433023 
512 573 525 1553085433040 
512 581 506 1553085433056 
512 592 479 1553085433072 
512 616 430 1553085433090 
512 637 376 1553085433106 
512 651 340 1553085433122 
512 662 305 1553085433140 
512 666 285 1553085433156 
512 668 271 1553085433172 
512 670 262 1553085433190 
512 671 257 1553085433206 
512 673 254 1553085433224 
512 674 253 1553085433241 
512 676 250 1553085433257 
512 680 245 1553085433273 
512 681 242 1553085433290 
512 682 241 1553085433306 
512 682 240 1553085433323 
512 682 238 1553085433339 
512 682 237 1553085433356 
512 682 236 1553085433373 
512 683 235 1553085433390 
512 684 233 1553085433407 
512 686 231 1553085433423 
512 687 230 1553085433440 
512 688 228 1553085433456 
512 689 227 1553085433473 
512 690 226 1553085433489 
512 691 225 1553085433506 
512 691 223 1553085433523 
512 693 222 1553085433540 
512 694 221 1553085433556 
512 696 219 1553085433574 
512 697 218 1553085433590 
512 698 217 1553085433623 
512 698 216 1553085433639 
512 699 215 1553085433656 
512 699 214 1553085433674 
512 700 213 1553085433689 
512 701 212 1553085433707 
512 701 211 1553085433723 
513 701 211 1553085433828 
514 701 211 1553085433897 
