512 702 205 1553174071926 
512 702 206 1553174072009 
512 703 215 1553174072026 
512 703 223 1553174072042 
512 704 232 1553174072059 
512 705 243 1553174072076 
512 705 254 1553174072093 
512 705 271 1553174072109 
512 709 281 1553174072126 
512 715 291 1553174072143 
512 723 303 1553174072159 
512 732 318 1553174072176 
512 748 343 1553174072193 
512 785 407 1553174072209 
512 804 457 1553174072226 
512 814 507 1553174072243 
512 824 548 1553174072259 
512 833 578 1553174072276 
512 851 610 1553174072292 
512 877 639 1553174072309 
512 894 656 1553174072326 
512 903 662 1553174072342 
512 904 662 1553174072359 
512 903 662 1553174072426 
512 902 662 1553174072476 
512 901 662 1553174072493 
512 900 662 1553174072510 
512 896 661 1553174072526 
512 890 656 1553174072542 
512 883 654 1553174072559 
512 877 652 1553174072575 
512 869 649 1553174072592 
512 866 647 1553174072609 
512 865 646 1553174072625 
512 864 645 1553174072642 
512 863 645 1553174072659 
512 861 645 1553174072675 
512 857 644 1553174072692 
512 853 643 1553174072709 
512 851 642 1553174072725 
512 850 641 1553174072759 
512 849 641 1553174072810 
512 846 641 1553174072829 
512 845 641 1553174072843 
513 845 641 1553174072915 
514 845 641 1553174073029 
512 846 639 1553174073075 
512 847 638 1553174073092 
512 852 637 1553174073109 
512 858 635 1553174073126 
512 869 632 1553174073142 
512 886 626 1553174073159 
512 902 616 1553174073176 
512 916 603 1553174073192 
512 924 581 1553174073209 
512 938 542 1553174073225 
512 944 511 1553174073243 
512 949 482 1553174073259 
512 951 456 1553174073275 
512 953 436 1553174073292 
512 954 419 1553174073309 
512 955 406 1553174073326 
512 955 404 1553174073342 
512 954 404 1553174073359 
512 949 404 1553174073376 
512 935 406 1553174073392 
512 908 409 1553174073409 
512 858 410 1553174073425 
512 791 405 1553174073442 
512 687 391 1553174073459 
512 633 378 1553174073475 
512 617 375 1553174073492 
512 575 368 1553174073509 
512 563 367 1553174073526 
512 550 366 1553174073543 
512 535 365 1553174073559 
512 515 364 1553174073576 
512 502 362 1553174073592 
512 492 359 1553174073609 
512 488 357 1553174073626 
512 487 357 1553174073642 
512 486 357 1553174073692 
512 485 357 1553174073709 
512 482 358 1553174073725 
512 481 359 1553174073742 
512 479 360 1553174073759 
512 479 361 1553174073775 
512 479 362 1553174073809 
512 479 363 1553174073825 
512 479 365 1553174073842 
512 479 366 1553174073859 
512 478 368 1553174073875 
512 477 369 1553174073892 
512 476 370 1553174073909 
512 475 372 1553174073992 
512 475 373 1553174074009 
512 474 374 1553174074026 
513 474 374 1553174074106 
514 474 374 1553174074207 
512 475 374 1553174074276 
512 481 376 1553174074293 
512 487 377 1553174074309 
512 505 381 1553174074325 
512 522 383 1553174074342 
512 538 383 1553174074359 
512 553 377 1553174074376 
512 559 374 1553174074392 
512 563 371 1553174074409 
512 570 346 1553174074425 
512 570 335 1553174074442 
512 569 326 1553174074459 
512 569 320 1553174074475 
512 570 313 1553174074492 
512 575 306 1553174074509 
512 582 298 1553174074525 
512 591 288 1553174074542 
512 599 279 1553174074559 
512 605 267 1553174074575 
512 607 263 1553174074592 
512 608 262 1553174074609 
512 610 260 1553174074625 
512 615 259 1553174074642 
512 636 258 1553174074659 
512 653 256 1553174074675 
512 669 252 1553174074692 
512 679 246 1553174074709 
512 684 242 1553174074726 
512 686 240 1553174074742 
512 687 238 1553174074759 
512 688 235 1553174074776 
512 691 232 1553174074792 
512 693 229 1553174074809 
512 697 225 1553174074826 
512 698 223 1553174074842 
512 699 221 1553174074859 
512 699 220 1553174074876 
512 699 218 1553174074892 
512 699 217 1553174074975 
512 699 216 1553174074992 
512 699 214 1553174075009 
512 699 213 1553174075025 
512 699 212 1553174075042 
513 699 212 1553174075105 
514 699 212 1553174075215 
512 699 215 1553174075275 
512 697 220 1553174075292 
512 693 230 1553174075309 
512 691 245 1553174075325 
512 688 264 1553174075342 
512 686 291 1553174075359 
512 687 321 1553174075376 
512 689 349 1553174075392 
512 689 392 1553174075409 
512 685 415 1553174075426 
512 683 429 1553174075442 
512 683 436 1553174075459 
512 685 441 1553174075476 
512 693 447 1553174075493 
512 709 458 1553174075510 
512 728 470 1553174075529 
512 736 477 1553174075542 
512 739 478 1553174075559 
512 740 478 1553174075575 
512 755 465 1553174075625 
512 778 447 1553174075642 
512 810 418 1553174075659 
512 829 401 1553174075675 
512 841 390 1553174075692 
512 848 379 1553174075709 
512 852 373 1553174075725 
512 855 372 1553174075742 
512 857 371 1553174075759 
512 864 369 1553174075775 
512 874 369 1553174075792 
512 891 369 1553174075809 
512 908 370 1553174075825 
512 924 371 1553174075842 
512 933 371 1553174075859 
512 935 371 1553174075876 
512 935 372 1553174076093 
512 934 372 1553174076109 
512 932 372 1553174076126 
512 931 372 1553174076159 
512 930 373 1553174076205 
513 930 373 1553174076205 
514 930 373 1553174076307 
512 930 379 1553174076425 
512 932 389 1553174076442 
512 934 405 1553174076459 
512 935 424 1553174076475 
512 935 444 1553174076493 
512 934 471 1553174076509 
512 934 486 1553174076526 
512 932 495 1553174076542 
512 930 501 1553174076559 
512 928 502 1553174076576 
512 927 502 1553174076625 
512 923 502 1553174076642 
512 918 503 1553174076659 
512 892 514 1553174076675 
512 846 539 1553174076692 
512 778 571 1553174076709 
512 702 607 1553174076725 
512 637 627 1553174076742 
512 577 646 1553174076759 
512 498 668 1553174076775 
512 479 672 1553174076792 
512 467 674 1553174076809 
512 442 680 1553174076826 
512 441 680 1553174076843 
512 441 679 1553174076942 
512 452 673 1553174076976 
512 460 667 1553174076992 
512 473 661 1553174077009 
512 490 656 1553174077026 
512 497 656 1553174077043 
512 503 656 1553174077059 
512 507 656 1553174077076 
512 510 656 1553174077093 
512 511 655 1553174077109 
512 514 654 1553174077127 
512 518 654 1553174077143 
512 526 651 1553174077159 
512 532 651 1553174077176 
512 538 651 1553174077192 
512 542 651 1553174077209 
512 546 651 1553174077226 
512 549 651 1553174077243 
512 551 651 1553174077259 
512 552 650 1553174077275 
512 553 649 1553174077292 
512 554 649 1553174077309 
512 555 647 1553174077326 
512 556 646 1553174077359 
512 558 645 1553174077376 
512 559 643 1553174077393 
512 560 642 1553174077409 
512 562 641 1553174077425 
512 563 640 1553174077442 
512 563 639 1553174077459 
513 563 639 1553174077526 
514 563 639 1553174077633 
512 563 640 1553174077726 
512 568 637 1553174077759 
512 577 631 1553174077776 
512 585 624 1553174077793 
512 593 610 1553174077809 
512 599 592 1553174077825 
512 607 570 1553174077843 
512 614 539 1553174077862 
512 617 520 1553174077876 
512 618 504 1553174077892 
512 625 489 1553174077909 
512 631 483 1553174077926 
512 637 482 1553174077942 
512 647 482 1553174077959 
512 659 489 1553174077976 
512 670 499 1553174077993 
512 682 523 1553174078009 
512 686 545 1553174078026 
512 692 570 1553174078043 
512 700 595 1553174078059 
512 711 615 1553174078076 
512 721 627 1553174078093 
512 731 636 1553174078110 
512 736 637 1553174078127 
512 737 637 1553174078142 
512 738 637 1553174078159 
512 740 637 1553174078176 
512 743 637 1553174078193 
512 748 635 1553174078209 
512 755 634 1553174078226 
512 766 633 1553174078243 
512 783 633 1553174078260 
512 789 634 1553174078276 
512 792 636 1553174078293 
512 796 637 1553174078309 
512 798 638 1553174078326 
512 801 640 1553174078343 
512 807 643 1553174078360 
512 812 645 1553174078376 
512 816 646 1553174078393 
512 819 647 1553174078409 
512 820 647 1553174078426 
512 822 648 1553174078442 
512 825 649 1553174078459 
512 830 651 1553174078476 
512 834 652 1553174078493 
512 842 652 1553174078509 
512 844 652 1553174078526 
512 845 650 1553174078626 
512 846 649 1553174078645 
512 847 649 1553174078659 
512 847 648 1553174078743 
513 847 648 1553174078746 
514 847 648 1553174078844 
512 848 648 1553174078859 
512 847 648 1553174078926 
512 840 649 1553174078943 
512 834 650 1553174078959 
512 828 650 1553174078976 
512 822 653 1553174078992 
512 821 654 1553174079009 
512 822 652 1553174079093 
512 824 651 1553174079110 
512 826 649 1553174079127 
512 832 647 1553174079142 
512 839 642 1553174079159 
512 849 627 1553174079176 
512 856 608 1553174079192 
512 862 583 1553174079210 
512 875 543 1553174079226 
512 884 519 1553174079243 
512 889 499 1553174079259 
512 895 481 1553174079276 
512 901 467 1553174079292 
512 906 460 1553174079309 
512 908 457 1553174079325 
512 909 456 1553174079409 
512 910 452 1553174079426 
512 913 448 1553174079442 
512 916 441 1553174079459 
512 922 431 1553174079476 
512 927 424 1553174079492 
512 931 417 1553174079509 
512 934 411 1553174079526 
512 934 406 1553174079542 
512 934 401 1553174079559 
512 934 397 1553174079576 
512 934 394 1553174079593 
512 934 392 1553174079610 
512 934 391 1553174079626 
512 934 390 1553174079659 
512 932 388 1553174079826 
512 929 383 1553174079843 
512 926 378 1553174079860 
512 925 378 1553174079876 
512 925 377 1553174079892 
513 925 377 1553174080037 
514 925 377 1553174080131 
512 922 377 1553174080376 
512 919 376 1553174080393 
512 914 375 1553174080409 
512 910 374 1553174080426 
512 905 373 1553174080443 
512 895 370 1553174080459 
512 887 370 1553174080476 
512 879 372 1553174080492 
512 872 379 1553174080509 
512 864 387 1553174080526 
512 849 395 1553174080543 
512 832 403 1553174080559 
512 813 408 1553174080576 
512 774 410 1553174080593 
512 745 409 1553174080609 
512 716 405 1553174080626 
512 687 398 1553174080643 
512 659 393 1553174080659 
512 640 392 1553174080677 
512 628 393 1553174080693 
512 615 401 1553174080710 
512 608 407 1553174080726 
512 600 413 1553174080743 
512 591 417 1553174080759 
512 581 419 1553174080776 
512 570 419 1553174080793 
512 558 417 1553174080809 
512 547 411 1553174080826 
512 542 409 1553174080842 
512 541 408 1553174080859 
512 539 407 1553174080876 
512 538 406 1553174080892 
512 537 404 1553174080909 
512 534 404 1553174080926 
512 533 403 1553174080943 
512 532 402 1553174080959 
512 531 400 1553174080976 
512 529 399 1553174080992 
512 528 398 1553174081009 
512 527 397 1553174081026 
512 524 395 1553174081042 
512 519 393 1553174081059 
512 514 391 1553174081076 
512 510 390 1553174081092 
512 509 389 1553174081109 
512 508 389 1553174081126 
512 507 388 1553174081176 
512 505 387 1553174081193 
512 499 386 1553174081210 
512 490 383 1553174081226 
512 487 383 1553174081242 
512 487 382 1553174081259 
512 486 382 1553174081309 
512 485 382 1553174081442 
512 484 381 1553174081542 
512 482 379 1553174081560 
512 481 378 1553174081576 
512 480 377 1553174081593 
512 479 377 1553174081609 
512 479 376 1553174081693 
512 476 376 1553174081809 
512 473 376 1553174081826 
513 473 376 1553174081857 
514 473 376 1553174081973 
512 472 376 1553174082176 
512 463 384 1553174082193 
512 464 392 1553174082210 
512 479 406 1553174082226 
512 498 423 1553174082243 
512 517 438 1553174082259 
512 531 456 1553174082276 
512 543 477 1553174082293 
512 554 513 1553174082310 
512 558 538 1553174082326 
512 558 558 1553174082343 
512 554 575 1553174082359 
512 548 590 1553174082376 
512 542 598 1553174082392 
512 540 602 1553174082409 
512 539 602 1553174082426 
512 541 604 1553174082559 
512 545 606 1553174082576 
512 548 608 1553174082592 
512 552 609 1553174082609 
512 554 611 1553174082626 
512 556 614 1553174082643 
512 556 616 1553174082659 
512 556 617 1553174082676 
512 556 621 1553174082692 
512 556 622 1553174082710 
512 556 625 1553174082726 
512 556 627 1553174082742 
512 556 630 1553174082759 
512 556 632 1553174082776 
512 556 634 1553174082793 
512 557 638 1553174082809 
512 558 640 1553174082826 
512 560 641 1553174082842 
512 561 642 1553174082859 
512 561 644 1553174082876 
512 562 645 1553174082893 
512 562 646 1553174082927 
512 563 646 1553174082943 
513 563 646 1553174083012 
512 564 646 1553174083059 
512 565 646 1553174083113 
514 565 646 1553174083113 
512 565 646 1553174083142 
512 566 645 1553174083159 
512 568 643 1553174083175 
512 568 641 1553174083192 
512 570 638 1553174083210 
512 570 634 1553174083226 
512 570 628 1553174083242 
512 570 621 1553174083259 
512 573 615 1553174083276 
512 578 604 1553174083293 
512 587 586 1553174083310 
512 592 578 1553174083326 
512 593 572 1553174083343 
512 595 566 1553174083359 
512 596 560 1553174083376 
512 598 549 1553174083393 
512 613 511 1553174083410 
512 637 471 1553174083426 
512 662 431 1553174083442 
512 690 388 1553174083459 
512 710 349 1553174083476 
512 725 318 1553174083493 
512 733 296 1553174083509 
512 740 277 1553174083526 
512 746 260 1553174083543 
512 755 238 1553174083559 
512 759 228 1553174083576 
512 763 220 1553174083592 
512 766 214 1553174083609 
512 768 205 1553174083626 
512 769 199 1553174083643 
512 770 195 1553174083659 
512 770 194 1553174083676 
512 769 193 1553174083692 
512 768 193 1553174083709 
512 765 193 1553174083726 
512 761 193 1553174083742 
512 757 193 1553174083759 
512 751 196 1553174083777 
512 742 199 1553174083793 
512 736 200 1553174083809 
512 730 202 1553174083826 
512 724 203 1553174083843 
512 718 204 1553174083859 
512 714 205 1553174083876 
512 713 205 1553174083893 
512 711 205 1553174083926 
512 709 205 1553174083942 
512 704 204 1553174083959 
512 702 204 1553174083976 
512 701 204 1553174083993 
512 700 204 1553174084092 
512 699 204 1553174084109 
512 698 205 1553174084126 
512 698 206 1553174084143 
512 697 206 1553174084159 
513 697 206 1553174084199 
512 697 207 1553174084209 
512 697 208 1553174084276 
514 697 208 1553174084299 
