512 697 209 1553202107854 
512 699 213 1553202107862 
512 703 219 1553202107870 
512 709 228 1553202107878 
512 717 238 1553202107886 
512 728 250 1553202107894 
512 743 265 1553202107902 
512 761 282 1553202107910 
512 783 299 1553202107918 
512 800 312 1553202107923 
512 815 324 1553202107934 
512 827 333 1553202107940 
512 837 342 1553202107948 
512 845 349 1553202107956 
512 853 355 1553202107964 
512 858 359 1553202107972 
512 861 363 1553202107980 
512 864 367 1553202107988 
512 866 373 1553202107994 
512 867 381 1553202108002 
512 868 391 1553202108009 
512 868 400 1553202108018 
512 868 411 1553202108026 
512 866 420 1553202108034 
512 865 430 1553202108042 
512 864 442 1553202108050 
512 863 454 1553202108058 
512 862 466 1553202108066 
512 862 478 1553202108074 
512 860 490 1553202108080 
512 859 499 1553202108087 
512 858 509 1553202108095 
512 857 518 1553202108104 
512 856 528 1553202108112 
512 855 537 1553202108120 
512 855 545 1553202108128 
512 854 552 1553202108136 
512 853 558 1553202108141 
512 852 562 1553202108149 
512 851 564 1553202108157 
512 849 567 1553202108165 
512 848 570 1553202108173 
512 846 572 1553202108182 
512 846 574 1553202108190 
512 845 576 1553202108198 
512 844 578 1553202108206 
512 844 581 1553202108214 
512 844 582 1553202108230 
512 844 583 1553202108235 
512 844 584 1553202108243 
512 844 585 1553202108251 
512 844 588 1553202108259 
512 844 590 1553202108268 
512 844 591 1553202108276 
512 844 593 1553202108284 
512 845 595 1553202108292 
512 845 597 1553202108297 
512 845 599 1553202108306 
512 845 600 1553202108313 
512 845 602 1553202108321 
512 845 605 1553202108329 
512 845 608 1553202108337 
512 845 611 1553202108346 
512 844 614 1553202108354 
512 844 616 1553202108362 
512 843 618 1553202108370 
512 842 619 1553202108378 
512 841 621 1553202108383 
512 841 623 1553202108391 
512 839 624 1553202108399 
512 838 627 1553202108408 
512 836 629 1553202108415 
512 836 631 1553202108423 
512 834 633 1553202108432 
512 833 635 1553202108440 
512 833 637 1553202108445 
512 832 639 1553202108453 
512 831 640 1553202108461 
512 831 642 1553202108469 
512 830 643 1553202108477 
512 829 643 1553202108485 
512 829 644 1553202108493 
512 830 644 1553202108711 
512 831 644 1553202108719 
512 832 643 1553202108735 
512 833 643 1553202108751 
512 834 643 1553202108766 
512 835 643 1553202108773 
512 836 643 1553202108790 
512 837 643 1553202108806 
512 837 644 1553202108816 
512 838 644 1553202108822 
512 839 645 1553202108829 
512 840 645 1553202108838 
512 840 646 1553202108845 
512 841 647 1553202108851 
512 842 648 1553202108867 
512 843 648 1553202108875 
513 843 648 1553202109024 
514 843 648 1553202109142 
512 842 647 1553202109149 
512 841 644 1553202109155 
512 840 642 1553202109163 
512 839 640 1553202109179 
512 839 637 1553202109180 
512 837 634 1553202109187 
512 836 631 1553202109195 
512 834 625 1553202109203 
512 831 619 1553202109211 
512 828 612 1553202109219 
512 824 603 1553202109225 
512 819 593 1553202109233 
512 812 584 1553202109243 
512 803 573 1553202109250 
512 793 565 1553202109257 
512 783 554 1553202109265 
512 771 544 1553202109273 
512 761 534 1553202109282 
512 749 522 1553202109289 
512 735 511 1553202109297 
512 724 505 1553202109305 
512 714 498 1553202109311 
512 706 495 1553202109322 
512 702 492 1553202109327 
512 700 491 1553202109335 
512 698 491 1553202109343 
512 697 491 1553202109375 
512 696 491 1553202109389 
512 695 491 1553202109397 
512 694 491 1553202109413 
512 693 491 1553202109430 
512 689 489 1553202109483 
512 683 485 1553202109491 
512 677 481 1553202109499 
512 667 475 1553202109507 
512 655 468 1553202109516 
512 639 461 1553202109523 
512 619 452 1553202109532 
512 599 443 1553202109539 
512 577 436 1553202109545 
512 554 427 1553202109553 
512 529 417 1553202109561 
512 509 409 1553202109569 
512 491 402 1553202109577 
512 477 397 1553202109585 
512 466 392 1553202109593 
512 458 388 1553202109601 
512 451 383 1553202109609 
512 448 379 1553202109618 
512 445 375 1553202109625 
512 444 372 1553202109633 
512 443 370 1553202109639 
512 442 368 1553202109647 
512 441 366 1553202109655 
512 441 365 1553202109663 
512 441 364 1553202109749 
512 441 363 1553202109779 
512 442 363 1553202109789 
512 443 362 1553202109805 
512 445 362 1553202109811 
512 447 362 1553202109819 
512 449 362 1553202109827 
512 451 363 1553202109835 
512 453 363 1553202109843 
512 456 365 1553202109851 
512 458 366 1553202109859 
512 460 366 1553202109865 
512 462 367 1553202109873 
512 464 368 1553202109883 
512 465 368 1553202109897 
512 465 369 1553202109907 
512 466 369 1553202109985 
512 466 370 1553202110000 
512 466 371 1553202110045 
512 467 372 1553202110069 
512 468 373 1553202110085 
512 469 374 1553202110107 
512 469 375 1553202110139 
512 470 375 1553202110147 
512 470 376 1553202110157 
512 471 376 1553202110161 
512 472 377 1553202110169 
512 473 377 1553202110195 
513 473 377 1553202110284 
514 473 377 1553202110381 
512 474 377 1553202110403 
512 477 377 1553202110413 
512 483 378 1553202110419 
512 495 381 1553202110437 
512 504 384 1553202110443 
512 513 388 1553202110453 
512 523 391 1553202110459 
512 533 394 1553202110465 
512 542 397 1553202110473 
512 553 398 1553202110481 
512 564 399 1553202110489 
512 573 400 1553202110497 
512 583 400 1553202110505 
512 592 400 1553202110513 
512 600 400 1553202110521 
512 608 398 1553202110529 
512 614 395 1553202110537 
512 619 393 1553202110545 
512 622 390 1553202110551 
512 625 388 1553202110559 
512 626 384 1553202110567 
512 629 381 1553202110575 
512 631 375 1553202110583 
512 632 371 1553202110591 
512 634 365 1553202110599 
512 635 359 1553202110607 
512 636 353 1553202110615 
512 639 344 1553202110623 
512 641 336 1553202110633 
512 644 327 1553202110637 
512 647 320 1553202110645 
512 650 313 1553202110653 
512 653 305 1553202110663 
512 656 299 1553202110669 
512 659 293 1553202110677 
512 662 290 1553202110685 
512 664 286 1553202110693 
512 667 283 1553202110701 
512 670 278 1553202110708 
512 672 272 1553202110715 
512 674 268 1553202110723 
512 674 262 1553202110733 
512 675 259 1553202110739 
512 675 255 1553202110747 
512 675 252 1553202110757 
512 675 249 1553202110763 
512 676 246 1553202110771 
512 676 244 1553202110779 
512 677 241 1553202110786 
512 677 240 1553202110793 
512 677 239 1553202110809 
512 678 238 1553202110817 
512 679 236 1553202110825 
512 679 234 1553202110833 
512 680 233 1553202110843 
512 681 231 1553202110849 
512 682 229 1553202110856 
512 683 227 1553202110864 
512 684 225 1553202110872 
512 685 223 1553202110879 
512 686 220 1553202110888 
512 687 218 1553202110897 
512 687 216 1553202110903 
512 688 215 1553202110911 
512 689 213 1553202110921 
512 689 212 1553202110937 
512 690 211 1553202110975 
512 690 210 1553202110981 
512 691 210 1553202111007 
512 692 210 1553202111036 
512 693 210 1553202111317 
512 694 210 1553202111332 
512 694 209 1553202111348 
512 695 209 1553202111426 
512 696 209 1553202111451 
513 696 209 1553202111566 
514 696 209 1553202111660 
512 696 210 1553202111701 
512 697 212 1553202111706 
512 697 213 1553202111714 
512 697 215 1553202111722 
512 697 218 1553202111730 
512 697 221 1553202111738 
512 697 225 1553202111746 
512 697 232 1553202111754 
512 697 240 1553202111762 
512 697 249 1553202111770 
512 697 259 1553202111778 
512 697 271 1553202111786 
512 697 280 1553202111792 
512 696 290 1553202111800 
512 696 299 1553202111808 
512 695 310 1553202111817 
512 695 319 1553202111824 
512 695 328 1553202111832 
512 696 337 1553202111840 
512 697 346 1553202111848 
512 699 354 1553202111856 
512 701 363 1553202111862 
512 703 368 1553202111870 
512 706 374 1553202111878 
512 709 379 1553202111886 
512 711 382 1553202111894 
512 714 386 1553202111902 
512 716 389 1553202111910 
512 719 392 1553202111918 
512 721 394 1553202111926 
512 723 395 1553202111934 
512 725 397 1553202111942 
512 728 398 1553202111948 
512 730 398 1553202111958 
512 733 399 1553202111964 
512 736 400 1553202111972 
512 741 400 1553202111980 
512 748 400 1553202111988 
512 757 400 1553202111996 
512 767 400 1553202112004 
512 778 399 1553202112012 
512 786 398 1553202112020 
512 794 395 1553202112026 
512 800 392 1553202112034 
512 809 389 1553202112042 
512 816 385 1553202112050 
512 822 381 1553202112058 
512 828 379 1553202112067 
512 832 376 1553202112074 
512 835 375 1553202112082 
512 838 374 1553202112090 
512 841 373 1553202112095 
512 843 373 1553202112104 
512 844 373 1553202112112 
512 845 372 1553202112120 
512 847 372 1553202112128 
512 848 372 1553202112136 
512 850 371 1553202112144 
512 852 371 1553202112152 
512 855 371 1553202112160 
512 859 371 1553202112168 
512 865 371 1553202112176 
512 871 372 1553202112182 
512 876 373 1553202112190 
512 880 374 1553202112198 
512 886 375 1553202112206 
512 890 376 1553202112214 
512 895 376 1553202112222 
512 898 377 1553202112230 
512 901 377 1553202112238 
512 903 377 1553202112243 
512 906 378 1553202112252 
512 908 378 1553202112260 
512 910 378 1553202112268 
512 911 378 1553202112276 
512 912 378 1553202112284 
512 913 378 1553202112292 
512 914 378 1553202112308 
512 915 378 1553202112324 
512 916 378 1553202112338 
512 917 378 1553202112345 
512 918 378 1553202112362 
512 919 378 1553202112378 
512 919 377 1553202112386 
512 920 377 1553202112510 
512 921 377 1553202112526 
512 922 377 1553202112536 
512 922 376 1553202112542 
512 923 376 1553202112550 
512 924 376 1553202112555 
512 925 376 1553202112572 
512 926 375 1553202112587 
512 927 375 1553202112604 
512 927 374 1553202112633 
513 927 374 1553202112706 
514 927 374 1553202112805 
512 927 375 1553202112884 
512 927 376 1553202112899 
512 926 377 1553202112907 
512 925 378 1553202112915 
512 924 378 1553202113088 
512 921 381 1553202113104 
512 910 392 1553202113122 
512 904 401 1553202113125 
512 895 411 1553202113133 
512 885 421 1553202113141 
512 876 433 1553202113149 
512 863 449 1553202113158 
512 851 464 1553202113166 
512 839 479 1553202113173 
512 827 490 1553202113182 
512 812 502 1553202113190 
512 800 513 1553202113195 
512 786 523 1553202113203 
512 774 532 1553202113211 
512 761 539 1553202113219 
512 750 546 1553202113228 
512 740 553 1553202113236 
512 730 559 1553202113243 
512 720 566 1553202113251 
512 711 572 1553202113259 
512 703 578 1553202113265 
512 697 582 1553202113273 
512 690 586 1553202113282 
512 684 589 1553202113289 
512 678 592 1553202113297 
512 672 594 1553202113306 
512 666 596 1553202113313 
512 660 598 1553202113321 
512 655 599 1553202113329 
512 650 599 1553202113335 
512 646 601 1553202113343 
512 641 603 1553202113351 
512 637 604 1553202113359 
512 631 606 1553202113367 
512 627 607 1553202113375 
512 623 608 1553202113386 
512 620 608 1553202113391 
512 616 610 1553202113399 
512 614 611 1553202113407 
512 612 612 1553202113415 
512 610 612 1553202113421 
512 607 613 1553202113429 
512 605 614 1553202113437 
512 603 614 1553202113445 
512 601 615 1553202113453 
512 599 616 1553202113461 
512 596 617 1553202113469 
512 594 617 1553202113477 
512 592 618 1553202113486 
512 590 619 1553202113491 
512 588 620 1553202113499 
512 585 620 1553202113507 
512 583 621 1553202113516 
512 581 622 1553202113523 
512 579 622 1553202113532 
512 577 623 1553202113540 
512 576 624 1553202113548 
512 575 625 1553202113563 
512 574 625 1553202113571 
512 574 626 1553202113579 
512 573 626 1553202113585 
512 573 627 1553202113593 
512 572 627 1553202113601 
512 572 628 1553202113609 
512 571 628 1553202113617 
512 570 630 1553202113625 
512 569 631 1553202113639 
512 568 632 1553202113655 
512 568 633 1553202113719 
512 567 634 1553202113733 
512 566 634 1553202113741 
512 566 635 1553202113749 
512 565 635 1553202113758 
512 565 636 1553202113768 
512 564 636 1553202113781 
512 564 637 1553202113789 
512 564 638 1553202113806 
512 563 638 1553202113851 
512 562 639 1553202113860 
512 561 640 1553202113875 
512 560 641 1553202113889 
512 560 642 1553202113897 
512 559 642 1553202113915 
513 559 642 1553202114071 
514 559 642 1553202114172 
512 560 641 1553202114268 
512 561 641 1553202114273 
512 562 640 1553202114279 
512 563 639 1553202114289 
512 565 637 1553202114297 
512 571 633 1553202114313 
512 575 628 1553202114321 
512 581 622 1553202114327 
512 587 614 1553202114335 
512 594 607 1553202114343 
512 600 599 1553202114351 
512 607 591 1553202114357 
512 612 584 1553202114365 
512 617 578 1553202114373 
512 623 574 1553202114383 
512 629 570 1553202114389 
512 635 567 1553202114399 
512 641 564 1553202114405 
512 645 563 1553202114413 
512 648 562 1553202114419 
512 650 561 1553202114427 
512 653 561 1553202114435 
512 654 561 1553202114443 
512 655 561 1553202114451 
512 656 561 1553202114459 
512 659 562 1553202114467 
512 661 565 1553202114477 
512 665 568 1553202114483 
512 668 572 1553202114491 
512 673 577 1553202114499 
512 678 582 1553202114505 
512 684 588 1553202114515 
512 690 593 1553202114523 
512 697 599 1553202114529 
512 703 603 1553202114537 
512 709 608 1553202114545 
512 715 611 1553202114553 
512 721 615 1553202114563 
512 725 618 1553202114569 
512 730 621 1553202114575 
512 736 624 1553202114583 
512 742 627 1553202114591 
512 748 630 1553202114599 
512 754 633 1553202114607 
512 760 636 1553202114617 
512 765 639 1553202114623 
512 771 641 1553202114633 
512 776 642 1553202114639 
512 779 643 1553202114647 
512 782 644 1553202114655 
512 786 645 1553202114661 
512 789 646 1553202114669 
512 792 646 1553202114677 
512 795 646 1553202114685 
512 797 646 1553202114693 
512 800 646 1553202114703 
512 802 646 1553202114711 
512 804 646 1553202114717 
512 805 646 1553202114725 
512 807 645 1553202114733 
512 809 645 1553202114739 
512 812 645 1553202114749 
512 814 645 1553202114755 
512 816 645 1553202114763 
512 819 645 1553202114771 
512 821 645 1553202114781 
512 825 646 1553202114789 
512 828 646 1553202114795 
512 832 646 1553202114805 
512 836 646 1553202114811 
512 842 646 1553202114817 
512 845 646 1553202114825 
512 848 646 1553202114833 
512 850 646 1553202114841 
512 851 646 1553202114857 
512 850 646 1553202115161 
512 849 646 1553202115177 
512 848 646 1553202115341 
512 847 646 1553202115442 
512 846 646 1553202115458 
512 845 645 1553202115473 
512 844 645 1553202115489 
512 843 645 1553202115497 
513 843 645 1553202115663 
514 843 645 1553202115770 
512 842 644 1553202115819 
512 842 643 1553202115840 
512 842 642 1553202115856 
512 841 642 1553202115864 
512 841 641 1553202115872 
512 841 640 1553202115879 
512 841 639 1553202115897 
512 842 637 1553202115903 
512 843 637 1553202115910 
512 845 635 1553202115918 
512 846 633 1553202115926 
512 849 631 1553202115934 
512 851 628 1553202115942 
512 855 625 1553202115950 
512 859 619 1553202115958 
512 863 613 1553202115965 
512 867 604 1553202115973 
512 870 596 1553202115980 
512 873 586 1553202115988 
512 875 576 1553202115996 
512 877 567 1553202116004 
512 877 556 1553202116012 
512 879 544 1553202116020 
512 879 535 1553202116028 
512 879 524 1553202116036 
512 879 512 1553202116043 
512 879 500 1553202116051 
512 879 486 1553202116058 
512 880 473 1553202116066 
512 881 459 1553202116074 
512 882 447 1553202116082 
512 883 435 1553202116090 
512 884 426 1553202116098 
512 885 416 1553202116106 
512 886 407 1553202116114 
512 887 399 1553202116122 
512 888 391 1553202116128 
512 889 385 1553202116136 
512 890 379 1553202116144 
512 892 374 1553202116152 
512 893 369 1553202116160 
512 894 366 1553202116168 
512 895 363 1553202116176 
512 896 361 1553202116184 
512 897 359 1553202116192 
512 899 359 1553202116200 
512 899 358 1553202116208 
512 900 357 1553202116216 
512 901 357 1553202116222 
512 903 356 1553202116233 
512 905 356 1553202116238 
512 907 356 1553202116246 
512 908 356 1553202116254 
512 910 356 1553202116262 
512 913 357 1553202116270 
512 916 357 1553202116278 
512 921 358 1553202116284 
512 924 359 1553202116292 
512 927 360 1553202116300 
512 929 360 1553202116308 
512 931 361 1553202116316 
512 932 362 1553202116324 
512 932 363 1553202116340 
512 933 363 1553202116348 
512 933 364 1553202116356 
512 933 365 1553202116364 
512 933 366 1553202116378 
512 933 367 1553202116394 
512 933 368 1553202116410 
512 933 369 1553202116418 
512 933 370 1553202116426 
512 933 372 1553202116442 
512 932 372 1553202116450 
512 932 373 1553202116456 
512 932 374 1553202116496 
512 931 374 1553202116512 
512 931 375 1553202116590 
512 930 376 1553202116595 
512 929 376 1553202116604 
513 929 376 1553202116698 
514 929 376 1553202116784 
512 929 377 1553202116824 
512 928 378 1553202116845 
512 927 379 1553202116862 
512 927 380 1553202116870 
512 926 382 1553202116878 
512 925 388 1553202116894 
512 925 391 1553202116902 
512 924 395 1553202116910 
512 923 400 1553202116915 
512 923 407 1553202116923 
512 923 415 1553202116934 
512 923 422 1553202116940 
512 924 430 1553202116948 
512 925 438 1553202116956 
512 926 448 1553202116964 
512 928 457 1553202116972 
512 929 466 1553202116980 
512 930 474 1553202116988 
512 931 479 1553202116996 
512 931 485 1553202117002 
512 931 490 1553202117009 
512 931 493 1553202117018 
512 931 496 1553202117026 
512 929 499 1553202117034 
512 927 501 1553202117042 
512 925 503 1553202117050 
512 921 505 1553202117058 
512 918 506 1553202117066 
512 914 506 1553202117072 
512 909 506 1553202117079 
512 903 506 1553202117087 
512 893 502 1553202117095 
512 880 498 1553202117104 
512 860 491 1553202117112 
512 834 480 1553202117120 
512 809 470 1553202117128 
512 779 460 1553202117136 
512 748 446 1553202117144 
512 709 431 1553202117149 
512 677 423 1553202117157 
512 647 416 1553202117165 
512 626 411 1553202117173 
512 608 408 1553202117182 
512 592 406 1553202117190 
512 580 405 1553202117198 
512 571 404 1553202117206 
512 565 404 1553202117214 
512 561 404 1553202117219 
512 559 404 1553202117227 
512 557 404 1553202117235 
512 556 404 1553202117243 
512 555 404 1553202117251 
512 554 403 1553202117260 
512 552 403 1553202117268 
512 550 403 1553202117276 
512 547 402 1553202117284 
512 543 401 1553202117292 
512 538 399 1553202117300 
512 532 399 1553202117306 
512 526 397 1553202117316 
512 519 394 1553202117321 
512 513 391 1553202117329 
512 506 389 1553202117337 
512 501 387 1553202117345 
512 495 385 1553202117354 
512 490 384 1553202117362 
512 485 383 1553202117370 
512 482 382 1553202117375 
512 479 381 1553202117383 
512 476 381 1553202117391 
512 474 380 1553202117399 
512 473 379 1553202117407 
512 472 379 1553202117416 
512 472 378 1553202117617 
513 472 378 1553202117668 
514 472 378 1553202117768 
512 472 377 1553202117773 
512 472 376 1553202117781 
512 473 376 1553202117829 
512 474 376 1553202117845 
512 475 375 1553202117868 
512 476 375 1553202117875 
512 479 375 1553202117883 
512 489 379 1553202117902 
512 498 382 1553202117907 
512 507 385 1553202117916 
512 520 390 1553202117923 
512 534 396 1553202117929 
512 554 403 1553202117937 
512 575 408 1553202117945 
512 599 414 1553202117953 
512 626 421 1553202117961 
512 655 426 1553202117969 
512 684 430 1553202117977 
512 707 433 1553202117985 
512 728 436 1553202117993 
512 742 437 1553202118000 
512 752 439 1553202118007 
512 758 441 1553202118016 
512 760 442 1553202118024 
512 760 444 1553202118039 
512 760 446 1553202118047 
512 760 450 1553202118055 
512 758 453 1553202118063 
512 754 458 1553202118072 
512 750 464 1553202118079 
512 745 470 1553202118085 
512 739 479 1553202118093 
512 732 487 1553202118102 
512 726 496 1553202118109 
512 720 506 1553202118117 
512 715 516 1553202118125 
512 710 526 1553202118133 
512 706 535 1553202118142 
512 702 545 1553202118150 
512 696 555 1553202118155 
512 690 565 1553202118163 
512 683 575 1553202118171 
512 678 583 1553202118179 
512 671 592 1553202118188 
512 666 598 1553202118196 
512 660 604 1553202118203 
512 654 609 1553202118211 
512 646 615 1553202118220 
512 639 619 1553202118227 
512 631 623 1553202118235 
512 622 627 1553202118241 
512 614 631 1553202118249 
512 608 632 1553202118257 
512 602 634 1553202118265 
512 598 635 1553202118273 
512 595 636 1553202118282 
512 592 637 1553202118289 
512 590 638 1553202118297 
512 587 638 1553202118306 
512 585 639 1553202118313 
512 583 640 1553202118319 
512 580 640 1553202118327 
512 577 641 1553202118335 
512 574 642 1553202118343 
512 572 643 1553202118351 
512 569 643 1553202118359 
512 567 644 1553202118368 
512 566 645 1553202118376 
512 564 646 1553202118383 
512 562 646 1553202118391 
512 561 646 1553202118397 
512 560 646 1553202118407 
512 559 646 1553202118415 
512 558 646 1553202118422 
512 557 646 1553202118430 
512 555 646 1553202118437 
512 554 646 1553202118454 
513 554 646 1553202118633 
514 554 646 1553202118735 
512 555 646 1553202118757 
512 556 646 1553202118766 
512 557 645 1553202118771 
512 558 644 1553202118779 
512 560 644 1553202118787 
512 566 642 1553202118808 
512 570 641 1553202118813 
512 576 640 1553202118819 
512 584 639 1553202118827 
512 592 638 1553202118835 
512 603 637 1553202118843 
512 615 636 1553202118852 
512 629 635 1553202118859 
512 647 631 1553202118865 
512 666 626 1553202118873 
512 683 619 1553202118883 
512 698 613 1553202118889 
512 711 606 1553202118897 
512 721 598 1553202118905 
512 729 590 1553202118913 
512 737 581 1553202118921 
512 744 571 1553202118927 
512 749 559 1553202118935 
512 753 549 1553202118943 
512 755 539 1553202118951 
512 756 530 1553202118959 
512 757 523 1553202118967 
512 757 517 1553202118975 
512 757 513 1553202118983 
512 757 508 1553202118991 
512 755 504 1553202118999 
512 753 498 1553202119007 
512 751 493 1553202119015 
512 748 487 1553202119023 
512 745 480 1553202119029 
512 742 471 1553202119039 
512 739 462 1553202119045 
512 736 451 1553202119053 
512 731 438 1553202119061 
512 727 426 1553202119069 
512 721 412 1553202119077 
512 713 396 1553202119085 
512 705 379 1553202119091 
512 700 366 1553202119099 
512 696 354 1553202119107 
512 693 343 1553202119115 
512 691 334 1553202119123 
512 689 325 1553202119131 
512 686 317 1553202119141 
512 684 309 1553202119149 
512 683 303 1553202119157 
512 683 299 1553202119165 
512 682 294 1553202119169 
512 682 292 1553202119179 
512 682 290 1553202119187 
512 682 289 1553202119201 
512 682 287 1553202119217 
512 682 285 1553202119225 
512 683 283 1553202119233 
512 684 280 1553202119243 
512 684 277 1553202119249 
512 685 272 1553202119257 
512 686 269 1553202119263 
512 687 266 1553202119271 
512 688 263 1553202119279 
512 688 260 1553202119287 
512 689 257 1553202119295 
512 689 254 1553202119303 
512 690 252 1553202119311 
512 690 250 1553202119319 
512 691 247 1553202119325 
512 691 244 1553202119335 
512 691 242 1553202119341 
512 692 239 1553202119349 
512 692 237 1553202119357 
512 692 235 1553202119365 
512 693 232 1553202119373 
512 694 230 1553202119383 
512 694 227 1553202119389 
512 695 225 1553202119397 
512 696 223 1553202119407 
512 696 222 1553202119411 
512 697 220 1553202119419 
512 698 218 1553202119427 
512 698 217 1553202119435 
512 698 215 1553202119443 
512 698 214 1553202119451 
512 698 213 1553202119467 
512 698 212 1553202119475 
512 698 211 1553202119491 
513 698 211 1553202119633 
514 698 211 1553202119717 
