512 694 211 1553258431433 
512 694 215 1553258431450 
512 693 224 1553258431466 
512 691 241 1553258431483 
512 689 262 1553258431500 
512 687 289 1553258431517 
512 687 318 1553258431534 
512 687 344 1553258431550 
512 690 383 1553258431566 
512 691 403 1553258431583 
512 690 421 1553258431600 
512 685 432 1553258431616 
512 683 439 1553258431634 
512 680 444 1553258431651 
512 679 445 1553258431667 
512 677 447 1553258431683 
512 676 449 1553258431700 
512 676 450 1553258431717 
512 676 451 1553258431733 
512 676 452 1553258431750 
512 683 456 1553258431766 
512 698 469 1553258431783 
512 762 523 1553258431800 
512 821 558 1553258431817 
512 857 582 1553258431833 
512 869 592 1553258431851 
512 871 597 1553258431867 
512 871 599 1553258431883 
512 871 600 1553258431900 
512 869 601 1553258431917 
512 868 602 1553258431933 
512 867 603 1553258431950 
512 865 607 1553258431967 
512 864 610 1553258431984 
512 862 615 1553258432000 
512 861 617 1553258432017 
512 858 619 1553258432034 
512 856 620 1553258432050 
512 852 622 1553258432067 
512 851 624 1553258432083 
512 850 627 1553258432101 
512 849 628 1553258432116 
512 848 630 1553258432132 
512 846 631 1553258432149 
512 845 632 1553258432166 
512 844 633 1553258432182 
512 841 635 1553258432200 
512 840 635 1553258432217 
512 839 636 1553258432232 
513 839 636 1553258432378 
514 839 636 1553258432472 
512 840 636 1553258432483 
512 841 635 1553258432499 
512 842 630 1553258432516 
512 842 625 1553258432533 
512 843 618 1553258432550 
512 850 597 1553258432567 
512 857 579 1553258432583 
512 862 556 1553258432599 
512 863 517 1553258432616 
512 858 476 1553258432633 
512 850 422 1553258432649 
512 844 365 1553258432666 
512 831 297 1553258432683 
512 829 270 1553258432699 
512 826 254 1553258432717 
512 821 249 1553258432733 
512 817 248 1553258432749 
512 810 250 1553258432766 
512 797 257 1553258432783 
512 778 267 1553258432799 
512 734 288 1553258432816 
512 701 302 1553258432833 
512 678 315 1553258432850 
512 657 326 1553258432867 
512 637 333 1553258432884 
512 618 340 1553258432900 
512 597 348 1553258432918 
512 589 350 1553258432932 
512 582 351 1553258432950 
512 574 353 1553258432967 
512 563 356 1553258432983 
512 552 358 1553258433000 
512 546 358 1553258433017 
512 541 359 1553258433032 
512 537 359 1553258433050 
512 532 359 1553258433066 
512 528 359 1553258433082 
512 523 359 1553258433099 
512 517 359 1553258433117 
512 511 359 1553258433133 
512 505 359 1553258433150 
512 498 361 1553258433166 
512 495 362 1553258433182 
512 490 364 1553258433200 
512 486 366 1553258433218 
512 481 367 1553258433233 
512 477 369 1553258433250 
512 476 370 1553258433266 
512 475 370 1553258433284 
512 475 371 1553258433300 
512 474 372 1553258433316 
513 474 372 1553258433456 
512 474 373 1553258433550 
514 474 373 1553258433551 
512 477 373 1553258433583 
512 482 371 1553258433599 
512 487 367 1553258433616 
512 496 361 1553258433633 
512 506 355 1553258433650 
512 535 346 1553258433666 
512 558 339 1553258433683 
512 582 331 1553258433699 
512 602 324 1553258433716 
512 614 320 1553258433733 
512 616 318 1553258433749 
512 616 313 1553258433816 
512 617 307 1553258433833 
512 622 299 1553258433849 
512 627 292 1553258433867 
512 633 285 1553258433883 
512 639 278 1553258433899 
512 650 267 1553258433916 
512 658 261 1553258433933 
512 669 254 1553258433949 
512 681 247 1553258433967 
512 693 241 1553258433984 
512 698 239 1553258434000 
512 700 238 1553258434016 
512 700 237 1553258434066 
512 700 236 1553258434083 
512 700 235 1553258434100 
512 700 234 1553258434134 
512 700 233 1553258434151 
512 701 231 1553258434166 
512 701 229 1553258434183 
512 702 226 1553258434201 
512 704 221 1553258434216 
512 704 218 1553258434233 
512 706 215 1553258434250 
512 707 213 1553258434266 
512 708 211 1553258434283 
512 708 210 1553258434316 
513 708 210 1553258434409 
514 708 210 1553258434518 
512 709 215 1553258434616 
512 711 222 1553258434633 
512 720 241 1553258434650 
512 729 257 1553258434666 
512 745 275 1553258434683 
512 763 289 1553258434700 
512 782 296 1553258434716 
512 792 297 1553258434733 
512 795 298 1553258434750 
512 797 299 1553258434766 
512 804 307 1553258434783 
512 814 319 1553258434800 
512 829 332 1553258434817 
512 849 348 1553258434833 
512 875 367 1553258434850 
512 900 387 1553258434867 
512 914 398 1553258434883 
512 919 401 1553258434900 
512 920 401 1553258434983 
512 920 400 1553258435001 
512 920 398 1553258435018 
512 920 397 1553258435051 
512 921 396 1553258435067 
512 921 395 1553258435084 
512 921 394 1553258435100 
512 921 393 1553258435117 
512 921 391 1553258435133 
512 922 389 1553258435151 
512 922 385 1553258435166 
512 923 383 1553258435183 
512 923 382 1553258435200 
512 924 380 1553258435216 
512 924 379 1553258435234 
512 925 378 1553258435251 
512 925 377 1553258435267 
512 927 375 1553258435284 
512 928 374 1553258435300 
512 929 373 1553258435317 
512 929 372 1553258435333 
513 929 372 1553258435371 
514 929 372 1553258435470 
512 928 373 1553258435517 
512 926 376 1553258435533 
512 922 381 1553258435550 
512 917 388 1553258435567 
512 910 399 1553258435584 
512 904 411 1553258435600 
512 898 424 1553258435617 
512 891 436 1553258435633 
512 879 460 1553258435650 
512 869 477 1553258435666 
512 857 490 1553258435683 
512 842 504 1553258435700 
512 819 514 1553258435716 
512 788 520 1553258435733 
512 723 526 1553258435751 
512 675 535 1553258435767 
512 644 544 1553258435783 
512 622 550 1553258435800 
512 606 559 1553258435817 
512 598 564 1553258435834 
512 594 568 1553258435849 
512 592 570 1553258435866 
512 586 574 1553258435884 
512 571 583 1553258435901 
512 564 589 1553258435916 
512 558 600 1553258435934 
512 554 611 1553258435950 
512 552 621 1553258435967 
512 552 629 1553258435984 
512 552 635 1553258436001 
512 553 639 1553258436017 
512 556 645 1553258436033 
512 558 649 1553258436050 
512 560 652 1553258436066 
512 562 654 1553258436083 
512 563 655 1553258436102 
512 564 655 1553258436116 
512 566 656 1553258436134 
512 567 656 1553258436184 
512 567 655 1553258436200 
512 567 654 1553258436217 
512 567 653 1553258436234 
512 568 652 1553258436251 
512 568 650 1553258436366 
512 567 649 1553258436383 
512 566 648 1553258436400 
513 566 648 1553258436597 
514 566 648 1553258436710 
512 566 647 1553258436733 
512 567 646 1553258436750 
512 570 644 1553258436767 
512 573 642 1553258436784 
512 579 640 1553258436800 
512 589 637 1553258436817 
512 607 632 1553258436833 
512 628 629 1553258436849 
512 646 628 1553258436867 
512 656 628 1553258436883 
512 660 628 1553258436901 
512 662 628 1553258436916 
512 666 628 1553258436933 
512 672 628 1553258436950 
512 685 632 1553258436966 
512 701 638 1553258436983 
512 718 647 1553258437001 
512 733 654 1553258437016 
512 750 661 1553258437033 
512 760 663 1553258437050 
512 766 664 1553258437067 
512 772 663 1553258437084 
512 779 661 1553258437100 
512 783 659 1553258437116 
512 788 656 1553258437133 
512 791 654 1553258437151 
512 792 652 1553258437167 
512 793 651 1553258437183 
512 794 650 1553258437201 
512 794 648 1553258437232 
512 794 647 1553258437251 
512 795 646 1553258437267 
512 797 645 1553258437283 
512 798 644 1553258437302 
512 799 644 1553258437316 
512 802 644 1553258437334 
512 805 644 1553258437350 
512 810 645 1553258437367 
512 818 646 1553258437385 
512 822 646 1553258437400 
512 826 646 1553258437418 
512 827 646 1553258437433 
512 829 646 1553258437584 
512 830 646 1553258437600 
512 831 645 1553258437717 
512 833 645 1553258437733 
512 834 644 1553258437751 
512 835 644 1553258437767 
512 837 644 1553258437783 
513 837 644 1553258437914 
514 837 644 1553258438022 
512 838 643 1553258438085 
512 839 642 1553258438100 
512 841 638 1553258438117 
512 841 634 1553258438133 
512 840 630 1553258438151 
512 837 628 1553258438167 
512 834 627 1553258438183 
512 830 626 1553258438200 
512 825 625 1553258438218 
512 817 624 1553258438234 
512 813 623 1553258438251 
512 812 621 1553258438266 
512 812 617 1553258438283 
512 813 610 1553258438300 
512 817 602 1553258438316 
512 823 591 1553258438333 
512 829 575 1553258438350 
512 840 552 1553258438367 
512 844 544 1553258438383 
512 854 521 1553258438400 
512 863 504 1553258438416 
512 870 491 1553258438433 
512 876 479 1553258438450 
512 883 468 1553258438466 
512 891 459 1553258438483 
512 896 455 1553258438499 
512 900 451 1553258438516 
512 906 447 1553258438533 
512 913 441 1553258438549 
512 920 436 1553258438567 
512 926 431 1553258438584 
512 928 428 1553258438600 
512 928 424 1553258438617 
512 928 423 1553258438633 
512 927 421 1553258438650 
512 926 420 1553258438667 
512 925 418 1553258438683 
512 925 416 1553258438700 
512 924 412 1553258438717 
512 922 405 1553258438733 
512 922 400 1553258438750 
512 921 395 1553258438766 
512 921 392 1553258438783 
512 921 389 1553258438800 
512 921 386 1553258438816 
512 921 383 1553258438833 
512 921 379 1553258438850 
512 921 374 1553258438867 
512 921 372 1553258438883 
512 921 371 1553258438900 
512 921 370 1553258438916 
512 922 370 1553258439101 
512 923 371 1553258439120 
513 923 371 1553258439121 
514 923 371 1553258439202 
512 921 374 1553258439300 
512 920 375 1553258439316 
512 916 381 1553258439450 
512 902 391 1553258439466 
512 875 393 1553258439483 
512 837 392 1553258439500 
512 799 388 1553258439516 
512 759 385 1553258439533 
512 719 388 1553258439550 
512 673 392 1553258439566 
512 634 394 1553258439583 
512 592 398 1553258439600 
512 574 401 1553258439616 
512 561 403 1553258439633 
512 553 403 1553258439650 
512 547 403 1553258439667 
512 541 403 1553258439683 
512 536 403 1553258439700 
512 524 400 1553258439716 
512 511 398 1553258439733 
512 500 396 1553258439750 
512 493 395 1553258439766 
512 488 393 1553258439783 
512 487 392 1553258439800 
512 487 391 1553258439818 
512 486 390 1553258439833 
512 483 384 1553258439851 
512 480 381 1553258439867 
512 479 380 1553258439883 
512 478 379 1553258439983 
512 478 378 1553258440000 
512 477 377 1553258440016 
512 476 377 1553258440033 
512 476 376 1553258440084 
512 475 376 1553258440101 
512 475 375 1553258440184 
513 475 375 1553258440185 
514 475 375 1553258440286 
512 478 375 1553258440367 
512 482 378 1553258440384 
512 489 385 1553258440399 
512 499 394 1553258440416 
512 521 408 1553258440434 
512 536 415 1553258440450 
512 552 422 1553258440466 
512 564 425 1553258440483 
512 571 426 1553258440500 
512 574 428 1553258440516 
512 580 434 1553258440534 
512 590 444 1553258440550 
512 602 458 1553258440567 
512 614 486 1553258440583 
512 619 505 1553258440600 
512 620 524 1553258440617 
512 620 542 1553258440633 
512 616 558 1553258440650 
512 609 575 1553258440666 
512 603 588 1553258440683 
512 596 606 1553258440701 
512 590 615 1553258440717 
512 587 622 1553258440733 
512 583 626 1553258440750 
512 579 631 1553258440767 
512 576 635 1553258440783 
512 572 638 1553258440800 
512 568 641 1553258440816 
512 567 642 1553258440833 
512 566 643 1553258440851 
512 565 644 1553258440883 
512 564 645 1553258440916 
512 562 645 1553258440950 
512 562 646 1553258440966 
513 562 646 1553258441083 
514 562 646 1553258441168 
512 562 645 1553258441183 
512 563 644 1553258441200 
512 565 642 1553258441217 
512 566 641 1553258441232 
512 568 640 1553258441250 
512 572 636 1553258441267 
512 580 631 1553258441283 
512 601 615 1553258441300 
512 613 599 1553258441316 
512 625 584 1553258441333 
512 635 567 1553258441350 
512 641 554 1553258441367 
512 647 540 1553258441384 
512 653 523 1553258441400 
512 660 500 1553258441416 
512 665 465 1553258441433 
512 663 430 1553258441450 
512 651 360 1553258441467 
512 646 324 1553258441483 
512 643 299 1553258441500 
512 641 282 1553258441517 
512 641 274 1553258441533 
512 641 270 1553258441550 
512 641 267 1553258441566 
512 642 266 1553258441582 
512 643 263 1553258441600 
512 646 258 1553258441616 
512 647 253 1553258441632 
512 648 248 1553258441649 
512 649 244 1553258441667 
512 650 243 1553258441684 
512 650 242 1553258441700 
512 652 240 1553258441716 
512 655 239 1553258441732 
512 661 237 1553258441749 
512 668 235 1553258441766 
512 674 232 1553258441783 
512 680 230 1553258441799 
512 682 229 1553258441817 
512 682 228 1553258441833 
512 683 227 1553258441900 
512 686 225 1553258441917 
512 689 223 1553258441933 
512 691 222 1553258441949 
512 691 221 1553258441967 
512 692 221 1553258441982 
512 692 220 1553258441999 
512 698 217 1553258442066 
512 701 216 1553258442083 
512 703 215 1553258442099 
512 704 214 1553258442116 
512 705 213 1553258442133 
512 706 212 1553258442149 
512 706 211 1553258442166 
513 706 211 1553258442262 
514 706 211 1553258442354 
