512 698 214 1553515254692 
512 697 218 1553515254710 
512 697 226 1553515254727 
512 701 243 1553515254742 
512 719 281 1553515254760 
512 745 312 1553515254775 
512 786 352 1553515254792 
512 832 393 1553515254810 
512 873 427 1553515254824 
512 896 448 1553515254842 
512 907 460 1553515254860 
512 911 466 1553515254874 
512 910 469 1553515254891 
512 904 473 1553515254908 
512 897 480 1553515254924 
512 891 487 1553515254942 
512 884 497 1553515254958 
512 875 511 1553515254974 
512 857 537 1553515254991 
512 853 541 1553515255008 
512 853 543 1553515255024 
512 854 547 1553515255041 
512 860 558 1553515255059 
512 869 577 1553515255074 
512 880 597 1553515255093 
512 889 613 1553515255108 
512 898 631 1553515255126 
512 900 636 1553515255141 
512 901 639 1553515255159 
512 901 640 1553515255175 
512 900 641 1553515255191 
512 899 643 1553515255208 
512 893 643 1553515255225 
512 889 645 1553515255241 
512 883 646 1553515255259 
512 878 647 1553515255275 
512 874 648 1553515255292 
512 869 650 1553515255309 
512 866 651 1553515255325 
512 863 652 1553515255341 
512 861 653 1553515255358 
512 859 654 1553515255374 
512 858 654 1553515255425 
512 858 655 1553515255442 
512 856 655 1553515255459 
512 853 655 1553515255476 
512 847 655 1553515255492 
512 843 654 1553515255508 
512 841 653 1553515255526 
512 840 651 1553515255541 
512 840 650 1553515255559 
512 840 649 1553515255574 
512 839 648 1553515255591 
512 839 647 1553515255608 
512 839 646 1553515255641 
512 839 645 1553515255659 
512 840 645 1553515255692 
512 841 644 1553515255725 
512 843 642 1553515255742 
512 843 641 1553515255775 
513 843 641 1553515255813 
514 843 641 1553515255904 
512 843 640 1553515256008 
512 843 638 1553515256075 
512 842 638 1553515256091 
512 840 636 1553515256108 
512 840 628 1553515256124 
512 841 611 1553515256141 
512 841 583 1553515256159 
512 828 542 1553515256175 
512 783 480 1553515256193 
512 716 409 1553515256209 
512 610 315 1553515256226 
512 562 288 1553515256242 
512 526 272 1553515256258 
512 507 265 1553515256275 
512 498 264 1553515256291 
512 496 266 1553515256308 
512 494 272 1553515256325 
512 492 288 1553515256342 
512 491 297 1553515256358 
512 490 304 1553515256375 
512 489 310 1553515256391 
512 489 316 1553515256409 
512 489 322 1553515256425 
512 489 328 1553515256441 
512 489 335 1553515256458 
512 489 341 1553515256475 
512 487 350 1553515256492 
512 485 354 1553515256508 
512 483 358 1553515256524 
512 482 359 1553515256542 
512 481 361 1553515256559 
512 479 362 1553515256576 
512 478 363 1553515256591 
512 477 364 1553515256608 
512 476 365 1553515256624 
512 475 366 1553515256642 
512 475 367 1553515256659 
512 474 368 1553515256675 
512 473 369 1553515256691 
512 473 372 1553515256709 
512 473 374 1553515256725 
512 472 376 1553515256742 
512 472 377 1553515256758 
512 472 378 1553515256774 
512 472 379 1553515256791 
512 472 380 1553515256809 
513 472 380 1553515256904 
514 472 380 1553515256988 
512 473 379 1553515257007 
512 476 377 1553515257025 
512 481 376 1553515257042 
512 487 374 1553515257059 
512 506 371 1553515257076 
512 525 370 1553515257092 
512 549 370 1553515257108 
512 573 370 1553515257125 
512 595 368 1553515257141 
512 610 366 1553515257158 
512 619 364 1553515257175 
512 625 362 1553515257193 
512 627 359 1553515257208 
512 629 358 1553515257225 
512 633 355 1553515257292 
512 650 347 1553515257308 
512 670 334 1553515257326 
512 675 320 1553515257342 
512 677 304 1553515257359 
512 680 285 1553515257375 
512 686 267 1553515257391 
512 694 252 1553515257408 
512 699 240 1553515257424 
512 705 233 1553515257442 
512 707 228 1553515257459 
512 708 223 1553515257474 
512 708 221 1553515257491 
512 708 220 1553515257509 
512 707 219 1553515257541 
512 705 218 1553515257559 
512 704 218 1553515257575 
512 700 218 1553515257592 
512 697 218 1553515257608 
512 695 218 1553515257625 
512 692 217 1553515257642 
512 690 217 1553515257658 
512 689 216 1553515257676 
512 689 215 1553515257691 
512 689 212 1553515257708 
512 689 211 1553515257725 
512 689 210 1553515257741 
512 689 209 1553515257758 
512 692 209 1553515257859 
512 698 209 1553515257874 
512 701 210 1553515257892 
513 701 210 1553515258069 
512 700 210 1553515258109 
512 699 210 1553515258125 
512 698 210 1553515258142 
512 695 210 1553515258159 
512 693 210 1553515258161 
514 693 210 1553515258161 
512 691 210 1553515258174 
512 688 210 1553515258191 
512 687 211 1553515258208 
512 685 212 1553515258225 
512 684 214 1553515258241 
512 682 219 1553515258258 
512 680 233 1553515258275 
512 679 252 1553515258291 
512 683 276 1553515258309 
512 691 304 1553515258324 
512 710 348 1553515258341 
512 722 373 1553515258358 
512 735 394 1553515258374 
512 742 411 1553515258391 
512 745 426 1553515258408 
512 746 438 1553515258424 
512 747 449 1553515258442 
512 748 452 1553515258458 
512 749 453 1553515258474 
512 751 453 1553515258491 
512 757 453 1553515258509 
512 771 449 1553515258525 
512 792 440 1553515258541 
512 818 424 1553515258559 
512 835 405 1553515258575 
512 839 381 1553515258592 
512 840 370 1553515258608 
512 843 362 1553515258625 
512 849 357 1553515258641 
512 856 354 1553515258658 
512 877 353 1553515258675 
512 889 353 1553515258692 
512 900 354 1553515258708 
512 911 357 1553515258725 
512 918 358 1553515258741 
512 921 359 1553515258758 
512 922 361 1553515258841 
512 924 362 1553515258857 
512 925 364 1553515258874 
512 926 367 1553515258891 
512 927 369 1553515258908 
512 929 372 1553515258924 
512 929 374 1553515258941 
512 929 375 1553515258958 
512 929 376 1553515259009 
513 929 376 1553515259147 
514 929 376 1553515259228 
512 928 376 1553515259258 
512 927 376 1553515259274 
512 926 376 1553515259292 
512 925 376 1553515259308 
512 923 376 1553515259324 
512 922 381 1553515259342 
512 921 390 1553515259358 
512 919 406 1553515259374 
512 916 425 1553515259391 
512 913 462 1553515259409 
512 910 475 1553515259425 
512 906 509 1553515259441 
512 898 528 1553515259460 
512 885 547 1553515259475 
512 868 557 1553515259491 
512 849 565 1553515259508 
512 823 570 1553515259524 
512 787 590 1553515259541 
512 740 618 1553515259558 
512 722 624 1553515259574 
512 711 626 1553515259592 
512 703 628 1553515259609 
512 696 630 1553515259625 
512 682 636 1553515259642 
512 669 638 1553515259658 
512 654 638 1553515259675 
512 630 639 1553515259692 
512 621 641 1553515259708 
512 618 642 1553515259724 
512 618 643 1553515259791 
512 618 644 1553515259808 
512 615 644 1553515259891 
512 606 642 1553515259909 
512 601 641 1553515259925 
512 592 639 1553515259942 
512 587 637 1553515259959 
512 584 637 1553515259974 
512 583 637 1553515259991 
512 582 637 1553515260009 
512 580 638 1553515260032 
512 578 638 1553515260041 
512 576 639 1553515260058 
512 575 639 1553515260075 
512 574 639 1553515260091 
512 573 639 1553515260108 
512 572 639 1553515260124 
512 569 639 1553515260141 
512 564 639 1553515260158 
512 558 639 1553515260175 
512 554 640 1553515260191 
512 553 641 1553515260225 
512 552 641 1553515260358 
513 552 641 1553515260377 
514 552 641 1553515260455 
512 555 641 1553515260508 
512 556 640 1553515260525 
512 572 637 1553515260558 
512 611 636 1553515260591 
512 632 635 1553515260608 
512 647 632 1553515260625 
512 654 628 1553515260641 
512 656 624 1553515260658 
512 656 611 1553515260675 
512 652 598 1553515260691 
512 649 583 1553515260708 
512 647 570 1553515260725 
512 645 561 1553515260741 
512 642 557 1553515260758 
512 639 556 1553515260775 
512 634 556 1553515260792 
512 631 558 1553515260808 
512 628 561 1553515260824 
512 626 566 1553515260841 
512 625 576 1553515260858 
512 625 586 1553515260875 
512 628 594 1553515260891 
512 636 598 1553515260908 
512 659 602 1553515260925 
512 679 607 1553515260941 
512 703 613 1553515260958 
512 732 625 1553515260975 
512 762 646 1553515260991 
512 779 659 1553515261008 
512 787 669 1553515261025 
512 798 683 1553515261041 
512 802 688 1553515261058 
512 805 690 1553515261075 
512 806 690 1553515261091 
512 810 690 1553515261108 
512 814 689 1553515261125 
512 819 686 1553515261142 
512 823 682 1553515261158 
512 826 681 1553515261175 
512 829 680 1553515261191 
512 832 677 1553515261208 
512 836 674 1553515261225 
512 839 670 1553515261241 
512 843 665 1553515261258 
512 845 662 1553515261275 
512 848 657 1553515261291 
512 849 656 1553515261308 
512 849 655 1553515261325 
512 849 654 1553515261341 
512 849 653 1553515261358 
512 848 652 1553515261375 
512 847 651 1553515261391 
512 846 649 1553515261408 
512 846 648 1553515261424 
512 846 647 1553515261474 
512 845 645 1553515261508 
512 844 644 1553515261524 
512 842 643 1553515261541 
512 841 641 1553515261558 
512 840 640 1553515261574 
513 840 640 1553515261633 
512 840 639 1553515261742 
514 840 639 1553515261760 
512 840 639 1553515261791 
512 841 638 1553515261841 
512 843 638 1553515261858 
512 847 639 1553515261874 
512 857 646 1553515261892 
512 863 650 1553515261908 
512 864 651 1553515261925 
512 863 652 1553515261942 
512 859 653 1553515261958 
512 854 653 1553515261976 
512 852 653 1553515261992 
512 853 652 1553515262025 
512 862 644 1553515262042 
512 869 632 1553515262058 
512 876 614 1553515262075 
512 880 591 1553515262092 
512 887 563 1553515262108 
512 894 536 1553515262125 
512 905 507 1553515262142 
512 917 487 1553515262158 
512 926 470 1553515262175 
512 935 458 1553515262193 
512 944 450 1553515262210 
512 949 446 1553515262225 
512 950 444 1553515262241 
512 949 445 1553515262342 
512 947 445 1553515262360 
512 946 446 1553515262376 
512 945 446 1553515262392 
512 944 445 1553515262409 
512 942 440 1553515262425 
512 940 432 1553515262442 
512 938 422 1553515262461 
512 936 411 1553515262475 
512 933 401 1553515262492 
512 932 393 1553515262509 
512 931 389 1553515262526 
512 931 386 1553515262542 
512 931 385 1553515262558 
512 931 383 1553515262575 
512 929 380 1553515262592 
512 928 379 1553515262609 
512 927 379 1553515262626 
512 926 378 1553515262642 
513 926 378 1553515262773 
514 926 378 1553515262882 
512 927 380 1553515262942 
512 927 384 1553515262958 
512 927 391 1553515262975 
512 925 405 1553515262992 
512 922 424 1553515263009 
512 916 453 1553515263025 
512 909 474 1553515263042 
512 903 493 1553515263058 
512 900 511 1553515263075 
512 899 527 1553515263092 
512 898 535 1553515263109 
512 894 540 1553515263126 
512 891 543 1553515263142 
512 889 543 1553515263158 
512 885 543 1553515263175 
512 880 543 1553515263192 
512 868 543 1553515263208 
512 849 540 1553515263225 
512 819 536 1553515263242 
512 737 529 1553515263258 
512 684 526 1553515263275 
512 638 521 1553515263291 
512 607 518 1553515263308 
512 587 511 1553515263325 
512 575 504 1553515263341 
512 568 495 1553515263358 
512 559 478 1553515263375 
512 553 461 1553515263391 
512 544 441 1553515263408 
512 535 424 1553515263425 
512 529 411 1553515263442 
512 526 401 1553515263458 
512 525 395 1553515263475 
512 524 389 1553515263492 
512 522 387 1553515263508 
512 521 385 1553515263525 
512 519 383 1553515263542 
512 516 383 1553515263558 
512 513 381 1553515263575 
512 511 381 1553515263592 
512 510 381 1553515263609 
512 508 380 1553515263626 
512 503 378 1553515263642 
512 499 377 1553515263658 
512 495 374 1553515263675 
512 490 373 1553515263692 
512 488 372 1553515263708 
512 487 370 1553515263726 
512 485 369 1553515263742 
512 484 368 1553515263758 
512 482 367 1553515263775 
512 478 366 1553515263792 
512 473 365 1553515263809 
512 470 364 1553515263825 
512 468 364 1553515263841 
512 468 365 1553515263958 
512 468 367 1553515263975 
512 469 368 1553515263992 
512 470 370 1553515264009 
512 471 371 1553515264025 
512 472 372 1553515264042 
512 473 372 1553515264142 
513 473 372 1553515264172 
512 473 373 1553515264264 
514 473 373 1553515264265 
512 473 373 1553515264291 
512 472 373 1553515264341 
512 471 373 1553515264358 
512 470 375 1553515264374 
512 471 375 1553515264558 
512 481 375 1553515264575 
512 492 376 1553515264592 
512 502 380 1553515264609 
512 518 393 1553515264625 
512 526 409 1553515264642 
512 533 432 1553515264658 
512 539 465 1553515264675 
512 540 493 1553515264692 
512 532 519 1553515264709 
512 523 541 1553515264725 
512 519 565 1553515264742 
512 521 577 1553515264758 
512 526 584 1553515264775 
512 528 587 1553515264792 
512 529 588 1553515264808 
512 529 589 1553515264825 
512 530 589 1553515264841 
512 530 590 1553515264875 
512 533 592 1553515264892 
512 538 595 1553515264908 
512 545 601 1553515264925 
512 550 605 1553515264941 
512 551 610 1553515264959 
512 553 614 1553515264975 
512 553 621 1553515264992 
512 553 625 1553515265008 
512 553 628 1553515265025 
512 553 633 1553515265042 
512 554 637 1553515265058 
512 556 641 1553515265075 
512 559 644 1553515265092 
512 560 647 1553515265108 
512 560 648 1553515265141 
512 560 650 1553515265157 
512 560 651 1553515265174 
512 559 651 1553515265374 
512 558 650 1553515265391 
512 557 649 1553515265408 
512 557 648 1553515265425 
512 557 647 1553515265441 
512 556 646 1553515265458 
512 556 645 1553515265475 
513 556 645 1553515265501 
512 556 644 1553515265609 
514 556 644 1553515265614 
512 558 643 1553515265641 
512 559 643 1553515265658 
512 560 641 1553515265691 
512 562 641 1553515265708 
512 563 640 1553515265724 
512 565 640 1553515265742 
512 569 640 1553515265758 
512 574 638 1553515265775 
512 582 638 1553515265792 
512 597 637 1553515265808 
512 617 635 1553515265826 
512 658 626 1553515265842 
512 680 617 1553515265858 
512 689 610 1553515265875 
512 692 604 1553515265892 
512 692 602 1553515265909 
512 691 602 1553515265925 
512 690 601 1553515265958 
512 691 588 1553515265992 
512 699 571 1553515266008 
512 706 554 1553515266025 
512 707 538 1553515266042 
512 698 516 1553515266058 
512 683 489 1553515266075 
512 643 432 1553515266092 
512 616 377 1553515266108 
512 601 328 1553515266125 
512 596 300 1553515266144 
512 596 285 1553515266158 
512 596 276 1553515266175 
512 596 274 1553515266192 
512 596 273 1553515266209 
512 599 273 1553515266275 
512 613 275 1553515266292 
512 631 277 1553515266309 
512 647 279 1553515266326 
512 664 280 1553515266342 
512 669 280 1553515266358 
512 670 278 1553515266375 
512 672 274 1553515266391 
512 672 269 1553515266407 
512 671 263 1553515266425 
512 670 257 1553515266442 
512 670 251 1553515266459 
512 671 242 1553515266475 
512 672 236 1553515266492 
512 674 230 1553515266508 
512 675 225 1553515266525 
512 677 221 1553515266542 
512 678 220 1553515266559 
512 679 219 1553515266575 
512 682 217 1553515266592 
512 686 215 1553515266608 
512 690 214 1553515266625 
512 695 212 1553515266642 
512 699 211 1553515266658 
512 702 210 1553515266675 
512 703 210 1553515266758 
512 703 209 1553515266842 
513 703 209 1553515266866 
512 702 209 1553515266892 
514 702 209 1553515266964 
