512 701 208 1553515364158 
512 701 212 1553515364225 
512 701 218 1553515364241 
512 701 224 1553515364258 
512 699 235 1553515364275 
512 698 237 1553515364291 
512 698 238 1553515364325 
512 734 237 1553515364475 
512 839 265 1553515364491 
512 950 314 1553515364508 
512 1031 370 1553515364525 
512 1104 480 1553515364542 
512 1079 562 1553515364558 
512 1037 631 1553515364575 
512 1004 707 1553515364592 
512 983 770 1553515364608 
512 976 811 1553515364625 
512 976 845 1553515364642 
512 983 875 1553515364658 
512 993 901 1553515364675 
512 993 903 1553515364692 
512 993 900 1553515364725 
512 986 882 1553515364741 
512 974 861 1553515364758 
512 965 841 1553515364775 
512 954 815 1553515364792 
512 947 796 1553515364808 
512 944 776 1553515364825 
512 936 753 1553515364842 
512 927 728 1553515364858 
512 915 707 1553515364875 
512 899 696 1553515364891 
512 884 689 1553515364908 
512 863 683 1553515364925 
512 855 680 1553515364941 
512 851 677 1553515364957 
512 849 673 1553515364974 
512 846 669 1553515364992 
512 842 664 1553515365008 
512 838 661 1553515365025 
512 835 659 1553515365041 
512 835 658 1553515365057 
512 835 657 1553515365091 
512 836 656 1553515365107 
512 839 655 1553515365124 
512 841 652 1553515365141 
512 843 648 1553515365158 
512 843 644 1553515365175 
512 842 641 1553515365191 
512 841 640 1553515365208 
512 840 640 1553515365224 
512 840 639 1553515365324 
512 839 639 1553515365341 
512 838 639 1553515365369 
513 838 639 1553515365369 
512 838 640 1553515365392 
512 838 641 1553515365441 
514 838 641 1553515365468 
512 838 642 1553515365491 
512 838 643 1553515365624 
512 837 647 1553515365641 
512 837 650 1553515365658 
512 838 654 1553515365674 
512 842 659 1553515365691 
512 847 663 1553515365708 
512 851 664 1553515365725 
512 854 664 1553515365741 
512 857 663 1553515365758 
512 860 657 1553515365775 
512 858 649 1553515365791 
512 845 633 1553515365808 
512 817 603 1553515365825 
512 771 566 1553515365841 
512 723 535 1553515365859 
512 648 478 1553515365875 
512 614 451 1553515365891 
512 596 432 1553515365908 
512 586 416 1553515365925 
512 582 406 1553515365941 
512 580 402 1553515365958 
512 580 400 1553515365975 
512 580 399 1553515366041 
512 578 393 1553515366058 
512 576 387 1553515366075 
512 571 381 1553515366091 
512 565 377 1553515366108 
512 556 376 1553515366126 
512 551 377 1553515366141 
512 546 379 1553515366158 
512 542 380 1553515366176 
512 538 381 1553515366191 
512 534 381 1553515366208 
512 530 381 1553515366225 
512 525 381 1553515366241 
512 520 380 1553515366258 
512 517 379 1553515366275 
512 514 379 1553515366292 
512 513 379 1553515366325 
512 512 379 1553515366342 
512 508 377 1553515366358 
512 501 376 1553515366375 
512 487 374 1553515366391 
512 479 373 1553515366408 
512 475 372 1553515366425 
512 473 372 1553515366442 
512 472 372 1553515366475 
513 472 372 1553515366665 
512 472 371 1553515366750 
514 472 371 1553515366751 
512 473 371 1553515366774 
512 474 371 1553515366791 
512 475 371 1553515366825 
512 476 371 1553515366841 
512 479 372 1553515366859 
512 484 376 1553515366875 
512 500 385 1553515366891 
512 518 393 1553515366908 
512 538 398 1553515366924 
512 561 399 1553515366941 
512 576 396 1553515366958 
512 582 389 1553515366974 
512 586 379 1553515366991 
512 590 358 1553515367008 
512 590 340 1553515367024 
512 589 322 1553515367041 
512 588 308 1553515367058 
512 590 297 1553515367075 
512 597 285 1553515367092 
512 609 275 1553515367109 
512 625 267 1553515367125 
512 648 254 1553515367141 
512 660 244 1553515367159 
512 668 234 1553515367175 
512 673 226 1553515367191 
512 674 220 1553515367208 
512 674 216 1553515367224 
512 674 214 1553515367241 
512 674 213 1553515367291 
512 676 213 1553515367308 
512 678 212 1553515367324 
512 679 210 1553515367341 
512 680 209 1553515367358 
512 681 209 1553515367441 
512 683 209 1553515367458 
512 687 210 1553515367475 
512 693 211 1553515367491 
512 695 211 1553515367508 
512 696 211 1553515367625 
513 696 211 1553515367781 
514 696 211 1553515367866 
512 696 212 1553515367891 
512 695 213 1553515367908 
512 694 214 1553515367925 
512 693 215 1553515367941 
512 692 216 1553515367958 
512 690 219 1553515367975 
512 687 229 1553515367991 
512 685 240 1553515368008 
512 682 255 1553515368025 
512 681 275 1553515368042 
512 679 298 1553515368058 
512 676 321 1553515368076 
512 672 341 1553515368092 
512 666 360 1553515368108 
512 661 390 1553515368125 
512 661 409 1553515368141 
512 669 423 1553515368158 
512 685 433 1553515368175 
512 712 439 1553515368192 
512 743 440 1553515368208 
512 767 437 1553515368225 
512 785 430 1553515368242 
512 791 422 1553515368257 
512 799 408 1553515368274 
512 806 396 1553515368292 
512 814 387 1553515368308 
512 822 378 1553515368325 
512 833 371 1553515368342 
512 841 368 1553515368358 
512 849 365 1553515368375 
512 851 363 1553515368391 
512 853 363 1553515368408 
512 856 363 1553515368424 
512 862 363 1553515368442 
512 873 365 1553515368458 
512 888 367 1553515368475 
512 910 370 1553515368491 
512 918 370 1553515368507 
512 921 370 1553515368524 
512 922 370 1553515368607 
512 923 370 1553515368625 
512 924 370 1553515368709 
512 926 370 1553515368741 
512 927 370 1553515368758 
512 928 370 1553515368774 
513 928 370 1553515368873 
514 928 370 1553515368966 
512 928 371 1553515368991 
512 927 372 1553515369008 
512 925 373 1553515369024 
512 924 374 1553515369041 
512 923 375 1553515369059 
512 922 376 1553515369074 
512 920 376 1553515369091 
512 920 377 1553515369108 
512 919 378 1553515369124 
512 917 379 1553515369141 
512 916 381 1553515369158 
512 913 385 1553515369174 
512 908 392 1553515369191 
512 901 400 1553515369208 
512 873 423 1553515369225 
512 840 443 1553515369241 
512 803 465 1553515369258 
512 764 487 1553515369275 
512 719 511 1553515369291 
512 677 534 1553515369308 
512 639 559 1553515369324 
512 589 595 1553515369341 
512 570 613 1553515369359 
512 555 627 1553515369374 
512 544 637 1553515369390 
512 537 642 1553515369407 
512 532 643 1553515369425 
512 527 644 1553515369441 
512 522 644 1553515369458 
512 518 644 1553515369474 
512 517 645 1553515369490 
512 516 645 1553515369507 
512 518 647 1553515369524 
512 522 648 1553515369540 
512 526 649 1553515369558 
512 529 650 1553515369574 
512 530 651 1553515369607 
512 533 652 1553515369624 
512 536 652 1553515369641 
512 538 651 1553515369657 
512 540 650 1553515369674 
512 542 647 1553515369692 
512 542 646 1553515369707 
512 543 644 1553515369724 
512 543 643 1553515369742 
512 543 642 1553515369757 
512 544 642 1553515369791 
512 545 642 1553515369807 
512 546 642 1553515369824 
512 548 642 1553515369841 
512 549 642 1553515369857 
512 550 642 1553515369874 
512 551 642 1553515369891 
512 552 642 1553515369907 
512 554 642 1553515369924 
512 557 642 1553515369941 
512 558 643 1553515369957 
512 559 643 1553515369974 
512 559 644 1553515369991 
513 559 644 1553515370066 
514 559 644 1553515370168 
512 559 642 1553515370225 
512 559 641 1553515370242 
512 559 639 1553515370258 
512 559 637 1553515370275 
512 562 633 1553515370291 
512 566 629 1553515370308 
512 581 616 1553515370325 
512 598 603 1553515370341 
512 617 590 1553515370358 
512 634 575 1553515370374 
512 646 560 1553515370391 
512 652 547 1553515370408 
512 655 539 1553515370425 
512 657 535 1553515370441 
512 659 535 1553515370458 
512 662 538 1553515370476 
512 671 552 1553515370491 
512 680 567 1553515370508 
512 690 582 1553515370525 
512 708 595 1553515370540 
512 730 610 1553515370558 
512 762 625 1553515370575 
512 780 632 1553515370590 
512 793 636 1553515370608 
512 801 638 1553515370626 
512 804 640 1553515370640 
512 805 640 1553515370657 
512 806 640 1553515370674 
512 806 641 1553515370691 
512 806 642 1553515370825 
512 807 642 1553515370858 
512 808 642 1553515370874 
512 810 642 1553515370892 
512 815 642 1553515370908 
512 821 642 1553515370925 
512 827 642 1553515370941 
512 830 642 1553515370958 
512 831 642 1553515370974 
512 834 643 1553515370991 
512 837 644 1553515371008 
512 840 647 1553515371025 
512 842 648 1553515371041 
513 842 648 1553515371231 
512 843 648 1553515371307 
512 844 648 1553515371324 
514 844 648 1553515371332 
512 845 647 1553515371357 
512 846 645 1553515371374 
512 847 644 1553515371391 
512 847 643 1553515371408 
512 846 641 1553515371424 
512 845 640 1553515371441 
512 845 639 1553515371458 
512 845 637 1553515371475 
512 845 635 1553515371491 
512 842 630 1553515371507 
512 836 624 1553515371524 
512 822 611 1553515371541 
512 808 593 1553515371557 
512 794 570 1553515371574 
512 793 560 1553515371591 
512 797 550 1553515371607 
512 808 538 1553515371625 
512 832 519 1553515371641 
512 854 499 1553515371657 
512 873 481 1553515371674 
512 894 459 1553515371691 
512 905 445 1553515371708 
512 911 437 1553515371724 
512 913 435 1553515371741 
512 918 435 1553515371907 
512 926 433 1553515371924 
512 929 430 1553515371941 
512 932 423 1553515371957 
512 935 415 1553515371974 
512 939 408 1553515371991 
512 940 402 1553515372007 
512 942 396 1553515372025 
512 943 391 1553515372041 
512 943 390 1553515372058 
512 943 389 1553515372074 
512 943 388 1553515372108 
512 943 387 1553515372124 
512 942 387 1553515372141 
512 942 386 1553515372158 
512 941 386 1553515372174 
512 938 385 1553515372191 
512 935 384 1553515372208 
512 932 382 1553515372224 
512 931 381 1553515372241 
512 930 380 1553515372258 
512 929 377 1553515372274 
512 928 375 1553515372291 
513 928 375 1553515372393 
512 928 374 1553515372425 
514 928 374 1553515372494 
512 928 374 1553515372508 
512 928 375 1553515372541 
512 926 375 1553515372557 
512 920 381 1553515372574 
512 913 388 1553515372591 
512 906 398 1553515372607 
512 895 412 1553515372624 
512 883 429 1553515372641 
512 867 446 1553515372657 
512 843 473 1553515372674 
512 824 486 1553515372692 
512 800 499 1553515372707 
512 781 510 1553515372724 
512 759 518 1553515372742 
512 740 521 1553515372759 
512 721 522 1553515372774 
512 693 510 1553515372791 
512 673 498 1553515372809 
512 653 484 1553515372824 
512 636 466 1553515372842 
512 617 447 1553515372858 
512 599 430 1553515372874 
512 581 414 1553515372891 
512 565 403 1553515372908 
512 554 393 1553515372924 
512 552 392 1553515372941 
512 552 391 1553515372958 
512 552 390 1553515372975 
512 551 390 1553515372992 
512 550 389 1553515373008 
512 547 387 1553515373024 
512 541 385 1553515373041 
512 535 384 1553515373058 
512 525 382 1553515373075 
512 514 381 1553515373091 
512 504 379 1553515373108 
512 493 378 1553515373124 
512 485 377 1553515373141 
512 481 375 1553515373158 
512 475 374 1553515373174 
512 474 374 1553515373191 
512 473 373 1553515373241 
512 472 373 1553515373258 
512 471 373 1553515373274 
512 471 372 1553515373341 
513 471 372 1553515373401 
512 472 372 1553515373484 
514 472 372 1553515373484 
512 472 372 1553515373508 
512 474 372 1553515373524 
512 483 374 1553515373540 
512 493 376 1553515373557 
512 507 378 1553515373575 
512 521 380 1553515373591 
512 537 383 1553515373608 
512 554 390 1553515373624 
512 574 399 1553515373640 
512 603 411 1553515373658 
512 622 417 1553515373674 
512 636 420 1553515373691 
512 646 420 1553515373709 
512 652 420 1553515373724 
512 656 420 1553515373744 
512 658 420 1553515373760 
512 659 421 1553515373774 
512 668 445 1553515373791 
512 670 461 1553515373808 
512 668 479 1553515373824 
512 659 496 1553515373841 
512 646 513 1553515373858 
512 633 530 1553515373874 
512 619 548 1553515373892 
512 600 569 1553515373909 
512 586 581 1553515373925 
512 576 590 1553515373941 
512 570 595 1553515373959 
512 566 598 1553515373974 
512 562 599 1553515373991 
512 561 600 1553515374008 
512 560 602 1553515374025 
512 559 605 1553515374041 
512 559 609 1553515374058 
512 560 612 1553515374075 
512 561 616 1553515374092 
512 561 618 1553515374109 
512 561 623 1553515374124 
512 561 627 1553515374141 
512 561 630 1553515374158 
512 561 632 1553515374174 
512 561 633 1553515374191 
512 560 634 1553515374208 
512 559 635 1553515374224 
512 559 636 1553515374242 
512 558 637 1553515374308 
512 558 639 1553515374324 
512 557 640 1553515374341 
512 557 641 1553515374374 
512 557 642 1553515374391 
512 557 643 1553515374424 
512 557 644 1553515374453 
513 557 644 1553515374453 
514 557 644 1553515374546 
512 558 644 1553515374559 
512 562 639 1553515374575 
512 570 632 1553515374591 
512 577 624 1553515374608 
512 590 610 1553515374625 
512 603 594 1553515374640 
512 617 578 1553515374658 
512 634 560 1553515374675 
512 655 537 1553515374691 
512 674 519 1553515374709 
512 694 499 1553515374725 
512 714 483 1553515374741 
512 738 459 1553515374758 
512 746 442 1553515374775 
512 750 425 1553515374791 
512 751 408 1553515374808 
512 753 390 1553515374825 
512 755 371 1553515374841 
512 756 353 1553515374858 
512 757 319 1553515374875 
512 756 298 1553515374890 
512 754 280 1553515374908 
512 751 266 1553515374924 
512 750 259 1553515374940 
512 749 254 1553515374958 
512 748 250 1553515374974 
512 747 248 1553515374991 
512 747 247 1553515375008 
512 746 245 1553515375025 
512 743 243 1553515375041 
512 737 240 1553515375058 
512 733 237 1553515375075 
512 727 233 1553515375091 
512 721 229 1553515375108 
512 717 227 1553515375125 
512 716 226 1553515375142 
512 715 224 1553515375161 
512 714 223 1553515375174 
512 713 222 1553515375191 
512 711 220 1553515375209 
512 710 219 1553515375225 
512 708 218 1553515375245 
512 708 216 1553515375258 
512 707 215 1553515375275 
512 705 214 1553515375292 
512 704 213 1553515375308 
512 703 212 1553515375325 
512 702 211 1553515375341 
512 701 210 1553515375358 
513 701 210 1553515375462 
514 701 210 1553515375568 
