512 693 213 1553198796927 
512 693 220 1553198796944 
512 693 226 1553198796961 
512 693 239 1553198796978 
512 700 266 1553198796994 
512 716 308 1553198797011 
512 745 356 1553198797027 
512 782 402 1553198797044 
512 822 450 1553198797061 
512 857 492 1553198797078 
512 894 545 1553198797094 
512 903 573 1553198797111 
512 904 596 1553198797127 
512 902 613 1553198797144 
512 898 630 1553198797161 
512 894 643 1553198797178 
512 889 656 1553198797195 
512 885 666 1553198797210 
512 881 674 1553198797227 
512 876 681 1553198797244 
512 871 687 1553198797261 
512 868 689 1553198797277 
512 866 689 1553198797294 
512 865 689 1553198797311 
512 862 689 1553198797327 
512 860 689 1553198797344 
512 855 689 1553198797360 
512 852 687 1553198797378 
512 848 685 1553198797394 
512 843 681 1553198797410 
512 840 677 1553198797428 
512 839 673 1553198797445 
512 838 669 1553198797461 
512 838 666 1553198797478 
512 838 664 1553198797494 
512 838 662 1553198797511 
512 838 659 1553198797527 
512 838 657 1553198797545 
512 838 655 1553198797611 
512 838 652 1553198797628 
512 838 651 1553198797644 
512 840 650 1553198797661 
512 840 648 1553198797745 
512 841 647 1553198797762 
512 841 642 1553198797779 
512 842 642 1553198797795 
513 842 642 1553198797987 
512 843 642 1553198798012 
514 843 642 1553198798097 
512 840 640 1553198798246 
512 836 638 1553198798262 
512 835 638 1553198798278 
512 833 635 1553198798295 
512 829 631 1553198798313 
512 824 627 1553198798329 
512 817 622 1553198798345 
512 780 602 1553198798362 
512 725 576 1553198798378 
512 651 539 1553198798395 
512 570 501 1553198798412 
512 502 469 1553198798429 
512 459 451 1553198798446 
512 437 440 1553198798462 
512 426 431 1553198798479 
512 419 424 1553198798495 
512 416 418 1553198798512 
512 415 413 1553198798528 
512 413 406 1553198798546 
512 410 391 1553198798562 
512 408 382 1553198798578 
512 406 372 1553198798596 
512 405 363 1553198798612 
512 405 359 1553198798628 
512 409 360 1553198798745 
512 414 364 1553198798762 
512 420 367 1553198798778 
512 427 370 1553198798796 
512 429 371 1553198798812 
512 433 373 1553198798829 
512 436 376 1553198798845 
512 442 378 1553198798862 
512 446 381 1553198798879 
512 447 381 1553198798895 
512 452 381 1553198798945 
512 456 381 1553198798962 
512 458 381 1553198798979 
512 459 381 1553198798995 
512 465 378 1553198799012 
512 470 374 1553198799029 
512 474 372 1553198799046 
512 481 367 1553198799062 
512 484 367 1553198799079 
512 486 365 1553198799096 
512 488 365 1553198799112 
512 489 365 1553198799228 
512 488 365 1553198799295 
512 485 365 1553198799312 
512 481 365 1553198799345 
512 479 365 1553198799362 
512 476 366 1553198799378 
512 475 366 1553198799394 
512 473 368 1553198799412 
512 471 369 1553198799428 
512 469 371 1553198799445 
512 467 372 1553198799462 
512 465 372 1553198799478 
512 465 373 1553198799495 
512 465 375 1553198799579 
513 465 375 1553198799713 
514 465 375 1553198799841 
512 465 376 1553198799862 
512 467 376 1553198800079 
512 468 375 1553198800096 
512 471 373 1553198800112 
512 479 373 1553198800129 
512 498 369 1553198800145 
512 539 362 1553198800162 
512 600 349 1553198800179 
512 648 331 1553198800195 
512 666 320 1553198800212 
512 666 314 1553198800229 
512 666 309 1553198800246 
512 663 301 1553198800262 
512 662 294 1553198800278 
512 661 287 1553198800296 
512 659 274 1553198800312 
512 659 268 1553198800329 
512 659 260 1553198800346 
512 659 252 1553198800362 
512 659 248 1553198800379 
512 659 247 1553198800395 
512 659 245 1553198800413 
512 659 243 1553198800479 
512 659 237 1553198800496 
512 659 231 1553198800513 
512 662 226 1553198800529 
512 664 221 1553198800545 
512 665 217 1553198800562 
512 669 213 1553198800579 
512 672 210 1553198800595 
512 680 206 1553198800612 
512 683 204 1553198800629 
512 685 203 1553198800646 
512 687 201 1553198800663 
512 688 201 1553198800679 
512 689 201 1553198800746 
512 689 202 1553198800763 
512 691 203 1553198800780 
512 694 205 1553198800846 
512 695 207 1553198800996 
513 695 207 1553198801236 
514 695 207 1553198801412 
512 696 210 1553198801613 
512 696 217 1553198801631 
512 696 223 1553198801647 
512 696 233 1553198801663 
512 699 254 1553198801680 
512 708 281 1553198801697 
512 727 319 1553198801713 
512 756 360 1553198801731 
512 798 402 1553198801747 
512 853 440 1553198801764 
512 952 473 1553198801781 
512 1001 480 1553198801797 
512 1022 482 1553198801813 
512 1027 482 1553198801830 
512 1027 479 1553198801847 
512 1027 473 1553198801863 
512 1027 470 1553198801880 
512 1024 466 1553198801897 
512 1022 462 1553198801913 
512 1017 457 1553198801931 
512 1015 455 1553198801947 
512 1012 452 1553198801963 
512 1006 448 1553198801980 
512 1003 446 1553198801997 
512 999 445 1553198802014 
512 993 441 1553198802030 
512 987 439 1553198802047 
512 977 434 1553198802064 
512 961 429 1553198802081 
512 944 423 1553198802097 
512 931 417 1553198802114 
512 922 411 1553198802130 
512 921 409 1553198802147 
512 921 408 1553198802164 
512 921 405 1553198802180 
512 921 404 1553198802197 
512 921 401 1553198802213 
512 921 399 1553198802230 
512 922 397 1553198802247 
512 923 396 1553198802264 
512 925 395 1553198802280 
512 926 395 1553198802297 
512 928 392 1553198802314 
512 931 390 1553198802348 
512 932 388 1553198802365 
512 933 385 1553198802381 
512 934 383 1553198802397 
512 934 379 1553198802414 
512 934 378 1553198802430 
512 933 378 1553198802581 
512 932 378 1553198802647 
512 931 378 1553198802665 
513 931 378 1553198802741 
514 931 378 1553198802868 
512 929 378 1553198803049 
512 927 381 1553198803066 
512 922 387 1553198803083 
512 917 393 1553198803099 
512 910 401 1553198803116 
512 902 412 1553198803133 
512 891 428 1553198803149 
512 875 454 1553198803166 
512 862 471 1553198803183 
512 848 488 1553198803198 
512 830 506 1553198803216 
512 810 526 1553198803232 
512 785 551 1553198803250 
512 755 580 1553198803266 
512 721 607 1553198803283 
512 688 628 1553198803298 
512 662 643 1553198803316 
512 640 652 1553198803332 
512 622 657 1553198803349 
512 599 660 1553198803367 
512 588 660 1553198803383 
512 581 660 1553198803399 
512 577 659 1553198803416 
512 576 658 1553198803433 
512 574 657 1553198803449 
512 571 653 1553198803599 
512 570 651 1553198803616 
512 568 649 1553198803633 
512 559 636 1553198803650 
512 554 632 1553198803666 
512 549 628 1553198803683 
512 548 627 1553198803700 
512 551 628 1553198803950 
512 553 630 1553198803967 
512 555 632 1553198803983 
512 557 635 1553198803999 
512 558 637 1553198804017 
512 558 640 1553198804033 
512 560 643 1553198804050 
512 562 645 1553198804150 
513 562 645 1553198804283 
514 562 645 1553198804409 
512 568 644 1553198804500 
512 574 643 1553198804517 
512 588 638 1553198804534 
512 613 630 1553198804551 
512 654 617 1553198804568 
512 699 594 1553198804585 
512 727 575 1553198804601 
512 744 555 1553198804617 
512 755 518 1553198804633 
512 761 485 1553198804650 
512 766 454 1553198804667 
512 768 433 1553198804684 
512 771 424 1553198804700 
512 772 422 1553198804717 
512 773 421 1553198804734 
512 780 426 1553198804751 
512 786 432 1553198804767 
512 791 438 1553198804784 
512 801 452 1553198804800 
512 814 469 1553198804818 
512 831 502 1553198804834 
512 837 528 1553198804850 
512 838 552 1553198804867 
512 838 575 1553198804884 
512 831 594 1553198804900 
512 827 606 1553198804918 
512 824 613 1553198804934 
512 822 615 1553198804950 
512 819 618 1553198804968 
512 819 622 1553198804984 
512 819 626 1553198805001 
512 819 630 1553198805017 
512 819 634 1553198805034 
512 820 639 1553198805051 
512 824 644 1553198805068 
512 828 648 1553198805084 
512 835 653 1553198805101 
512 842 658 1553198805118 
512 847 660 1553198805135 
512 849 661 1553198805151 
512 851 661 1553198805217 
512 852 660 1553198805235 
512 853 657 1553198805251 
512 853 655 1553198805268 
512 853 654 1553198805284 
512 853 652 1553198805301 
512 853 649 1553198805317 
512 853 645 1553198805351 
512 852 644 1553198805367 
512 851 644 1553198805451 
512 850 644 1553198805518 
512 849 644 1553198805534 
512 846 644 1553198805568 
512 845 644 1553198805585 
512 843 644 1553198805600 
512 842 644 1553198805617 
512 841 645 1553198805634 
513 841 645 1553198805754 
514 841 645 1553198805897 
512 841 642 1553198805934 
512 841 636 1553198805951 
512 842 626 1553198805968 
512 842 615 1553198805985 
512 842 609 1553198806001 
512 842 589 1553198806018 
512 840 567 1553198806035 
512 834 536 1553198806053 
512 826 497 1553198806068 
512 817 468 1553198806086 
512 806 445 1553198806101 
512 798 419 1553198806118 
512 796 402 1553198806136 
512 796 390 1553198806152 
512 795 382 1553198806169 
512 797 376 1553198806185 
512 806 370 1553198806202 
512 838 364 1553198806218 
512 861 361 1553198806236 
512 882 361 1553198806252 
512 894 361 1553198806269 
512 903 362 1553198806285 
512 904 362 1553198806301 
512 905 364 1553198806319 
512 909 368 1553198806335 
512 911 371 1553198806352 
512 913 375 1553198806368 
512 916 378 1553198806385 
512 919 378 1553198806636 
512 926 376 1553198806653 
512 933 374 1553198806670 
512 947 371 1553198806685 
512 959 369 1553198806702 
512 958 369 1553198806803 
512 957 369 1553198806819 
512 956 369 1553198806836 
512 955 369 1553198806853 
512 953 369 1553198806869 
512 949 369 1553198806886 
512 945 369 1553198806902 
512 941 370 1553198806919 
512 936 370 1553198806936 
512 932 370 1553198806952 
512 928 370 1553198806969 
512 922 370 1553198806986 
513 922 370 1553198807166 
512 921 372 1553198807186 
514 921 372 1553198807325 
512 920 372 1553198807420 
512 916 371 1553198807436 
512 913 370 1553198807453 
512 907 370 1553198807469 
512 881 369 1553198807486 
512 832 364 1553198807503 
512 750 361 1553198807520 
512 657 361 1553198807536 
512 578 359 1553198807553 
512 534 357 1553198807570 
512 514 357 1553198807586 
512 503 357 1553198807604 
512 495 357 1553198807620 
512 483 359 1553198807637 
512 469 365 1553198807654 
512 452 376 1553198807670 
512 432 392 1553198807686 
512 422 399 1553198807703 
512 420 402 1553198807720 
512 420 401 1553198807886 
512 422 399 1553198807904 
512 427 395 1553198807921 
512 431 392 1553198807937 
512 434 388 1553198807953 
512 437 388 1553198808035 
512 439 386 1553198808052 
512 446 386 1553198808070 
512 455 383 1553198808087 
512 462 383 1553198808104 
512 468 383 1553198808120 
512 475 383 1553198808138 
512 479 383 1553198808154 
512 482 383 1553198808170 
512 485 383 1553198808187 
512 486 383 1553198808203 
512 487 383 1553198808320 
512 487 382 1553198808337 
512 486 382 1553198808354 
512 484 381 1553198808370 
512 482 380 1553198808387 
512 478 380 1553198808404 
512 476 379 1553198808420 
512 473 379 1553198808437 
512 470 377 1553198808453 
512 468 376 1553198808471 
512 466 376 1553198808487 
512 466 377 1553198808686 
513 466 377 1553198808687 
514 466 377 1553198808829 
512 469 378 1553198808905 
512 472 381 1553198808921 
512 476 386 1553198808938 
512 480 390 1553198808954 
512 486 397 1553198808971 
512 496 408 1553198808988 
512 512 422 1553198809004 
512 541 439 1553198809021 
512 578 459 1553198809038 
512 647 482 1553198809055 
512 705 491 1553198809071 
512 759 497 1553198809088 
512 793 499 1553198809104 
512 801 500 1553198809121 
512 804 500 1553198809138 
512 806 507 1553198809154 
512 801 516 1553198809171 
512 790 532 1553198809188 
512 772 552 1553198809204 
512 752 572 1553198809221 
512 714 610 1553198809238 
512 692 630 1553198809255 
512 671 648 1553198809270 
512 653 661 1553198809287 
512 637 668 1553198809304 
512 623 671 1553198809321 
512 611 672 1553198809338 
512 600 672 1553198809354 
512 590 668 1553198809371 
512 584 665 1553198809388 
512 582 662 1553198809404 
512 581 660 1553198809421 
512 580 660 1553198809437 
512 579 658 1553198809572 
512 576 655 1553198809588 
512 572 652 1553198809604 
512 569 650 1553198809621 
512 564 646 1553198809638 
512 562 646 1553198809655 
512 561 646 1553198809671 
513 561 646 1553198809892 
514 561 646 1553198810033 
512 561 645 1553198810070 
512 563 644 1553198810087 
512 566 642 1553198810104 
512 571 641 1553198810121 
512 590 633 1553198810139 
512 608 625 1553198810155 
512 629 616 1553198810172 
512 647 608 1553198810188 
512 662 600 1553198810206 
512 674 586 1553198810222 
512 681 574 1553198810239 
512 686 560 1553198810256 
512 690 547 1553198810272 
512 692 537 1553198810289 
512 693 531 1553198810306 
512 696 516 1553198810322 
512 698 494 1553198810339 
512 700 463 1553198810356 
512 700 427 1553198810372 
512 700 396 1553198810388 
512 699 375 1553198810405 
512 697 356 1553198810422 
512 694 337 1553198810439 
512 691 321 1553198810456 
512 688 309 1553198810472 
512 684 297 1553198810489 
512 683 290 1553198810505 
512 683 282 1553198810522 
512 683 277 1553198810538 
512 683 271 1553198810556 
512 683 266 1553198810572 
512 683 265 1553198810589 
512 683 263 1553198810639 
512 683 261 1553198810655 
512 683 258 1553198810672 
512 683 253 1553198810689 
512 683 250 1553198810705 
512 683 240 1553198810722 
512 683 237 1553198810739 
512 683 233 1553198810756 
512 684 232 1553198810773 
512 684 230 1553198810789 
512 684 227 1553198810805 
512 684 226 1553198810822 
512 684 225 1553198810839 
512 684 222 1553198810856 
512 685 221 1553198810989 
512 686 219 1553198811005 
512 688 216 1553198811023 
512 690 214 1553198811039 
512 694 211 1553198811056 
512 695 210 1553198811073 
512 696 209 1553198811089 
513 696 209 1553198811355 
514 696 209 1553198811513 
