512 697 211 1553198853574 
512 697 217 1553198853590 
512 697 225 1553198853607 
512 697 240 1553198853624 
512 697 260 1553198853641 
512 702 299 1553198853657 
512 704 330 1553198853674 
512 710 371 1553198853691 
512 720 422 1553198853708 
512 738 474 1553198853725 
512 759 518 1553198853741 
512 782 553 1553198853759 
512 800 577 1553198853776 
512 815 596 1553198853792 
512 824 610 1553198853809 
512 831 625 1553198853825 
512 835 637 1553198853841 
512 837 647 1553198853859 
512 838 649 1553198853893 
512 838 652 1553198853909 
512 838 654 1553198853926 
512 838 656 1553198853941 
512 839 661 1553198853959 
512 840 666 1553198853974 
512 841 671 1553198853991 
512 842 675 1553198854007 
512 842 677 1553198854024 
512 843 679 1553198854109 
512 845 679 1553198854126 
512 846 676 1553198854142 
512 848 673 1553198854159 
512 849 668 1553198854175 
512 850 666 1553198854192 
512 850 664 1553198854209 
512 850 661 1553198854260 
512 850 660 1553198854275 
512 850 659 1553198854292 
512 849 657 1553198854309 
512 848 655 1553198854326 
512 846 654 1553198854343 
512 845 652 1553198854359 
512 844 652 1553198854391 
512 844 651 1553198854408 
512 842 649 1553198854424 
512 840 648 1553198854441 
512 837 643 1553198854459 
512 836 641 1553198854476 
513 836 641 1553198854643 
514 836 641 1553198854801 
512 836 640 1553198854842 
512 833 635 1553198854876 
512 831 634 1553198854893 
512 824 625 1553198854910 
512 819 621 1553198854927 
512 807 609 1553198854943 
512 788 591 1553198854960 
512 755 567 1553198854977 
512 712 539 1553198854993 
512 664 512 1553198855010 
512 622 490 1553198855027 
512 589 474 1553198855043 
512 566 462 1553198855060 
512 550 454 1553198855077 
512 537 446 1553198855093 
512 530 441 1553198855110 
512 525 436 1553198855143 
512 525 435 1553198855160 
512 523 433 1553198855176 
512 522 430 1553198855194 
512 515 422 1553198855210 
512 511 414 1553198855226 
512 505 405 1553198855242 
512 499 396 1553198855260 
512 496 389 1553198855277 
512 493 384 1553198855294 
512 492 380 1553198855310 
512 489 379 1553198855327 
512 488 377 1553198855342 
512 486 376 1553198855377 
512 485 376 1553198855427 
512 483 376 1553198855527 
512 482 376 1553198855561 
512 481 376 1553198855577 
512 477 376 1553198855594 
512 476 376 1553198855610 
512 472 376 1553198855628 
513 472 376 1553198855767 
514 472 376 1553198855958 
512 473 376 1553198856061 
512 483 379 1553198856078 
512 499 385 1553198856094 
512 525 394 1553198856110 
512 545 402 1553198856127 
512 565 410 1553198856144 
512 587 415 1553198856161 
512 604 418 1553198856178 
512 617 418 1553198856194 
512 625 418 1553198856211 
512 632 418 1553198856228 
512 644 415 1553198856244 
512 664 406 1553198856260 
512 691 389 1553198856277 
512 726 358 1553198856294 
512 777 304 1553198856311 
512 795 279 1553198856327 
512 807 259 1553198856343 
512 812 245 1553198856361 
512 813 232 1553198856378 
512 813 225 1553198856394 
512 813 221 1553198856411 
512 809 217 1553198856427 
512 803 214 1553198856443 
512 801 213 1553198856461 
512 796 211 1553198856478 
512 784 205 1553198856494 
512 777 199 1553198856510 
512 764 186 1553198856527 
512 752 171 1553198856545 
512 741 159 1553198856561 
512 736 155 1553198856578 
512 735 155 1553198856612 
512 729 155 1553198856628 
512 722 156 1553198856643 
512 716 157 1553198856662 
512 709 159 1553198856678 
512 707 162 1553198856695 
512 703 163 1553198856711 
512 699 168 1553198856728 
512 699 170 1553198856744 
512 699 175 1553198856762 
512 699 178 1553198856778 
512 699 182 1553198856795 
512 699 187 1553198856811 
512 699 189 1553198856828 
512 699 193 1553198856843 
512 699 196 1553198856862 
512 699 201 1553198856878 
512 702 203 1553198856894 
512 703 206 1553198856911 
513 703 206 1553198857207 
514 703 206 1553198857381 
512 703 209 1553198857495 
512 703 215 1553198857512 
512 703 222 1553198857528 
512 703 236 1553198857544 
512 704 256 1553198857562 
512 709 276 1553198857579 
512 716 297 1553198857595 
512 725 315 1553198857612 
512 737 332 1553198857629 
512 750 350 1553198857644 
512 769 367 1553198857661 
512 802 389 1553198857678 
512 831 399 1553198857694 
512 860 405 1553198857712 
512 884 406 1553198857729 
512 893 406 1553198857746 
512 897 406 1553198857779 
512 900 404 1553198857796 
512 901 398 1553198857812 
512 902 393 1553198857829 
512 902 389 1553198857845 
512 902 385 1553198857862 
512 902 379 1553198857879 
512 901 376 1553198857895 
512 901 370 1553198857912 
512 898 364 1553198857929 
512 898 363 1553198857945 
512 897 359 1553198857962 
512 895 357 1553198857978 
512 894 357 1553198857996 
512 895 358 1553198858145 
512 902 363 1553198858162 
512 910 369 1553198858179 
512 915 372 1553198858196 
512 918 374 1553198858212 
512 920 376 1553198858229 
512 921 376 1553198858596 
513 921 376 1553198858739 
514 921 376 1553198858930 
512 922 377 1553198859079 
512 922 380 1553198859097 
512 921 386 1553198859112 
512 919 392 1553198859130 
512 918 401 1553198859147 
512 913 418 1553198859164 
512 909 433 1553198859180 
512 902 448 1553198859196 
512 889 463 1553198859213 
512 873 478 1553198859230 
512 855 493 1553198859246 
512 834 507 1553198859263 
512 803 524 1553198859280 
512 757 546 1553198859297 
512 691 568 1553198859313 
512 615 590 1553198859331 
512 547 607 1553198859346 
512 507 617 1553198859363 
512 499 620 1553198859563 
512 497 622 1553198859580 
512 497 624 1553198859597 
512 500 626 1553198859613 
512 503 627 1553198859630 
512 506 630 1553198859646 
512 510 633 1553198859664 
512 514 637 1553198859681 
512 520 640 1553198859697 
512 525 644 1553198859714 
512 529 647 1553198859730 
512 531 649 1553198859746 
512 532 650 1553198859764 
512 532 651 1553198859780 
512 533 652 1553198859797 
512 534 653 1553198859814 
512 538 654 1553198859830 
512 540 654 1553198859846 
512 544 654 1553198859864 
512 545 654 1553198859881 
512 549 654 1553198859897 
512 552 654 1553198859914 
512 553 653 1553198859931 
512 553 651 1553198860098 
512 555 649 1553198860114 
512 557 644 1553198860131 
512 557 643 1553198860146 
512 557 642 1553198860165 
512 558 640 1553198860214 
512 559 638 1553198860231 
512 559 637 1553198860246 
512 560 637 1553198860265 
512 561 635 1553198860280 
512 562 634 1553198860298 
513 562 634 1553198860371 
514 562 634 1553198860593 
512 563 634 1553198860815 
512 563 636 1553198860882 
512 563 638 1553198860898 
512 563 639 1553198861013 
512 563 640 1553198861030 
512 563 641 1553198861048 
512 563 642 1553198861062 
513 563 642 1553198861063 
512 563 643 1553198861082 
512 563 644 1553198861099 
514 563 644 1553198861253 
512 564 644 1553198861448 
512 568 640 1553198861466 
512 575 634 1553198861482 
512 583 626 1553198861498 
512 598 614 1553198861515 
512 617 597 1553198861532 
512 643 570 1553198861549 
512 672 533 1553198861566 
512 700 500 1553198861582 
512 727 474 1553198861598 
512 734 467 1553198861615 
512 737 465 1553198861665 
512 741 466 1553198861682 
512 746 473 1553198861698 
512 751 484 1553198861715 
512 759 505 1553198861731 
512 771 534 1553198861748 
512 783 564 1553198861765 
512 798 592 1553198861782 
512 812 615 1553198861798 
512 814 616 1553198861816 
512 816 619 1553198861882 
512 819 621 1553198861899 
512 821 623 1553198861916 
512 825 624 1553198861932 
512 826 624 1553198861949 
512 828 626 1553198861982 
512 830 630 1553198861998 
512 832 633 1553198862016 
512 837 637 1553198862032 
512 839 639 1553198862049 
512 840 641 1553198862215 
512 841 643 1553198862232 
512 841 645 1553198862249 
513 841 645 1553198862423 
514 841 645 1553198862597 
512 841 644 1553198862631 
512 840 642 1553198862648 
512 834 629 1553198862665 
512 823 610 1553198862683 
512 816 594 1553198862699 
512 800 571 1553198862716 
512 770 534 1553198862734 
512 735 495 1553198862749 
512 699 459 1553198862765 
512 652 412 1553198862782 
512 630 389 1553198862799 
512 616 372 1553198862816 
512 609 361 1553198862833 
512 607 354 1553198862850 
512 607 348 1553198862867 
512 609 342 1553198862883 
512 616 337 1553198862900 
512 632 333 1553198862916 
512 658 331 1553198862933 
512 698 331 1553198862950 
512 756 331 1553198862966 
512 835 332 1553198862983 
512 869 338 1553198862999 
512 886 343 1553198863017 
512 887 343 1553198863034 
512 887 344 1553198863050 
512 887 345 1553198863067 
512 887 348 1553198863083 
512 887 351 1553198863100 
512 887 355 1553198863117 
512 887 360 1553198863133 
512 889 366 1553198863150 
512 890 370 1553198863165 
512 891 373 1553198863199 
512 892 378 1553198863215 
512 895 383 1553198863232 
512 900 389 1553198863249 
512 908 392 1553198863265 
512 915 393 1553198863282 
512 920 393 1553198863298 
512 925 393 1553198863315 
512 932 392 1553198863333 
512 938 387 1553198863349 
512 944 381 1553198863366 
512 945 378 1553198863382 
512 946 376 1553198863399 
512 946 373 1553198863416 
512 946 372 1553198863433 
512 946 371 1553198863449 
512 946 370 1553198863466 
512 945 368 1553198863483 
512 942 368 1553198863500 
512 940 368 1553198863517 
512 935 368 1553198863533 
512 932 368 1553198863550 
512 930 368 1553198863566 
512 927 368 1553198863650 
512 925 368 1553198863683 
512 923 369 1553198863701 
513 923 369 1553198863862 
514 923 369 1553198864041 
512 921 369 1553198864201 
512 913 368 1553198864217 
512 907 368 1553198864234 
512 879 364 1553198864250 
512 851 359 1553198864267 
512 809 352 1553198864284 
512 757 343 1553198864301 
512 707 335 1553198864318 
512 656 331 1553198864334 
512 610 331 1553198864351 
512 571 331 1553198864368 
512 542 331 1553198864384 
512 531 331 1553198864400 
512 527 333 1553198864418 
512 523 337 1553198864435 
512 513 344 1553198864450 
512 511 347 1553198864468 
512 511 348 1553198864484 
512 510 351 1553198864518 
512 508 352 1553198864534 
512 507 355 1553198864551 
512 505 357 1553198864568 
512 504 359 1553198864583 
512 503 360 1553198864600 
512 501 362 1553198864616 
512 498 366 1553198864633 
512 488 371 1553198864651 
512 482 375 1553198864666 
512 477 376 1553198864684 
512 471 379 1553198864701 
512 469 380 1553198864718 
512 468 380 1553198865019 
513 468 380 1553198865204 
514 468 380 1553198865393 
512 468 379 1553198865502 
512 469 379 1553198865519 
512 475 379 1553198865535 
512 481 379 1553198865552 
512 498 379 1553198865569 
512 522 379 1553198865585 
512 550 378 1553198865601 
512 588 376 1553198865618 
512 602 375 1553198865635 
512 604 375 1553198865686 
512 608 380 1553198865702 
512 612 385 1553198865719 
512 616 393 1553198865735 
512 621 410 1553198865753 
512 626 433 1553198865769 
512 627 460 1553198865786 
512 627 489 1553198865802 
512 622 536 1553198865819 
512 612 569 1553198865834 
512 603 597 1553198865852 
512 597 618 1553198865869 
512 594 630 1553198865886 
512 594 633 1553198865903 
512 593 633 1553198866019 
512 592 633 1553198866036 
512 589 631 1553198866052 
512 588 631 1553198866069 
512 586 631 1553198866119 
512 582 631 1553198866135 
512 579 631 1553198866153 
512 574 631 1553198866169 
512 568 632 1553198866185 
512 561 636 1553198866202 
512 554 639 1553198866219 
513 554 639 1553198866491 
514 554 639 1553198866633 
512 553 639 1553198866737 
512 558 638 1553198866753 
512 567 633 1553198866770 
512 579 625 1553198866786 
512 599 611 1553198866802 
512 627 589 1553198866820 
512 646 571 1553198866837 
512 669 557 1553198866853 
512 689 542 1553198866870 
512 706 528 1553198866886 
512 720 512 1553198866902 
512 732 488 1553198866920 
512 743 458 1553198866936 
512 748 425 1553198866954 
512 750 399 1553198866970 
512 750 376 1553198866987 
512 749 352 1553198867002 
512 733 314 1553198867019 
512 724 302 1553198867036 
512 714 288 1553198867053 
512 708 280 1553198867070 
512 699 267 1553198867086 
512 695 261 1553198867103 
512 695 260 1553198867153 
512 695 259 1553198867170 
512 695 257 1553198867237 
512 695 256 1553198867253 
512 695 251 1553198867270 
512 699 242 1553198867287 
512 701 240 1553198867303 
512 705 233 1553198867320 
512 706 230 1553198867336 
512 706 229 1553198867354 
512 705 226 1553198867404 
512 699 221 1553198867420 
512 693 219 1553198867437 
512 690 217 1553198867454 
512 689 216 1553198867603 
512 689 215 1553198867621 
512 689 211 1553198867637 
512 690 208 1553198867654 
512 692 206 1553198867671 
512 695 202 1553198867685 
512 699 198 1553198867702 
512 699 196 1553198867719 
512 699 199 1553198867938 
512 699 204 1553198867955 
512 699 206 1553198867971 
512 699 209 1553198867987 
512 699 210 1553198868003 
513 699 210 1553198868160 
514 699 210 1553198868349 
