512 701 211 1553092671420 
512 702 216 1553092671437 
512 703 222 1553092671454 
512 705 236 1553092671471 
512 708 255 1553092671488 
512 715 284 1553092671504 
512 720 325 1553092671521 
512 736 401 1553092671538 
512 748 455 1553092671554 
512 760 501 1553092671571 
512 776 543 1553092671587 
512 790 576 1553092671604 
512 802 603 1553092671621 
512 811 625 1553092671638 
512 816 643 1553092671654 
512 849 649 1553092672254 
512 848 647 1553092672271 
512 848 645 1553092672288 
512 847 643 1553092672304 
512 846 642 1553092672322 
512 846 640 1553092672338 
512 845 639 1553092672355 
512 845 638 1553092672372 
513 845 638 1553092672630 
514 845 638 1553092672726 
512 847 633 1553092672822 
512 854 628 1553092672839 
512 859 622 1553092672855 
512 865 617 1553092672872 
512 875 606 1553092672888 
512 888 592 1553092672905 
512 897 579 1553092672922 
512 904 562 1553092672939 
512 913 541 1553092672956 
512 921 522 1553092672972 
512 926 506 1553092672988 
512 927 490 1553092673006 
512 923 479 1553092673022 
512 914 474 1553092673039 
512 894 465 1553092673055 
512 857 454 1553092673072 
512 798 441 1553092673089 
512 721 427 1553092673105 
512 642 416 1553092673122 
512 586 412 1553092673139 
512 551 408 1553092673156 
512 532 406 1553092673172 
512 530 405 1553092673289 
512 529 404 1553092673306 
512 524 403 1553092673322 
512 518 399 1553092673339 
512 511 397 1553092673355 
512 501 393 1553092673372 
512 488 387 1553092673389 
512 474 381 1553092673406 
512 472 379 1553092673422 
512 469 377 1553092673439 
512 467 374 1553092673456 
512 466 373 1553092673473 
513 466 373 1553092673807 
514 466 373 1553092673933 
512 476 373 1553092674189 
512 484 373 1553092674206 
512 506 373 1553092674223 
512 533 373 1553092674240 
512 569 373 1553092674257 
512 613 366 1553092674273 
512 656 356 1553092674290 
512 695 341 1553092674307 
512 734 321 1553092674323 
512 770 295 1553092674340 
512 800 271 1553092674357 
512 813 257 1553092674374 
512 819 247 1553092674390 
512 819 244 1553092674406 
512 818 243 1553092674475 
512 813 242 1553092674491 
512 810 242 1553092674507 
512 803 240 1553092674524 
512 798 239 1553092674540 
512 790 237 1553092674557 
512 780 236 1553092674574 
512 766 233 1553092674591 
512 764 233 1553092674607 
512 759 231 1553092674624 
512 754 230 1553092674641 
512 749 228 1553092674657 
512 745 225 1553092674674 
512 744 224 1553092674724 
512 743 224 1553092674740 
512 742 223 1553092674757 
512 742 222 1553092674775 
512 738 219 1553092674791 
512 736 218 1553092674825 
512 734 217 1553092674841 
512 730 216 1553092674857 
512 727 215 1553092674874 
512 726 215 1553092674890 
512 725 215 1553092674907 
512 720 215 1553092674923 
512 718 215 1553092674941 
512 715 215 1553092674957 
512 712 213 1553092674974 
512 711 212 1553092675007 
512 709 211 1553092675024 
512 707 211 1553092675058 
512 704 209 1553092675075 
512 703 208 1553092675091 
512 701 207 1553092675124 
512 700 206 1553092675140 
513 700 206 1553092675378 
514 700 206 1553092675506 
512 700 208 1553092675592 
512 700 212 1553092675609 
512 700 217 1553092675625 
512 700 223 1553092675642 
512 698 237 1553092675658 
512 698 252 1553092675675 
512 698 268 1553092675691 
512 698 286 1553092675708 
512 701 305 1553092675725 
512 708 324 1553092675741 
512 716 346 1553092675758 
512 719 357 1553092675774 
512 729 387 1553092675791 
512 738 407 1553092675808 
512 751 424 1553092675825 
512 767 438 1553092675841 
512 799 451 1553092675858 
512 816 454 1553092675874 
512 829 455 1553092675891 
512 838 455 1553092675908 
512 841 455 1553092675925 
512 843 455 1553092675941 
512 846 455 1553092675957 
512 850 452 1553092675974 
512 856 445 1553092675991 
512 863 439 1553092676008 
512 868 436 1553092676025 
512 873 432 1553092676042 
512 877 429 1553092676059 
512 882 428 1553092676075 
512 884 428 1553092676091 
512 889 425 1553092676108 
512 896 423 1553092676125 
512 904 420 1553092676141 
512 913 418 1553092676158 
512 922 414 1553092676175 
512 927 412 1553092676191 
512 929 411 1553092676209 
512 931 409 1553092676225 
512 933 407 1553092676241 
512 936 404 1553092676259 
512 939 399 1553092676275 
512 942 394 1553092676292 
512 947 387 1553092676309 
512 950 382 1553092676326 
512 951 381 1553092676342 
512 951 380 1553092676426 
512 951 378 1553092676442 
512 948 376 1553092676459 
512 947 375 1553092676475 
512 945 370 1553092676492 
512 943 369 1553092676509 
512 942 369 1553092676559 
512 939 369 1553092676577 
512 936 369 1553092676593 
512 934 369 1553092676610 
512 933 369 1553092676776 
512 932 369 1553092676794 
512 931 370 1553092676843 
512 930 370 1553092676860 
512 930 373 1553092676876 
512 929 373 1553092676893 
512 927 375 1553092676910 
513 927 375 1553092676930 
514 927 375 1553092677105 
512 925 378 1553092677259 
512 919 383 1553092677276 
512 911 391 1553092677293 
512 902 398 1553092677311 
512 898 403 1553092677327 
512 889 408 1553092677344 
512 875 414 1553092677361 
512 861 423 1553092677377 
512 841 430 1553092677394 
512 819 441 1553092677410 
512 782 460 1553092677427 
512 752 477 1553092677443 
512 728 492 1553092677460 
512 709 507 1553092677477 
512 696 517 1553092677493 
512 688 524 1553092677511 
512 683 531 1553092677527 
512 678 537 1553092677543 
512 672 544 1553092677560 
512 665 550 1553092677578 
512 662 554 1553092677593 
512 660 556 1553092677611 
512 659 558 1553092677627 
512 656 560 1553092677643 
512 652 562 1553092677661 
512 647 567 1553092677677 
512 644 570 1553092677694 
512 640 573 1553092677711 
512 636 575 1553092677727 
512 630 581 1553092677744 
512 622 588 1553092677761 
512 615 592 1553092677777 
512 607 599 1553092677794 
512 600 605 1553092677811 
512 589 613 1553092677827 
512 585 617 1553092677844 
512 582 618 1553092677861 
512 581 619 1553092677877 
512 580 621 1553092678059 
512 577 625 1553092678077 
512 572 630 1553092678094 
512 567 637 1553092678111 
512 561 640 1553092678128 
512 557 644 1553092678145 
512 555 646 1553092678161 
512 554 646 1553092678178 
513 554 646 1553092678422 
514 554 646 1553092678550 
512 560 641 1553092678627 
512 570 634 1553092678645 
512 576 629 1553092678661 
512 585 620 1553092678678 
512 593 611 1553092678695 
512 604 596 1553092678712 
512 612 584 1553092678728 
512 618 571 1553092678744 
512 625 556 1553092678761 
512 633 537 1553092678778 
512 640 514 1553092678794 
512 649 492 1553092678812 
512 655 472 1553092678829 
512 658 455 1553092678845 
512 658 451 1553092678862 
512 658 449 1553092678879 
512 658 448 1553092678912 
512 660 448 1553092678961 
512 668 451 1553092678977 
512 675 456 1553092678994 
512 687 463 1553092679011 
512 700 474 1553092679027 
512 708 481 1553092679044 
512 720 494 1553092679061 
512 734 509 1553092679077 
512 756 534 1553092679094 
512 766 547 1553092679112 
512 775 560 1553092679128 
512 784 572 1553092679145 
512 793 583 1553092679161 
512 798 588 1553092679179 
512 802 592 1553092679195 
512 805 596 1553092679212 
512 808 600 1553092679228 
512 809 601 1553092679246 
512 809 602 1553092679262 
512 809 604 1553092679294 
512 809 606 1553092679312 
512 810 608 1553092679328 
512 811 612 1553092679344 
512 813 615 1553092679361 
512 815 619 1553092679379 
512 817 621 1553092679395 
512 819 623 1553092679412 
512 822 626 1553092679428 
512 822 627 1553092679445 
512 824 629 1553092679462 
512 827 631 1553092679479 
512 829 633 1553092679495 
512 831 634 1553092679512 
512 833 636 1553092679529 
512 834 637 1553092679545 
512 836 640 1553092679562 
512 837 641 1553092679578 
512 841 643 1553092679596 
513 841 643 1553092679847 
514 841 643 1553092679973 
512 842 643 1553092680011 
512 839 637 1553092680045 
512 835 627 1553092680061 
512 831 614 1553092680078 
512 827 603 1553092680095 
512 823 592 1553092680113 
512 821 578 1553092680129 
512 818 564 1553092680146 
512 815 549 1553092680162 
512 812 532 1553092680178 
512 808 516 1553092680195 
512 806 502 1553092680211 
512 806 490 1553092680229 
512 808 477 1553092680244 
512 820 458 1553092680261 
512 832 445 1553092680278 
512 846 434 1553092680294 
512 861 425 1553092680311 
512 878 415 1553092680329 
512 894 407 1553092680345 
512 907 400 1553092680362 
512 915 395 1553092680378 
512 918 392 1553092680395 
512 920 391 1553092680411 
512 921 390 1553092680545 
512 924 390 1553092680562 
512 925 387 1553092680578 
512 925 385 1553092680613 
512 925 384 1553092680630 
512 926 383 1553092680663 
512 928 380 1553092680680 
512 928 378 1553092680696 
512 930 375 1553092680713 
512 930 374 1553092680730 
512 930 373 1553092680745 
512 930 372 1553092680863 
513 930 372 1553092680887 
514 930 372 1553092681018 
512 925 371 1553092681112 
512 920 371 1553092681129 
512 913 369 1553092681145 
512 891 369 1553092681163 
512 867 369 1553092681179 
512 842 368 1553092681195 
512 818 367 1553092681213 
512 794 364 1553092681230 
512 771 358 1553092681245 
512 745 352 1553092681263 
512 716 344 1553092681279 
512 679 336 1553092681296 
512 635 330 1553092681313 
512 582 325 1553092681329 
512 513 325 1553092681346 
512 484 325 1553092681362 
512 465 325 1553092681379 
512 459 326 1553092681396 
512 457 328 1553092681412 
512 455 331 1553092681430 
512 450 335 1553092681446 
512 447 338 1553092681462 
512 444 340 1553092681479 
512 444 342 1553092681496 
512 443 344 1553092681514 
512 440 346 1553092681530 
512 439 349 1553092681547 
512 439 354 1553092681564 
512 438 356 1553092681580 
512 438 359 1553092681597 
512 438 360 1553092681614 
512 439 362 1553092681631 
512 444 364 1553092681647 
512 450 365 1553092681664 
512 458 367 1553092681681 
512 466 367 1553092681698 
512 470 368 1553092681714 
512 471 368 1553092681731 
512 473 368 1553092681831 
513 473 368 1553092682058 
514 473 368 1553092682185 
512 474 368 1553092682414 
512 476 368 1553092682430 
512 482 365 1553092682447 
512 488 362 1553092682463 
512 499 358 1553092682481 
512 514 353 1553092682497 
512 534 350 1553092682514 
512 563 350 1553092682530 
512 578 354 1553092682546 
512 590 362 1553092682564 
512 594 370 1553092682581 
512 598 385 1553092682598 
512 602 407 1553092682616 
512 603 431 1553092682632 
512 599 458 1553092682648 
512 589 490 1553092682665 
512 577 522 1553092682682 
512 565 553 1553092682698 
512 556 582 1553092682715 
512 546 614 1553092682731 
512 543 625 1553092682747 
512 543 628 1553092682999 
512 543 629 1553092683015 
512 547 632 1553092683031 
512 551 635 1553092683048 
512 555 639 1553092683064 
512 559 642 1553092683081 
512 561 645 1553092683098 
512 561 646 1553092683114 
512 561 647 1553092683264 
513 561 647 1553092683466 
514 561 647 1553092683562 
512 563 647 1553092683615 
512 569 642 1553092683632 
512 576 634 1553092683649 
512 584 625 1553092683666 
512 593 615 1553092683682 
512 605 601 1553092683698 
512 608 594 1553092683716 
512 610 588 1553092683732 
512 612 579 1553092683749 
512 620 565 1553092683766 
512 629 549 1553092683783 
512 642 533 1553092683800 
512 658 518 1553092683816 
512 678 502 1553092683832 
512 705 484 1553092683849 
512 743 459 1553092683865 
512 777 433 1553092683883 
512 808 403 1553092683899 
512 817 384 1553092683915 
512 820 369 1553092683932 
512 817 353 1553092683949 
512 808 336 1553092683966 
512 801 319 1553092683983 
512 790 303 1553092683999 
512 783 292 1553092684016 
512 772 280 1553092684033 
512 763 270 1553092684049 
512 757 264 1553092684065 
512 757 263 1553092684082 
512 755 263 1553092684149 
512 754 263 1553092684166 
512 745 261 1553092684182 
512 738 258 1553092684199 
512 731 257 1553092684215 
512 724 253 1553092684232 
512 719 251 1553092684249 
512 716 247 1553092684265 
512 714 241 1553092684282 
512 712 234 1553092684298 
512 709 227 1553092684315 
512 707 223 1553092684332 
512 707 221 1553092684349 
512 706 219 1553092684549 
512 705 218 1553092684565 
512 702 215 1553092684582 
512 700 215 1553092684599 
512 700 214 1553092684617 
512 698 212 1553092684633 
512 697 210 1553092684700 
512 697 209 1553092684717 
512 696 209 1553092684733 
513 696 209 1553092684880 
514 696 209 1553092685037 
