512 702 212 1553259646551 
512 698 219 1553259646568 
512 694 227 1553259646585 
512 689 237 1553259646602 
512 684 253 1553259646619 
512 680 267 1553259646635 
512 678 279 1553259646652 
512 676 288 1553259646669 
512 676 298 1553259646686 
512 675 311 1553259646702 
512 675 326 1553259646719 
512 675 346 1553259646735 
512 680 385 1553259646753 
512 697 417 1553259646769 
512 726 448 1553259646785 
512 762 472 1553259646802 
512 798 490 1553259646819 
512 825 502 1553259646836 
512 842 512 1553259646852 
512 850 522 1553259646869 
512 852 532 1553259646885 
512 852 543 1553259646902 
512 849 555 1553259646919 
512 841 565 1553259646935 
512 838 572 1553259646952 
512 833 578 1553259646968 
512 829 585 1553259646985 
512 825 596 1553259647002 
512 824 607 1553259647019 
512 823 616 1553259647035 
512 823 620 1553259647052 
512 823 623 1553259647069 
512 823 624 1553259647085 
512 823 626 1553259647102 
512 823 630 1553259647118 
512 827 634 1553259647135 
512 829 636 1553259647152 
512 829 637 1553259647169 
512 830 637 1553259647186 
512 831 637 1553259647202 
512 832 637 1553259647219 
512 835 638 1553259647436 
512 836 638 1553259647452 
512 837 638 1553259647520 
512 839 639 1553259647536 
512 842 640 1553259647553 
512 844 641 1553259647569 
512 847 642 1553259647586 
513 847 642 1553259647756 
514 847 642 1553259647914 
512 846 641 1553259648154 
512 842 637 1553259648169 
512 838 630 1553259648186 
512 832 619 1553259648203 
512 815 596 1553259648220 
512 800 582 1553259648237 
512 782 574 1553259648253 
512 761 568 1553259648270 
512 736 562 1553259648287 
512 695 554 1553259648303 
512 635 539 1553259648319 
512 569 517 1553259648337 
512 512 488 1553259648353 
512 469 464 1553259648370 
512 446 449 1553259648387 
512 443 446 1553259648403 
512 443 444 1553259648420 
512 443 441 1553259648454 
512 443 440 1553259648486 
512 443 437 1553259648504 
512 443 435 1553259648520 
512 443 431 1553259648537 
512 445 426 1553259648554 
512 446 424 1553259648569 
512 449 421 1553259648586 
512 456 416 1553259648604 
512 461 408 1553259648620 
512 469 397 1553259648636 
512 475 390 1553259648652 
512 479 381 1553259648669 
512 482 377 1553259648685 
512 485 371 1553259648702 
512 486 369 1553259648719 
512 485 371 1553259648937 
512 483 373 1553259648954 
512 480 373 1553259649204 
512 478 373 1553259649221 
512 477 373 1553259649238 
512 476 373 1553259649321 
512 474 373 1553259649338 
513 474 373 1553259649372 
512 472 373 1553259649403 
512 471 373 1553259649421 
514 471 373 1553259649561 
512 472 373 1553259649737 
512 474 373 1553259649754 
512 479 373 1553259649770 
512 487 373 1553259649786 
512 494 371 1553259649803 
512 505 369 1553259649821 
512 521 367 1553259649836 
512 540 362 1553259649854 
512 566 352 1553259649870 
512 604 335 1553259649887 
512 638 316 1553259649904 
512 663 298 1553259649921 
512 681 280 1553259649938 
512 690 270 1553259649954 
512 694 265 1553259649970 
512 694 261 1553259649987 
512 695 257 1553259650004 
512 697 253 1553259650020 
512 698 246 1553259650038 
512 698 245 1553259650053 
512 698 242 1553259650105 
512 698 240 1553259650122 
512 699 233 1553259650138 
512 699 231 1553259650155 
512 699 230 1553259650171 
512 699 228 1553259650188 
512 699 223 1553259650222 
512 701 217 1553259650239 
512 701 215 1553259650255 
512 701 214 1553259650305 
512 701 213 1553259650322 
512 702 209 1553259650456 
512 703 206 1553259650472 
513 703 206 1553259650528 
514 703 206 1553259650686 
512 703 207 1553259650806 
512 703 213 1553259650821 
512 703 218 1553259650839 
512 703 237 1553259650855 
512 703 257 1553259650872 
512 703 283 1553259650889 
512 702 312 1553259650906 
512 702 343 1553259650922 
512 702 376 1553259650939 
512 705 407 1553259650956 
512 718 432 1553259650973 
512 738 450 1553259650989 
512 767 462 1553259651005 
512 797 465 1553259651022 
512 826 465 1553259651038 
512 870 456 1553259651056 
512 895 447 1553259651071 
512 909 441 1553259651089 
512 913 439 1553259651105 
512 915 438 1553259651139 
512 918 436 1553259651155 
512 921 432 1553259651172 
512 924 427 1553259651189 
512 927 424 1553259651206 
512 929 421 1553259651222 
512 930 419 1553259651239 
512 930 417 1553259651256 
512 930 414 1553259651272 
512 930 413 1553259651289 
512 930 411 1553259651305 
512 930 408 1553259651322 
512 930 403 1553259651339 
512 931 396 1553259651355 
512 932 388 1553259651372 
512 934 384 1553259651389 
512 934 380 1553259651455 
512 934 378 1553259651472 
512 934 374 1553259651490 
512 934 372 1553259651506 
512 934 371 1553259651522 
513 934 371 1553259651615 
512 934 369 1553259651655 
514 934 369 1553259651790 
512 934 370 1553259651956 
512 933 372 1553259651973 
512 931 375 1553259651989 
512 928 381 1553259652006 
512 925 389 1553259652022 
512 922 399 1553259652040 
512 919 407 1553259652056 
512 913 416 1553259652073 
512 887 447 1553259652090 
512 828 508 1553259652106 
512 742 584 1553259652124 
512 652 648 1553259652140 
512 585 689 1553259652156 
512 556 704 1553259652174 
512 548 708 1553259652190 
512 545 709 1553259652240 
512 542 708 1553259652256 
512 537 701 1553259652273 
512 533 696 1553259652290 
512 527 694 1553259652306 
512 524 693 1553259652323 
512 523 692 1553259652339 
512 521 689 1553259652356 
512 520 688 1553259652373 
512 520 686 1553259652389 
512 520 680 1553259652406 
512 520 673 1553259652423 
512 521 667 1553259652441 
512 523 663 1553259652457 
512 523 661 1553259652474 
512 525 658 1553259652507 
512 527 657 1553259652523 
512 530 655 1553259652540 
512 532 655 1553259652556 
512 535 654 1553259652573 
512 536 654 1553259652657 
512 539 654 1553259652673 
512 544 654 1553259652690 
512 554 654 1553259652707 
512 560 654 1553259652723 
512 566 652 1553259652740 
512 569 650 1553259652757 
512 570 650 1553259652774 
512 570 649 1553259652991 
512 569 649 1553259653007 
512 566 649 1553259653024 
512 564 646 1553259653107 
512 564 645 1553259653157 
513 564 645 1553259653331 
514 564 645 1553259653457 
512 564 644 1553259653575 
512 564 643 1553259653591 
512 565 642 1553259653675 
512 569 641 1553259653691 
512 572 638 1553259653708 
512 572 639 1553259653742 
512 573 645 1553259653758 
512 574 651 1553259653774 
512 574 653 1553259653791 
512 574 654 1553259653908 
512 568 653 1553259653925 
512 569 645 1553259653941 
512 588 636 1553259653958 
512 613 629 1553259653974 
512 640 622 1553259653991 
512 674 614 1553259654008 
512 712 605 1553259654024 
512 746 597 1553259654040 
512 772 593 1553259654057 
512 795 591 1553259654074 
512 812 589 1553259654092 
512 816 591 1553259654158 
512 821 595 1553259654174 
512 823 599 1553259654191 
512 825 601 1553259654208 
512 828 605 1553259654225 
512 830 614 1553259654241 
512 834 623 1553259654258 
512 839 631 1553259654274 
512 845 637 1553259654291 
512 846 638 1553259654475 
512 847 639 1553259654492 
512 848 642 1553259654508 
513 848 642 1553259654676 
514 848 642 1553259654818 
512 848 644 1553259654892 
512 847 642 1553259654909 
512 846 640 1553259654926 
512 846 633 1553259654942 
512 845 628 1553259654959 
512 845 623 1553259654976 
512 844 613 1553259654992 
512 841 596 1553259655009 
512 837 575 1553259655026 
512 836 550 1553259655042 
512 835 533 1553259655059 
512 835 519 1553259655075 
512 836 514 1553259655092 
512 841 506 1553259655109 
512 854 492 1553259655125 
512 878 468 1553259655142 
512 911 445 1553259655158 
512 938 425 1553259655175 
512 954 411 1553259655192 
512 963 402 1553259655208 
512 963 400 1553259655225 
512 963 399 1553259655242 
512 963 397 1553259655259 
512 963 395 1553259655325 
512 963 393 1553259655342 
512 961 391 1553259655376 
512 959 391 1553259655392 
512 956 388 1553259655409 
512 953 388 1553259655426 
512 947 388 1553259655442 
512 939 387 1553259655459 
512 933 385 1553259655475 
512 928 384 1553259655492 
512 926 383 1553259655509 
512 925 382 1553259655525 
512 925 381 1553259655542 
512 924 380 1553259655559 
512 922 380 1553259655576 
512 922 379 1553259655593 
512 922 377 1553259655609 
512 922 376 1553259655626 
513 922 376 1553259655812 
514 922 376 1553259655922 
512 922 374 1553259655941 
512 921 373 1553259656043 
512 915 373 1553259656059 
512 911 373 1553259656077 
512 904 373 1553259656093 
512 895 373 1553259656110 
512 873 373 1553259656127 
512 830 373 1553259656143 
512 762 373 1553259656160 
512 673 373 1553259656177 
512 581 373 1553259656193 
512 491 373 1553259656209 
512 429 373 1553259656226 
512 412 373 1553259656243 
512 415 374 1553259656510 
512 421 377 1553259656527 
512 434 379 1553259656544 
512 440 381 1553259656560 
512 446 381 1553259656577 
512 453 381 1553259656594 
512 459 382 1553259656610 
512 463 382 1553259656627 
512 465 382 1553259656726 
512 466 382 1553259656743 
512 466 381 1553259656760 
512 468 381 1553259656793 
512 469 380 1553259656810 
512 471 377 1553259656827 
512 474 374 1553259656843 
512 475 371 1553259656861 
512 477 368 1553259656877 
512 477 369 1553259656977 
513 477 369 1553259656983 
514 477 369 1553259657126 
512 477 374 1553259657394 
512 477 380 1553259657411 
512 479 392 1553259657428 
512 487 414 1553259657444 
512 497 436 1553259657461 
512 507 458 1553259657477 
512 513 477 1553259657495 
512 516 498 1553259657511 
512 521 530 1553259657527 
512 527 550 1553259657544 
512 533 566 1553259657561 
512 537 576 1553259657578 
512 537 577 1553259657594 
512 539 580 1553259657695 
512 540 582 1553259657711 
512 544 589 1553259657728 
512 546 595 1553259657744 
512 548 600 1553259657761 
512 550 603 1553259657778 
512 551 605 1553259657794 
512 552 609 1553259657811 
512 552 616 1553259657827 
512 552 624 1553259657844 
512 552 631 1553259657861 
512 552 639 1553259657878 
512 551 647 1553259657894 
512 551 650 1553259657911 
513 551 650 1553259658248 
512 551 651 1553259658379 
512 551 648 1553259658390 
514 551 648 1553259658390 
512 552 647 1553259658410 
512 553 645 1553259658529 
512 557 642 1553259658545 
512 559 641 1553259658561 
512 572 626 1553259658577 
512 613 564 1553259658611 
512 640 525 1553259658627 
512 658 504 1553259658644 
512 675 483 1553259658660 
512 691 464 1553259658678 
512 708 441 1553259658694 
512 738 387 1553259658711 
512 752 350 1553259658729 
512 757 324 1553259658745 
512 759 301 1553259658762 
512 757 286 1553259658779 
512 751 272 1553259658796 
512 746 261 1553259658812 
512 742 258 1553259658829 
512 736 254 1553259658845 
512 733 253 1553259658863 
512 727 250 1553259658880 
512 725 249 1553259658896 
512 716 245 1553259658912 
512 707 240 1553259658928 
512 699 237 1553259658945 
512 690 233 1553259658962 
512 685 231 1553259658978 
512 683 228 1553259659012 
512 683 226 1553259659028 
512 683 221 1553259659045 
512 683 219 1553259659061 
512 683 215 1553259659078 
512 684 213 1553259659094 
512 685 211 1553259659112 
512 687 209 1553259659129 
512 688 208 1553259659145 
512 690 208 1553259659178 
512 693 207 1553259659196 
512 695 207 1553259659212 
512 697 206 1553259659229 
512 698 206 1553259659345 
512 699 208 1553259659363 
512 700 209 1553259659379 
513 700 209 1553259659501 
514 700 209 1553259659658 
