512 700 211 1553259659796 
512 696 216 1553259659813 
512 688 221 1553259659829 
512 684 227 1553259659847 
512 677 235 1553259659863 
512 674 242 1553259659880 
512 672 259 1553259659896 
512 672 281 1553259659914 
512 681 313 1553259659930 
512 694 350 1553259659946 
512 710 388 1553259659963 
512 734 441 1553259659979 
512 752 477 1553259659996 
512 770 511 1553259660013 
512 786 540 1553259660029 
512 799 558 1553259660046 
512 807 569 1553259660062 
512 809 574 1553259660079 
512 810 578 1553259660097 
512 810 583 1553259660114 
512 810 589 1553259660129 
512 811 594 1553259660146 
512 812 602 1553259660162 
512 813 605 1553259660179 
512 813 607 1553259660213 
512 813 609 1553259660229 
512 813 614 1553259660246 
512 813 619 1553259660263 
512 816 626 1553259660280 
512 819 633 1553259660296 
512 822 639 1553259660313 
512 828 644 1553259660330 
512 833 648 1553259660346 
512 836 650 1553259660363 
512 837 650 1553259660614 
512 837 649 1553259660631 
512 837 645 1553259660647 
512 837 643 1553259660664 
513 837 643 1553259660796 
514 837 643 1553259660954 
512 836 641 1553259661030 
512 835 639 1553259661046 
512 833 638 1553259661062 
512 828 637 1553259661080 
512 823 634 1553259661096 
512 815 632 1553259661112 
512 799 626 1553259661129 
512 752 615 1553259661146 
512 710 605 1553259661163 
512 664 593 1553259661179 
512 614 576 1553259661196 
512 560 555 1553259661212 
512 504 533 1553259661229 
512 441 511 1553259661246 
512 377 485 1553259661263 
512 320 458 1553259661279 
512 288 440 1553259661296 
512 274 428 1553259661313 
512 272 425 1553259661330 
512 274 417 1553259661346 
512 280 411 1553259661363 
512 288 404 1553259661380 
512 298 398 1553259661396 
512 311 391 1553259661413 
512 325 384 1553259661430 
512 338 379 1553259661446 
512 353 372 1553259661463 
512 366 367 1553259661480 
512 373 364 1553259661496 
512 377 363 1553259661513 
512 381 362 1553259661546 
512 383 362 1553259661563 
512 388 362 1553259661579 
512 394 362 1553259661597 
512 401 364 1553259661613 
512 410 366 1553259661629 
512 423 369 1553259661646 
512 439 371 1553259661663 
512 453 372 1553259661680 
512 462 372 1553259661696 
512 464 372 1553259661713 
512 467 372 1553259661763 
512 469 372 1553259661780 
512 471 372 1553259661863 
513 471 372 1553259662026 
514 471 372 1553259662170 
512 472 371 1553259662314 
512 476 367 1553259662330 
512 485 360 1553259662347 
512 497 352 1553259662363 
512 519 340 1553259662380 
512 544 327 1553259662397 
512 581 310 1553259662414 
512 599 303 1553259662430 
512 611 297 1553259662447 
512 620 291 1553259662463 
512 629 282 1553259662481 
512 642 268 1553259662497 
512 653 255 1553259662514 
512 661 245 1553259662531 
512 665 238 1553259662548 
512 668 234 1553259662566 
512 668 229 1553259662582 
512 668 226 1553259662599 
512 670 222 1553259662633 
512 671 219 1553259662649 
512 672 216 1553259662665 
512 675 211 1553259662682 
512 680 206 1553259662699 
512 685 200 1553259662713 
512 688 196 1553259662731 
512 691 193 1553259662747 
512 694 192 1553259662798 
512 695 192 1553259662865 
512 696 192 1553259662883 
512 697 192 1553259662899 
512 697 193 1553259662916 
512 698 195 1553259662932 
512 698 199 1553259662949 
512 699 203 1553259662965 
512 699 205 1553259662982 
512 700 206 1553259662999 
512 700 207 1553259663030 
512 700 209 1553259663182 
512 700 211 1553259663200 
513 700 211 1553259663248 
514 700 211 1553259663374 
512 700 212 1553259663516 
512 701 217 1553259663532 
512 704 223 1553259663550 
512 714 240 1553259663566 
512 729 264 1553259663583 
512 751 293 1553259663599 
512 791 340 1553259663616 
512 819 369 1553259663632 
512 853 392 1553259663649 
512 889 410 1553259663666 
512 920 420 1553259663682 
512 946 425 1553259663699 
512 966 426 1553259663716 
512 979 426 1553259663733 
512 987 422 1553259663749 
512 992 417 1553259663766 
512 996 412 1553259663782 
512 998 405 1553259663799 
512 1000 400 1553259663816 
512 1000 398 1553259663833 
512 1000 394 1553259663849 
512 1000 391 1553259663916 
512 1000 390 1553259663933 
512 1000 388 1553259663949 
512 998 386 1553259663966 
512 995 386 1553259663983 
512 985 385 1553259664000 
512 972 385 1553259664016 
512 949 385 1553259664033 
512 921 383 1553259664049 
512 898 379 1553259664066 
512 891 377 1553259664083 
512 888 375 1553259664167 
512 885 372 1553259664182 
512 885 371 1553259664216 
512 886 369 1553259664233 
512 886 368 1553259664249 
512 889 367 1553259664266 
512 891 366 1553259664283 
512 893 366 1553259664300 
512 894 366 1553259664317 
512 898 366 1553259664334 
512 904 366 1553259664350 
512 909 368 1553259664366 
512 913 368 1553259664384 
512 914 368 1553259664401 
512 917 370 1553259664417 
512 919 371 1553259664434 
512 922 373 1553259664450 
512 924 374 1553259664467 
512 925 374 1553259664484 
512 926 374 1553259664517 
512 928 375 1553259664534 
512 930 376 1553259664551 
512 931 376 1553259664567 
513 931 376 1553259664686 
514 931 376 1553259664846 
512 930 380 1553259664984 
512 926 385 1553259665000 
512 922 389 1553259665017 
512 914 397 1553259665034 
512 906 405 1553259665050 
512 895 414 1553259665067 
512 879 428 1553259665083 
512 859 443 1553259665100 
512 836 459 1553259665117 
512 810 480 1553259665134 
512 777 510 1553259665151 
512 726 552 1553259665168 
512 621 634 1553259665184 
512 557 687 1553259665201 
512 519 735 1553259665218 
512 504 766 1553259665234 
512 500 777 1553259665251 
512 500 778 1553259665268 
512 499 778 1553259665334 
512 501 774 1553259665367 
512 507 767 1553259665384 
512 514 758 1553259665400 
512 521 749 1553259665417 
512 530 738 1553259665434 
512 541 723 1553259665451 
512 560 702 1553259665467 
512 571 687 1553259665484 
512 580 674 1553259665501 
512 584 668 1553259665518 
512 585 665 1553259665534 
512 585 663 1553259665551 
512 586 661 1553259665568 
512 586 656 1553259665584 
512 586 651 1553259665601 
512 586 646 1553259665617 
512 586 641 1553259665634 
512 584 637 1553259665651 
512 582 634 1553259665668 
512 581 634 1553259665685 
512 580 634 1553259665767 
512 578 634 1553259665784 
512 577 634 1553259665801 
512 575 634 1553259665818 
512 570 635 1553259665835 
512 568 636 1553259665851 
512 567 636 1553259665868 
512 565 637 1553259665951 
512 564 637 1553259665969 
512 563 638 1553259665985 
512 559 641 1553259666068 
512 558 642 1553259666085 
513 558 642 1553259666116 
514 558 642 1553259666273 
512 567 633 1553259666384 
512 577 625 1553259666402 
512 594 610 1553259666418 
512 610 598 1553259666435 
512 626 585 1553259666452 
512 636 574 1553259666468 
512 646 559 1553259666485 
512 657 541 1553259666501 
512 666 521 1553259666519 
512 668 512 1553259666535 
512 669 512 1553259666569 
512 672 515 1553259666585 
512 682 523 1553259666601 
512 691 530 1553259666618 
512 715 551 1553259666634 
512 734 565 1553259666651 
512 756 580 1553259666669 
512 776 593 1553259666685 
512 788 602 1553259666702 
512 793 607 1553259666718 
512 795 611 1553259666735 
512 797 616 1553259666752 
512 801 622 1553259666769 
512 805 629 1553259666785 
512 811 635 1553259666802 
512 816 638 1553259666819 
512 823 640 1553259666834 
512 826 641 1553259666852 
512 827 642 1553259666868 
512 830 644 1553259666885 
512 835 645 1553259666902 
512 848 647 1553259666919 
512 873 649 1553259666936 
512 902 649 1553259666954 
512 923 649 1553259666970 
512 918 649 1553259667069 
512 910 649 1553259667085 
512 905 649 1553259667102 
512 896 648 1553259667118 
512 885 646 1553259667135 
512 873 644 1553259667152 
512 866 644 1553259667169 
512 860 644 1553259667185 
512 854 644 1553259667202 
512 846 644 1553259667219 
512 834 642 1553259667236 
512 830 641 1553259667252 
512 829 641 1553259667303 
512 828 641 1553259667319 
512 827 640 1553259667336 
513 827 640 1553259667444 
514 827 640 1553259667523 
512 827 639 1553259667619 
512 831 639 1553259667636 
512 836 639 1553259667653 
512 837 639 1553259667670 
512 839 639 1553259667752 
512 841 640 1553259667801 
512 842 641 1553259667818 
513 842 641 1553259667859 
514 842 641 1553259668002 
512 842 640 1553259668018 
512 842 637 1553259668035 
512 842 633 1553259668069 
512 837 625 1553259668086 
512 832 619 1553259668104 
512 826 611 1553259668120 
512 813 596 1553259668136 
512 796 575 1553259668154 
512 775 553 1553259668170 
512 758 535 1553259668187 
512 736 510 1553259668202 
512 730 494 1553259668218 
512 726 480 1553259668236 
512 725 459 1553259668252 
512 726 439 1553259668269 
512 741 416 1553259668286 
512 763 400 1553259668303 
512 795 389 1553259668320 
512 823 386 1553259668337 
512 856 380 1553259668353 
512 899 375 1553259668369 
512 947 371 1553259668386 
512 990 367 1553259668403 
512 1014 366 1553259668420 
512 1013 366 1553259668621 
512 1008 367 1553259668637 
512 1001 369 1553259668654 
512 996 369 1553259668670 
512 990 369 1553259668688 
512 968 371 1553259668704 
512 954 373 1553259668720 
512 948 374 1553259668737 
512 946 374 1553259668753 
512 943 374 1553259668787 
512 940 374 1553259668803 
512 939 374 1553259668820 
512 938 374 1553259668953 
512 934 374 1553259668969 
512 932 374 1553259668986 
512 931 374 1553259669003 
512 929 374 1553259669069 
512 926 374 1553259669186 
512 924 376 1553259669203 
512 922 378 1553259669219 
513 922 378 1553259669222 
514 922 378 1553259669350 
512 922 379 1553259669419 
512 922 382 1553259669437 
512 922 385 1553259669453 
512 921 389 1553259669470 
512 921 394 1553259669486 
512 915 394 1553259669653 
512 884 380 1553259669670 
512 864 370 1553259669686 
512 818 363 1553259669703 
512 736 362 1553259669719 
512 646 362 1553259669737 
512 573 362 1553259669753 
512 550 362 1553259669770 
512 549 362 1553259669787 
512 549 364 1553259669803 
512 549 365 1553259669820 
512 549 366 1553259669838 
512 550 367 1553259669855 
512 554 371 1553259669871 
512 557 372 1553259669887 
512 556 372 1553259670022 
512 552 372 1553259670038 
512 547 372 1553259670054 
512 535 372 1553259670071 
512 508 372 1553259670088 
512 490 372 1553259670105 
512 475 372 1553259670122 
512 474 372 1553259670138 
513 474 372 1553259670400 
514 474 372 1553259670542 
512 473 372 1553259670706 
512 488 371 1553259670739 
512 517 366 1553259670756 
512 559 360 1553259670772 
512 595 353 1553259670789 
512 623 347 1553259670806 
512 641 342 1553259670822 
512 646 340 1553259670839 
512 650 340 1553259670872 
512 652 344 1553259670888 
512 652 355 1553259670906 
512 644 374 1553259670922 
512 631 401 1553259670938 
512 607 444 1553259670955 
512 575 499 1553259670972 
512 550 559 1553259670990 
512 535 603 1553259671005 
512 529 626 1553259671022 
512 528 638 1553259671038 
512 529 643 1553259671055 
512 529 644 1553259671072 
512 530 645 1553259671139 
512 533 645 1553259671156 
512 536 645 1553259671172 
512 538 645 1553259671222 
512 539 645 1553259671239 
512 545 645 1553259671256 
512 550 643 1553259671272 
512 553 641 1553259671289 
512 556 641 1553259671306 
512 558 640 1553259671323 
512 560 639 1553259671356 
512 563 639 1553259671372 
513 563 639 1553259671556 
514 563 639 1553259671698 
512 563 636 1553259671773 
512 563 628 1553259671790 
512 566 619 1553259671806 
512 581 592 1553259671823 
512 613 553 1553259671840 
512 645 517 1553259671856 
512 670 495 1553259671873 
512 690 477 1553259671889 
512 706 459 1553259671907 
512 724 441 1553259671927 
512 735 430 1553259671939 
512 741 423 1553259671956 
512 748 409 1553259671972 
512 754 393 1553259671989 
512 757 376 1553259672006 
512 758 361 1553259672022 
512 758 349 1553259672039 
512 757 335 1553259672055 
512 751 324 1553259672072 
512 742 310 1553259672089 
512 732 299 1553259672105 
512 725 294 1553259672122 
512 710 274 1553259672139 
512 707 255 1553259672157 
512 705 241 1553259672174 
512 705 238 1553259672191 
512 705 236 1553259672207 
512 705 235 1553259672224 
512 705 231 1553259672240 
512 707 225 1553259672257 
512 707 220 1553259672274 
512 707 219 1553259672474 
512 707 217 1553259672491 
512 707 215 1553259672540 
512 707 213 1553259672557 
512 706 211 1553259672574 
512 703 209 1553259672624 
512 702 208 1553259672641 
513 702 208 1553259672741 
514 702 208 1553259672898 
