512 696 210 1553092685266 
512 696 213 1553092685283 
512 696 217 1553092685300 
512 697 225 1553092685316 
512 701 238 1553092685333 
512 708 256 1553092685349 
512 726 292 1553092685366 
512 742 318 1553092685382 
512 764 351 1553092685399 
512 784 381 1553092685416 
512 801 408 1553092685433 
512 813 431 1553092685449 
512 822 454 1553092685465 
512 828 476 1553092685483 
512 834 496 1553092685499 
512 842 517 1553092685516 
512 851 537 1553092685533 
512 862 554 1553092685549 
512 873 574 1553092685566 
512 878 585 1553092685583 
512 880 590 1553092685600 
512 883 594 1553092685616 
512 884 598 1553092685633 
512 883 604 1553092685650 
512 876 613 1553092685666 
512 868 621 1553092685683 
512 860 632 1553092685700 
512 852 640 1553092685716 
512 850 642 1553092685733 
512 849 645 1553092685816 
512 845 646 1553092685833 
512 844 647 1553092685966 
512 842 647 1553092685983 
512 840 647 1553092686000 
512 839 645 1553092686017 
513 839 645 1553092686238 
514 839 645 1553092686365 
512 838 644 1553092686417 
512 841 638 1553092686451 
512 843 632 1553092686466 
512 846 626 1553092686484 
512 849 617 1553092686500 
512 855 606 1553092686517 
512 859 590 1553092686535 
512 860 561 1553092686550 
512 862 545 1553092686567 
512 865 528 1553092686584 
512 867 512 1553092686600 
512 871 496 1553092686616 
512 873 481 1553092686634 
512 873 467 1553092686650 
512 870 453 1553092686668 
512 863 445 1553092686684 
512 846 436 1553092686700 
512 821 430 1553092686718 
512 783 422 1553092686734 
512 691 409 1553092686752 
512 610 396 1553092686768 
512 534 386 1553092686784 
512 478 375 1553092686802 
512 451 368 1553092686819 
512 450 367 1553092686835 
512 454 367 1553092687151 
512 462 371 1553092687169 
512 464 371 1553092687185 
512 466 371 1553092687536 
512 467 371 1553092687552 
512 468 371 1553092687686 
512 470 373 1553092687719 
513 470 373 1553092687868 
514 470 373 1553092687994 
512 471 373 1553092688119 
512 471 376 1553092688135 
512 472 380 1553092688151 
512 474 384 1553092688168 
512 478 390 1553092688185 
512 483 397 1553092688201 
512 498 412 1553092688219 
512 511 422 1553092688235 
512 530 430 1553092688253 
512 552 438 1553092688269 
512 577 443 1553092688286 
512 604 444 1553092688303 
512 629 442 1553092688319 
512 647 437 1553092688336 
512 660 430 1553092688352 
512 668 419 1553092688370 
512 675 402 1553092688386 
512 683 379 1553092688403 
512 689 342 1553092688420 
512 690 320 1553092688435 
512 684 311 1553092688452 
512 671 300 1553092688470 
512 654 290 1553092688487 
512 640 281 1553092688502 
512 635 278 1553092688520 
512 633 277 1553092688536 
512 633 276 1553092688553 
512 633 275 1553092688585 
512 635 271 1553092688602 
512 637 269 1553092688619 
512 641 267 1553092688636 
512 644 264 1553092688653 
512 650 260 1553092688669 
512 661 255 1553092688687 
512 675 247 1553092688703 
512 684 242 1553092688720 
512 695 233 1553092688736 
512 701 227 1553092688753 
512 707 220 1553092688770 
512 710 216 1553092688787 
512 711 212 1553092688803 
512 711 209 1553092688904 
512 711 208 1553092688920 
512 708 207 1553092688937 
512 706 206 1553092688954 
512 703 206 1553092689003 
512 701 206 1553092689020 
512 699 204 1553092689037 
512 698 204 1553092689053 
513 698 204 1553092689210 
514 698 204 1553092689353 
512 697 204 1553092689454 
512 696 206 1553092689471 
512 696 213 1553092689487 
512 696 224 1553092689504 
512 696 240 1553092689521 
512 698 257 1553092689538 
512 703 277 1553092689553 
512 707 296 1553092689569 
512 711 323 1553092689586 
512 715 342 1553092689603 
512 720 361 1553092689620 
512 725 380 1553092689637 
512 733 397 1553092689654 
512 746 411 1553092689671 
512 759 419 1553092689687 
512 772 423 1553092689704 
512 787 424 1553092689721 
512 802 424 1553092689737 
512 814 424 1553092689754 
512 825 424 1553092689771 
512 831 424 1553092689787 
512 832 424 1553092689804 
512 833 422 1553092689821 
512 834 421 1553092689838 
512 838 417 1553092689855 
512 842 411 1553092689871 
512 845 409 1553092689887 
512 846 407 1553092689904 
512 848 404 1553092689921 
512 849 403 1553092689937 
512 852 402 1553092689955 
512 856 401 1553092689970 
512 863 400 1553092689988 
512 872 398 1553092690004 
512 880 394 1553092690021 
512 886 393 1553092690037 
512 888 392 1553092690054 
512 891 391 1553092690071 
512 893 389 1553092690138 
512 897 388 1553092690153 
512 901 386 1553092690170 
512 904 386 1553092690186 
512 907 386 1553092690203 
512 909 385 1553092690253 
512 912 383 1553092690270 
512 915 382 1553092690287 
512 918 381 1553092690304 
512 921 380 1553092690319 
512 923 379 1553092690337 
512 924 379 1553092690353 
512 925 379 1553092690370 
512 926 379 1553092690438 
512 930 377 1553092690454 
512 931 376 1553092690470 
513 931 376 1553092690741 
514 931 376 1553092690870 
512 928 375 1553092691187 
512 924 375 1553092691204 
512 916 375 1553092691221 
512 898 375 1553092691239 
512 846 383 1553092691256 
512 801 393 1553092691272 
512 752 407 1553092691289 
512 710 421 1553092691305 
512 675 437 1553092691322 
512 651 450 1553092691338 
512 633 463 1553092691355 
512 620 478 1553092691372 
512 610 493 1553092691389 
512 602 507 1553092691406 
512 595 519 1553092691422 
512 589 528 1553092691439 
512 585 538 1553092691455 
512 583 542 1553092691472 
512 581 546 1553092691488 
512 579 551 1553092691506 
512 576 555 1553092691523 
512 574 559 1553092691538 
512 572 561 1553092691556 
512 572 563 1553092691572 
512 571 567 1553092691588 
512 567 571 1553092691604 
512 564 578 1553092691621 
512 560 586 1553092691638 
512 554 596 1553092691654 
512 547 609 1553092691671 
512 540 622 1553092691688 
512 534 631 1553092691704 
512 531 635 1553092691721 
512 531 638 1553092691739 
512 530 640 1553092691756 
512 530 642 1553092691772 
512 530 644 1553092691805 
512 530 647 1553092691838 
512 531 648 1553092691855 
512 534 649 1553092691872 
512 537 649 1553092691888 
512 542 649 1553092691905 
512 545 649 1553092691922 
512 547 649 1553092691939 
512 551 649 1553092692056 
512 552 649 1553092692188 
512 553 647 1553092692205 
512 553 646 1553092692221 
512 554 646 1553092692238 
513 554 646 1553092692501 
514 554 646 1553092692645 
512 556 644 1553092692672 
512 559 640 1553092692688 
512 564 634 1553092692705 
512 569 627 1553092692722 
512 574 621 1553092692739 
512 578 616 1553092692756 
512 584 609 1553092692772 
512 589 601 1553092692789 
512 596 594 1553092692805 
512 608 583 1553092692822 
512 620 574 1553092692839 
512 634 565 1553092692855 
512 647 555 1553092692872 
512 658 546 1553092692889 
512 666 538 1553092692905 
512 675 533 1553092692922 
512 685 529 1553092692939 
512 700 525 1553092692955 
512 723 523 1553092692972 
512 751 521 1553092692989 
512 800 521 1553092693006 
512 825 521 1553092693023 
512 843 523 1553092693039 
512 853 528 1553092693056 
512 858 532 1553092693073 
512 860 534 1553092693089 
512 863 542 1553092693106 
512 863 547 1553092693122 
512 863 553 1553092693139 
512 863 560 1553092693155 
512 863 566 1553092693172 
512 862 572 1553092693190 
512 860 576 1553092693205 
512 859 581 1553092693223 
512 858 583 1553092693239 
512 857 586 1553092693340 
512 857 588 1553092693356 
512 854 594 1553092693373 
512 852 599 1553092693390 
512 849 603 1553092693406 
512 848 606 1553092693422 
512 848 609 1553092693439 
512 847 613 1553092693456 
512 846 617 1553092693473 
512 846 619 1553092693490 
512 846 622 1553092693505 
512 846 625 1553092693523 
512 846 626 1553092693539 
512 846 627 1553092693556 
512 846 628 1553092693573 
512 846 629 1553092693589 
512 846 631 1553092693606 
512 845 634 1553092693623 
512 845 637 1553092693640 
512 843 639 1553092693656 
512 843 640 1553092693673 
513 843 640 1553092693954 
514 843 640 1553092694066 
512 843 641 1553092694107 
512 846 632 1553092694124 
512 848 624 1553092694139 
512 854 611 1553092694156 
512 858 598 1553092694173 
512 861 586 1553092694190 
512 861 574 1553092694207 
512 861 563 1553092694223 
512 861 552 1553092694240 
512 861 537 1553092694256 
512 861 520 1553092694273 
512 855 492 1553092694290 
512 850 477 1553092694307 
512 848 466 1553092694324 
512 848 462 1553092694340 
512 852 457 1553092694357 
512 859 454 1553092694373 
512 864 450 1553092694391 
512 872 446 1553092694406 
512 880 438 1553092694424 
512 888 432 1553092694440 
512 902 424 1553092694457 
512 919 412 1553092694474 
512 920 410 1553092694490 
512 921 410 1553092694557 
512 930 407 1553092694573 
512 939 401 1553092694590 
512 947 397 1553092694607 
512 958 389 1553092694624 
512 966 382 1553092694640 
512 969 380 1553092694657 
512 969 379 1553092694674 
512 969 377 1553092694740 
512 968 376 1553092694757 
512 966 376 1553092694774 
512 962 375 1553092694791 
512 958 375 1553092694807 
512 952 375 1553092694824 
512 948 375 1553092694840 
512 944 375 1553092694857 
512 937 375 1553092694874 
512 936 375 1553092695057 
512 935 374 1553092695074 
512 934 374 1553092695157 
513 934 374 1553092695361 
514 934 374 1553092695489 
512 933 374 1553092695575 
512 929 374 1553092695591 
512 924 374 1553092695607 
512 910 377 1553092695625 
512 886 385 1553092695641 
512 822 405 1553092695658 
512 784 416 1553092695674 
512 762 424 1553092695692 
512 761 425 1553092695708 
512 758 425 1553092695841 
512 738 425 1553092695858 
512 694 422 1553092695875 
512 613 415 1553092695891 
512 512 407 1553092695908 
512 423 400 1553092695925 
512 368 392 1553092695942 
512 368 391 1553092695958 
512 361 390 1553092695975 
512 359 388 1553092695991 
512 360 387 1553092696009 
512 362 386 1553092696026 
512 365 383 1553092696042 
512 372 380 1553092696058 
512 375 378 1553092696075 
512 378 377 1553092696091 
512 388 375 1553092696108 
512 398 374 1553092696125 
512 408 374 1553092696141 
512 423 373 1553092696158 
512 434 373 1553092696175 
512 445 373 1553092696192 
512 455 373 1553092696208 
512 468 373 1553092696225 
512 480 373 1553092696242 
512 484 373 1553092696258 
512 484 374 1553092696508 
512 483 374 1553092696525 
512 479 374 1553092696542 
512 477 374 1553092696642 
512 475 374 1553092696726 
513 475 374 1553092696935 
514 475 374 1553092697045 
512 474 374 1553092697493 
512 474 375 1553092697509 
512 474 381 1553092697527 
512 474 382 1553092697543 
512 474 384 1553092697676 
512 474 386 1553092697693 
512 474 393 1553092697710 
512 474 402 1553092697726 
512 474 421 1553092697743 
512 474 446 1553092697759 
512 477 476 1553092697777 
512 485 500 1553092697793 
512 494 521 1553092697810 
512 502 537 1553092697826 
512 512 552 1553092697844 
512 524 563 1553092697859 
512 536 574 1553092697877 
512 550 583 1553092697893 
512 566 591 1553092697909 
512 591 598 1553092697927 
512 601 599 1553092697943 
512 602 599 1553092697961 
512 602 600 1553092698077 
512 599 603 1553092698094 
512 589 608 1553092698110 
512 583 614 1553092698127 
512 581 616 1553092698143 
512 580 620 1553092698160 
512 579 622 1553092698177 
512 575 624 1553092698193 
512 573 628 1553092698210 
512 571 630 1553092698227 
512 569 633 1553092698244 
512 567 636 1553092698260 
512 565 638 1553092698277 
512 563 638 1553092698510 
512 561 638 1553092698527 
512 559 638 1553092698544 
513 559 638 1553092698694 
514 559 638 1553092698838 
512 558 638 1553092698878 
512 562 632 1553092698894 
512 568 624 1553092698911 
512 574 616 1553092698928 
512 579 608 1553092698944 
512 586 598 1553092698961 
512 598 585 1553092698978 
512 615 568 1553092698994 
512 639 548 1553092699011 
512 669 522 1553092699028 
512 699 495 1553092699045 
512 722 472 1553092699061 
512 737 453 1553092699078 
512 749 433 1553092699094 
512 749 427 1553092699112 
512 751 416 1553092699128 
512 752 401 1553092699144 
512 754 385 1553092699162 
512 760 366 1553092699178 
512 764 335 1553092699194 
512 765 315 1553092699212 
512 765 303 1553092699229 
512 761 293 1553092699245 
512 753 289 1553092699262 
512 749 287 1553092699278 
512 748 287 1553092699294 
512 746 286 1553092699328 
512 743 284 1553092699344 
512 738 283 1553092699361 
512 732 279 1553092699378 
512 718 268 1553092699395 
512 711 258 1553092699412 
512 710 250 1553092699427 
512 710 244 1553092699445 
512 710 237 1553092699461 
512 710 233 1553092699478 
512 710 231 1553092699494 
512 712 229 1553092699511 
512 712 228 1553092699527 
512 714 225 1553092699545 
512 716 223 1553092699561 
512 719 217 1553092699577 
512 721 213 1553092699595 
512 721 210 1553092699611 
512 721 209 1553092699628 
512 721 208 1553092699678 
512 719 208 1553092699712 
512 718 208 1553092699728 
512 716 208 1553092699745 
512 712 208 1553092699761 
512 709 208 1553092699794 
512 708 208 1553092699811 
512 707 206 1553092699829 
512 707 205 1553092699844 
512 705 205 1553092699878 
512 701 205 1553092699895 
512 696 205 1553092699912 
513 696 205 1553092700193 
514 696 205 1553092700321 
