512 700 213 1553259742715 
512 700 217 1553259742731 
512 700 225 1553259742749 
512 700 242 1553259742764 
512 700 265 1553259742782 
512 701 291 1553259742798 
512 712 339 1553259742815 
512 730 375 1553259742831 
512 750 410 1553259742848 
512 771 434 1553259742865 
512 790 451 1553259742881 
512 799 461 1553259742898 
512 802 467 1553259742915 
512 802 478 1553259742931 
512 800 495 1553259742947 
512 794 517 1553259742964 
512 787 546 1553259742981 
512 780 581 1553259742997 
512 773 631 1553259743015 
512 773 655 1553259743032 
512 773 672 1553259743048 
512 775 682 1553259743064 
512 778 687 1553259743082 
512 780 690 1553259743098 
512 781 693 1553259743131 
512 783 694 1553259743147 
512 785 696 1553259743164 
512 789 696 1553259743181 
512 798 696 1553259743197 
512 806 696 1553259743214 
512 818 695 1553259743231 
512 833 689 1553259743247 
512 843 683 1553259743264 
512 845 681 1553259743280 
512 846 679 1553259743297 
512 846 677 1553259743313 
512 846 675 1553259743330 
512 846 672 1553259743380 
512 846 668 1553259743397 
512 846 666 1553259743414 
512 845 664 1553259743430 
512 845 661 1553259743447 
512 845 660 1553259743463 
512 845 659 1553259743481 
512 845 658 1553259743530 
512 845 655 1553259743564 
512 845 653 1553259743580 
512 845 650 1553259743597 
512 845 649 1553259743614 
512 845 647 1553259743630 
512 845 646 1553259743747 
512 845 644 1553259743764 
512 842 642 1553259743781 
513 842 642 1553259743957 
514 842 642 1553259744070 
512 842 641 1553259744146 
512 838 637 1553259744163 
512 836 627 1553259744180 
512 835 620 1553259744196 
512 835 609 1553259744213 
512 835 596 1553259744229 
512 835 579 1553259744246 
512 837 563 1553259744263 
512 839 526 1553259744279 
512 840 498 1553259744296 
512 840 470 1553259744313 
512 839 450 1553259744330 
512 832 438 1553259744346 
512 819 427 1553259744363 
512 795 416 1553259744379 
512 756 405 1553259744396 
512 694 399 1553259744413 
512 620 397 1553259744429 
512 547 398 1553259744445 
512 480 403 1553259744463 
512 479 403 1553259744479 
512 477 403 1553259744613 
512 477 396 1553259744629 
512 475 390 1553259744646 
512 474 383 1553259744662 
512 474 377 1553259744679 
512 474 375 1553259744696 
512 474 373 1553259744712 
513 474 373 1553259744935 
514 474 373 1553259745060 
512 479 373 1553259745146 
512 486 373 1553259745161 
512 506 369 1553259745178 
512 536 359 1553259745193 
512 585 345 1553259745210 
512 643 323 1553259745227 
512 716 289 1553259745243 
512 739 278 1553259745260 
512 740 278 1553259745277 
512 740 272 1553259745310 
512 740 270 1553259745327 
512 740 267 1553259745344 
512 740 260 1553259745361 
512 740 253 1553259745378 
512 742 243 1553259745395 
512 745 234 1553259745412 
512 749 227 1553259745428 
512 751 222 1553259745445 
512 751 220 1553259745462 
512 751 219 1553259745478 
512 749 219 1553259745528 
512 742 216 1553259745545 
512 734 212 1553259745561 
512 727 208 1553259745578 
512 716 201 1553259745594 
512 704 193 1553259745611 
512 698 189 1553259745628 
512 702 189 1553259745844 
512 708 189 1553259745860 
512 713 189 1553259745877 
512 715 190 1553259745894 
512 715 191 1553259745911 
512 715 194 1553259745928 
512 715 196 1553259745944 
512 715 197 1553259745961 
512 715 198 1553259745978 
512 715 200 1553259746027 
512 714 202 1553259746044 
512 712 204 1553259746060 
512 711 205 1553259746094 
512 708 208 1553259746128 
512 706 209 1553259746161 
512 704 209 1553259746177 
513 704 209 1553259746337 
514 704 209 1553259746498 
512 704 213 1553259746576 
512 704 220 1553259746594 
512 704 226 1553259746610 
512 705 237 1553259746626 
512 708 249 1553259746644 
512 712 264 1553259746660 
512 716 283 1553259746676 
512 721 302 1553259746693 
512 728 322 1553259746710 
512 739 343 1553259746727 
512 752 361 1553259746743 
512 768 376 1553259746760 
512 788 388 1553259746777 
512 814 394 1553259746793 
512 843 397 1553259746809 
512 889 395 1553259746826 
512 913 388 1553259746843 
512 926 383 1553259746859 
512 930 381 1553259746876 
512 931 378 1553259746893 
512 931 374 1553259746909 
512 931 369 1553259746926 
512 931 367 1553259746943 
512 931 364 1553259746993 
512 930 364 1553259747010 
512 929 364 1553259747092 
512 928 364 1553259747108 
512 926 364 1553259747126 
512 926 365 1553259747143 
512 924 367 1553259747159 
512 922 371 1553259747176 
512 920 375 1553259747192 
512 918 380 1553259747209 
512 917 383 1553259747225 
512 918 383 1553259747459 
512 919 382 1553259747642 
512 920 380 1553259747659 
512 924 379 1553259747676 
512 926 378 1553259747692 
512 927 378 1553259747709 
512 927 377 1553259747776 
513 927 377 1553259747861 
514 927 377 1553259748050 
512 922 381 1553259748107 
512 918 386 1553259748125 
512 911 393 1553259748142 
512 899 404 1553259748158 
512 884 420 1553259748175 
512 867 436 1553259748192 
512 849 450 1553259748209 
512 833 461 1553259748225 
512 816 471 1553259748242 
512 798 483 1553259748258 
512 774 494 1553259748275 
512 734 511 1553259748291 
512 701 520 1553259748308 
512 660 531 1553259748324 
512 602 552 1553259748341 
512 549 580 1553259748359 
512 512 610 1553259748374 
512 491 631 1553259748391 
512 482 645 1553259748408 
512 481 648 1553259748425 
512 480 649 1553259748441 
512 480 651 1553259748457 
512 485 654 1553259748475 
512 488 654 1553259748490 
512 493 654 1553259748507 
512 498 654 1553259748524 
512 503 654 1553259748540 
512 509 654 1553259748557 
512 514 654 1553259748574 
512 517 654 1553259748641 
512 523 653 1553259748658 
512 532 650 1553259748674 
512 545 647 1553259748691 
512 553 647 1553259748707 
512 555 647 1553259748724 
512 556 647 1553259748740 
512 558 647 1553259748775 
512 562 647 1553259748791 
512 566 645 1553259748807 
512 568 644 1553259748824 
512 569 644 1553259748841 
512 570 643 1553259749057 
512 568 642 1553259749074 
512 565 642 1553259749091 
512 564 642 1553259749107 
512 563 641 1553259749207 
512 561 641 1553259749223 
512 560 641 1553259749240 
513 560 641 1553259749409 
512 557 641 1553259749440 
514 557 641 1553259749551 
512 557 639 1553259749606 
512 560 636 1553259749622 
512 563 631 1553259749640 
512 574 619 1553259749656 
512 590 601 1553259749672 
512 608 580 1553259749690 
512 631 551 1553259749706 
512 657 510 1553259749723 
512 687 457 1553259749740 
512 712 410 1553259749756 
512 730 365 1553259749773 
512 740 336 1553259749790 
512 745 322 1553259749806 
512 746 317 1553259749823 
512 746 320 1553259749872 
512 746 324 1553259749889 
512 746 336 1553259749906 
512 748 359 1553259749923 
512 753 383 1553259749940 
512 763 406 1553259749956 
512 778 433 1553259749972 
512 794 461 1553259749990 
512 811 499 1553259750006 
512 827 539 1553259750023 
512 839 573 1553259750040 
512 848 598 1553259750056 
512 854 612 1553259750073 
512 857 618 1553259750089 
512 860 622 1553259750106 
512 861 625 1553259750122 
512 864 628 1553259750139 
512 871 635 1553259750156 
512 876 639 1553259750172 
512 878 642 1553259750206 
512 878 644 1553259750222 
512 878 646 1553259750238 
512 878 650 1553259750255 
512 875 651 1553259750271 
512 871 653 1553259750287 
512 865 653 1553259750304 
512 859 653 1553259750321 
512 849 651 1553259750337 
512 846 650 1553259750354 
512 846 649 1553259750489 
512 846 648 1553259750505 
512 846 647 1553259750522 
512 846 644 1553259750555 
512 845 643 1553259750571 
512 844 638 1553259750589 
512 844 636 1553259750605 
512 843 635 1553259750739 
513 843 635 1553259750787 
512 841 635 1553259750806 
514 841 635 1553259750944 
512 844 630 1553259751104 
512 857 611 1553259751121 
512 869 592 1553259751138 
512 882 567 1553259751155 
512 894 537 1553259751171 
512 902 511 1553259751188 
512 905 489 1553259751204 
512 906 469 1553259751221 
512 906 451 1553259751238 
512 904 433 1553259751255 
512 897 415 1553259751271 
512 886 394 1553259751287 
512 879 382 1553259751304 
512 878 381 1553259751321 
512 875 381 1553259751371 
512 868 379 1553259751387 
512 860 379 1553259751404 
512 853 379 1553259751421 
512 847 386 1553259751437 
512 843 396 1553259751454 
512 835 418 1553259751471 
512 826 446 1553259751487 
512 815 485 1553259751504 
512 812 508 1553259751521 
512 812 530 1553259751537 
512 814 552 1553259751554 
512 823 574 1553259751571 
512 832 591 1553259751587 
512 840 605 1553259751604 
512 845 619 1553259751621 
512 848 630 1553259751637 
512 849 638 1553259751654 
512 849 642 1553259751671 
512 849 644 1553259751688 
512 849 647 1553259751704 
512 848 647 1553259751771 
512 847 646 1553259751787 
513 847 646 1553259751906 
512 846 646 1553259751920 
512 845 645 1553259751937 
512 843 641 1553259751954 
512 843 640 1553259751970 
514 843 640 1553259752014 
512 842 639 1553259752036 
512 841 638 1553259752052 
513 841 638 1553259752254 
514 841 638 1553259752317 
512 841 636 1553259752335 
512 841 635 1553259752353 
512 841 629 1553259752369 
512 842 623 1553259752385 
512 842 618 1553259752403 
512 845 610 1553259752420 
512 855 590 1553259752437 
512 870 564 1553259752453 
512 888 531 1553259752470 
512 911 493 1553259752486 
512 931 454 1553259752503 
512 941 430 1553259752519 
512 949 410 1553259752535 
512 954 394 1553259752552 
512 955 385 1553259752569 
512 955 382 1553259752585 
512 955 381 1553259752719 
512 953 381 1553259752736 
512 950 381 1553259752753 
512 949 380 1553259752770 
512 947 380 1553259752803 
512 945 380 1553259752819 
512 943 380 1553259752836 
512 940 380 1553259752852 
512 939 380 1553259752869 
512 933 380 1553259752885 
512 930 378 1553259752903 
512 927 376 1553259752919 
512 924 375 1553259752936 
512 922 375 1553259752952 
513 922 375 1553259753153 
514 922 375 1553259753279 
512 922 374 1553259753501 
512 920 373 1553259753518 
512 915 373 1553259753535 
512 908 373 1553259753551 
512 871 373 1553259753569 
512 814 373 1553259753584 
512 733 373 1553259753601 
512 635 373 1553259753618 
512 535 373 1553259753635 
512 464 373 1553259753652 
512 448 373 1553259753668 
512 447 372 1553259753768 
512 448 370 1553259753784 
512 450 368 1553259753801 
512 453 368 1553259753901 
512 458 368 1553259753918 
512 464 368 1553259753934 
512 475 368 1553259753951 
512 481 369 1553259753968 
512 485 371 1553259753985 
512 486 371 1553259754001 
512 484 371 1553259754218 
512 482 371 1553259754234 
512 479 371 1553259754251 
512 478 371 1553259754268 
512 476 371 1553259754284 
512 475 371 1553259754301 
512 473 371 1553259754350 
512 471 372 1553259754367 
512 468 373 1553259754384 
512 467 373 1553259754401 
513 467 373 1553259754479 
514 467 373 1553259754620 
512 468 373 1553259754684 
512 471 373 1553259754701 
512 476 374 1553259754717 
512 484 376 1553259754733 
512 502 378 1553259754751 
512 527 380 1553259754767 
512 558 380 1553259754783 
512 589 380 1553259754801 
512 618 378 1553259754818 
512 646 369 1553259754833 
512 665 356 1553259754851 
512 674 343 1553259754867 
512 676 337 1553259754884 
512 676 336 1553259754901 
512 676 335 1553259754917 
512 671 337 1553259754933 
512 664 342 1553259754950 
512 657 348 1553259754966 
512 640 366 1553259754983 
512 608 404 1553259754999 
512 562 462 1553259755016 
512 516 528 1553259755033 
512 486 586 1553259755049 
512 470 633 1553259755067 
512 467 661 1553259755083 
512 466 680 1553259755099 
512 467 690 1553259755116 
512 467 692 1553259755133 
512 468 692 1553259755166 
512 470 693 1553259755183 
512 474 693 1553259755199 
512 484 692 1553259755215 
512 499 685 1553259755232 
512 518 676 1553259755248 
512 534 667 1553259755266 
512 546 659 1553259755282 
512 554 653 1553259755298 
512 557 649 1553259755315 
512 560 645 1553259755332 
512 562 641 1553259755349 
512 566 637 1553259755365 
512 568 635 1553259755382 
512 570 633 1553259755399 
512 566 636 1553259755599 
512 562 639 1553259755616 
512 561 641 1553259755633 
512 560 641 1553259755666 
512 558 644 1553259755749 
512 556 645 1553259755765 
512 555 645 1553259755782 
513 555 645 1553259755853 
514 555 645 1553259755994 
512 555 643 1553259756031 
512 560 636 1553259756048 
512 567 630 1553259756065 
512 581 619 1553259756082 
512 599 605 1553259756098 
512 624 585 1553259756115 
512 661 557 1553259756132 
512 692 526 1553259756148 
512 724 482 1553259756165 
512 747 435 1553259756182 
512 756 397 1553259756198 
512 759 360 1553259756215 
512 759 348 1553259756232 
512 758 338 1553259756248 
512 751 327 1553259756265 
512 743 316 1553259756282 
512 736 309 1553259756299 
512 725 300 1553259756316 
512 710 290 1553259756332 
512 698 278 1553259756348 
512 687 265 1553259756366 
512 677 252 1553259756382 
512 669 241 1553259756399 
512 657 229 1553259756414 
512 653 226 1553259756432 
512 652 226 1553259756449 
512 651 225 1553259756465 
512 651 222 1553259756482 
512 651 214 1553259756498 
512 652 204 1553259756516 
512 656 197 1553259756532 
512 661 189 1553259756549 
512 664 186 1553259756565 
512 667 186 1553259756648 
512 673 186 1553259756665 
512 684 187 1553259756680 
512 697 190 1553259756696 
512 702 192 1553259756713 
512 703 194 1553259756730 
512 703 195 1553259756764 
512 703 197 1553259756781 
512 703 200 1553259756798 
512 704 201 1553259756814 
512 705 204 1553259756864 
512 705 205 1553259756881 
512 703 206 1553259757047 
512 701 207 1553259757065 
512 698 209 1553259757081 
512 697 209 1553259757098 
512 696 211 1553259757113 
513 696 211 1553259757179 
514 696 211 1553259757339 
