512 702 210 1553519316780 
512 702 211 1553519316797 
512 702 214 1553519316814 
512 702 221 1553519316830 
512 702 237 1553519316847 
512 705 262 1553519316864 
512 714 293 1553519316881 
512 724 335 1553519316897 
512 732 378 1553519316914 
512 742 420 1553519316930 
512 754 466 1553519316948 
512 766 515 1553519316964 
512 781 557 1553519316981 
512 789 587 1553519316998 
512 796 609 1553519317015 
512 800 625 1553519317031 
512 802 643 1553519317048 
512 802 651 1553519317065 
512 803 659 1553519317081 
512 803 663 1553519317098 
512 803 664 1553519317115 
512 803 666 1553519317132 
512 804 667 1553519317182 
512 804 668 1553519317198 
512 805 669 1553519317216 
512 807 669 1553519317232 
512 814 669 1553519317249 
512 821 669 1553519317266 
512 830 665 1553519317283 
512 840 660 1553519317300 
512 847 655 1553519317316 
512 849 653 1553519317332 
512 850 651 1553519317350 
512 851 649 1553519317366 
512 851 646 1553519317383 
512 851 644 1553519317400 
512 851 642 1553519317417 
512 851 640 1553519317433 
512 850 639 1553519317467 
512 849 638 1553519317484 
512 847 638 1553519317501 
512 846 638 1553519317517 
512 845 638 1553519317534 
512 844 638 1553519317551 
512 843 638 1553519317567 
512 839 638 1553519317668 
513 839 638 1553519317820 
514 839 638 1553519317978 
512 838 638 1553519318035 
512 835 633 1553519318052 
512 833 631 1553519318070 
512 829 626 1553519318086 
512 826 622 1553519318103 
512 820 617 1553519318120 
512 813 610 1553519318137 
512 804 603 1553519318153 
512 791 592 1553519318171 
512 773 577 1553519318186 
512 753 561 1553519318203 
512 728 538 1553519318219 
512 718 525 1553519318237 
512 710 512 1553519318253 
512 700 496 1553519318270 
512 684 479 1553519318288 
512 663 467 1553519318305 
512 641 459 1553519318321 
512 620 454 1553519318338 
512 601 450 1553519318354 
512 580 447 1553519318372 
512 557 441 1553519318388 
512 531 433 1553519318405 
512 494 419 1553519318421 
512 473 409 1553519318439 
512 459 399 1553519318455 
512 448 390 1553519318472 
512 438 383 1553519318489 
512 433 378 1553519318506 
512 431 376 1553519318522 
512 434 376 1553519318690 
512 442 376 1553519318706 
512 454 378 1553519318723 
512 472 380 1553519318740 
512 479 380 1553519318757 
512 479 378 1553519318975 
512 477 377 1553519318991 
512 476 376 1553519319008 
512 474 372 1553519319024 
512 472 370 1553519319042 
512 471 370 1553519319058 
513 471 370 1553519319221 
514 471 370 1553519319380 
512 474 368 1553519319510 
512 482 367 1553519319527 
512 496 365 1553519319544 
512 524 358 1553519319561 
512 563 346 1553519319578 
512 591 332 1553519319594 
512 612 319 1553519319610 
512 627 303 1553519319627 
512 639 284 1553519319644 
512 650 267 1553519319660 
512 657 253 1553519319678 
512 663 236 1553519319694 
512 669 226 1553519319711 
512 672 219 1553519319728 
512 672 216 1553519319745 
512 672 214 1553519319762 
512 673 212 1553519319779 
512 673 211 1553519319912 
512 676 210 1553519319929 
512 679 207 1553519319946 
512 685 206 1553519319963 
512 693 204 1553519319980 
512 697 202 1553519319996 
512 698 202 1553519320014 
513 698 202 1553519320232 
514 698 202 1553519320392 
512 699 204 1553519320482 
512 699 210 1553519320499 
512 699 218 1553519320517 
512 699 234 1553519320532 
512 703 258 1553519320549 
512 708 287 1553519320566 
512 714 317 1553519320583 
512 719 344 1553519320600 
512 723 370 1553519320616 
512 726 393 1553519320633 
512 730 417 1553519320650 
512 737 440 1553519320667 
512 755 467 1553519320684 
512 773 476 1553519320700 
512 794 479 1553519320717 
512 814 476 1553519320734 
512 833 466 1553519320750 
512 849 453 1553519320768 
512 862 438 1553519320784 
512 873 422 1553519320801 
512 880 409 1553519320818 
512 885 400 1553519320834 
512 888 395 1553519320851 
512 890 393 1553519320867 
512 892 390 1553519320884 
512 893 388 1553519320901 
512 894 386 1553519320918 
512 896 385 1553519320934 
512 899 384 1553519320951 
512 901 382 1553519320969 
512 904 381 1553519320985 
512 908 379 1553519321002 
512 914 377 1553519321017 
512 916 375 1553519321034 
512 918 374 1553519321051 
512 920 373 1553519321067 
512 924 372 1553519321085 
512 925 372 1553519321102 
512 926 371 1553519321169 
512 927 371 1553519321186 
513 927 371 1553519321357 
514 927 371 1553519321485 
512 923 372 1553519321554 
512 916 376 1553519321572 
512 903 385 1553519321588 
512 884 397 1553519321605 
512 860 413 1553519321621 
512 832 433 1553519321637 
512 805 456 1553519321653 
512 775 486 1553519321671 
512 762 501 1553519321688 
512 757 507 1553519321705 
512 755 509 1553519321722 
512 749 511 1553519321739 
512 745 513 1553519321755 
512 738 515 1553519321773 
512 723 520 1553519321788 
512 705 526 1553519321805 
512 687 533 1553519321823 
512 671 541 1553519321840 
512 657 549 1553519321856 
512 628 569 1553519321873 
512 603 587 1553519321890 
512 578 603 1553519321907 
512 568 611 1553519321923 
512 567 611 1553519321973 
512 565 612 1553519321990 
512 564 614 1553519322008 
512 562 616 1553519322023 
512 562 617 1553519322040 
512 562 619 1553519322124 
512 562 620 1553519322158 
512 562 621 1553519322174 
512 562 624 1553519322191 
512 562 626 1553519322208 
512 562 628 1553519322225 
512 562 632 1553519322241 
512 561 637 1553519322259 
512 560 640 1553519322276 
512 558 644 1553519322292 
513 558 644 1553519322503 
514 558 644 1553519322630 
512 559 640 1553519322693 
512 565 629 1553519322710 
512 573 612 1553519322727 
512 583 594 1553519322744 
512 601 558 1553519322761 
512 617 525 1553519322778 
512 638 476 1553519322794 
512 655 427 1553519322811 
512 675 387 1553519322827 
512 690 359 1553519322845 
512 698 338 1553519322861 
512 706 319 1553519322878 
512 713 305 1553519322895 
512 717 298 1553519322911 
512 719 297 1553519322945 
512 731 303 1553519322962 
512 744 310 1553519322979 
512 754 318 1553519322995 
512 771 334 1553519323012 
512 787 357 1553519323029 
512 801 389 1553519323046 
512 810 426 1553519323063 
512 817 465 1553519323079 
512 821 503 1553519323096 
512 822 537 1553519323112 
512 822 565 1553519323129 
512 822 599 1553519323146 
512 822 615 1553519323163 
512 821 628 1553519323179 
512 820 635 1553519323197 
512 820 639 1553519323213 
512 820 641 1553519323230 
512 820 642 1553519323247 
512 820 643 1553519323280 
512 820 644 1553519323297 
512 820 646 1553519323314 
512 820 648 1553519323330 
512 824 652 1553519323347 
512 830 653 1553519323364 
512 834 653 1553519323381 
512 838 653 1553519323397 
512 841 653 1553519323414 
512 843 653 1553519323431 
512 843 652 1553519323632 
512 842 650 1553519323649 
512 839 646 1553519323664 
512 835 642 1553519323681 
512 835 639 1553519323698 
512 834 636 1553519323715 
512 834 635 1553519323732 
513 834 635 1553519323902 
514 834 635 1553519324045 
512 834 634 1553519324302 
512 834 629 1553519324319 
512 834 626 1553519324335 
512 834 627 1553519324470 
512 837 634 1553519324487 
512 841 642 1553519324503 
512 847 653 1553519324520 
512 855 665 1553519324537 
512 857 668 1553519324553 
512 858 668 1553519324721 
512 856 664 1553519324737 
512 853 659 1553519324754 
512 848 655 1553519324771 
512 845 652 1553519324787 
512 843 649 1553519324805 
512 842 648 1553519324821 
512 839 644 1553519324838 
512 838 641 1553519324855 
512 836 640 1553519324872 
512 836 637 1553519324888 
512 836 635 1553519324905 
512 834 633 1553519324922 
513 834 633 1553519325058 
514 834 633 1553519325169 
512 834 634 1553519325222 
512 835 636 1553519325238 
512 837 638 1553519325256 
512 837 639 1553519325273 
512 838 641 1553519325289 
512 838 642 1553519325306 
512 840 644 1553519325441 
513 840 644 1553519325530 
514 840 644 1553519325704 
512 839 640 1553519325894 
512 831 630 1553519325911 
512 829 623 1553519325927 
512 821 605 1553519325943 
512 810 578 1553519325961 
512 803 562 1553519325977 
512 797 534 1553519325994 
512 797 498 1553519326011 
512 807 475 1553519326027 
512 825 454 1553519326044 
512 841 438 1553519326061 
512 858 424 1553519326078 
512 871 412 1553519326094 
512 881 406 1553519326111 
512 886 401 1553519326128 
512 890 399 1553519326145 
512 894 397 1553519326162 
512 898 397 1553519326179 
512 903 394 1553519326195 
512 906 393 1553519326213 
512 909 391 1553519326228 
512 912 389 1553519326244 
512 912 387 1553519326261 
512 912 385 1553519326294 
512 912 383 1553519326312 
512 912 379 1553519326328 
512 913 374 1553519326395 
512 914 373 1553519326413 
512 915 373 1553519326480 
512 921 372 1553519326513 
512 926 371 1553519326531 
512 929 371 1553519326547 
513 929 371 1553519326766 
514 929 371 1553519326925 
512 930 371 1553519326965 
512 925 371 1553519326981 
512 918 371 1553519326998 
512 902 371 1553519327016 
512 876 373 1553519327033 
512 843 375 1553519327049 
512 794 377 1553519327066 
512 734 377 1553519327083 
512 668 377 1553519327100 
512 611 377 1553519327116 
512 573 377 1553519327134 
512 548 377 1553519327150 
512 538 377 1553519327167 
512 535 377 1553519327184 
512 528 377 1553519327200 
512 524 377 1553519327217 
512 518 378 1553519327234 
512 511 379 1553519327250 
512 510 379 1553519327351 
512 508 380 1553519327368 
512 501 380 1553519327384 
512 494 382 1553519327402 
512 478 384 1553519327418 
512 460 384 1553519327434 
512 453 384 1553519327451 
512 454 384 1553519327569 
512 456 383 1553519327585 
512 457 382 1553519327602 
512 461 380 1553519327619 
512 464 379 1553519327636 
512 465 379 1553519327652 
512 468 378 1553519327670 
512 472 378 1553519327686 
512 476 376 1553519327703 
512 481 376 1553519327720 
512 484 375 1553519327737 
512 485 375 1553519327753 
513 485 375 1553519327907 
514 485 375 1553519327986 
512 483 375 1553519328003 
512 479 375 1553519328021 
512 473 375 1553519328038 
512 465 375 1553519328055 
513 465 375 1553519328293 
514 465 375 1553519328455 
512 463 375 1553519328692 
512 466 373 1553519328708 
512 478 367 1553519328725 
512 496 358 1553519328742 
512 515 351 1553519328759 
512 523 348 1553519328775 
512 527 348 1553519328792 
512 529 350 1553519328809 
512 532 360 1553519328825 
512 535 381 1553519328842 
512 537 430 1553519328858 
512 537 469 1553519328876 
512 537 505 1553519328893 
512 537 536 1553519328909 
512 538 562 1553519328926 
512 540 581 1553519328943 
512 541 591 1553519328960 
512 542 593 1553519328977 
512 544 595 1553519329043 
512 548 599 1553519329060 
512 552 602 1553519329077 
512 558 605 1553519329093 
512 564 610 1553519329110 
512 572 614 1553519329127 
512 575 616 1553519329144 
512 577 619 1553519329194 
512 578 622 1553519329228 
512 578 626 1553519329244 
512 576 633 1553519329261 
512 573 637 1553519329278 
512 571 639 1553519329295 
512 569 641 1553519329312 
512 568 641 1553519329395 
512 566 643 1553519329411 
512 564 644 1553519329428 
512 562 646 1553519329446 
512 561 646 1553519329629 
512 560 646 1553519329663 
512 559 646 1553519329679 
512 555 645 1553519329696 
512 552 642 1553519329714 
512 551 642 1553519329730 
513 551 642 1553519329839 
514 551 642 1553519330015 
512 551 641 1553519330116 
512 551 640 1553519330132 
512 552 639 1553519330149 
512 555 635 1553519330165 
512 559 634 1553519330182 
512 568 625 1553519330198 
512 579 618 1553519330214 
512 597 602 1553519330232 
512 617 578 1553519330248 
512 647 541 1553519330265 
512 682 490 1553519330281 
512 718 433 1553519330299 
512 742 366 1553519330317 
512 751 314 1553519330333 
512 753 272 1553519330350 
512 749 241 1553519330367 
512 744 219 1553519330383 
512 739 201 1553519330400 
512 736 189 1553519330417 
512 733 178 1553519330434 
512 732 174 1553519330450 
512 732 170 1553519330467 
512 731 165 1553519330484 
512 729 162 1553519330501 
512 727 157 1553519330517 
512 725 154 1553519330534 
512 724 154 1553519330551 
512 719 155 1553519330618 
512 710 161 1553519330635 
512 701 169 1553519330651 
512 693 176 1553519330668 
512 688 182 1553519330685 
512 683 189 1553519330702 
512 683 195 1553519330718 
512 683 196 1553519330736 
512 683 198 1553519330818 
512 685 201 1553519330836 
512 689 203 1553519330853 
512 691 203 1553519330886 
512 692 203 1553519330970 
512 693 203 1553519330986 
512 695 203 1553519331003 
512 700 204 1553519331020 
513 700 204 1553519331235 
514 700 204 1553519331400 
