512 699 203 1553605329462 
512 699 210 1553605329478 
512 699 216 1553605329496 
512 699 224 1553605329513 
512 699 237 1553605329528 
512 702 256 1553605329545 
512 709 281 1553605329563 
512 724 310 1553605329579 
512 750 351 1553605329595 
512 770 373 1553605329612 
512 790 393 1553605329630 
512 810 413 1553605329647 
512 830 431 1553605329663 
512 848 448 1553605329680 
512 861 460 1553605329697 
512 866 468 1553605329713 
512 869 476 1553605329729 
512 870 485 1553605329746 
512 870 492 1553605329763 
512 870 503 1553605329780 
512 870 524 1553605329797 
512 867 541 1553605329813 
512 859 559 1553605329830 
512 847 577 1553605329847 
512 836 594 1553605329863 
512 827 607 1553605329879 
512 823 612 1553605329896 
512 822 615 1553605329913 
512 820 618 1553605329929 
512 820 621 1553605329946 
512 820 625 1553605329962 
512 820 630 1553605329979 
512 820 632 1553605329997 
512 821 634 1553605330014 
512 821 636 1553605330030 
512 822 636 1553605330047 
512 824 637 1553605330063 
512 826 639 1553605330080 
512 831 640 1553605330097 
512 834 644 1553605330114 
512 837 644 1553605330130 
512 838 644 1553605330147 
512 839 644 1553605330347 
512 840 643 1553605330363 
513 840 643 1553605330485 
514 840 643 1553605330659 
512 841 643 1553605330764 
512 843 641 1553605330781 
512 849 636 1553605330797 
512 855 629 1553605330814 
512 863 623 1553605330830 
512 873 611 1553605330847 
512 877 606 1553605330864 
512 880 599 1553605330881 
512 885 589 1553605330897 
512 889 579 1553605330914 
512 890 569 1553605330931 
512 892 555 1553605330948 
512 892 526 1553605330964 
512 886 504 1553605330980 
512 876 493 1553605330998 
512 853 474 1553605331014 
512 816 453 1553605331030 
512 766 436 1553605331047 
512 715 425 1553605331064 
512 667 415 1553605331081 
512 632 406 1553605331097 
512 610 398 1553605331114 
512 598 392 1553605331130 
512 597 390 1553605331147 
512 595 388 1553605331198 
512 594 388 1553605331214 
512 593 388 1553605331231 
512 588 387 1553605331247 
512 581 384 1553605331264 
512 573 383 1553605331280 
512 567 380 1553605331298 
512 562 379 1553605331314 
512 556 378 1553605331331 
512 548 378 1553605331347 
512 542 378 1553605331364 
512 531 378 1553605331381 
512 516 378 1553605331398 
512 503 378 1553605331414 
512 491 378 1553605331431 
512 485 378 1553605331447 
512 484 378 1553605331598 
512 483 376 1553605331631 
512 483 373 1553605331648 
512 481 372 1553605331665 
512 479 370 1553605331682 
512 476 369 1553605331698 
512 474 369 1553605331715 
512 472 369 1553605331731 
512 468 368 1553605331748 
512 464 368 1553605331765 
512 465 370 1553605332015 
512 467 371 1553605332032 
512 470 375 1553605332048 
512 471 375 1553605332065 
512 471 376 1553605332082 
513 471 376 1553605332264 
514 471 376 1553605332422 
512 474 377 1553605332482 
512 479 377 1553605332499 
512 487 378 1553605332516 
512 494 379 1553605332533 
512 513 379 1553605332549 
512 539 379 1553605332566 
512 577 379 1553605332582 
512 622 376 1553605332599 
512 656 371 1553605332616 
512 677 365 1553605332632 
512 680 362 1553605332649 
512 687 355 1553605332665 
512 691 344 1553605332682 
512 693 336 1553605332699 
512 696 322 1553605332716 
512 697 305 1553605332732 
512 697 289 1553605332749 
512 697 273 1553605332766 
512 696 256 1553605332782 
512 693 241 1553605332799 
512 691 234 1553605332815 
512 689 226 1553605332832 
512 687 222 1553605332849 
512 687 219 1553605332898 
512 687 218 1553605332916 
512 687 216 1553605332932 
512 687 213 1553605332949 
512 688 211 1553605333032 
512 691 209 1553605333049 
512 697 208 1553605333065 
512 702 207 1553605333083 
512 704 206 1553605333099 
512 705 206 1553605333116 
513 705 206 1553605333304 
514 705 206 1553605333415 
512 705 207 1553605333783 
512 703 212 1553605333801 
512 700 220 1553605333816 
512 697 226 1553605333833 
512 695 232 1553605333849 
512 695 239 1553605333866 
512 694 252 1553605333883 
512 692 269 1553605333900 
512 689 288 1553605333916 
512 687 307 1553605333933 
512 687 324 1553605333949 
512 687 339 1553605333966 
512 687 349 1553605333983 
512 687 361 1553605334000 
512 687 368 1553605334017 
512 687 376 1553605334033 
512 689 386 1553605334050 
512 691 398 1553605334066 
512 694 411 1553605334084 
512 698 426 1553605334100 
512 702 437 1553605334116 
512 704 446 1553605334133 
512 709 455 1553605334149 
512 714 463 1553605334166 
512 724 474 1553605334182 
512 736 480 1553605334199 
512 754 486 1553605334217 
512 780 490 1553605334234 
512 811 489 1553605334250 
512 853 479 1553605334266 
512 886 465 1553605334283 
512 907 453 1553605334300 
512 919 444 1553605334317 
512 923 438 1553605334332 
512 925 433 1553605334350 
512 926 425 1553605334366 
512 927 419 1553605334383 
512 930 408 1553605334400 
512 932 400 1553605334417 
512 934 395 1553605334433 
512 936 390 1553605334450 
512 937 386 1553605334467 
512 937 385 1553605334567 
512 934 382 1553605334584 
512 931 379 1553605334600 
512 929 378 1553605334617 
512 926 377 1553605334634 
512 925 376 1553605334651 
512 923 374 1553605334667 
512 922 373 1553605334684 
512 921 372 1553605334701 
513 921 372 1553605334853 
514 921 372 1553605334995 
512 919 372 1553605335101 
512 919 373 1553605335118 
512 918 376 1553605335134 
512 917 379 1553605335151 
512 917 386 1553605335167 
512 917 389 1553605335184 
512 917 396 1553605335201 
512 917 406 1553605335218 
512 917 416 1553605335234 
512 917 421 1553605335251 
512 917 428 1553605335267 
512 915 440 1553605335284 
512 907 451 1553605335301 
512 892 467 1553605335318 
512 863 490 1553605335335 
512 824 519 1553605335351 
512 772 554 1553605335367 
512 709 589 1553605335384 
512 639 616 1553605335401 
512 589 633 1553605335417 
512 566 641 1553605335435 
512 565 642 1553605335451 
512 564 642 1553605335602 
512 563 640 1553605335634 
512 560 638 1553605335651 
512 557 638 1553605335668 
512 555 638 1553605335685 
512 553 638 1553605335752 
512 551 638 1553605335769 
512 550 638 1553605335785 
513 550 638 1553605335908 
514 550 638 1553605336067 
512 553 638 1553605336151 
512 555 638 1553605336168 
512 560 638 1553605336186 
512 564 638 1553605336202 
512 570 639 1553605336219 
512 576 639 1553605336235 
512 584 639 1553605336252 
512 608 633 1553605336268 
512 615 632 1553605336285 
512 615 634 1553605336385 
512 613 636 1553605336402 
512 611 639 1553605336418 
512 610 639 1553605336469 
512 605 641 1553605336486 
512 598 642 1553605336502 
512 592 644 1553605336519 
512 586 645 1553605336536 
512 582 645 1553605336552 
512 580 645 1553605336569 
512 578 645 1553605336603 
512 577 645 1553605336619 
512 572 644 1553605336636 
512 568 643 1553605336652 
512 565 642 1553605336669 
512 564 642 1553605336685 
513 564 642 1553605336900 
514 564 642 1553605337043 
512 567 642 1553605337136 
512 573 642 1553605337153 
512 584 641 1553605337170 
512 594 637 1553605337187 
512 614 628 1553605337203 
512 632 617 1553605337220 
512 654 603 1553605337236 
512 679 581 1553605337253 
512 691 566 1553605337270 
512 702 546 1553605337286 
512 715 523 1553605337303 
512 726 498 1553605337319 
512 736 481 1553605337336 
512 738 479 1553605337353 
512 739 479 1553605337370 
512 741 480 1553605337386 
512 744 487 1553605337403 
512 748 500 1553605337419 
512 754 525 1553605337436 
512 759 544 1553605337452 
512 762 562 1553605337470 
512 764 578 1553605337486 
512 766 593 1553605337503 
512 768 603 1553605337520 
512 768 607 1553605337537 
512 768 609 1553605337553 
512 768 613 1553605337569 
512 769 617 1553605337586 
512 770 621 1553605337603 
512 773 627 1553605337620 
512 779 635 1553605337636 
512 784 638 1553605337653 
512 789 641 1553605337670 
512 791 641 1553605337686 
512 796 642 1553605337703 
512 803 642 1553605337720 
512 815 642 1553605337736 
512 821 642 1553605337753 
512 827 642 1553605337770 
512 829 642 1553605337787 
512 831 641 1553605337803 
512 832 641 1553605338121 
512 833 641 1553605338137 
512 836 641 1553605338336 
512 839 642 1553605338353 
512 840 643 1553605338370 
512 842 645 1553605338387 
513 842 645 1553605338569 
514 842 645 1553605338711 
512 843 645 1553605338719 
512 841 640 1553605338736 
512 840 633 1553605338753 
512 840 625 1553605338770 
512 840 619 1553605338787 
512 840 612 1553605338804 
512 840 603 1553605338820 
512 842 589 1553605338838 
512 848 571 1553605338854 
512 851 551 1553605338871 
512 854 527 1553605338887 
512 856 502 1553605338904 
512 861 474 1553605338921 
512 864 458 1553605338938 
512 867 442 1553605338954 
512 869 425 1553605338969 
512 872 408 1553605338987 
512 875 397 1553605339003 
512 877 396 1553605339021 
512 880 393 1553605339037 
512 884 391 1553605339054 
512 889 389 1553605339071 
512 895 387 1553605339088 
512 904 382 1553605339104 
512 907 380 1553605339121 
512 912 377 1553605339137 
512 915 373 1553605339154 
512 915 372 1553605339171 
512 917 372 1553605339338 
512 920 373 1553605339355 
512 924 374 1553605339371 
512 930 377 1553605339388 
512 937 382 1553605339405 
512 946 387 1553605339421 
512 949 388 1553605339438 
512 951 388 1553605339455 
512 948 387 1553605339671 
512 942 383 1553605339687 
512 934 380 1553605339704 
512 929 377 1553605339721 
512 928 377 1553605339738 
512 926 377 1553605339755 
512 925 377 1553605339838 
512 924 377 1553605339855 
512 923 377 1553605339872 
512 922 377 1553605339888 
513 922 377 1553605340008 
514 922 377 1553605340199 
512 917 377 1553605340422 
512 910 377 1553605340439 
512 902 377 1553605340456 
512 895 377 1553605340472 
512 853 377 1553605340488 
512 796 377 1553605340506 
512 717 377 1553605340522 
512 635 379 1553605340539 
512 557 388 1553605340555 
512 492 396 1553605340572 
512 448 402 1553605340589 
512 418 404 1553605340605 
512 399 406 1553605340622 
512 398 406 1553605340639 
512 398 404 1553605340739 
512 398 402 1553605340755 
512 400 399 1553605340772 
512 402 396 1553605340789 
512 403 394 1553605340806 
512 408 393 1553605340856 
512 418 389 1553605340872 
512 427 388 1553605340889 
512 438 387 1553605340906 
512 449 385 1553605340922 
512 454 384 1553605340939 
512 456 383 1553605341056 
512 459 382 1553605341073 
512 460 382 1553605341089 
512 462 381 1553605341173 
512 464 380 1553605341189 
512 468 376 1553605341206 
512 469 375 1553605341223 
512 470 374 1553605341240 
513 470 374 1553605341436 
514 470 374 1553605341594 
512 471 374 1553605341756 
512 474 373 1553605341773 
512 482 371 1553605341790 
512 506 367 1553605341807 
512 540 361 1553605341823 
512 569 356 1553605341840 
512 590 353 1553605341857 
512 600 351 1553605341874 
512 602 351 1553605341889 
512 602 354 1553605341906 
512 602 359 1553605341923 
512 602 366 1553605341939 
512 600 384 1553605341956 
512 595 399 1553605341973 
512 587 420 1553605341990 
512 578 445 1553605342007 
512 568 478 1553605342024 
512 556 519 1553605342040 
512 546 555 1553605342056 
512 538 583 1553605342073 
512 535 600 1553605342091 
512 534 608 1553605342106 
512 534 613 1553605342124 
512 534 617 1553605342140 
512 534 621 1553605342156 
512 538 625 1553605342173 
512 542 629 1553605342190 
512 544 630 1553605342207 
512 546 631 1553605342223 
512 547 632 1553605342241 
512 548 632 1553605342256 
512 550 634 1553605342273 
512 553 636 1553605342290 
512 554 638 1553605342307 
512 556 641 1553605342324 
512 558 642 1553605342340 
512 560 642 1553605342407 
513 560 642 1553605342588 
514 560 642 1553605342731 
512 561 641 1553605342773 
512 561 640 1553605342790 
512 561 636 1553605342808 
512 561 632 1553605342824 
512 561 626 1553605342840 
512 561 621 1553605342858 
512 563 611 1553605342874 
512 572 594 1553605342891 
512 583 573 1553605342908 
512 607 529 1553605342924 
512 626 492 1553605342941 
512 643 461 1553605342957 
512 659 434 1553605342975 
512 670 412 1553605342991 
512 678 388 1553605343008 
512 682 368 1553605343024 
512 686 344 1553605343041 
512 687 321 1553605343058 
512 688 300 1553605343074 
512 689 286 1553605343091 
512 689 275 1553605343108 
512 690 258 1553605343124 
512 692 245 1553605343141 
512 692 237 1553605343158 
512 692 235 1553605343175 
512 692 233 1553605343191 
512 692 230 1553605343258 
512 692 228 1553605343274 
512 692 225 1553605343291 
512 693 223 1553605343307 
512 694 220 1553605343325 
512 695 218 1553605343341 
512 697 215 1553605343358 
512 701 212 1553605343374 
512 701 210 1553605343391 
512 702 209 1553605343407 
512 703 207 1553605343424 
512 704 207 1553605343441 
513 704 207 1553605343596 
514 704 207 1553605343754 
