512 704 207 1556551024229
512 708 214 1556551024246
512 716 236 1556551024263
512 730 288 1556551024279
512 749 384 1556551024296
512 771 480 1556551024313
512 784 523 1556551024329
512 786 534 1556551024346
512 788 537 1556551024363
512 790 540 1556551024379
512 794 546 1556551024396
512 794 548 1556551024413
512 795 548 1556551024429
512 800 551 1556551024446
512 808 556 1556551024463
512 818 565 1556551024479
512 828 576 1556551024496
512 835 586 1556551024513
512 837 590 1556551024529
512 839 593 1556551024546
512 844 601 1556551024563
512 850 611 1556551024579
512 854 620 1556551024596
512 854 622 1556551024613
512 854 626 1556551024629
512 854 630 1556551024646
512 851 632 1556551024663
512 850 634 1556551024679
512 850 636 1556551024696
512 849 638 1556551024713
512 849 643 1556551024729
512 849 647 1556551024746
512 848 649 1556551024763
512 848 651 1556551024780
513 848 651 1556551024884
512 847 651 1556551024955
514 847 651 1556551024956
512 847 651 1556551024963
512 846 648 1556551024980
512 845 645 1556551024996
512 845 644 1556551025013
512 845 642 1556551025030
512 844 641 1556551025063
512 844 639 1556551025097
512 844 638 1556551025113
512 844 632 1556551025130
512 844 627 1556551025147
512 844 615 1556551025163
512 837 592 1556551025180
512 820 569 1556551025197
512 800 556 1556551025213
512 773 544 1556551025230
512 731 533 1556551025247
512 692 523 1556551025263
512 668 514 1556551025280
512 644 505 1556551025297
512 624 495 1556551025313
512 617 486 1556551025330
512 604 476 1556551025347
512 579 458 1556551025364
512 556 447 1556551025380
512 534 437 1556551025397
512 510 426 1556551025413
512 491 419 1556551025430
512 488 418 1556551025447
512 488 417 1556551025464
512 486 416 1556551025513
512 484 415 1556551025530
512 482 413 1556551025547
512 481 413 1556551025564
512 481 410 1556551025580
512 481 408 1556551025597
512 481 402 1556551025613
512 481 399 1556551025630
512 480 396 1556551025647
512 479 393 1556551025664
512 477 391 1556551025680
512 477 389 1556551025697
512 476 387 1556551025714
512 476 386 1556551025747
512 476 384 1556551025764
512 476 383 1556551025780
512 476 379 1556551025797
512 476 376 1556551025813
513 476 376 1556551025844
514 476 376 1556551025899
512 486 376 1556551025964
512 501 375 1556551025980
512 522 375 1556551025997
512 544 375 1556551026014
512 570 381 1556551026030
512 603 387 1556551026047
512 643 394 1556551026064
512 675 395 1556551026081
512 703 395 1556551026097
512 724 395 1556551026114
512 735 395 1556551026131
512 745 393 1556551026147
512 753 385 1556551026164
512 754 372 1556551026181
512 752 358 1556551026197
512 743 342 1556551026214
512 738 324 1556551026231
512 732 297 1556551026247
512 723 275 1556551026264
512 716 260 1556551026281
512 709 248 1556551026297
512 706 240 1556551026314
512 703 235 1556551026331
512 702 234 1556551026347
512 701 232 1556551026364
512 700 231 1556551026381
512 699 228 1556551026397
512 699 226 1556551026414
512 698 225 1556551026431
512 696 223 1556551026464
512 695 222 1556551026481
512 693 220 1556551026497
512 690 216 1556551026514
512 688 212 1556551026531
512 687 211 1556551026547
512 687 209 1556551026564
513 687 209 1556551026629
514 687 209 1556551026675
512 695 211 1556551026814
512 715 219 1556551026831
512 744 228 1556551026848
512 771 236 1556551026864
512 783 238 1556551026881
512 789 239 1556551026898
512 790 239 1556551026914
512 791 239 1556551026931
512 789 239 1556551027015
512 774 238 1556551027031
512 760 234 1556551027048
512 748 229 1556551027065
512 741 226 1556551027081
512 735 223 1556551027098
512 732 221 1556551027115
512 724 218 1556551027131
512 716 216 1556551027148
512 712 215 1556551027165
512 708 213 1556551027181
512 706 213 1556551027265
512 703 211 1556551027281
512 701 210 1556551027298
512 689 208 1556551027315
512 686 206 1556551027331
512 685 206 1556551027348
513 685 206 1556551027380
514 685 206 1556551027435
512 687 205 1556551027648
512 689 205 1556551027665
512 691 204 1556551027682
512 693 203 1556551027698
512 695 203 1556551027715
512 698 203 1556551027732
513 698 203 1556551027828
514 698 203 1556551027891
512 703 204 1556551028149
512 728 228 1556551028165
512 786 276 1556551028182
512 839 315 1556551028199
512 863 329 1556551028215
512 873 336 1556551028232
512 877 343 1556551028249
512 881 348 1556551028265
512 886 354 1556551028282
512 892 356 1556551028299
512 894 357 1556551028315
512 895 358 1556551028332
512 896 359 1556551028399
512 897 361 1556551028416
512 897 362 1556551028432
512 901 367 1556551028449
512 908 371 1556551028465
512 912 374 1556551028482
512 916 376 1556551028499
512 916 378 1556551028515
512 916 383 1556551028532
512 916 386 1556551028549
512 917 387 1556551028565
512 919 386 1556551028682
512 920 384 1556551028699
512 920 382 1556551028716
512 921 381 1556551028732
512 922 379 1556551028749
512 923 378 1556551028766
512 926 376 1556551028782
512 926 374 1556551028799
513 926 374 1556551028860
514 926 374 1556551028923
512 926 373 1556551028949
512 926 372 1556551029083
512 923 372 1556551029099
512 922 373 1556551029116
512 921 373 1556551029133
512 916 373 1556551029149
512 902 377 1556551029166
512 885 381 1556551029183
512 866 391 1556551029199
512 845 406 1556551029216
512 825 422 1556551029232
512 810 440 1556551029249
512 798 456 1556551029266
512 784 475 1556551029282
512 762 502 1556551029299
512 744 518 1556551029316
512 722 533 1556551029332
512 695 550 1556551029349
512 672 564 1556551029366
512 651 578 1556551029383
512 635 586 1556551029400
512 619 593 1556551029416
512 604 597 1556551029433
512 589 601 1556551029450
512 576 606 1556551029466
512 564 612 1556551029484
512 562 614 1556551029500
512 562 615 1556551029533
512 562 616 1556551029550
512 562 617 1556551029583
512 562 621 1556551029600
512 562 627 1556551029616
512 564 635 1556551029633
512 564 641 1556551029650
512 564 644 1556551029666
512 565 646 1556551029683
512 565 647 1556551029700
513 565 647 1556551029836
514 565 647 1556551029907
512 567 644 1556551030016
512 572 643 1556551030033
512 579 639 1556551030050
512 598 633 1556551030066
512 629 616 1556551030083
512 646 601 1556551030100
512 656 590 1556551030117
512 668 579 1556551030133
512 684 569 1556551030150
512 713 558 1556551030167
512 737 548 1556551030183
512 756 543 1556551030200
512 766 543 1556551030216
512 771 543 1556551030233
512 771 549 1556551030250
512 771 570 1556551030267
512 772 596 1556551030283
512 775 615 1556551030300
512 781 631 1556551030317
512 790 641 1556551030333
512 799 644 1556551030350
512 813 645 1556551030367
512 819 645 1556551030384
512 822 645 1556551030400
512 824 645 1556551030433
512 826 645 1556551030450
512 832 643 1556551030467
512 836 641 1556551030484
512 840 641 1556551030500
512 842 641 1556551030517
512 843 641 1556551030584
513 843 641 1556551030693
514 843 641 1556551030755
512 843 640 1556551030834
512 843 639 1556551030850
512 845 635 1556551030867
512 850 626 1556551030884
512 854 617 1556551030901
512 858 607 1556551030917
512 861 598 1556551030934
512 867 590 1556551030951
512 873 584 1556551030967
512 881 575 1556551030983
512 891 562 1556551031001
512 899 548 1556551031017
512 906 528 1556551031034
512 910 499 1556551031051
512 910 482 1556551031067
512 910 470 1556551031084
512 910 456 1556551031101
512 910 445 1556551031117
512 910 436 1556551031134
512 910 428 1556551031151
512 910 421 1556551031168
512 910 414 1556551031184
512 910 410 1556551031201
512 910 409 1556551031218
512 911 406 1556551031234
512 912 402 1556551031251
512 915 400 1556551031267
512 916 398 1556551031284
512 918 395 1556551031301
512 920 392 1556551031318
512 923 388 1556551031334
512 925 386 1556551031351
512 926 383 1556551031368
512 928 380 1556551031385
512 928 379 1556551031401
513 928 379 1556551031508
514 928 379 1556551031571
512 928 378 1556551031668
512 927 375 1556551031684
512 916 371 1556551031701
512 902 368 1556551031718
512 878 365 1556551031734
512 854 365 1556551031751
512 828 365 1556551031768
512 806 362 1556551031784
512 788 359 1556551031801
512 763 355 1556551031818
512 719 355 1556551031835
512 682 355 1556551031851
512 640 355 1556551031868
512 606 355 1556551031884
512 583 354 1556551031901
512 566 353 1556551031918
512 554 353 1556551031934
512 544 353 1556551031951
512 534 354 1556551031968
512 519 360 1556551031985
512 504 366 1556551032001
512 494 371 1556551032018
512 484 375 1556551032035
512 482 377 1556551032051
512 479 378 1556551032134
512 474 379 1556551032151
512 471 381 1556551032168
512 468 381 1556551032185
513 468 381 1556551032331
514 468 381 1556551032395
512 475 381 1556551032485
512 486 383 1556551032502
512 503 388 1556551032518
512 517 391 1556551032535
512 530 392 1556551032552
512 541 393 1556551032568
512 553 394 1556551032585
512 562 394 1556551032602
512 576 394 1556551032618
512 606 402 1556551032635
512 632 414 1556551032652
512 654 433 1556551032668
512 665 453 1556551032685
512 666 473 1556551032702
512 663 497 1556551032719
512 649 521 1556551032735
512 634 546 1556551032751
512 620 566 1556551032768
512 607 584 1556551032785
512 601 599 1556551032802
512 596 612 1556551032819
512 593 617 1556551032835
512 592 617 1556551032869
512 589 617 1556551032885
512 582 617 1556551032902
512 577 618 1556551032919
512 572 621 1556551032935
512 569 623 1556551032952
512 568 624 1556551032969
512 568 625 1556551032985
512 567 625 1556551033019
512 567 627 1556551033035
512 565 629 1556551033052
512 565 630 1556551033069
512 564 632 1556551033085
512 564 633 1556551033102
512 564 634 1556551033119
512 563 635 1556551033135
512 563 637 1556551033152
512 563 640 1556551033169
512 563 643 1556551033185
512 563 644 1556551033202
513 563 644 1556551033260
514 563 644 1556551033315
512 564 643 1556551033369
512 578 639 1556551033386
512 591 637 1556551033402
512 609 632 1556551033419
512 622 629 1556551033436
512 630 628 1556551033452
512 637 625 1556551033469
512 648 622 1556551033486
512 663 618 1556551033502
512 683 608 1556551033519
512 709 595 1556551033536
512 742 576 1556551033552
512 775 553 1556551033569
512 797 528 1556551033586
512 800 495 1556551033603
512 794 474 1556551033619
512 784 457 1556551033636
512 778 437 1556551033653
512 770 416 1556551033669
512 767 394 1556551033686
512 763 373 1556551033703
512 761 352 1556551033719
512 759 333 1556551033736
512 758 316 1556551033753
512 756 297 1556551033770
512 754 283 1556551033786
512 751 260 1556551033803
512 745 246 1556551033820
512 742 235 1556551033836
512 738 225 1556551033853
512 734 217 1556551033869
512 731 212 1556551033886
512 728 209 1556551033903
512 726 207 1556551033920
512 723 204 1556551033936
512 721 204 1556551033953
512 718 202 1556551033969
512 715 201 1556551033986
512 714 201 1556551034053
512 712 201 1556551034070
512 710 201 1556551034086
512 706 202 1556551034103
512 703 203 1556551034119
512 702 203 1556551034136
512 701 205 1556551034153
512 700 206 1556551034203
513 700 206 1556551034268
514 700 206 1556551034323