512 702 214 1556632955758
512 705 220 1556632955775
512 710 236 1556632955792
512 712 247 1556632955808
512 714 254 1556632955825
512 718 263 1556632955841
512 720 271 1556632955858
512 724 281 1556632955875
512 725 287 1556632955891
512 728 291 1556632955908
512 732 299 1556632955924
512 738 316 1556632955942
512 751 345 1556632955958
512 769 380 1556632955975
512 779 404 1556632955992
512 789 428 1556632956008
512 798 450 1556632956025
512 807 468 1556632956041
512 811 489 1556632956058
512 817 510 1556632956075
512 818 525 1556632956092
512 818 539 1556632956109
512 818 548 1556632956125
512 818 551 1556632956142
512 818 552 1556632956159
512 818 560 1556632956175
512 818 568 1556632956191
512 818 577 1556632956208
512 818 585 1556632956225
512 821 595 1556632956242
512 824 599 1556632956259
512 826 600 1556632956275
512 834 606 1556632956292
512 843 611 1556632956309
512 849 618 1556632956325
512 853 624 1556632956341
512 856 632 1556632956358
512 856 636 1556632956375
512 856 638 1556632956392
512 856 639 1556632956425
512 853 640 1556632956475
512 848 642 1556632956491
512 845 642 1556632956508
512 843 642 1556632956525
512 843 643 1556632956542
512 842 643 1556632956576
512 840 643 1556632956592
512 837 643 1556632956609
512 835 643 1556632956625
513 835 643 1556632956680
512 835 643 1556632956692
512 834 642 1556632956724
514 834 642 1556632956742
512 834 642 1556632956757
512 834 641 1556632956774
512 834 639 1556632956792
512 835 639 1556632956892
512 836 639 1556632956909
512 829 635 1556632957058
512 809 629 1556632957075
512 797 621 1556632957092
512 786 600 1556632957109
512 774 572 1556632957125
512 747 533 1556632957142
512 727 507 1556632957159
512 693 452 1556632957175
512 679 423 1556632957192
512 661 402 1556632957209
512 647 382 1556632957225
512 638 366 1556632957242
512 627 351 1556632957259
512 614 343 1556632957276
512 599 334 1556632957291
512 567 328 1556632957308
512 535 323 1556632957325
512 506 320 1556632957341
512 466 315 1556632957359
512 449 317 1556632957376
512 440 324 1556632957392
512 437 338 1556632957409
512 437 351 1556632957426
512 446 362 1556632957443
512 451 369 1556632957459
512 454 375 1556632957476
512 459 380 1556632957493
512 462 384 1556632957509
512 467 387 1556632957526
512 470 388 1556632957543
512 473 390 1556632957559
512 474 390 1556632957576
512 478 390 1556632957593
512 480 390 1556632957609
512 484 390 1556632957627
512 484 389 1556632957642
512 484 387 1556632957659
512 484 385 1556632957676
512 484 383 1556632957692
512 484 380 1556632957709
512 484 378 1556632957743
512 483 377 1556632957760
512 482 377 1556632957793
512 480 377 1556632957810
513 480 377 1556632957889
512 480 377 1556632957893
514 480 377 1556632957943
512 483 378 1556632957993
512 496 382 1556632958010
512 512 384 1556632958027
512 527 389 1556632958043
512 543 394 1556632958060
512 562 399 1556632958077
512 579 400 1556632958093
512 600 403 1556632958110
512 622 405 1556632958127
512 654 411 1556632958143
512 681 421 1556632958160
512 716 430 1556632958177
512 745 436 1556632958193
512 770 439 1556632958210
512 792 439 1556632958227
512 803 435 1556632958243
512 804 427 1556632958260
512 796 411 1556632958277
512 774 390 1556632958293
512 746 361 1556632958311
512 721 334 1556632958327
512 705 320 1556632958342
512 696 311 1556632958359
512 694 308 1556632958375
512 694 306 1556632958392
512 694 304 1556632958410
512 694 302 1556632958427
512 695 298 1556632958443
512 696 294 1556632958459
512 699 290 1556632958476
512 703 283 1556632958494
512 705 275 1556632958510
512 707 262 1556632958527
512 707 252 1556632958544
512 708 237 1556632958560
512 708 226 1556632958577
512 708 218 1556632958593
512 707 211 1556632958610
512 706 208 1556632958627
512 705 205 1556632958644
512 705 204 1556632958660
513 705 204 1556632958769
512 705 204 1556632958777
514 705 204 1556632958839
512 710 210 1556632958894
512 718 220 1556632958911
512 729 238 1556632958927
512 738 253 1556632958944
512 746 268 1556632958961
512 757 284 1556632958977
512 773 305 1556632958994
512 786 329 1556632959011
512 796 348 1556632959027
512 800 355 1556632959044
512 807 366 1556632959061
512 820 381 1556632959077
512 835 399 1556632959094
512 858 418 1556632959111
512 874 427 1556632959127
512 889 430 1556632959144
512 908 430 1556632959161
512 926 430 1556632959177
512 940 430 1556632959194
512 950 430 1556632959211
512 958 428 1556632959227
512 962 425 1556632959244
512 965 422 1556632959261
512 965 421 1556632959277
512 966 415 1556632959294
512 966 409 1556632959311
512 965 401 1556632959328
512 964 400 1556632959344
512 959 396 1556632959361
512 954 393 1556632959377
512 950 391 1556632959394
512 944 389 1556632959412
512 941 387 1556632959428
512 940 385 1556632959444
512 940 384 1556632959461
512 938 382 1556632959478
512 938 380 1556632959494
512 936 378 1556632959528
512 935 378 1556632959544
512 935 377 1556632959578
512 934 375 1556632959611
513 934 375 1556632959672
512 934 375 1556632959678
514 934 375 1556632959719
512 933 375 1556632959928
512 931 375 1556632959944
512 921 378 1556632959961
512 904 381 1556632959978
512 887 389 1556632959995
512 872 396 1556632960011
512 857 407 1556632960028
512 841 418 1556632960045
512 820 430 1556632960061
512 807 441 1556632960078
512 790 455 1556632960095
512 759 477 1556632960112
512 743 491 1556632960128
512 726 504 1556632960145
512 716 517 1556632960161
512 706 529 1556632960178
512 695 538 1556632960195
512 683 548 1556632960211
512 668 559 1556632960228
512 653 569 1556632960245
512 637 579 1556632960261
512 627 587 1556632960278
512 617 595 1556632960295
512 611 608 1556632960311
512 608 612 1556632960328
512 603 618 1556632960345
512 597 622 1556632960361
512 589 625 1556632960378
512 580 626 1556632960395
512 575 627 1556632960412
512 572 630 1556632960428
512 568 632 1556632960445
512 567 634 1556632960462
512 565 637 1556632960478
512 563 640 1556632960495
512 561 642 1556632960512
512 560 643 1556632960528
512 559 643 1556632960545
513 559 643 1556632960640
512 559 643 1556632960645
514 559 643 1556632960695
512 559 642 1556632960762
512 561 641 1556632960779
512 561 640 1556632960829
512 561 639 1556632960845
512 561 637 1556632960879
512 561 636 1556632960895
512 561 635 1556632960912
512 561 634 1556632960945
512 561 632 1556632960962
512 562 632 1556632960995
512 568 629 1556632961012
512 579 626 1556632961029
512 596 623 1556632961045
512 617 623 1556632961062
512 637 623 1556632961079
512 658 623 1556632961095
512 672 623 1556632961112
512 681 623 1556632961129
512 692 625 1556632961145
512 705 629 1556632961162
512 719 633 1556632961179
512 732 634 1556632961196
512 744 635 1556632961212
512 754 636 1556632961229
512 765 638 1556632961246
512 770 639 1556632961262
512 776 640 1556632961279
512 781 642 1556632961296
512 786 642 1556632961312
512 791 643 1556632961329
512 796 643 1556632961345
512 801 643 1556632961362
512 810 643 1556632961379
512 816 643 1556632961396
512 821 643 1556632961412
512 827 643 1556632961429
512 832 643 1556632961446
512 834 643 1556632961462
512 838 643 1556632961479
512 840 643 1556632961496
512 841 643 1556632961512
512 842 643 1556632961529
513 842 643 1556632961640
512 842 643 1556632961646
514 842 643 1556632961703
512 845 640 1556632962013
512 851 627 1556632962030
512 860 606 1556632962046
512 868 578 1556632962063
512 872 532 1556632962079
512 872 501 1556632962096
512 872 479 1556632962113
512 872 469 1556632962129
512 872 463 1556632962146
512 872 459 1556632962163
512 873 456 1556632962180
512 874 455 1556632962196
512 875 450 1556632962213
512 877 448 1556632962230
512 881 443 1556632962247
512 888 434 1556632962263
512 895 428 1556632962280
512 905 422 1556632962296
512 916 415 1556632962313
512 928 406 1556632962330
512 937 400 1556632962346
512 941 396 1556632962363
512 945 392 1556632962380
512 945 391 1556632962396
512 945 389 1556632962413
512 944 387 1556632962430
512 944 385 1556632962447
512 943 384 1556632962463
512 940 381 1556632962480
512 938 378 1556632962496
512 936 377 1556632962513
512 935 377 1556632962530
512 934 377 1556632962580
512 934 376 1556632962630
513 934 376 1556632962672
512 934 376 1556632962680
514 934 376 1556632962735
512 933 375 1556632962963
512 927 375 1556632962980
512 914 376 1556632962997
512 894 382 1556632963013
512 867 388 1556632963030
512 809 396 1556632963047
512 772 396 1556632963064
512 741 398 1556632963080
512 713 398 1556632963097
512 687 398 1556632963114
512 669 398 1556632963130
512 648 398 1556632963146
512 623 398 1556632963162
512 595 398 1556632963179
512 573 398 1556632963196
512 552 397 1556632963213
512 537 394 1556632963230
512 527 391 1556632963247
512 524 390 1556632963264
512 522 388 1556632963280
512 520 386 1556632963297
512 518 386 1556632963314
512 517 385 1556632963330
512 516 384 1556632963346
512 514 383 1556632963380
512 510 382 1556632963396
512 502 379 1556632963413
512 492 377 1556632963430
512 484 376 1556632963446
512 474 374 1556632963463
512 470 372 1556632963480
513 470 372 1556632963624
512 470 372 1556632963631
512 468 372 1556632963687
514 468 372 1556632963687
512 468 372 1556632963697
512 468 374 1556632963981
512 471 386 1556632963997
512 479 404 1556632964014
512 497 451 1556632964031
512 503 476 1556632964048
512 505 498 1556632964064
512 510 521 1556632964081
512 519 551 1556632964098
512 532 584 1556632964114
512 540 606 1556632964129
512 546 625 1556632964146
512 550 637 1556632964163
512 551 642 1556632964180
512 551 643 1556632964198
512 551 646 1556632964214
512 550 652 1556632964231
512 550 655 1556632964248
512 550 657 1556632964264
512 550 659 1556632964281
512 550 660 1556632964298
512 551 660 1556632964314
512 554 659 1556632964431
512 557 653 1556632964448
512 560 649 1556632964465
512 562 646 1556632964481
512 564 643 1556632964498
512 564 641 1556632964514
512 564 640 1556632964531
513 564 640 1556632964600
512 564 640 1556632964615
514 564 640 1556632964679
512 565 640 1556632964981
512 568 634 1556632964998
512 574 618 1556632965014
512 590 582 1556632965031
512 604 547 1556632965048
512 620 506 1556632965064
512 634 456 1556632965081
512 644 415 1556632965098
512 652 371 1556632965114
512 656 335 1556632965131
512 662 304 1556632965147
512 665 282 1556632965163
512 669 268 1556632965179
512 673 260 1556632965196
512 676 254 1556632965213
512 678 249 1556632965229
512 680 246 1556632965246
512 682 243 1556632965263
512 683 242 1556632965279
512 683 241 1556632965296
512 683 240 1556632965332
512 685 239 1556632965348
512 687 237 1556632965363
512 688 234 1556632965380
512 689 230 1556632965399
512 690 221 1556632965415
512 692 214 1556632965431
512 692 209 1556632965448
512 692 208 1556632965464
513 692 208 1556632965608
512 692 208 1556632965615
514 692 208 1556632965679