512 698 205 1556632976090
512 698 206 1556632976173
512 698 213 1556632976190
512 698 228 1556632976206
512 705 262 1556632976223
512 709 284 1556632976240
512 713 305 1556632976256
512 717 322 1556632976273
512 723 343 1556632976290
512 731 368 1556632976306
512 742 395 1556632976323
512 757 431 1556632976340
512 784 478 1556632976356
512 803 517 1556632976373
512 814 542 1556632976390
512 822 560 1556632976407
512 834 588 1556632976423
512 840 604 1556632976440
512 844 616 1556632976456
512 846 627 1556632976473
512 848 634 1556632976490
512 849 637 1556632976507
512 849 638 1556632976557
512 849 640 1556632976590
512 848 641 1556632976623
512 847 642 1556632976640
512 847 643 1556632976657
513 847 643 1556632976792
512 847 643 1556632976807
514 847 643 1556632976863
512 847 641 1556632977007
512 850 632 1556632977024
512 855 618 1556632977040
512 862 596 1556632977057
512 864 578 1556632977074
512 868 562 1556632977090
512 868 554 1556632977107
512 860 545 1556632977124
512 841 540 1556632977140
512 810 530 1556632977157
512 781 519 1556632977174
512 760 508 1556632977190
512 728 487 1556632977207
512 708 478 1556632977224
512 692 474 1556632977240
512 676 469 1556632977257
512 662 466 1556632977274
512 645 460 1556632977290
512 631 455 1556632977307
512 615 448 1556632977324
512 605 443 1556632977340
512 598 439 1556632977357
512 592 434 1556632977374
512 583 428 1556632977391
512 564 422 1556632977407
512 554 417 1556632977424
512 545 413 1556632977441
512 535 408 1556632977457
512 532 405 1556632977474
512 526 402 1556632977491
512 522 401 1556632977507
512 519 399 1556632977524
512 516 397 1556632977541
512 513 394 1556632977557
512 506 391 1556632977574
512 503 390 1556632977591
512 501 389 1556632977608
512 497 387 1556632977624
512 493 385 1556632977641
512 488 383 1556632977657
512 487 383 1556632977674
512 486 383 1556632977691
512 485 382 1556632977724
512 483 381 1556632977741
512 482 381 1556632977758
512 481 380 1556632977791
512 480 379 1556632977824
512 477 377 1556632977841
512 475 377 1556632977857
513 475 377 1556632977936
512 475 377 1556632977941
514 475 377 1556632977999
512 479 377 1556632978074
512 484 377 1556632978091
512 486 377 1556632978108
512 490 378 1556632978124
512 493 379 1556632978141
512 501 380 1556632978158
512 508 381 1556632978174
512 528 386 1556632978191
512 543 390 1556632978208
512 556 392 1556632978224
512 569 392 1556632978241
512 573 392 1556632978258
512 577 392 1556632978274
512 581 386 1556632978291
512 585 378 1556632978308
512 595 364 1556632978324
512 608 344 1556632978341
512 628 318 1556632978358
512 654 294 1556632978374
512 664 281 1556632978391
512 669 274 1556632978408
512 674 268 1556632978425
512 677 261 1556632978441
512 681 255 1556632978458
512 685 248 1556632978475
512 687 243 1556632978491
512 690 238 1556632978508
512 690 234 1556632978525
512 690 233 1556632978541
512 690 230 1556632978558
512 690 226 1556632978575
512 690 225 1556632978591
512 690 224 1556632978608
512 690 223 1556632978625
512 690 221 1556632978641
512 690 220 1556632978691
512 690 218 1556632978708
512 692 216 1556632978725
512 693 214 1556632978741
512 693 212 1556632978758
512 694 211 1556632978775
513 694 211 1556632978825
512 694 211 1556632978826
514 694 211 1556632978894
512 695 210 1556632978908
512 696 210 1556632978959
512 697 210 1556632979008
512 702 213 1556632979025
512 714 226 1556632979042
512 727 247 1556632979059
512 742 269 1556632979075
512 757 294 1556632979092
512 776 324 1556632979109
512 794 351 1556632979125
512 813 377 1556632979142
512 836 394 1556632979159
512 846 396 1556632979175
512 861 396 1556632979192
512 872 396 1556632979209
512 879 396 1556632979225
512 885 395 1556632979242
512 888 393 1556632979259
512 891 391 1556632979275
512 895 389 1556632979292
512 898 386 1556632979309
512 901 382 1556632979325
512 902 380 1556632979342
512 903 378 1556632979359
512 905 377 1556632979375
512 907 375 1556632979392
512 908 375 1556632979409
512 910 375 1556632979442
512 911 375 1556632979459
512 913 375 1556632979475
512 916 375 1556632979525
512 917 375 1556632979542
512 918 375 1556632979559
512 919 375 1556632979575
512 921 375 1556632979625
512 922 375 1556632979642
512 925 375 1556632979659
512 927 374 1556632979676
512 929 373 1556632979709
513 929 373 1556632979720
512 929 373 1556632979726
514 929 373 1556632979807
512 929 375 1556632979842
512 929 383 1556632979859
512 929 398 1556632979876
512 929 415 1556632979892
512 928 425 1556632979909
512 928 429 1556632979926
512 926 434 1556632979943
512 924 445 1556632979959
512 923 462 1556632979976
512 921 483 1556632979992
512 921 496 1556632980009
512 921 502 1556632980026
512 921 504 1556632980043
512 915 506 1556632980059
512 897 508 1556632980076
512 864 511 1556632980093
512 811 519 1556632980109
512 765 528 1556632980126
512 659 562 1556632980143
512 601 586 1556632980159
512 566 599 1556632980176
512 551 606 1556632980193
512 541 612 1556632980209
512 536 620 1556632980226
512 533 625 1556632980243
512 531 630 1556632980259
512 531 631 1556632980276
512 530 632 1556632980293
512 532 632 1556632980376
512 539 634 1556632980393
512 547 634 1556632980409
512 553 634 1556632980426
512 556 634 1556632980443
512 558 634 1556632980459
512 559 635 1556632980476
512 560 635 1556632980493
512 562 637 1556632980510
512 563 639 1556632980526
512 563 642 1556632980543
512 563 644 1556632980560
513 563 644 1556632980648
512 563 644 1556632980660
514 563 644 1556632980711
512 563 642 1556632980743
512 564 642 1556632980760
512 565 641 1556632980776
512 565 640 1556632980793
512 565 639 1556632980810
512 566 638 1556632980826
512 566 636 1556632980843
512 566 634 1556632980860
512 569 629 1556632980876
512 570 625 1556632980893
512 570 616 1556632980910
512 574 593 1556632980926
512 579 584 1556632980943
512 582 581 1556632980960
512 589 580 1556632980976
512 598 580 1556632980993
512 614 581 1556632981010
512 637 588 1556632981027
512 661 598 1556632981043
512 681 607 1556632981060
512 697 618 1556632981077
512 709 628 1556632981093
512 728 639 1556632981111
512 735 641 1556632981127
512 742 642 1556632981143
512 750 643 1556632981160
512 760 643 1556632981177
512 772 643 1556632981193
512 782 643 1556632981210
512 790 643 1556632981227
512 793 642 1556632981243
512 797 641 1556632981260
512 801 641 1556632981277
512 805 640 1556632981293
512 809 639 1556632981310
512 814 639 1556632981327
512 817 639 1556632981343
512 823 639 1556632981360
512 829 639 1556632981377
512 832 639 1556632981393
512 833 639 1556632981443
512 834 640 1556632981460
512 836 640 1556632981477
512 838 641 1556632981494
513 838 641 1556632981560
512 838 641 1556632981561
514 838 641 1556632981630
512 839 641 1556632981660
512 840 641 1556632981761
512 840 639 1556632981794
512 840 638 1556632981810
512 840 635 1556632981827
512 840 632 1556632981844
512 840 630 1556632981861
512 839 626 1556632981877
512 839 620 1556632981894
512 841 606 1556632981910
512 846 586 1556632981927
512 852 565 1556632981944
512 857 539 1556632981961
512 863 514 1556632981977
512 866 494 1556632981995
512 872 476 1556632982011
512 875 463 1556632982027
512 880 450 1556632982044
512 884 437 1556632982061
512 890 425 1556632982077
512 895 413 1556632982094
512 903 398 1556632982111
512 907 389 1556632982128
512 911 380 1556632982144
512 913 374 1556632982161
512 916 370 1556632982177
512 917 370 1556632982194
512 918 369 1556632982211
512 919 368 1556632982244
512 921 368 1556632982261
512 922 368 1556632982411
512 925 369 1556632982444
512 926 373 1556632982461
512 928 376 1556632982478
512 929 377 1556632982494
513 929 377 1556632982560
512 929 377 1556632982561
514 929 377 1556632982639
512 929 378 1556632982661
512 928 380 1556632982895
512 910 380 1556632982911
512 879 380 1556632982928
512 818 380 1556632982945
512 729 380 1556632982961
512 650 382 1556632982978
512 593 386 1556632982995
512 556 386 1556632983011
512 535 386 1556632983028
512 523 386 1556632983045
512 513 388 1556632983061
512 502 389 1556632983078
512 480 394 1556632983095
512 461 396 1556632983112
512 451 398 1556632983128
512 446 399 1556632983145
512 446 398 1556632983262
512 446 396 1556632983278
512 447 391 1556632983295
512 450 385 1556632983312
512 453 382 1556632983328
512 455 379 1556632983343
512 456 378 1556632983376
512 457 378 1556632983393
512 458 377 1556632983409
512 459 377 1556632983460
512 460 377 1556632983477
512 463 376 1556632983495
512 465 376 1556632983528
512 466 375 1556632983543
512 467 375 1556632983560
512 469 374 1556632983576
512 472 373 1556632983593
512 474 373 1556632983612
512 475 373 1556632983628
513 475 373 1556632983655
512 475 373 1556632983661
514 475 373 1556632983727
512 475 374 1556632983979
512 478 383 1556632983995
512 486 397 1556632984012
512 498 418 1556632984029
512 509 442 1556632984045
512 522 465 1556632984062
512 538 497 1556632984078
512 543 516 1556632984095
512 543 531 1556632984112
512 543 546 1556632984129
512 541 559 1556632984145
512 537 568 1556632984162
512 535 576 1556632984179
512 533 583 1556632984195
512 532 592 1556632984212
512 532 596 1556632984229
512 532 598 1556632984262
512 532 599 1556632984279
512 532 601 1556632984296
512 532 604 1556632984312
512 532 607 1556632984329
512 535 613 1556632984345
512 537 617 1556632984362
512 539 623 1556632984379
512 542 630 1556632984395
512 546 637 1556632984412
512 547 641 1556632984428
512 549 643 1556632984445
512 549 644 1556632984478
512 550 645 1556632984529
512 551 647 1556632984545
512 552 647 1556632984562
513 552 647 1556632984632
512 552 647 1556632984646
512 553 647 1556632984702
514 553 647 1556632984703
512 553 647 1556632984712
512 555 645 1556632984729
512 558 643 1556632984763
512 559 642 1556632984779
512 559 640 1556632984796
512 562 636 1556632984813
512 567 629 1556632984829
512 574 618 1556632984846
512 588 593 1556632984863
512 594 575 1556632984879
512 603 556 1556632984896
512 610 544 1556632984913
512 620 530 1556632984929
512 629 511 1556632984946
512 635 489 1556632984963
512 639 463 1556632984980
512 643 434 1556632984996
512 648 403 1556632985013
512 657 367 1556632985030
512 671 325 1556632985046
512 681 281 1556632985063
512 688 259 1556632985080
512 692 246 1556632985096
512 696 239 1556632985113
512 697 233 1556632985129
512 697 231 1556632985146
512 698 230 1556632985163
512 698 229 1556632985230
512 698 226 1556632985246
512 698 222 1556632985263
512 698 221 1556632985280
512 698 220 1556632985296
512 698 219 1556632985330
512 698 218 1556632985346
512 698 215 1556632985363
512 698 214 1556632985380
512 698 212 1556632985396
512 698 211 1556632985413
513 698 211 1556632985440
512 698 211 1556632985449
514 698 211 1556632985503