512 707 212 1556633033862
512 708 211 1556633033879
512 709 211 1556633033945
512 711 211 1556633033962
512 717 214 1556633033979
512 737 228 1556633033995
512 752 241 1556633034012
512 765 254 1556633034028
512 774 268 1556633034045
512 785 288 1556633034062
512 796 309 1556633034078
512 802 325 1556633034095
512 803 335 1556633034112
512 805 351 1556633034129
512 806 372 1556633034145
512 810 396 1556633034162
512 814 416 1556633034179
512 816 425 1556633034196
512 816 438 1556633034212
512 817 458 1556633034229
512 817 479 1556633034246
512 817 502 1556633034262
512 817 525 1556633034279
512 817 547 1556633034296
512 817 565 1556633034312
512 818 579 1556633034329
512 821 591 1556633034346
512 822 597 1556633034363
512 822 608 1556633034379
512 822 613 1556633034396
512 822 616 1556633034412
512 825 621 1556633034429
512 825 622 1556633034446
512 826 623 1556633034463
512 826 625 1556633034479
512 827 626 1556633034496
512 828 627 1556633034513
512 829 629 1556633034529
512 830 632 1556633034546
512 832 636 1556633034563
512 832 638 1556633034613
512 833 639 1556633034629
512 833 640 1556633034663
512 834 640 1556633034679
512 835 642 1556633034696
512 836 643 1556633034713
513 836 643 1556633034756
512 836 643 1556633034763
514 836 643 1556633034827
512 835 642 1556633034863
512 833 637 1556633034880
512 829 627 1556633034896
512 821 615 1556633034913
512 808 597 1556633034930
512 789 575 1556633034946
512 771 541 1556633034963
512 765 517 1556633034980
512 760 495 1556633034996
512 757 477 1556633035013
512 753 460 1556633035030
512 746 450 1556633035046
512 733 437 1556633035063
512 720 429 1556633035080
512 706 423 1556633035096
512 695 420 1556633035113
512 681 419 1556633035130
512 670 419 1556633035146
512 648 419 1556633035163
512 629 419 1556633035180
512 609 418 1556633035196
512 590 414 1556633035213
512 576 412 1556633035230
512 563 409 1556633035246
512 551 405 1556633035263
512 539 400 1556633035280
512 526 397 1556633035296
512 513 394 1556633035313
512 505 391 1556633035330
512 502 390 1556633035347
512 501 389 1556633035363
512 499 387 1556633035380
512 497 387 1556633035397
512 495 386 1556633035413
512 494 385 1556633035430
512 491 384 1556633035447
512 487 382 1556633035463
512 482 380 1556633035480
512 477 377 1556633035497
512 475 375 1556633035513
512 474 375 1556633035530
512 472 375 1556633035580
512 471 375 1556633035597
512 469 374 1556633035613
513 469 374 1556633035662
512 469 374 1556633035663
514 469 374 1556633035707
512 475 374 1556633035764
512 488 377 1556633035780
512 495 378 1556633035797
512 503 381 1556633035813
512 515 387 1556633035830
512 522 393 1556633035847
512 535 406 1556633035864
512 548 420 1556633035880
512 557 429 1556633035897
512 561 433 1556633035914
512 561 434 1556633035930
512 563 439 1556633035947
512 565 441 1556633035964
512 567 441 1556633035997
512 570 439 1556633036014
512 578 430 1556633036030
512 594 411 1556633036047
512 612 387 1556633036064
512 623 360 1556633036080
512 631 335 1556633036097
512 640 313 1556633036114
512 650 291 1556633036131
512 655 282 1556633036147
512 660 274 1556633036164
512 663 269 1556633036180
512 666 262 1556633036197
512 668 258 1556633036214
512 670 253 1556633036230
512 672 249 1556633036247
512 677 242 1556633036264
512 680 238 1556633036281
512 681 236 1556633036297
512 682 235 1556633036314
512 685 234 1556633036330
512 689 231 1556633036347
512 692 228 1556633036364
512 694 225 1556633036381
512 695 221 1556633036397
512 697 216 1556633036414
512 698 213 1556633036431
512 698 209 1556633036447
512 699 209 1556633036464
512 699 208 1556633036481
513 699 208 1556633036556
512 699 208 1556633036564
514 699 208 1556633036627
512 699 207 1556633036697
512 702 207 1556633036714
512 709 215 1556633036731
512 714 223 1556633036747
512 720 235 1556633036764
512 725 247 1556633036781
512 729 257 1556633036797
512 731 264 1556633036814
512 733 268 1556633036831
512 738 274 1556633036848
512 746 285 1556633036864
512 751 295 1556633036881
512 762 310 1556633036898
512 773 325 1556633036915
512 792 338 1556633036931
512 802 342 1556633036948
512 813 346 1556633036964
512 824 347 1556633036981
512 837 349 1556633036998
512 848 351 1556633037014
512 859 352 1556633037031
512 871 355 1556633037048
512 876 356 1556633037064
512 879 356 1556633037081
512 883 356 1556633037098
512 888 359 1556633037114
512 892 359 1556633037131
512 893 359 1556633037148
512 894 359 1556633037198
512 895 361 1556633037215
512 897 363 1556633037231
512 898 363 1556633037248
512 902 365 1556633037265
512 904 367 1556633037281
512 906 368 1556633037298
512 910 370 1556633037315
512 912 370 1556633037331
512 915 370 1556633037348
512 917 370 1556633037365
512 920 372 1556633037381
512 921 372 1556633037398
512 923 372 1556633037431
512 926 373 1556633037515
513 926 373 1556633037556
512 926 373 1556633037565
514 926 373 1556633037618
512 926 374 1556633037665
512 925 375 1556633037698
512 914 377 1556633037715
512 903 381 1556633037732
512 890 386 1556633037748
512 874 393 1556633037765
512 858 401 1556633037781
512 843 408 1556633037798
512 820 414 1556633037815
512 797 422 1556633037832
512 776 430 1556633037848
512 755 439 1556633037865
512 736 448 1556633037882
512 718 461 1556633037898
512 695 480 1556633037915
512 682 491 1556633037932
512 670 502 1556633037948
512 659 512 1556633037965
512 650 521 1556633037982
512 642 531 1556633037999
512 636 539 1556633038015
512 631 550 1556633038032
512 626 563 1556633038049
512 623 572 1556633038065
512 621 580 1556633038082
512 618 590 1556633038099
512 615 595 1556633038115
512 612 601 1556633038132
512 608 606 1556633038149
512 604 609 1556633038165
512 598 615 1556633038182
512 595 619 1556633038199
512 592 623 1556633038215
512 586 627 1556633038232
512 582 629 1556633038249
512 579 630 1556633038265
512 577 632 1556633038282
512 573 633 1556633038299
512 571 634 1556633038315
512 569 636 1556633038365
512 568 637 1556633038399
512 566 638 1556633038415
512 564 639 1556633038432
512 563 640 1556633038449
512 562 640 1556633038466
512 562 641 1556633038482
513 562 641 1556633038540
512 562 641 1556633038549
514 562 641 1556633038602
512 562 639 1556633038666
512 562 634 1556633038682
512 565 625 1556633038699
512 568 617 1556633038716
512 572 609 1556633038732
512 574 605 1556633038749
512 577 601 1556633038766
512 578 598 1556633038782
512 579 596 1556633038799
512 581 592 1556633038816
512 584 587 1556633038832
512 588 586 1556633038849
512 597 585 1556633038866
512 611 585 1556633038883
512 639 593 1556633038899
512 660 602 1556633038916
512 678 610 1556633038932
512 692 617 1556633038949
512 702 622 1556633038966
512 709 627 1556633038983
512 716 631 1556633038999
512 724 635 1556633039016
512 732 638 1556633039033
512 737 639 1556633039049
512 746 640 1556633039066
512 756 642 1556633039083
512 760 642 1556633039099
512 764 642 1556633039116
512 769 642 1556633039133
512 775 642 1556633039149
512 779 641 1556633039166
512 781 639 1556633039183
512 784 638 1556633039199
512 787 637 1556633039216
512 793 636 1556633039233
512 798 636 1556633039249
512 805 636 1556633039266
512 819 636 1556633039283
512 829 636 1556633039299
512 836 636 1556633039316
512 843 639 1556633039333
512 844 640 1556633039349
512 845 640 1556633039366
512 846 640 1556633039433
512 847 640 1556633039483
513 847 640 1556633039532
512 847 640 1556633039533
514 847 640 1556633039595
512 842 635 1556633039733
512 837 626 1556633039750
512 828 617 1556633039766
512 818 606 1556633039783
512 807 596 1556633039800
512 798 587 1556633039816
512 795 581 1556633039833
512 795 574 1556633039850
512 796 565 1556633039866
512 807 546 1556633039883
512 817 529 1556633039900
512 829 516 1556633039916
512 842 505 1556633039933
512 852 494 1556633039950
512 859 484 1556633039967
512 867 475 1556633039983
512 872 468 1556633040000
512 876 464 1556633040016
512 880 460 1556633040033
512 885 452 1556633040050
512 894 437 1556633040067
512 899 423 1556633040083
512 904 413 1556633040100
512 907 407 1556633040117
512 908 402 1556633040133
512 910 399 1556633040150
512 911 397 1556633040167
512 912 397 1556633040183
512 912 395 1556633040200
512 913 394 1556633040217
512 915 391 1556633040233
512 917 389 1556633040250
512 917 388 1556633040267
512 918 387 1556633040333
512 919 387 1556633040367
512 921 385 1556633040384
512 922 384 1556633040467
513 922 384 1556633040549
512 922 384 1556633040550
514 922 384 1556633040651
512 913 388 1556633040750
512 901 395 1556633040767
512 887 401 1556633040784
512 875 406 1556633040800
512 866 408 1556633040817
512 855 408 1556633040834
512 833 408 1556633040851
512 817 410 1556633040867
512 795 410 1556633040884
512 773 410 1556633040900
512 751 410 1556633040917
512 727 403 1556633040934
512 697 393 1556633040951
512 666 384 1556633040967
512 638 373 1556633040984
512 614 363 1556633041001
512 598 357 1556633041017
512 583 353 1556633041034
512 573 351 1556633041051
512 569 350 1556633041067
512 566 350 1556633041084
512 560 350 1556633041101
512 556 350 1556633041117
512 547 353 1556633041134
512 541 356 1556633041151
512 536 359 1556633041167
512 530 361 1556633041184
512 526 362 1556633041201
512 519 365 1556633041217
512 515 367 1556633041234
512 509 368 1556633041251
512 504 370 1556633041268
512 499 371 1556633041284
512 495 372 1556633041301
512 489 372 1556633041317
512 484 373 1556633041334
512 476 373 1556633041351
512 471 373 1556633041367
512 468 373 1556633041384
512 468 374 1556633041434
512 465 375 1556633041451
512 464 376 1556633041468
512 464 377 1556633041484
513 464 377 1556633041532
512 464 377 1556633041534
514 464 377 1556633041594
512 466 378 1556633041684
512 468 380 1556633041701
512 473 385 1556633041718
512 482 394 1556633041734
512 495 409 1556633041751
512 511 426 1556633041768
512 520 434 1556633041785
512 533 440 1556633041801
512 536 441 1556633041818
512 541 446 1556633041835
512 542 452 1556633041851
512 544 465 1556633041868
512 551 483 1556633041885
512 553 505 1556633041901
512 553 523 1556633041918
512 554 535 1556633041935
512 554 545 1556633041951
512 554 553 1556633041968
512 552 561 1556633041985
512 552 570 1556633042001
512 552 578 1556633042018
512 551 586 1556633042035
512 551 592 1556633042051
512 550 597 1556633042068
512 550 599 1556633042085
512 550 600 1556633042101
512 550 603 1556633042118
512 550 605 1556633042134
512 550 608 1556633042168
512 550 609 1556633042185
512 550 612 1556633042202
512 550 615 1556633042218
512 551 620 1556633042235
512 551 622 1556633042252
512 552 624 1556633042268
512 553 626 1556633042285
512 553 629 1556633042318
512 555 632 1556633042335
512 555 635 1556633042352
512 556 636 1556633042368
512 557 638 1556633042385
512 557 640 1556633042402
512 558 641 1556633042418
513 558 641 1556633042468
512 558 641 1556633042468
514 558 641 1556633042554
512 559 641 1556633042585
512 562 641 1556633042602
512 573 641 1556633042619
512 581 641 1556633042635
512 591 640 1556633042652
512 601 638 1556633042668
512 617 636 1556633042685
512 631 631 1556633042702
512 642 626 1556633042719
512 651 621 1556633042735
512 659 618 1556633042752
512 663 616 1556633042769
512 664 612 1556633042785
512 667 605 1556633042802
512 667 586 1556633042819
512 667 563 1556633042835
512 667 536 1556633042852
512 668 499 1556633042869
512 668 462 1556633042885
512 668 429 1556633042902
512 668 402 1556633042919
512 668 379 1556633042935
512 674 358 1556633042952
512 679 341 1556633042969
512 684 326 1556633042986
512 690 313 1556633043002
512 694 297 1556633043019
512 695 288 1556633043035
512 697 280 1556633043052
512 698 275 1556633043069
512 698 269 1556633043085
512 699 261 1556633043102
512 699 256 1556633043119
512 699 253 1556633043135
512 699 248 1556633043152
512 697 240 1556633043169
512 696 238 1556633043186
512 694 233 1556633043202
512 694 230 1556633043219
512 694 227 1556633043236
512 694 225 1556633043252
512 694 223 1556633043269
512 694 220 1556633043286
512 694 217 1556633043302
512 695 217 1556633043319
512 695 216 1556633043334
513 695 216 1556633043444
512 695 216 1556633043452
514 695 216 1556633043522