512 702 217 1556659048887
512 700 219 1556659049121
512 697 238 1556659049137
512 697 253 1556659049154
512 697 267 1556659049171
512 706 286 1556659049188
512 716 310 1556659049204
512 728 335 1556659049221
512 737 367 1556659049238
512 743 390 1556659049254
512 751 416 1556659049271
512 756 435 1556659049288
512 761 451 1556659049304
512 768 465 1556659049321
512 775 481 1556659049338
512 780 495 1556659049354
512 782 504 1556659049371
512 784 513 1556659049388
512 788 526 1556659049404
512 789 540 1556659049421
512 792 559 1556659049438
512 797 574 1556659049454
512 801 586 1556659049471
512 807 594 1556659049488
512 813 604 1556659049504
512 817 611 1556659049521
512 821 617 1556659049538
512 826 623 1556659049555
512 831 629 1556659049571
512 834 633 1556659049588
512 835 635 1556659049621
512 837 638 1556659049638
512 838 640 1556659049655
512 839 641 1556659049671
512 840 642 1556659049688
512 841 642 1556659049738
512 841 643 1556659049805
513 841 643 1556659049816
514 841 643 1556659049862
512 841 641 1556659049938
512 838 636 1556659049955
512 834 630 1556659049971
512 829 622 1556659049988
512 820 608 1556659050005
512 802 577 1556659050022
512 787 559 1556659050038
512 777 547 1556659050055
512 765 531 1556659050071
512 753 516 1556659050088
512 738 500 1556659050105
512 713 487 1556659050122
512 682 471 1556659050138
512 642 456 1556659050155
512 618 449 1556659050172
512 603 447 1556659050188
512 587 443 1556659050205
512 568 435 1556659050222
512 554 429 1556659050238
512 541 424 1556659050255
512 528 418 1556659050272
512 516 413 1556659050288
512 508 409 1556659050305
512 501 404 1556659050322
512 495 400 1556659050338
512 487 393 1556659050355
512 481 387 1556659050372
512 478 385 1556659050388
512 475 382 1556659050405
512 469 377 1556659050422
512 465 373 1556659050438
512 463 371 1556659050455
512 461 370 1556659050472
513 461 370 1556659050559
514 461 370 1556659050622
512 462 369 1556659050705
512 466 369 1556659050722
512 470 369 1556659050739
512 474 371 1556659050755
512 476 371 1556659050772
512 476 372 1556659050822
513 476 372 1556659050918
514 476 372 1556659050966
512 476 373 1556659051022
512 476 375 1556659051039
512 477 375 1556659051055
512 479 376 1556659051072
512 484 377 1556659051089
512 489 379 1556659051106
512 495 380 1556659051123
512 500 382 1556659051139
512 511 385 1556659051156
512 525 390 1556659051172
512 534 391 1556659051189
512 545 391 1556659051206
512 552 391 1556659051222
512 556 388 1556659051239
512 562 381 1556659051256
512 569 372 1556659051272
512 578 360 1556659051289
512 589 342 1556659051306
512 597 322 1556659051323
512 604 304 1556659051339
512 609 287 1556659051356
512 613 274 1556659051372
512 619 261 1556659051389
512 625 246 1556659051406
512 632 238 1556659051423
512 638 230 1556659051439
512 646 220 1556659051456
512 651 215 1556659051472
512 655 213 1556659051489
512 658 211 1556659051506
512 662 210 1556659051523
512 671 208 1556659051539
512 678 207 1556659051556
512 684 206 1556659051573
512 689 205 1556659051590
512 695 204 1556659051606
512 697 202 1556659051623
512 698 202 1556659051673
512 699 202 1556659051689
512 701 202 1556659051706
513 701 202 1556659051791
514 701 202 1556659051854
512 703 207 1556659052090
512 710 218 1556659052106
512 719 230 1556659052123
512 732 246 1556659052140
512 751 265 1556659052157
512 775 283 1556659052173
512 802 301 1556659052190
512 817 309 1556659052206
512 828 318 1556659052223
512 835 326 1556659052240
512 846 336 1556659052256
512 862 349 1556659052273
512 873 358 1556659052290
512 880 365 1556659052307
512 886 368 1556659052323
512 889 369 1556659052340
512 891 369 1556659052357
512 895 369 1556659052373
512 906 369 1556659052390
512 914 369 1556659052406
512 918 369 1556659052423
512 919 369 1556659052440
512 921 369 1556659052457
512 925 369 1556659052473
512 929 369 1556659052490
512 933 369 1556659052507
512 937 369 1556659052523
513 937 369 1556659052623
514 937 369 1556659052677
512 938 371 1556659052890
512 937 373 1556659052907
512 935 376 1556659052924
512 934 379 1556659052940
512 932 381 1556659052957
512 932 382 1556659052974
512 932 383 1556659053007
513 932 383 1556659053014
512 930 383 1556659053040
514 930 383 1556659053077
512 930 383 1556659053090
512 929 383 1556659053174
512 927 383 1556659053190
512 926 383 1556659053207
512 922 383 1556659053224
512 914 383 1556659053241
512 901 386 1556659053257
512 883 389 1556659053274
512 859 395 1556659053291
512 839 404 1556659053307
512 818 410 1556659053324
512 795 416 1556659053341
512 761 430 1556659053357
512 739 444 1556659053374
512 716 460 1556659053391
512 695 477 1556659053407
512 677 494 1556659053424
512 664 511 1556659053441
512 654 524 1556659053457
512 649 534 1556659053474
512 647 543 1556659053491
512 642 553 1556659053507
512 638 565 1556659053524
512 634 577 1556659053541
512 625 593 1556659053557
512 615 604 1556659053574
512 605 615 1556659053591
512 598 623 1556659053607
512 589 628 1556659053624
512 581 632 1556659053641
512 572 635 1556659053658
512 567 638 1556659053674
512 563 640 1556659053691
512 561 641 1556659053708
512 560 642 1556659053774
513 560 642 1556659053854
514 560 642 1556659053902
512 560 641 1556659054008
512 560 640 1556659054041
512 560 638 1556659054058
512 560 637 1556659054075
512 561 637 1556659054125
512 568 637 1556659054142
512 591 637 1556659054158
512 615 637 1556659054175
512 639 637 1556659054191
512 662 637 1556659054208
512 681 637 1556659054225
512 698 637 1556659054241
512 714 637 1556659054258
512 734 637 1556659054275
512 755 637 1556659054291
512 777 637 1556659054308
512 794 637 1556659054325
512 818 637 1556659054341
512 828 635 1556659054358
512 832 634 1556659054375
512 834 634 1556659054391
512 835 634 1556659054458
512 837 634 1556659054475
512 838 634 1556659054491
512 840 634 1556659054508
513 840 634 1556659054599
514 840 634 1556659054654
512 840 635 1556659054942
512 840 636 1556659054958
512 840 637 1556659054975
512 841 638 1556659055022
513 841 638 1556659055023
514 841 638 1556659055086
512 842 636 1556659055375
512 846 629 1556659055392
512 852 611 1556659055409
512 861 594 1556659055425
512 872 575 1556659055442
512 885 556 1556659055459
512 893 539 1556659055475
512 904 520 1556659055492
512 911 504 1556659055509
512 918 485 1556659055526
512 923 473 1556659055542
512 928 458 1556659055559
512 931 448 1556659055575
512 932 441 1556659055592
512 933 432 1556659055609
512 933 428 1556659055626
512 935 420 1556659055642
512 935 416 1556659055659
512 935 411 1556659055676
512 935 406 1556659055692
512 935 401 1556659055709
512 934 393 1556659055726
512 934 389 1556659055742
512 934 387 1556659055759
512 934 386 1556659055776
512 934 383 1556659055792
512 934 382 1556659055809
512 933 381 1556659055826
512 933 379 1556659055842
513 933 379 1556659055903
514 933 379 1556659055966
512 931 379 1556659056093
512 930 380 1556659056109
512 927 383 1556659056126
512 926 384 1556659056143
512 922 387 1556659056159
512 918 388 1556659056176
512 909 390 1556659056193
512 896 390 1556659056209
512 874 390 1556659056226
512 851 390 1556659056243
512 830 392 1556659056259
512 807 396 1556659056276
512 780 398 1556659056293
512 731 398 1556659056309
512 697 393 1556659056326
512 653 386 1556659056343
512 622 382 1556659056359
512 600 379 1556659056376
512 583 374 1556659056393
512 573 371 1556659056409
512 566 370 1556659056426
512 562 370 1556659056443
512 556 370 1556659056459
512 550 370 1556659056476
512 548 370 1556659056493
512 545 370 1556659056510
512 541 370 1556659056526
512 537 370 1556659056543
512 532 371 1556659056559
512 529 372 1556659056576
512 525 373 1556659056593
512 519 375 1556659056610
512 513 375 1556659056626
512 506 376 1556659056643
512 499 377 1556659056660
512 491 377 1556659056676
512 487 377 1556659056693
512 484 377 1556659056710
512 483 377 1556659056776
512 481 377 1556659056793
512 478 377 1556659056810
512 477 377 1556659056827
512 476 377 1556659056843
513 476 377 1556659056854
512 475 377 1556659056893
514 475 377 1556659056917
512 475 377 1556659056927
512 478 377 1556659056993
512 486 379 1556659057010
512 497 383 1556659057026
512 508 386 1556659057043
512 526 395 1556659057060
512 541 406 1556659057077
512 562 423 1556659057094
512 568 430 1556659057110
512 569 435 1556659057127
512 570 443 1556659057143
512 572 451 1556659057160
512 572 460 1556659057177
512 572 467 1556659057193
512 572 479 1556659057210
512 572 496 1556659057227
512 571 515 1556659057243
512 566 528 1556659057260
512 561 539 1556659057277
512 555 554 1556659057294
512 551 566 1556659057310
512 547 575 1556659057327
512 545 585 1556659057343
512 543 594 1556659057360
512 543 599 1556659057377
512 542 605 1556659057394
512 541 610 1556659057410
512 541 617 1556659057427
512 541 620 1556659057444
512 541 621 1556659057460
512 541 624 1556659057477
512 541 628 1556659057494
512 541 632 1556659057510
512 543 636 1556659057527
512 544 638 1556659057544
512 544 639 1556659057560
512 546 640 1556659057577
512 546 642 1556659057594
512 547 642 1556659057610
512 547 643 1556659057627
512 549 645 1556659057644
512 550 645 1556659057710
512 552 645 1556659057727
512 553 645 1556659057827
513 553 645 1556659057854
512 554 644 1556659057942
514 554 644 1556659057942
512 554 644 1556659057944
512 555 644 1556659057961
512 558 644 1556659057977
512 561 643 1556659057994
512 563 642 1556659058011
512 564 641 1556659058027
512 566 639 1556659058044
512 568 637 1556659058061
512 569 634 1556659058077
512 571 629 1556659058094
512 573 619 1556659058111
512 578 603 1556659058127
512 585 583 1556659058144
512 593 566 1556659058161
512 606 548 1556659058177
512 620 530 1556659058194
512 635 511 1556659058211
512 651 486 1556659058227
512 664 460 1556659058244
512 675 430 1556659058261
512 685 395 1556659058278
512 687 373 1556659058294
512 687 354 1556659058311
512 688 340 1556659058327
512 688 327 1556659058344
512 688 316 1556659058361
512 688 308 1556659058378
512 685 298 1556659058394
512 683 288 1556659058411
512 678 280 1556659058428
512 675 271 1556659058444
512 671 260 1556659058461
512 669 246 1556659058478
512 667 240 1556659058494
512 667 234 1556659058511
512 667 230 1556659058528
512 668 226 1556659058544
512 671 223 1556659058561
512 672 220 1556659058578
512 675 217 1556659058594
512 675 215 1556659058611
512 677 213 1556659058628
512 678 212 1556659058644
512 678 211 1556659058661
512 681 209 1556659058678
512 683 208 1556659058694
512 685 206 1556659058711
512 687 206 1556659058728
512 688 206 1556659058744
512 691 205 1556659058761
512 695 203 1556659058778
512 698 203 1556659058795
512 701 203 1556659058811
513 701 203 1556659058870
514 701 203 1556659058934