512 703 212 1556805362708
512 704 239 1556805362724
512 712 271 1556805362741
512 723 316 1556805362758
512 735 348 1556805362774
512 745 370 1556805362791
512 757 393 1556805362807
512 767 415 1556805362824
512 780 440 1556805362839
512 790 464 1556805362856
512 798 488 1556805362872
512 803 512 1556805362889
512 809 535 1556805362906
512 813 568 1556805362923
512 817 584 1556805362939
512 817 598 1556805362956
512 817 608 1556805362974
512 817 613 1556805362991
512 818 615 1556805363008
512 818 618 1556805363024
512 819 622 1556805363041
512 819 627 1556805363058
512 819 629 1556805363074
512 820 632 1556805363091
512 820 634 1556805363108
512 821 635 1556805363124
512 822 637 1556805363141
512 824 640 1556805363158
512 825 641 1556805363174
512 827 643 1556805363208
512 828 644 1556805363224
512 829 645 1556805363241
512 830 645 1556805363258
512 834 645 1556805363291
512 836 645 1556805363324
513 836 645 1556805363404
514 836 645 1556805363491
512 837 645 1556805363558
512 837 644 1556805363574
512 836 640 1556805363591
512 829 635 1556805363608
512 815 625 1556805363625
512 795 611 1556805363641
512 777 597 1556805363658
512 753 581 1556805363675
512 722 559 1556805363691
512 707 548 1556805363708
512 696 540 1556805363725
512 684 531 1556805363741
512 672 520 1556805363758
512 648 503 1556805363775
512 626 487 1556805363791
512 608 475 1556805363808
512 593 464 1556805363825
512 581 456 1556805363841
512 568 447 1556805363858
512 556 443 1556805363875
512 533 437 1556805363891
512 516 432 1556805363908
512 500 427 1556805363925
512 485 422 1556805363941
512 474 415 1556805363958
512 469 410 1556805363975
512 465 407 1556805363992
512 462 401 1556805364008
512 458 396 1556805364025
512 455 391 1556805364042
512 453 389 1556805364058
512 453 388 1556805364075
512 453 386 1556805364092
512 453 385 1556805364108
512 453 384 1556805364125
512 453 383 1556805364142
512 453 381 1556805364158
512 454 380 1556805364175
512 455 378 1556805364192
512 456 377 1556805364208
512 457 376 1556805364225
512 460 374 1556805364242
512 463 372 1556805364259
512 466 370 1556805364275
512 467 370 1556805364364
513 467 370 1556805364364
514 467 370 1556805364451
512 468 370 1556805364625
512 470 370 1556805364642
512 472 370 1556805364659
512 482 372 1556805364676
512 488 373 1556805364692
512 494 373 1556805364709
512 501 373 1556805364725
512 506 370 1556805364742
512 517 364 1556805364759
512 534 355 1556805364775
512 552 344 1556805364792
512 572 329 1556805364809
512 591 314 1556805364826
512 607 300 1556805364842
512 621 286 1556805364859
512 637 266 1556805364876
512 645 257 1556805364892
512 658 249 1556805364909
512 666 243 1556805364926
512 671 242 1556805364942
512 675 240 1556805364959
512 678 239 1556805364976
512 681 237 1556805364992
512 684 236 1556805365059
512 685 235 1556805365076
512 687 233 1556805365092
512 688 232 1556805365109
512 689 231 1556805365126
512 692 229 1556805365143
512 695 226 1556805365159
512 699 221 1556805365176
512 702 217 1556805365192
512 704 213 1556805365209
512 704 209 1556805365226
512 705 208 1556805365242
512 705 207 1556805365259
513 705 207 1556805365300
514 705 207 1556805365363
512 706 206 1556805365526
512 707 210 1556805365543
512 714 220 1556805365559
512 721 233 1556805365576
512 737 254 1556805365593
512 753 277 1556805365609
512 769 300 1556805365626
512 788 324 1556805365643
512 801 334 1556805365660
512 815 344 1556805365676
512 824 349 1556805365693
512 832 351 1556805365709
512 841 355 1556805365726
512 854 358 1556805365743
512 867 359 1556805365760
512 880 361 1556805365776
512 887 363 1556805365793
512 891 364 1556805365810
512 893 364 1556805365826
512 896 364 1556805365843
512 899 364 1556805365859
512 902 364 1556805365876
512 906 365 1556805365893
512 907 366 1556805365910
512 908 366 1556805365926
512 909 368 1556805365943
512 910 368 1556805365960
512 912 370 1556805365976
512 913 371 1556805365993
512 917 373 1556805366010
512 919 374 1556805366027
512 920 374 1556805366043
513 920 374 1556805366124
514 920 374 1556805366203
512 922 374 1556805366226
512 923 375 1556805366443
512 923 376 1556805366477
512 923 377 1556805366493
512 919 380 1556805366510
512 910 382 1556805366527
512 894 390 1556805366543
512 868 400 1556805366560
512 841 422 1556805366577
512 799 462 1556805366593
512 741 511 1556805366610
512 682 549 1556805366627
512 624 587 1556805366644
512 600 602 1556805366660
512 584 613 1556805366677
512 574 621 1556805366693
512 567 628 1556805366710
512 561 634 1556805366727
512 559 637 1556805366744
512 556 640 1556805366760
512 553 642 1556805366777
512 551 644 1556805366794
512 549 645 1556805366810
512 549 644 1556805367060
512 551 644 1556805367077
513 551 644 1556805367188
512 552 643 1556805367251
514 552 643 1556805367252
512 552 643 1556805367260
512 552 642 1556805367477
512 552 641 1556805367494
512 552 640 1556805367511
512 552 639 1556805367527
512 554 635 1556805367544
512 560 634 1556805367561
512 569 631 1556805367577
512 581 631 1556805367594
512 600 631 1556805367611
512 640 631 1556805367628
512 675 635 1556805367644
512 716 642 1556805367661
512 747 647 1556805367677
512 776 650 1556805367694
512 798 653 1556805367711
512 813 656 1556805367728
512 824 657 1556805367744
512 826 657 1556805367761
512 828 657 1556805367778
512 830 658 1556805367811
512 831 658 1556805367828
512 832 658 1556805367844
512 833 658 1556805367978
512 833 656 1556805368012
512 833 655 1556805368028
512 834 654 1556805368045
512 835 650 1556805368061
512 836 648 1556805368078
513 836 648 1556805368132
514 836 648 1556805368196
512 836 647 1556805368378
512 836 645 1556805368395
512 836 644 1556805368411
512 836 642 1556805368428
512 836 638 1556805368445
512 837 634 1556805368461
512 840 621 1556805368478
512 842 603 1556805368495
512 849 582 1556805368512
512 859 558 1556805368528
512 869 534 1556805368545
512 881 507 1556805368562
512 893 477 1556805368578
512 907 442 1556805368595
512 917 426 1556805368612
512 925 413 1556805368628
512 930 404 1556805368645
512 932 398 1556805368662
512 934 395 1556805368678
512 935 393 1556805368695
512 935 392 1556805368728
512 935 391 1556805368745
512 935 390 1556805368762
512 935 388 1556805368812
512 935 385 1556805368828
512 935 382 1556805368845
512 932 378 1556805368862
512 930 374 1556805368878
512 930 372 1556805368895
512 930 370 1556805368912
513 930 370 1556805368981
514 930 370 1556805369043
512 928 369 1556805369229
512 923 369 1556805369245
512 917 370 1556805369262
512 907 372 1556805369279
512 891 375 1556805369295
512 867 375 1556805369312
512 831 375 1556805369329
512 783 375 1556805369346
512 727 376 1556805369362
512 657 376 1556805369379
512 625 376 1556805369395
512 598 376 1556805369412
512 577 379 1556805369429
512 558 382 1556805369445
512 539 383 1556805369462
512 521 383 1556805369479
512 508 383 1556805369496
512 501 383 1556805369512
512 498 383 1556805369529
512 497 383 1556805369546
512 495 383 1556805369579
512 494 382 1556805369612
512 493 382 1556805369646
512 490 381 1556805369662
512 486 379 1556805369679
512 482 378 1556805369696
512 480 377 1556805369712
512 478 376 1556805369729
512 477 376 1556805369746
512 475 375 1556805369779
512 474 375 1556805369829
513 474 375 1556805369860
514 474 375 1556805369923
512 476 376 1556805370096
512 483 379 1556805370113
512 494 386 1556805370129
512 507 395 1556805370146
512 522 403 1556805370163
512 545 419 1556805370179
512 555 429 1556805370196
512 558 436 1556805370213
512 560 446 1556805370229
512 563 462 1556805370246
512 563 479 1556805370263
512 563 499 1556805370279
512 563 512 1556805370296
512 561 529 1556805370313
512 557 545 1556805370330
512 554 557 1556805370346
512 551 574 1556805370363
512 549 586 1556805370380
512 549 596 1556805370396
512 549 606 1556805370413
512 549 613 1556805370429
512 550 620 1556805370446
512 550 624 1556805370463
512 550 628 1556805370480
512 550 630 1556805370496
512 550 634 1556805370513
512 550 637 1556805370530
512 552 641 1556805370546
512 552 644 1556805370563
512 553 645 1556805370580
512 554 645 1556805370613
513 554 645 1556805370716
514 554 645 1556805370795
512 554 642 1556805370913
512 554 637 1556805370930
512 558 628 1556805370947
512 566 609 1556805370963
512 572 598 1556805370980
512 579 588 1556805370997
512 587 580 1556805371013
512 594 567 1556805371030
512 603 552 1556805371047
512 611 534 1556805371063
512 618 515 1556805371080
512 624 493 1556805371097
512 631 469 1556805371113
512 637 448 1556805371130
512 644 416 1556805371147
512 647 397 1556805371164
512 651 380 1556805371180
512 653 367 1556805371197
512 658 353 1556805371213
512 662 338 1556805371230
512 667 325 1556805371247
512 673 313 1556805371264
512 676 304 1556805371280
512 678 296 1556805371297
512 681 287 1556805371314
512 682 282 1556805371330
512 686 271 1556805371347
512 688 264 1556805371364
512 691 256 1556805371380
512 693 252 1556805371397
512 693 247 1556805371414
512 693 245 1556805371430
512 693 244 1556805371447
512 693 242 1556805371464
512 694 238 1556805371480
512 696 233 1556805371497
512 697 230 1556805371514
512 698 226 1556805371530
512 698 222 1556805371547
512 698 221 1556805371564
512 698 219 1556805371580
512 698 218 1556805371597
512 698 216 1556805371614
512 698 215 1556805371647
513 698 215 1556805371708
514 698 215 1556805371771