512 701 203 1556551053717
512 701 207 1556551053734
512 703 212 1556551053751
512 705 223 1556551053767
512 708 235 1556551053784
512 711 251 1556551053801
512 717 265 1556551053817
512 724 280 1556551053834
512 729 296 1556551053850
512 741 323 1556551053867
512 747 340 1556551053884
512 750 354 1556551053901
512 755 371 1556551053918
512 757 392 1556551053934
512 762 420 1556551053951
512 768 456 1556551053967
512 774 501 1556551053984
512 781 543 1556551054001
512 788 571 1556551054017
512 795 583 1556551054034
512 802 600 1556551054051
512 806 607 1556551054068
512 811 616 1556551054084
512 815 621 1556551054101
512 817 623 1556551054118
512 820 627 1556551054134
512 821 628 1556551054151
512 821 630 1556551054168
512 823 631 1556551054184
512 826 634 1556551054201
512 827 634 1556551054218
512 827 635 1556551054251
512 829 637 1556551054268
512 830 638 1556551054284
512 832 639 1556551054301
512 834 639 1556551054317
513 834 639 1556551054395
514 834 639 1556551054466
512 834 637 1556551054484
512 825 625 1556551054501
512 810 603 1556551054518
512 796 579 1556551054534
512 785 560 1556551054551
512 778 544 1556551054568
512 772 528 1556551054584
512 769 518 1556551054601
512 768 505 1556551054618
512 768 490 1556551054634
512 763 457 1556551054651
512 752 430 1556551054668
512 734 395 1556551054685
512 714 373 1556551054701
512 697 360 1556551054718
512 674 353 1556551054735
512 648 347 1556551054751
512 626 347 1556551054768
512 608 349 1556551054784
512 591 352 1556551054801
512 577 357 1556551054818
512 557 366 1556551054835
512 550 372 1556551054851
512 545 374 1556551054868
512 544 375 1556551054885
512 542 376 1556551054901
512 537 377 1556551054918
512 529 377 1556551054935
512 522 377 1556551054951
512 517 377 1556551054968
512 511 377 1556551054985
512 504 377 1556551055001
512 498 379 1556551055018
512 490 381 1556551055035
512 488 381 1556551055051
512 487 383 1556551055085
512 486 384 1556551055118
512 485 384 1556551055135
512 482 384 1556551055185
512 481 384 1556551055202
512 477 384 1556551055218
512 473 384 1556551055235
513 473 384 1556551055267
512 472 384 1556551055346
514 472 384 1556551055347
512 472 384 1556551055352
512 472 383 1556551055402
512 475 382 1556551055418
512 483 382 1556551055435
512 491 382 1556551055452
512 499 382 1556551055468
512 508 382 1556551055485
512 515 382 1556551055502
512 519 382 1556551055519
512 521 382 1556551055535
512 522 381 1556551055569
512 523 379 1556551055585
512 527 375 1556551055602
512 546 364 1556551055619
512 569 348 1556551055635
512 595 328 1556551055652
512 615 307 1556551055669
512 627 290 1556551055685
512 632 277 1556551055702
512 635 270 1556551055719
512 637 265 1556551055735
512 640 262 1556551055752
512 644 258 1556551055768
512 646 257 1556551055785
512 651 254 1556551055802
512 654 251 1556551055818
512 656 247 1556551055835
512 660 243 1556551055852
512 666 237 1556551055869
512 670 233 1556551055885
512 679 225 1556551055902
512 687 219 1556551055919
512 692 215 1556551055935
512 695 212 1556551055952
512 696 211 1556551055969
512 697 210 1556551056002
512 698 209 1556551056019
512 699 207 1556551056035
512 701 206 1556551056052
513 701 206 1556551056099
514 701 206 1556551056171
512 701 208 1556551056269
512 701 216 1556551056285
512 701 224 1556551056303
512 701 242 1556551056319
512 710 271 1556551056336
512 722 298 1556551056353
512 730 317 1556551056369
512 739 336 1556551056386
512 758 366 1556551056403
512 772 378 1556551056419
512 787 385 1556551056436
512 811 390 1556551056453
512 835 390 1556551056469
512 855 390 1556551056486
512 876 387 1556551056502
512 893 381 1556551056519
512 908 372 1556551056536
512 919 367 1556551056553
512 927 361 1556551056569
512 931 358 1556551056586
512 932 357 1556551056603
512 932 356 1556551056619
512 935 356 1556551056653
512 936 356 1556551056669
512 935 357 1556551056786
512 932 359 1556551056803
512 929 361 1556551056819
512 927 363 1556551056836
512 927 364 1556551056869
512 926 365 1556551056886
512 925 366 1556551056903
512 925 367 1556551056919
512 924 371 1556551056936
512 924 373 1556551056953
512 924 375 1556551056969
512 924 376 1556551057003
513 924 376 1556551057005
514 924 376 1556551057067
512 924 377 1556551057136
512 922 378 1556551057153
512 917 381 1556551057170
512 908 384 1556551057186
512 885 395 1556551057203
512 857 411 1556551057220
512 834 425 1556551057236
512 811 438 1556551057253
512 784 454 1556551057270
512 744 477 1556551057286
512 700 503 1556551057303
512 660 534 1556551057320
512 633 560 1556551057336
512 619 580 1556551057353
512 613 592 1556551057370
512 609 602 1556551057387
512 604 612 1556551057403
512 601 619 1556551057420
512 599 623 1556551057438
512 596 627 1556551057453
512 592 629 1556551057470
512 583 636 1556551057486
512 576 643 1556551057503
512 567 651 1556551057520
512 565 652 1556551057537
512 561 655 1556551057553
512 559 655 1556551057570
512 556 655 1556551057587
512 555 655 1556551057620
513 555 655 1556551057747
512 554 655 1556551057835
514 554 655 1556551057835
512 554 655 1556551057837
512 554 653 1556551057887
512 554 651 1556551057903
512 554 649 1556551057920
512 554 648 1556551057937
512 554 647 1556551057970
512 553 645 1556551058020
512 552 644 1556551058037
513 552 644 1556551058091
514 552 644 1556551058155
512 552 643 1556551058204
512 552 639 1556551058220
512 552 635 1556551058237
512 552 629 1556551058254
512 552 624 1556551058270
512 552 614 1556551058287
512 552 603 1556551058304
512 553 592 1556551058320
512 560 578 1556551058337
512 569 563 1556551058354
512 580 552 1556551058370
512 613 535 1556551058387
512 643 525 1556551058404
512 678 524 1556551058420
512 719 527 1556551058437
512 750 543 1556551058454
512 772 558 1556551058471
512 782 568 1556551058487
512 787 579 1556551058504
512 792 591 1556551058521
512 796 598 1556551058537
512 801 603 1556551058554
512 808 608 1556551058571
512 808 609 1556551058590
512 809 609 1556551058604
512 809 611 1556551058621
512 810 612 1556551058637
512 812 616 1556551058654
512 819 621 1556551058671
512 824 624 1556551058687
512 827 627 1556551058704
512 828 628 1556551058721
512 829 632 1556551058754
512 831 638 1556551058771
512 833 642 1556551058787
512 834 642 1556551058804
513 834 642 1556551058972
514 834 642 1556551059035
512 827 633 1556551059071
512 815 619 1556551059087
512 807 609 1556551059104
512 801 602 1556551059121
512 794 595 1556551059139
512 785 587 1556551059155
512 768 576 1556551059171
512 758 567 1556551059188
512 748 556 1556551059204
512 737 541 1556551059221
512 721 523 1556551059238
512 709 504 1556551059254
512 705 483 1556551059271
512 705 461 1556551059288
512 716 442 1556551059304
512 729 426 1556551059321
512 750 411 1556551059338
512 788 398 1556551059355
512 811 392 1556551059371
512 830 385 1556551059388
512 846 382 1556551059405
512 852 379 1556551059421
512 855 378 1556551059438
512 857 377 1556551059455
512 859 377 1556551059471
512 862 376 1556551059488
512 871 374 1556551059505
512 883 374 1556551059522
512 898 373 1556551059538
512 913 369 1556551059555
512 914 369 1556551059605
512 916 369 1556551059622
512 921 368 1556551059638
512 924 367 1556551059655
512 927 366 1556551059672
512 928 365 1556551059705
513 928 365 1556551059787
514 928 365 1556551059874
512 929 365 1556551059938
512 928 368 1556551059972
512 927 372 1556551059988
512 925 375 1556551060005
512 922 379 1556551060022
512 920 381 1556551060038
512 919 383 1556551060055
512 913 385 1556551060072
512 907 388 1556551060088
512 904 390 1556551060105
512 906 390 1556551060188
512 909 389 1556551060205
512 915 386 1556551060222
512 918 385 1556551060238
512 920 383 1556551060255
512 921 383 1556551060272
512 921 382 1556551060338
513 921 382 1556551060395
514 921 382 1556551060458
512 916 382 1556551060739
512 907 382 1556551060755
512 880 382 1556551060772
512 821 382 1556551060789
512 735 382 1556551060806
512 638 382 1556551060822
512 571 382 1556551060839
512 529 382 1556551060855
512 505 382 1556551060872
512 489 384 1556551060889
512 470 384 1556551060906
512 448 384 1556551060922
512 421 383 1556551060939
512 407 383 1556551060956
512 406 383 1556551060972
512 408 382 1556551061072
512 419 382 1556551061089
512 434 382 1556551061106
512 450 382 1556551061122
512 467 382 1556551061139
512 472 382 1556551061156
512 474 382 1556551061173
512 478 381 1556551061189
512 480 380 1556551061206
512 481 380 1556551061223
513 481 380 1556551061341
514 481 380 1556551061410
512 480 380 1556551061589
512 477 380 1556551061606
512 476 380 1556551061623
512 475 380 1556551061640
512 474 379 1556551061673
513 474 379 1556551061700
514 474 379 1556551061778
512 475 379 1556551061856
512 480 379 1556551061873
512 490 379 1556551061891
512 494 379 1556551061907
512 509 380 1556551061923
512 518 380 1556551061940
512 527 382 1556551061956
512 536 383 1556551061973
512 550 387 1556551061990
512 569 396 1556551062006
512 590 407 1556551062023
512 617 423 1556551062040
512 645 451 1556551062056
512 663 485 1556551062073
512 666 516 1556551062090
512 652 569 1556551062107
512 633 597 1556551062123
512 613 621 1556551062140
512 598 638 1556551062156
512 588 650 1556551062173
512 583 657 1556551062190
512 579 662 1556551062207
512 576 662 1556551062257
512 571 662 1556551062273
512 563 662 1556551062290
512 556 662 1556551062307
512 553 662 1556551062323
512 551 660 1556551062407
512 549 655 1556551062423
512 549 651 1556551062440
512 549 648 1556551062457
512 548 646 1556551062473
512 548 643 1556551062490
512 548 641 1556551062508
512 548 640 1556551062523
512 548 638 1556551062540
512 549 636 1556551062557
513 549 636 1556551062619
514 549 636 1556551062692
512 550 636 1556551062707
512 551 636 1556551062840
512 552 636 1556551062924
512 554 636 1556551062940
512 555 636 1556551062957
512 556 636 1556551063007
512 556 637 1556551063040
512 556 639 1556551063057
513 556 639 1556551063083
514 556 639 1556551063146
512 557 639 1556551063207
512 558 637 1556551063224
512 561 633 1556551063241
512 566 628 1556551063257
512 577 618 1556551063274
512 594 600 1556551063291
512 606 586 1556551063307
512 614 574 1556551063324
512 621 563 1556551063341
512 627 552 1556551063357
512 636 541 1556551063374
512 651 529 1556551063391
512 663 514 1556551063408
512 679 487 1556551063424
512 685 456 1556551063441
512 690 423 1556551063457
512 692 395 1556551063474
512 698 360 1556551063491
512 699 342 1556551063508
512 699 327 1556551063524
512 699 316 1556551063542
512 699 308 1556551063558
512 699 301 1556551063574
512 699 293 1556551063591
512 699 283 1556551063608
512 699 276 1556551063624
512 699 271 1556551063641
512 699 266 1556551063658
512 702 257 1556551063675
512 704 250 1556551063691
512 705 247 1556551063707
512 706 241 1556551063724
512 706 237 1556551063741
512 706 234 1556551063758
512 706 231 1556551063774
512 706 229 1556551063791
512 706 226 1556551063808
512 706 223 1556551063825
512 706 220 1556551063842
512 706 217 1556551063858
512 706 214 1556551063958
512 707 213 1556551063974
512 707 211 1556551063991
513 707 211 1556551064035
514 707 211 1556551064107