512 696 214 1556915421560
512 700 217 1556915421643
512 706 227 1556915421661
512 716 254 1556915421694
512 728 294 1556915421727
512 731 315 1556915421761
512 736 340 1556915421794
512 745 385 1556915421827
512 759 441 1556915421861
512 765 499 1556915421894
512 772 549 1556915421928
512 779 572 1556915421961
512 784 579 1556915421994
512 790 582 1556915422028
512 799 583 1556915422061
512 818 593 1556915422094
512 859 632 1556915422128
512 881 664 1556915422161
512 882 674 1556915422194
512 882 676 1556915422210
512 881 677 1556915422310
512 874 676 1556915422328
512 858 669 1556915422361
512 849 663 1556915422395
512 845 659 1556915422428
512 844 657 1556915422461
512 841 654 1556915422495
512 840 653 1556915422528
512 840 652 1556915422561
512 840 651 1556915422595
512 840 648 1556915422628
512 840 646 1556915422661
513 840 646 1556915422689
514 840 646 1556915422744
512 843 644 1556915423060
512 844 640 1556915423077
512 844 629 1556915423094
512 839 611 1556915423110
512 818 588 1556915423127
512 777 553 1556915423143
512 740 530 1556915423160
512 711 509 1556915423177
512 679 490 1556915423194
512 649 473 1556915423210
512 623 458 1556915423227
512 603 447 1556915423244
512 589 440 1556915423260
512 576 432 1556915423277
512 565 424 1556915423294
512 555 417 1556915423310
512 549 414 1556915423327
512 543 411 1556915423344
512 538 409 1556915423360
512 531 407 1556915423377
512 526 407 1556915423394
512 522 406 1556915423410
512 520 406 1556915423427
512 518 406 1556915423444
512 516 405 1556915423461
512 512 403 1556915423477
512 503 398 1556915423494
512 498 395 1556915423511
512 492 391 1556915423527
512 487 388 1556915423544
512 484 386 1556915423561
512 480 383 1556915423577
512 479 381 1556915423594
512 478 381 1556915423611
513 478 381 1556915423713
514 478 381 1556915423775
512 480 384 1556915423978
512 486 387 1556915423994
512 504 389 1556915424011
512 527 389 1556915424028
512 546 388 1556915424044
512 562 383 1556915424061
512 577 373 1556915424078
512 587 364 1556915424094
512 595 351 1556915424111
512 604 329 1556915424128
512 611 316 1556915424144
512 618 302 1556915424161
512 624 296 1556915424178
512 629 288 1556915424194
512 634 285 1556915424211
512 639 281 1556915424228
512 643 279 1556915424244
512 649 275 1556915424261
512 656 271 1556915424278
512 664 267 1556915424294
512 674 262 1556915424311
512 684 255 1556915424328
512 689 249 1556915424344
512 695 242 1556915424361
512 700 235 1556915424378
512 704 229 1556915424394
512 708 224 1556915424411
512 711 217 1556915424428
512 712 215 1556915424445
512 713 211 1556915424461
512 714 208 1556915424478
512 714 207 1556915424495
512 710 207 1556915424645
512 709 207 1556915424661
512 707 208 1556915424678
512 706 208 1556915424695
512 704 209 1556915424711
513 704 209 1556915424816
514 704 209 1556915424855
512 706 213 1556915425112
512 716 222 1556915425128
512 735 239 1556915425145
512 761 261 1556915425162
512 790 282 1556915425178
512 822 302 1556915425195
512 851 319 1556915425212
512 877 329 1556915425228
512 889 338 1556915425245
512 903 343 1556915425262
512 912 347 1556915425278
512 919 351 1556915425295
512 925 355 1556915425312
512 928 356 1556915425328
512 929 358 1556915425345
512 931 360 1556915425362
512 932 361 1556915425378
512 932 363 1556915425395
512 932 365 1556915425429
512 932 366 1556915425445
512 932 367 1556915425462
512 931 369 1556915425479
512 931 370 1556915425495
512 930 371 1556915425512
512 929 373 1556915425545
513 929 373 1556915425624
514 929 373 1556915425671
512 928 373 1556915425929
512 924 374 1556915425946
512 917 379 1556915425962
512 906 388 1556915425979
512 888 401 1556915425996
512 864 420 1556915426012
512 823 444 1556915426029
512 792 466 1556915426046
512 761 488 1556915426062
512 744 504 1556915426079
512 718 528 1556915426096
512 700 542 1556915426112
512 686 551 1556915426129
512 673 558 1556915426146
512 656 567 1556915426162
512 642 574 1556915426179
512 629 580 1556915426196
512 618 587 1556915426212
512 611 591 1556915426229
512 608 597 1556915426246
512 603 601 1556915426262
512 600 605 1556915426279
512 596 610 1556915426296
512 590 617 1556915426312
512 583 622 1556915426329
512 574 630 1556915426346
512 567 636 1556915426363
512 563 640 1556915426379
512 560 642 1556915426396
512 560 643 1556915426413
513 560 643 1556915426568
514 560 643 1556915426624
512 564 643 1556915426880
512 578 641 1556915426896
512 602 638 1556915426913
512 638 635 1556915426930
512 680 635 1556915426946
512 719 635 1556915426963
512 749 635 1556915426980
512 772 635 1556915426996
512 790 635 1556915427013
512 803 635 1556915427030
512 811 635 1556915427046
512 815 635 1556915427063
512 819 635 1556915427080
512 821 635 1556915427096
512 822 636 1556915427196
512 824 636 1556915427213
512 825 636 1556915427230
512 828 637 1556915427246
512 831 638 1556915427263
512 838 639 1556915427280
512 841 639 1556915427296
512 843 640 1556915427313
512 844 640 1556915427330
512 845 641 1556915427347
512 846 641 1556915427363
513 846 641 1556915427456
514 846 641 1556915427495
512 848 641 1556915427780
512 852 627 1556915427797
512 857 608 1556915427814
512 863 589 1556915427830
512 871 558 1556915427847
512 881 525 1556915427864
512 885 505 1556915427880
512 888 490 1556915427897
512 893 477 1556915427914
512 897 467 1556915427930
512 900 458 1556915427947
512 903 453 1556915427964
512 906 447 1556915427980
512 909 440 1556915427997
512 911 435 1556915428014
512 914 428 1556915428030
512 915 424 1556915428047
512 919 417 1556915428064
512 922 413 1556915428080
512 925 407 1556915428097
512 925 405 1556915428114
512 927 400 1556915428130
512 929 392 1556915428147
512 929 388 1556915428164
512 930 384 1556915428181
512 931 377 1556915428197
512 931 373 1556915428214
512 931 370 1556915428230
512 931 369 1556915428247
513 931 369 1556915428321
514 931 369 1556915428400
512 929 368 1556915428647
512 902 374 1556915428664
512 873 384 1556915428681
512 815 399 1556915428697
512 743 416 1556915428714
512 669 425 1556915428731
512 608 430 1556915428748
512 562 433 1556915428766
512 532 433 1556915428781
512 514 433 1556915428798
512 505 432 1556915428814
512 502 429 1556915428831
512 498 426 1556915428848
512 493 421 1556915428864
512 490 417 1556915428881
512 487 413 1556915428898
512 482 408 1556915428914
512 480 403 1556915428931
512 475 398 1556915428948
512 473 394 1556915428964
512 470 390 1556915428981
512 468 387 1556915428998
512 466 385 1556915429014
512 465 384 1556915429031
512 465 382 1556915429064
512 465 381 1556915429148
513 465 381 1556915429184
514 465 381 1556915429255
512 465 382 1556915429481
512 469 388 1556915429498
512 476 398 1556915429515
512 488 413 1556915429531
512 503 433 1556915429548
512 518 458 1556915429565
512 539 493 1556915429581
512 558 530 1556915429598
512 566 550 1556915429615
512 570 563 1556915429631
512 571 579 1556915429648
512 571 587 1556915429665
512 571 594 1556915429681
512 571 598 1556915429698
512 571 603 1556915429715
512 571 609 1556915429732
512 571 614 1556915429748
512 570 617 1556915429765
512 570 619 1556915429782
512 569 620 1556915429798
512 569 622 1556915429815
512 568 623 1556915429832
512 566 625 1556915429848
512 565 627 1556915429865
512 563 629 1556915429882
512 563 632 1556915429898
512 561 634 1556915429915
512 560 638 1556915429932
512 559 641 1556915429948
512 558 644 1556915429965
512 557 648 1556915429982
512 556 649 1556915429998
512 556 650 1556915430032
513 556 650 1556915430048
514 556 650 1556915430111
512 556 651 1556915430315
512 557 651 1556915430332
512 564 646 1556915430349
512 581 634 1556915430365
512 602 614 1556915430382
512 631 576 1556915430399
512 643 557 1556915430415
512 663 513 1556915430432
512 677 478 1556915430449
512 682 449 1556915430465
512 689 420 1556915430482
512 695 396 1556915430499
512 698 373 1556915430515
512 700 356 1556915430532
512 703 337 1556915430549
512 704 325 1556915430565
512 705 312 1556915430582
512 705 301 1556915430599
512 705 293 1556915430615
512 705 281 1556915430632
512 705 271 1556915430649
512 705 263 1556915430665
512 705 256 1556915430682
512 706 250 1556915430699
512 707 246 1556915430716
512 707 242 1556915430732
512 707 236 1556915430749
512 707 232 1556915430766
512 707 228 1556915430782
512 707 224 1556915430799
512 708 220 1556915430816
512 708 219 1556915430832
512 708 218 1556915430849
513 708 218 1556915431008
512 708 216 1556915431082
514 708 216 1556915431087