512 691 215 1557253863373
512 676 225 1557253863388
512 661 237 1557253863404
512 650 251 1557253863424
512 637 267 1557253863438
512 621 286 1557253863455
512 611 309 1557253863472
512 612 385 1557253863488
512 630 468 1557253863507
512 641 506 1557253863522
512 686 596 1557253863539
512 703 602 1557253863556
512 718 603 1557253863572
512 731 605 1557253863588
512 744 608 1557253863604
512 753 610 1557253863621
512 757 611 1557253863639
512 761 612 1557253863655
512 763 613 1557253863671
512 781 627 1557253863688
512 797 636 1557253863704
512 807 639 1557253863722
512 810 639 1557253863738
512 812 639 1557253863837
512 815 639 1557253863854
512 818 638 1557253863874
512 820 638 1557253863890
512 820 637 1557253863907
512 821 636 1557253863923
512 822 635 1557253863971
512 824 634 1557253863988
512 827 634 1557253864005
512 831 635 1557253864023
512 836 639 1557253864037
512 838 642 1557253864055
512 840 643 1557253864073
512 841 643 1557253864123
513 841 643 1557253864178
514 841 643 1557253864302
512 844 629 1557253864455
512 845 614 1557253864472
512 845 592 1557253864489
512 848 562 1557253864506
512 848 536 1557253864524
512 840 509 1557253864539
512 826 490 1557253864556
512 810 484 1557253864572
512 789 483 1557253864588
512 766 486 1557253864604
512 735 492 1557253864622
512 699 492 1557253864638
512 662 489 1557253864657
512 629 484 1557253864671
512 603 479 1557253864690
512 598 477 1557253864705
512 594 473 1557253864721
512 592 469 1557253864738
512 589 464 1557253864756
512 586 458 1557253864772
512 579 451 1557253864789
512 569 441 1557253864807
512 554 426 1557253864823
512 538 411 1557253864837
512 503 385 1557253864856
512 488 377 1557253864872
512 474 374 1557253864889
512 463 373 1557253864904
512 462 372 1557253864922
512 463 374 1557253865056
512 467 379 1557253865071
512 478 384 1557253865090
512 484 384 1557253865107
512 486 384 1557253865122
512 488 384 1557253865137
513 488 384 1557253865184
512 489 384 1557253865206
512 491 384 1557253865239
514 491 384 1557253865296
512 491 384 1557253865306
512 490 384 1557253865321
512 485 384 1557253865339
512 481 384 1557253865354
512 480 384 1557253865372
512 480 382 1557253865422
512 480 381 1557253865438
512 480 379 1557253865455
512 480 377 1557253865472
512 480 375 1557253865490
513 480 375 1557253865496
512 480 374 1557253865505
512 479 372 1557253865622
514 479 372 1557253865626
512 478 370 1557253865638
512 474 368 1557253865656
512 473 368 1557253865672
512 471 368 1557253865688
513 471 368 1557253865712
514 471 368 1557253865825
512 475 368 1557253865923
512 484 362 1557253865940
512 500 355 1557253865955
512 523 338 1557253865973
512 553 307 1557253865988
512 571 290 1557253866007
512 588 276 1557253866022
512 596 270 1557253866038
512 610 255 1557253866056
512 612 254 1557253866122
512 616 254 1557253866138
512 621 253 1557253866156
512 629 254 1557253866171
512 639 260 1557253866188
512 656 266 1557253866207
512 667 268 1557253866222
512 689 269 1557253866238
512 694 267 1557253866258
512 697 261 1557253866273
512 698 259 1557253866288
512 698 253 1557253866304
512 697 245 1557253866322
512 695 241 1557253866337
512 693 235 1557253866354
512 692 234 1557253866371
512 692 233 1557253866389
512 692 232 1557253866404
512 691 230 1557253866421
512 690 228 1557253866438
512 688 226 1557253866455
512 687 223 1557253866472
512 687 222 1557253866488
512 688 216 1557253866504
512 688 215 1557253866522
512 689 213 1557253866540
512 690 212 1557253866554
512 691 211 1557253866589
512 692 209 1557253866604
512 693 207 1557253866639
512 694 206 1557253866655
512 695 206 1557253866673
513 695 206 1557253866680
514 695 206 1557253866777
512 693 206 1557253866857
512 687 207 1557253866873
512 684 208 1557253866889
512 681 208 1557253866907
512 676 210 1557253866921
512 673 211 1557253866938
512 670 216 1557253866956
512 667 221 1557253866971
512 666 226 1557253866991
512 668 232 1557253867005
512 682 237 1557253867023
512 700 237 1557253867037
512 747 243 1557253867057
512 825 280 1557253867073
512 847 302 1557253867088
512 858 325 1557253867104
512 861 337 1557253867123
512 862 342 1557253867140
512 862 345 1557253867155
512 862 346 1557253867171
512 864 347 1557253867207
512 869 348 1557253867222
512 875 350 1557253867237
512 881 352 1557253867256
512 886 353 1557253867271
512 899 359 1557253867289
512 906 363 1557253867305
512 911 366 1557253867321
512 919 371 1557253867338
512 927 378 1557253867355
512 932 380 1557253867371
512 934 381 1557253867389
512 935 381 1557253867404
512 936 382 1557253867438
512 938 382 1557253867455
512 940 384 1557253867471
512 941 384 1557253867488
512 940 384 1557253867622
512 938 384 1557253867638
512 937 383 1557253867654
512 937 382 1557253867672
512 936 382 1557253867688
513 936 382 1557253867761
514 936 382 1557253867863
512 935 382 1557253867889
512 930 380 1557253867905
512 929 380 1557253867922
512 929 379 1557253867938
513 929 379 1557253867981
514 929 379 1557253868099
512 928 379 1557253868138
512 924 376 1557253868157
512 918 373 1557253868174
512 899 369 1557253868189
512 883 370 1557253868204
512 862 380 1557253868223
512 844 393 1557253868239
512 825 412 1557253868257
512 812 428 1557253868273
512 798 448 1557253868290
512 773 467 1557253868305
512 738 496 1557253868322
512 694 539 1557253868341
512 645 587 1557253868357
512 628 596 1557253868373
512 624 597 1557253868389
512 623 598 1557253868438
512 623 600 1557253868471
512 623 602 1557253868489
512 623 604 1557253868504
512 623 605 1557253868522
512 622 606 1557253868539
512 617 613 1557253868555
512 611 620 1557253868571
512 601 629 1557253868589
512 594 634 1557253868604
512 592 634 1557253868622
512 591 635 1557253868637
512 590 635 1557253868671
512 588 635 1557253868688
512 579 637 1557253868704
512 568 638 1557253868723
512 562 640 1557253868739
512 558 641 1557253868756
512 557 641 1557253868804
513 557 641 1557253868894
514 557 641 1557253869020
512 557 638 1557253869072
512 557 635 1557253869089
512 558 631 1557253869106
512 561 628 1557253869122
512 569 622 1557253869139
512 583 614 1557253869155
512 603 602 1557253869173
512 625 576 1557253869190
512 628 570 1557253869205
512 629 551 1557253869221
512 629 543 1557253869241
512 629 539 1557253869254
512 636 535 1557253869273
512 644 534 1557253869290
512 663 537 1557253869304
512 683 550 1557253869323
512 700 568 1557253869340
512 710 581 1557253869357
512 719 592 1557253869373
512 724 601 1557253869389
512 734 610 1557253869406
512 745 620 1557253869423
512 757 628 1557253869440
512 772 632 1557253869454
512 788 632 1557253869473
512 797 628 1557253869490
512 802 625 1557253869507
512 805 623 1557253869523
512 806 622 1557253869537
512 809 622 1557253869554
512 815 622 1557253869573
512 821 622 1557253869588
512 826 624 1557253869607
512 830 625 1557253869623
512 830 626 1557253869637
512 831 627 1557253869704
512 831 628 1557253869723
512 831 629 1557253869788
512 832 630 1557253869820
512 833 631 1557253869837
512 834 631 1557253869856
512 834 632 1557253869873
512 835 633 1557253869890
512 835 635 1557253869900
513 835 635 1557253869900
512 835 637 1557253869923
512 836 638 1557253869940
512 836 641 1557253869957
514 836 641 1557253870036
512 836 641 1557253870039
513 836 641 1557253870189
514 836 641 1557253870251
512 835 641 1557253870337
512 834 641 1557253870356
512 833 640 1557253870456
512 829 636 1557253870471
512 826 629 1557253870488
512 822 616 1557253870506
512 818 600 1557253870523
512 816 586 1557253870540
512 809 541 1557253870557
512 820 519 1557253870571
512 860 494 1557253870588
512 877 486 1557253870604
512 882 483 1557253870621
512 884 479 1557253870640
512 885 474 1557253870654
512 887 463 1557253870673
512 888 454 1557253870688
512 894 441 1557253870704
512 895 431 1557253870721
512 895 426 1557253870739
512 894 420 1557253870757
512 892 411 1557253870771
512 891 398 1557253870788
512 891 390 1557253870804
512 896 381 1557253870823
512 899 375 1557253870839
512 903 372 1557253870856
512 905 370 1557253870873
512 905 369 1557253870888
512 912 369 1557253870940
512 914 369 1557253870954
512 917 370 1557253870972
512 919 370 1557253870989
512 920 370 1557253871054
512 920 371 1557253871104
512 921 372 1557253871123
512 922 373 1557253871189
513 922 373 1557253871263
514 922 373 1557253871340
512 921 373 1557253871440
512 913 373 1557253871455
512 902 371 1557253871473
512 886 370 1557253871490
512 870 370 1557253871504
512 856 370 1557253871521
512 846 372 1557253871538
512 835 376 1557253871554
512 820 382 1557253871571
512 774 393 1557253871588
512 724 404 1557253871604
512 671 415 1557253871623
512 646 419 1557253871637
512 629 423 1557253871654
512 625 423 1557253871672
512 624 423 1557253871690
512 621 423 1557253871704
512 616 422 1557253871721
512 607 419 1557253871740
512 593 414 1557253871757
512 576 407 1557253871773
512 563 402 1557253871788
512 549 397 1557253871806
512 532 392 1557253871821
512 518 390 1557253871838
512 504 387 1557253871856
512 497 387 1557253871871
512 496 387 1557253871887
512 495 387 1557253871956
512 494 387 1557253871973
512 491 387 1557253871990
512 487 387 1557253872005
512 486 387 1557253872055
512 486 385 1557253872071
512 486 383 1557253872090
512 485 382 1557253872123
512 481 381 1557253872173
512 476 381 1557253872189
512 471 380 1557253872204
513 471 380 1557253872295
514 471 380 1557253872396
512 470 379 1557253872488
512 468 377 1557253872522
512 465 376 1557253872537
512 459 376 1557253872555
512 454 376 1557253872573
512 453 376 1557253872588
512 452 376 1557253872604
512 452 377 1557253872637
512 451 388 1557253872656
512 454 409 1557253872672
512 466 444 1557253872687
512 495 484 1557253872704
512 522 502 1557253872723
512 537 512 1557253872740
512 544 527 1557253872756
512 557 557 1557253872773
512 566 578 1557253872788
512 569 588 1557253872806
512 569 590 1557253872824
512 569 591 1557253872837
512 568 591 1557253872937
512 567 592 1557253872954
512 565 596 1557253872973
512 562 609 1557253872989
512 562 614 1557253873004
512 562 617 1557253873022
512 560 621 1557253873037
512 560 625 1557253873054
512 560 631 1557253873073
512 560 635 1557253873087
512 560 636 1557253873104
513 560 636 1557253873269
514 560 636 1557253873364
512 560 631 1557253873423
512 560 617 1557253873437
512 560 602 1557253873456
512 560 591 1557253873471
512 560 581 1557253873489
512 566 575 1557253873504
512 576 569 1557253873523
512 590 561 1557253873537
512 602 556 1557253873556
512 615 549 1557253873571
512 641 529 1557253873589
512 649 520 1557253873604
512 666 480 1557253873621
512 666 455 1557253873639
512 664 425 1557253873654
512 663 392 1557253873672
512 663 364 1557253873687
512 665 347 1557253873706
512 669 341 1557253873721
512 673 337 1557253873737
512 679 330 1557253873754
512 687 321 1557253873773
512 692 313 1557253873790
512 692 311 1557253873804
512 692 310 1557253873822
512 692 307 1557253873837
512 690 301 1557253873856
512 690 293 1557253873873
512 690 287 1557253873890
512 690 282 1557253873906
512 690 276 1557253873923
512 691 270 1557253873937
512 691 261 1557253873957
512 691 250 1557253873971
512 689 238 1557253873990
512 688 232 1557253874006
512 688 225 1557253874024
512 689 219 1557253874039
512 689 215 1557253874057
512 691 212 1557253874071
512 693 210 1557253874090
512 696 208 1557253874104
512 701 205 1557253874123
512 702 203 1557253874137
512 703 203 1557253874154
513 703 203 1557253874358
514 703 203 1557253874446