512 704 205 1557253874472
512 705 207 1557253874490
512 705 211 1557253874504
512 707 221 1557253874521
512 710 232 1557253874540
512 718 256 1557253874556
512 729 281 1557253874571
512 745 307 1557253874590
512 756 325 1557253874604
512 759 327 1557253874622
512 760 330 1557253874673
512 762 343 1557253874690
512 768 369 1557253874704
512 773 393 1557253874723
512 782 426 1557253874738
512 790 458 1557253874756
512 796 477 1557253874773
512 805 492 1557253874790
512 818 503 1557253874806
512 833 518 1557253874823
512 848 535 1557253874840
512 855 545 1557253874856
512 858 554 1557253874873
512 858 561 1557253874888
512 858 566 1557253874906
512 857 573 1557253874921
512 855 578 1557253874938
512 853 586 1557253874957
512 852 591 1557253874971
512 850 595 1557253874990
512 845 604 1557253875006
512 843 611 1557253875023
512 842 616 1557253875040
512 841 617 1557253875056
512 841 619 1557253875071
512 841 620 1557253875090
512 841 625 1557253875104
512 841 632 1557253875123
512 843 636 1557253875140
512 843 639 1557253875154
512 843 641 1557253875172
512 843 644 1557253875187
512 843 650 1557253875206
512 843 652 1557253875223
513 843 652 1557253875469
514 843 652 1557253875547
512 840 650 1557253875604
512 835 647 1557253875621
512 824 640 1557253875637
512 815 634 1557253875656
512 801 623 1557253875673
512 779 606 1557253875687
512 751 584 1557253875706
512 717 560 1557253875723
512 669 540 1557253875737
512 640 535 1557253875756
512 630 534 1557253875770
512 628 534 1557253875787
512 627 534 1557253875806
512 624 532 1557253875823
512 612 526 1557253875837
512 598 517 1557253875855
512 578 505 1557253875871
512 572 500 1557253875890
512 550 484 1557253875905
512 535 474 1557253875921
512 522 465 1557253875937
512 512 459 1557253875956
512 510 457 1557253875973
512 503 451 1557253875988
512 500 448 1557253876007
512 498 445 1557253876023
512 498 442 1557253876038
512 497 436 1557253876056
512 497 430 1557253876073
512 497 426 1557253876088
512 497 423 1557253876106
512 496 419 1557253876121
512 494 417 1557253876139
512 492 415 1557253876154
512 491 411 1557253876173
512 490 408 1557253876206
512 489 407 1557253876223
512 487 406 1557253876239
512 486 404 1557253876254
512 485 402 1557253876273
512 484 400 1557253876290
512 482 397 1557253876304
512 481 393 1557253876323
512 480 389 1557253876340
512 479 385 1557253876371
512 478 384 1557253876387
512 477 383 1557253876406
512 476 382 1557253876456
512 476 381 1557253876473
512 476 379 1557253876489
512 476 378 1557253876504
512 476 377 1557253876537
513 476 377 1557253876558
514 476 377 1557253876652
512 476 381 1557253876757
512 477 387 1557253876773
512 480 393 1557253876790
512 492 402 1557253876806
512 508 402 1557253876823
512 531 398 1557253876840
512 561 393 1557253876856
512 589 392 1557253876871
512 606 390 1557253876890
512 615 386 1557253876906
512 617 384 1557253876922
512 620 381 1557253876939
512 623 377 1557253876955
512 626 365 1557253876970
512 627 339 1557253876987
512 627 255 1557253877006
512 631 226 1557253877023
512 637 220 1557253877037
512 639 219 1557253877122
512 650 216 1557253877139
512 672 210 1557253877154
512 691 206 1557253877173
512 703 205 1557253877187
512 709 205 1557253877205
512 710 205 1557253877223
512 712 206 1557253877240
512 713 206 1557253877273
512 713 207 1557253877407
512 711 208 1557253877422
512 709 210 1557253877437
512 708 210 1557253877504
512 706 211 1557253877523
512 702 212 1557253877537
512 700 213 1557253877554
512 699 214 1557253877572
513 699 214 1557253877646
514 699 214 1557253877748
512 699 218 1557253877837
512 700 224 1557253877856
512 704 235 1557253877872
512 707 249 1557253877890
512 713 272 1557253877904
512 720 299 1557253877922
512 732 326 1557253877940
512 745 340 1557253877954
512 756 345 1557253877973
512 766 346 1557253877990
512 777 347 1557253878004
512 794 344 1557253878022
512 798 343 1557253878040
512 803 343 1557253878056
512 807 346 1557253878073
512 820 353 1557253878090
512 831 359 1557253878106
512 842 361 1557253878123
512 853 364 1557253878139
512 860 366 1557253878154
512 868 369 1557253878171
512 877 373 1557253878190
512 880 375 1557253878204
512 885 376 1557253878222
512 893 376 1557253878240
512 896 376 1557253878256
512 897 376 1557253878271
512 898 376 1557253878288
512 900 376 1557253878304
512 902 376 1557253878322
512 904 376 1557253878339
512 910 379 1557253878357
512 912 379 1557253878373
512 915 381 1557253878390
512 917 382 1557253878404
512 919 382 1557253878423
512 920 383 1557253878456
512 921 383 1557253878471
512 922 383 1557253878504
512 923 383 1557253878522
512 924 383 1557253878606
512 925 383 1557253878639
513 925 383 1557253878663
514 925 383 1557253878741
512 922 383 1557253878790
512 917 384 1557253878806
512 913 385 1557253878823
512 910 386 1557253878837
512 905 389 1557253878856
512 898 395 1557253878873
512 890 400 1557253878887
512 884 403 1557253878906
512 880 405 1557253878921
512 871 410 1557253878937
512 852 420 1557253878957
512 845 425 1557253878973
512 829 438 1557253878987
512 814 447 1557253879004
512 791 465 1557253879021
512 775 477 1557253879037
512 758 492 1557253879057
512 737 516 1557253879073
512 703 549 1557253879090
512 676 572 1557253879104
512 661 584 1557253879123
512 654 592 1557253879137
512 652 593 1557253879156
512 651 594 1557253879173
512 649 595 1557253879190
512 644 598 1557253879206
512 637 601 1557253879223
512 633 604 1557253879237
512 629 606 1557253879257
512 627 606 1557253879273
512 625 606 1557253879289
512 622 608 1557253879304
512 617 611 1557253879323
512 610 615 1557253879339
512 600 621 1557253879354
512 591 626 1557253879374
512 589 628 1557253879390
512 586 630 1557253879404
512 584 632 1557253879423
512 583 634 1557253879437
512 581 636 1557253879456
512 578 639 1557253879471
512 574 642 1557253879490
512 568 646 1557253879504
512 567 646 1557253879604
512 566 646 1557253879623
512 565 646 1557253879640
512 564 646 1557253879656
513 564 646 1557253879781
514 564 646 1557253879868
512 564 643 1557253879940
512 565 642 1557253879956
512 570 639 1557253879971
512 577 637 1557253879990
512 611 630 1557253880006
512 636 618 1557253880022
512 660 597 1557253880037
512 684 567 1557253880056
512 691 549 1557253880071
512 692 542 1557253880087
512 692 538 1557253880106
512 693 543 1557253880156
512 701 559 1557253880173
512 713 581 1557253880190
512 740 620 1557253880207
512 756 635 1557253880223
512 765 640 1557253880237
512 768 640 1557253880256
512 769 640 1557253880322
512 772 640 1557253880340
512 775 639 1557253880357
512 783 639 1557253880373
512 790 639 1557253880388
512 798 639 1557253880406
512 803 639 1557253880422
512 807 639 1557253880437
512 812 640 1557253880454
512 816 640 1557253880472
512 819 641 1557253880490
512 821 641 1557253880507
512 823 641 1557253880521
512 826 642 1557253880539
512 827 643 1557253880554
512 829 643 1557253880573
512 831 644 1557253880590
512 833 644 1557253880606
512 834 644 1557253880622
512 835 644 1557253880687
512 836 644 1557253880740
512 837 644 1557253880765
513 837 644 1557253880765
512 838 644 1557253880790
512 838 643 1557253880806
512 839 643 1557253880839
514 839 643 1557253880845
512 839 643 1557253880856
512 838 641 1557253880940
512 834 636 1557253880956
512 827 626 1557253880971
512 818 614 1557253880990
512 814 606 1557253881004
512 813 595 1557253881023
512 814 577 1557253881037
512 814 555 1557253881056
512 814 532 1557253881071
512 814 505 1557253881090
512 818 482 1557253881106
512 823 468 1557253881122
512 828 458 1557253881137
512 833 450 1557253881154
512 837 446 1557253881173
512 844 439 1557253881190
512 851 432 1557253881206
512 854 431 1557253881221
512 856 430 1557253881237
512 859 430 1557253881255
512 863 427 1557253881273
512 869 425 1557253881290
512 876 421 1557253881305
512 882 417 1557253881321
512 887 413 1557253881340
512 892 408 1557253881354
512 896 403 1557253881371
512 899 400 1557253881390
512 902 398 1557253881406
512 903 396 1557253881422
512 907 392 1557253881437
512 911 389 1557253881456
512 914 385 1557253881471
512 916 383 1557253881490
512 917 382 1557253881506
512 918 381 1557253881521
512 920 379 1557253881540
512 922 378 1557253881556
512 924 377 1557253881571
512 926 377 1557253881590
512 927 376 1557253881606
512 928 376 1557253881642
513 928 376 1557253881767
514 928 376 1557253881838
512 928 375 1557253881889
512 919 372 1557253881906
512 910 371 1557253881925
512 899 369 1557253881942
512 873 368 1557253881959
512 853 368 1557253881973
512 834 372 1557253881992
512 821 375 1557253882009
512 789 384 1557253882026
512 780 386 1557253882042
512 769 390 1557253882059
512 761 391 1557253882075
512 756 392 1557253882090
512 749 394 1557253882109
512 742 396 1557253882125
512 703 405 1557253882142
512 665 414 1557253882157
512 604 428 1557253882176
512 566 432 1557253882192
512 551 433 1557253882209
512 517 437 1557253882225
512 511 438 1557253882242
512 510 437 1557253882275
512 507 435 1557253882292
512 504 432 1557253882309
512 478 422 1557253882325
512 468 419 1557253882342
512 428 403 1557253882359
512 421 400 1557253882375
512 419 398 1557253882392
512 419 394 1557253882408
512 419 389 1557253882425
512 421 385 1557253882441
512 424 381 1557253882456
512 426 380 1557253882473
512 427 379 1557253882492
512 429 377 1557253882506
512 431 375 1557253882526
512 434 373 1557253882540
512 436 373 1557253882558
512 442 371 1557253882573
512 447 370 1557253882591
512 454 370 1557253882609
512 459 370 1557253882623
512 464 370 1557253882642
512 467 370 1557253882657
512 469 370 1557253882675
512 470 370 1557253882740
512 472 370 1557253882759
512 473 370 1557253882773
513 473 370 1557253882827
514 473 370 1557253882915
512 474 370 1557253882958
512 475 370 1557253882975
512 478 370 1557253882992
512 483 371 1557253883009
512 489 374 1557253883024
512 495 378 1557253883040
512 498 380 1557253883056
512 504 384 1557253883075
512 509 385 1557253883092
512 514 385 1557253883106
512 517 385 1557253883123
512 518 385 1557253883140
512 521 392 1557253883175
512 530 416 1557253883192
512 541 445 1557253883208
512 546 483 1557253883223
512 550 539 1557253883242
512 550 553 1557253883259
512 555 587 1557253883275
512 559 605 1557253883289
512 564 619 1557253883306
512 568 629 1557253883325
512 571 636 1557253883342
512 571 637 1557253883425
512 571 638 1557253883442
512 569 638 1557253883492
512 566 637 1557253883509
512 563 635 1557253883525
512 562 635 1557253883540
512 561 634 1557253883559
512 560 634 1557253883575
512 558 634 1557253883590
512 555 634 1557253883609
512 553 636 1557253883623
513 553 636 1557253883733
514 553 636 1557253883820
512 552 635 1557253883857
512 549 621 1557253883875
512 545 602 1557253883890
512 544 580 1557253883907
512 546 549 1557253883923
512 553 534 1557253883942
512 563 515 1557253883959
512 577 499 1557253883975
512 595 486 1557253883992
512 614 476 1557253884006
512 631 470 1557253884023
512 647 464 1557253884042
512 664 453 1557253884059
512 680 438 1557253884075
512 706 405 1557253884090
512 748 340 1557253884109
512 754 316 1557253884125
512 755 305 1557253884142
512 748 297 1557253884158
512 739 289 1557253884174
512 738 287 1557253884192
512 737 286 1557253884209
512 737 285 1557253884225
512 738 278 1557253884242
512 742 267 1557253884259
512 742 257 1557253884276
512 742 248 1557253884292
512 735 235 1557253884309
512 733 233 1557253884325
512 732 231 1557253884342
512 731 230 1557253884357
512 727 224 1557253884375
512 721 220 1557253884389
512 716 217 1557253884409
512 712 216 1557253884425
512 710 215 1557253884440
512 707 214 1557253884642
512 705 212 1557253884659
512 700 211 1557253884675
512 696 210 1557253884692
512 692 208 1557253884709
513 692 208 1557253884773
514 692 208 1557253884861