512 707 207 1557316934992
512 707 208 1557316935010
512 707 209 1557316935027
512 706 210 1557316935091
512 705 211 1557316935111
512 704 212 1557316935127
512 702 215 1557316935144
512 699 218 1557316935159
512 698 220 1557316935177
512 697 221 1557316935191
512 697 222 1557316935342
512 697 227 1557316935358
512 699 242 1557316935375
512 703 265 1557316935391
512 707 292 1557316935410
512 717 330 1557316935427
512 731 383 1557316935443
512 750 449 1557316935458
512 771 531 1557316935477
512 790 604 1557316935492
512 800 629 1557316935510
512 803 638 1557316935528
512 804 643 1557316935541
512 811 656 1557316935559
512 814 664 1557316935574
512 816 668 1557316935594
512 818 669 1557316935610
512 820 671 1557316935627
512 823 677 1557316935641
512 828 689 1557316935658
512 830 693 1557316935677
512 831 695 1557316935691
512 832 690 1557316935744
512 834 685 1557316935759
512 835 679 1557316935775
512 836 674 1557316935791
512 836 670 1557316935810
512 836 667 1557316935827
512 836 666 1557316935844
512 836 662 1557316935859
512 837 659 1557316935877
512 838 656 1557316935894
512 839 654 1557316935910
512 840 653 1557316935925
512 841 650 1557316935943
512 842 650 1557316935959
512 842 648 1557316935975
512 843 647 1557316936010
512 843 645 1557316936076
513 843 645 1557316936086
514 843 645 1557316936189
512 843 643 1557316936227
512 841 643 1557316936243
512 839 642 1557316936260
512 837 640 1557316936276
512 834 635 1557316936294
512 831 631 1557316936311
512 825 621 1557316936327
512 820 610 1557316936360
512 793 560 1557316936377
512 771 530 1557316936393
512 737 492 1557316936408
512 667 435 1557316936428
512 624 408 1557316936444
512 565 384 1557316936460
512 518 371 1557316936476
512 494 371 1557316936494
512 486 372 1557316936508
512 485 374 1557316936527
512 486 375 1557316936544
512 493 383 1557316936560
512 498 390 1557316936576
512 500 394 1557316936592
512 502 396 1557316936610
512 499 395 1557316936675
512 494 393 1557316936691
512 491 392 1557316936710
512 490 392 1557316936727
512 488 390 1557316936743
512 485 388 1557316936760
512 485 386 1557316936777
512 483 385 1557316936795
512 482 385 1557316936827
512 482 384 1557316936842
512 479 383 1557316936858
512 476 383 1557316936875
512 474 383 1557316936892
512 472 382 1557316936910
512 469 381 1557316936926
512 467 380 1557316936942
512 466 380 1557316936975
513 466 380 1557316936998
514 466 380 1557316937105
512 469 381 1557316937191
512 475 383 1557316937211
512 490 383 1557316937227
512 508 381 1557316937242
512 524 378 1557316937259
512 541 375 1557316937275
512 559 370 1557316937294
512 564 371 1557316937308
512 567 372 1557316937326
512 571 373 1557316937344
512 580 380 1557316937361
512 583 383 1557316937377
512 590 388 1557316937391
512 595 390 1557316937410
512 596 389 1557316937426
512 599 382 1557316937442
512 612 357 1557316937459
512 623 335 1557316937475
512 634 308 1557316937491
512 643 276 1557316937510
512 647 258 1557316937526
512 649 253 1557316937543
512 649 252 1557316937561
512 649 251 1557316937576
512 650 250 1557316937591
512 653 247 1557316937609
512 654 244 1557316937627
512 658 238 1557316937644
512 659 235 1557316937659
512 662 233 1557316937675
512 669 225 1557316937694
512 670 222 1557316937708
512 673 221 1557316937727
512 676 220 1557316937744
512 680 220 1557316937760
512 686 220 1557316937777
512 695 218 1557316937791
512 696 217 1557316937808
512 702 216 1557316937827
512 704 214 1557316937842
512 705 213 1557316937858
512 705 212 1557316937875
513 705 212 1557316938081
514 705 212 1557316938164
512 704 214 1557316938244
512 704 215 1557316938258
512 701 221 1557316938277
512 701 227 1557316938291
512 704 232 1557316938308
512 706 237 1557316938327
512 707 242 1557316938343
512 708 256 1557316938360
512 709 275 1557316938377
512 713 298 1557316938393
512 721 316 1557316938408
512 723 320 1557316938425
512 728 322 1557316938443
512 731 323 1557316938458
512 736 323 1557316938477
512 754 319 1557316938491
512 772 317 1557316938510
512 790 319 1557316938527
512 806 322 1557316938543
512 821 325 1557316938558
512 833 328 1557316938577
512 843 330 1557316938593
512 847 330 1557316938611
512 850 331 1557316938627
512 861 335 1557316938643
512 870 347 1557316938660
512 885 360 1557316938676
512 903 375 1557316938692
512 911 383 1557316938708
512 915 385 1557316938726
512 916 385 1557316938810
512 918 385 1557316938827
512 919 385 1557316938842
512 923 386 1557316938860
512 924 385 1557316938875
512 925 385 1557316938891
512 925 384 1557316938910
512 926 384 1557316938941
512 926 382 1557316938961
512 926 381 1557316938991
513 926 381 1557316939019
514 926 381 1557316939106
512 924 380 1557316939159
512 922 379 1557316939176
512 917 377 1557316939192
512 906 379 1557316939209
512 888 383 1557316939225
512 865 390 1557316939242
512 843 398 1557316939259
512 801 406 1557316939275
512 774 409 1557316939292
512 746 412 1557316939311
512 720 419 1557316939326
512 698 426 1557316939343
512 679 434 1557316939360
512 656 443 1557316939377
512 636 455 1557316939393
512 620 467 1557316939411
512 612 485 1557316939425
512 600 509 1557316939443
512 592 531 1557316939459
512 588 543 1557316939475
512 588 557 1557316939494
512 588 564 1557316939510
512 588 570 1557316939527
512 588 571 1557316939541
512 588 572 1557316939558
512 588 573 1557316939576
512 586 577 1557316939692
512 582 584 1557316939710
512 577 595 1557316939725
512 571 603 1557316939742
512 567 615 1557316939760
512 564 626 1557316939777
512 561 635 1557316939792
512 559 640 1557316939808
512 559 643 1557316939825
512 559 646 1557316939844
512 558 648 1557316939877
512 557 649 1557316939893
512 557 648 1557316940043
513 557 648 1557316940068
512 557 647 1557316940077
514 557 647 1557316940147
512 557 647 1557316940160
512 558 645 1557316940178
512 559 643 1557316940193
512 559 640 1557316940210
512 560 638 1557316940225
512 563 633 1557316940241
512 571 626 1557316940260
512 578 614 1557316940276
512 587 594 1557316940291
512 591 576 1557316940310
512 593 561 1557316940326
512 594 558 1557316940341
512 595 557 1557316940361
512 601 556 1557316940376
512 617 553 1557316940394
512 625 555 1557316940408
512 653 561 1557316940427
512 672 574 1557316940442
512 687 594 1557316940460
512 697 611 1557316940477
512 701 620 1557316940492
512 705 627 1557316940510
512 709 634 1557316940527
512 714 637 1557316940544
512 721 640 1557316940560
512 733 637 1557316940578
512 742 634 1557316940591
512 752 631 1557316940609
512 767 627 1557316940644
512 773 626 1557316940658
512 778 627 1557316940674
512 787 627 1557316940694
512 799 630 1557316940710
512 805 632 1557316940726
512 814 632 1557316940742
512 820 635 1557316940758
512 824 637 1557316940776
512 826 637 1557316940794
512 828 638 1557316940810
512 830 638 1557316940827
512 832 639 1557316940844
512 834 640 1557316940860
512 835 640 1557316940977
513 835 640 1557316941014
514 835 640 1557316941124
512 833 640 1557316941194
512 829 638 1557316941208
512 824 630 1557316941226
512 820 625 1557316941244
512 802 600 1557316941260
512 794 586 1557316941277
512 785 571 1557316941294
512 772 556 1557316941310
512 761 540 1557316941328
512 754 531 1557316941344
512 750 519 1557316941360
512 749 503 1557316941377
512 751 488 1557316941394
512 761 472 1557316941408
512 776 456 1557316941425
512 796 444 1557316941444
512 814 438 1557316941460
512 828 436 1557316941477
512 842 433 1557316941493
512 853 432 1557316941508
512 861 431 1557316941527
512 864 430 1557316941544
512 876 424 1557316941560
512 881 423 1557316941576
512 886 420 1557316941593
512 888 417 1557316941610
512 889 415 1557316941627
512 891 413 1557316941643
512 893 409 1557316941660
512 895 406 1557316941677
512 896 402 1557316941691
512 898 399 1557316941710
512 898 397 1557316941728
512 899 395 1557316941743
512 901 392 1557316941758
512 903 389 1557316941776
512 906 385 1557316941793
512 909 383 1557316941808
512 913 380 1557316941827
512 918 380 1557316941844
512 922 378 1557316941861
512 924 377 1557316941874
512 926 376 1557316941895
512 928 375 1557316941908
512 930 374 1557316941929
512 930 372 1557316941944
513 930 372 1557316942081
514 930 372 1557316942151
512 929 373 1557316942208
512 921 373 1557316942227
512 910 373 1557316942244
512 890 373 1557316942258
512 870 374 1557316942277
512 847 377 1557316942291
512 822 383 1557316942310
512 798 388 1557316942327
512 776 394 1557316942344
512 765 396 1557316942361
512 728 401 1557316942377
512 713 399 1557316942393
512 701 396 1557316942408
512 688 392 1557316942427
512 668 387 1557316942444
512 644 381 1557316942461
512 617 381 1557316942478
512 594 381 1557316942493
512 579 383 1557316942510
512 571 384 1557316942528
512 568 384 1557316942545
512 561 383 1557316942561
512 555 382 1557316942574
512 540 383 1557316942594
512 529 384 1557316942611
512 515 385 1557316942627
512 504 383 1557316942642
512 496 382 1557316942661
512 490 380 1557316942677
512 486 379 1557316942695
512 484 379 1557316942711
512 483 378 1557316942876
512 480 377 1557316942891
512 475 375 1557316942911
512 473 375 1557316942927
512 472 375 1557316943023
513 472 375 1557316943024
514 472 375 1557316943136
512 476 377 1557316943243
512 487 381 1557316943258
512 504 385 1557316943277
512 536 392 1557316943291
512 559 396 1557316943311
512 586 406 1557316943326
512 601 415 1557316943343
512 612 423 1557316943360
512 620 430 1557316943376
512 621 430 1557316943394
512 621 432 1557316943444
512 618 439 1557316943461
512 608 451 1557316943477
512 594 470 1557316943491
512 574 508 1557316943510
512 568 560 1557316943527
512 556 607 1557316943544
512 558 653 1557316943560
512 562 666 1557316943576
512 564 668 1557316943593
512 565 669 1557316943610
512 565 670 1557316943641
512 565 671 1557316943660
512 565 673 1557316943677
512 565 674 1557316943694
512 565 678 1557316943710
512 566 678 1557316943727
512 565 677 1557316943810
512 562 674 1557316943827
512 559 666 1557316943844
512 555 657 1557316943861
512 556 656 1557316943877
512 554 648 1557316943892
512 554 646 1557316943910
512 554 645 1557316943927
513 554 645 1557316944030
512 554 643 1557316944127
512 553 642 1557316944138
514 553 642 1557316944139
512 553 642 1557316944144
512 553 641 1557316944158
512 552 640 1557316944225
512 553 636 1557316944244
512 555 631 1557316944261
512 557 627 1557316944277
512 568 617 1557316944293
512 579 607 1557316944308
512 596 600 1557316944326
512 622 594 1557316944343
512 647 591 1557316944361
512 679 587 1557316944378
512 705 574 1557316944393
512 720 554 1557316944410
512 725 523 1557316944428
512 712 480 1557316944445
512 701 456 1557316944459
512 682 418 1557316944477
512 675 404 1557316944491
512 644 348 1557316944509
512 620 312 1557316944527
512 609 292 1557316944541
512 607 282 1557316944561
512 608 276 1557316944574
512 608 270 1557316944594
512 608 267 1557316944612
512 609 264 1557316944625
512 610 262 1557316944645
512 615 261 1557316944661
512 621 257 1557316944678
512 635 243 1557316944695
512 642 234 1557316944711
512 652 225 1557316944728
512 662 217 1557316944741
512 669 214 1557316944761
512 670 213 1557316944778
512 671 212 1557316944791
512 672 212 1557316944811
512 674 211 1557316944841
512 677 211 1557316944859
512 680 209 1557316944876
512 681 209 1557316944928
512 682 208 1557316944943
512 684 206 1557316944960
512 686 206 1557316944977
512 688 206 1557316945025
512 692 208 1557316945045
512 693 208 1557316945060
512 694 208 1557316945094
513 694 208 1557316945171
512 695 208 1557316945194
514 695 208 1557316945274