512 706 210 1556735419833
512 703 210 1556735419867
512 698 210 1556735419884
512 693 210 1556735419901
512 689 210 1556735419918
512 690 211 1556735420049
512 693 217 1556735420066
512 701 228 1556735420084
512 713 251 1556735420100
512 734 307 1556735420117
512 758 388 1556735420134
512 777 474 1556735420148
512 796 567 1556735420167
512 811 636 1556735420182
512 813 646 1556735420201
512 820 657 1556735420218
512 821 658 1556735420234
512 822 659 1556735420250
512 825 660 1556735420266
512 829 660 1556735420283
512 829 661 1556735420334
512 830 664 1556735420351
512 830 665 1556735420365
512 830 666 1556735420385
512 831 665 1556735420418
512 835 659 1556735420434
512 836 657 1556735420451
512 837 653 1556735420466
512 838 651 1556735420551
512 838 649 1556735420567
512 839 649 1556735420582
512 839 647 1556735420598
512 840 646 1556735420634
512 840 645 1556735420717
513 840 645 1556735420723
514 840 645 1556735420825
512 838 641 1556735420965
512 836 636 1556735420984
512 833 628 1556735421001
512 831 623 1556735421017
512 831 618 1556735421035
512 831 613 1556735421048
512 831 599 1556735421067
512 823 575 1556735421084
512 795 542 1556735421100
512 735 498 1556735421115
512 657 452 1556735421134
512 598 418 1556735421150
512 558 394 1556735421168
512 545 383 1556735421183
512 542 379 1556735421201
512 542 377 1556735421215
512 543 376 1556735421234
512 544 375 1556735421249
512 541 381 1556735421332
512 538 385 1556735421349
512 531 390 1556735421367
512 525 394 1556735421383
512 514 398 1556735421399
512 507 399 1556735421418
512 500 399 1556735421434
512 499 399 1556735421449
512 498 398 1556735421482
512 497 397 1556735421500
512 496 394 1556735421517
512 495 392 1556735421532
512 491 388 1556735421551
512 489 387 1556735421567
512 488 386 1556735421584
512 487 386 1556735421632
512 486 385 1556735421651
512 485 385 1556735421665
512 484 384 1556735421684
512 483 382 1556735421767
512 480 380 1556735421784
512 471 378 1556735421801
512 461 374 1556735421818
512 447 370 1556735421834
512 446 370 1556735421850
512 446 369 1556735421901
512 448 368 1556735421917
512 449 368 1556735421934
512 450 368 1556735421949
512 451 368 1556735421984
512 454 368 1556735422001
512 458 370 1556735422018
512 465 371 1556735422034
512 469 373 1556735422051
512 471 373 1556735422066
513 471 373 1556735422237
514 471 373 1556735422313
512 472 373 1556735422400
512 473 373 1556735422418
512 476 375 1556735422433
512 486 375 1556735422449
512 521 381 1556735422466
512 555 388 1556735422483
512 595 397 1556735422499
512 625 404 1556735422515
512 661 415 1556735422534
512 684 419 1556735422550
512 702 420 1556735422568
512 709 419 1556735422584
512 712 413 1556735422600
512 712 402 1556735422617
512 704 384 1556735422635
512 692 348 1556735422651
512 686 324 1556735422668
512 682 301 1556735422684
512 678 275 1556735422701
512 672 255 1556735422716
512 671 248 1556735422734
512 671 247 1556735422749
512 671 245 1556735422766
512 672 242 1556735422801
512 675 240 1556735422818
512 679 236 1556735422835
512 682 234 1556735422850
512 686 232 1556735422867
512 688 229 1556735422884
512 689 226 1556735422900
512 690 222 1556735422917
512 691 220 1556735422934
512 692 218 1556735422949
512 693 216 1556735422968
512 694 215 1556735422983
512 695 213 1556735422999
512 695 212 1556735423018
512 697 210 1556735423084
512 698 209 1556735423099
512 699 207 1556735423134
512 700 207 1556735423149
512 701 207 1556735423184
513 701 207 1556735423210
514 701 207 1556735423290
512 701 208 1556735423351
512 700 210 1556735423365
512 700 213 1556735423384
512 700 217 1556735423401
512 701 220 1556735423418
512 703 225 1556735423435
512 707 232 1556735423450
512 714 240 1556735423468
512 730 251 1556735423484
512 746 261 1556735423499
512 759 269 1556735423517
512 766 275 1556735423533
512 778 285 1556735423549
512 796 298 1556735423567
512 828 315 1556735423585
512 850 325 1556735423600
512 868 332 1556735423616
512 876 336 1556735423633
512 878 337 1556735423651
512 879 338 1556735423665
512 879 339 1556735423684
512 880 342 1556735423700
512 883 348 1556735423717
512 887 354 1556735423732
512 891 359 1556735423749
512 895 363 1556735423765
512 898 364 1556735423785
512 899 365 1556735423799
512 901 366 1556735423816
512 902 367 1556735423834
512 905 370 1556735423851
512 906 370 1556735423868
512 907 371 1556735423884
512 910 372 1556735423899
512 913 373 1556735423917
512 915 374 1556735423933
512 916 374 1556735423966
512 918 374 1556735423984
512 920 374 1556735424016
512 921 374 1556735424050
512 923 374 1556735424082
512 924 374 1556735424100
512 925 374 1556735424134
513 925 374 1556735424207
512 926 374 1556735424234
514 926 374 1556735424304
512 926 374 1556735424317
512 926 373 1556735424417
512 925 373 1556735424433
512 923 373 1556735424449
512 922 373 1556735424468
512 918 374 1556735424482
512 913 378 1556735424499
512 909 382 1556735424515
512 901 389 1556735424534
512 892 396 1556735424548
512 859 416 1556735424567
512 838 428 1556735424582
512 817 439 1556735424600
512 796 449 1556735424615
512 771 458 1556735424634
512 736 467 1556735424650
512 679 482 1556735424667
512 640 509 1556735424682
512 606 545 1556735424699
512 593 555 1556735424716
512 591 557 1556735424733
512 591 559 1556735424751
512 592 563 1556735424767
512 594 565 1556735424784
512 596 568 1556735424800
512 596 570 1556735424815
512 597 574 1556735424834
512 597 579 1556735424851
512 596 587 1556735424866
512 593 596 1556735424884
512 589 603 1556735424898
512 586 606 1556735424918
512 583 609 1556735424933
512 576 613 1556735424949
512 565 619 1556735424968
512 559 624 1556735424984
512 557 626 1556735425000
512 556 628 1556735425016
512 555 630 1556735425032
512 555 631 1556735425051
512 555 632 1556735425065
512 554 634 1556735425135
512 554 635 1556735425149
512 553 639 1556735425168
512 553 640 1556735425184
512 552 641 1556735425201
512 552 642 1556735425268
512 553 642 1556735425317
513 553 642 1556735425342
512 554 643 1556735425368
514 554 643 1556735425414
512 554 643 1556735425417
512 554 642 1556735425465
512 554 638 1556735425482
512 554 634 1556735425500
512 557 626 1556735425518
512 564 617 1556735425535
512 578 600 1556735425548
512 613 573 1556735425568
512 641 554 1556735425584
512 663 540 1556735425600
512 683 529 1556735425615
512 705 518 1556735425632
512 728 507 1556735425650
512 745 502 1556735425667
512 762 499 1556735425684
512 779 500 1556735425701
512 797 511 1556735425717
512 824 535 1556735425734
512 849 567 1556735425748
512 868 614 1556735425767
512 870 648 1556735425782
512 869 683 1556735425799
512 862 702 1556735425817
512 859 708 1556735425834
512 858 709 1556735425850
512 855 709 1556735425867
512 852 709 1556735425883
512 846 706 1556735425900
512 841 702 1556735425915
512 835 696 1556735425933
512 831 691 1556735425950
512 824 685 1556735425968
512 822 682 1556735425983
512 821 679 1556735425999
512 820 676 1556735426018
512 819 671 1556735426033
512 820 670 1556735426049
512 823 666 1556735426065
512 826 664 1556735426082
512 829 660 1556735426101
512 832 657 1556735426118
512 833 655 1556735426135
512 833 653 1556735426150
512 833 652 1556735426167
512 833 649 1556735426199
512 834 646 1556735426215
512 835 644 1556735426234
512 836 643 1556735426249
512 836 642 1556735426267
512 838 641 1556735426284
512 839 641 1556735426300
512 840 640 1556735426318
512 840 639 1556735426333
513 840 639 1556735426414
514 840 639 1556735426504
512 840 636 1556735426584
512 838 632 1556735426599
512 837 625 1556735426615
512 837 619 1556735426634
512 846 594 1556735426651
512 853 577 1556735426668
512 861 553 1556735426684
512 864 538 1556735426700
512 865 529 1556735426716
512 866 525 1556735426734
512 866 521 1556735426750
512 867 518 1556735426784
512 869 513 1556735426800
512 878 502 1556735426816
512 889 485 1556735426832
512 901 464 1556735426850
512 910 444 1556735426865
512 913 430 1556735426884
512 914 419 1556735426898
512 914 412 1556735426917
512 915 405 1556735426935
512 918 400 1556735426948
512 919 393 1556735426966
512 923 385 1556735426984
512 924 382 1556735426999
512 925 379 1556735427015
512 926 378 1556735427034
512 927 378 1556735427133
513 927 378 1556735427262
514 927 378 1556735427353
512 926 378 1556735427399
512 924 378 1556735427416
512 923 378 1556735427484
512 922 378 1556735427517
512 920 379 1556735427532
512 918 380 1556735427551
512 914 382 1556735427567
512 904 385 1556735427584
512 881 391 1556735427598
512 835 398 1556735427617
512 793 399 1556735427633
512 753 397 1556735427650
512 720 389 1556735427665
512 697 383 1556735427683
512 670 376 1556735427698
512 658 374 1556735427716
512 602 359 1556735427733
512 585 355 1556735427748
512 578 353 1556735427766
512 566 348 1556735427783
512 559 346 1556735427801
512 541 345 1556735427816
512 539 345 1556735427834
512 537 347 1556735427851
512 529 353 1556735427867
512 524 355 1556735427882
512 507 360 1556735427899
512 500 361 1556735427917
512 498 361 1556735427932
512 497 361 1556735427949
512 496 361 1556735427968
512 494 361 1556735427983
512 492 362 1556735428000
512 489 363 1556735428018
512 485 365 1556735428034
512 484 367 1556735428068
512 484 368 1556735428099
512 484 369 1556735428151
512 483 371 1556735428168
512 482 374 1556735428184
512 482 376 1556735428200
512 482 377 1556735428218
512 481 377 1556735428233
512 481 378 1556735428251
512 479 379 1556735428265
512 478 380 1556735428315
512 476 380 1556735428334
513 476 380 1556735428378
512 475 380 1556735428475
514 475 380 1556735428475
512 474 380 1556735428486
512 472 380 1556735428500
512 471 380 1556735428516
512 475 381 1556735428632
512 482 381 1556735428649
512 492 383 1556735428667
512 496 383 1556735428682
512 504 384 1556735428700
512 508 386 1556735428718
512 515 391 1556735428734
512 524 399 1556735428749
512 534 409 1556735428765
512 542 422 1556735428784
512 547 440 1556735428798
512 549 469 1556735428817
512 547 493 1556735428832
512 542 505 1556735428848
512 541 511 1556735428868
512 539 516 1556735428882
512 539 519 1556735428899
512 539 522 1556735428916
512 542 524 1556735428932
512 543 528 1556735428951
512 544 531 1556735428968
512 545 536 1556735428984
512 546 540 1556735428999
512 547 547 1556735429016
512 548 561 1556735429033
512 549 581 1556735429051
512 549 599 1556735429067
512 548 604 1556735429082
512 546 617 1556735429101
512 545 623 1556735429119
512 545 629 1556735429133
512 545 634 1556735429149
512 545 637 1556735429166
512 545 638 1556735429182
512 545 640 1556735429200
512 545 643 1556735429216
512 545 646 1556735429232
512 546 647 1556735429251
512 546 648 1556735429266
512 549 650 1556735429301
512 551 651 1556735429315
512 553 652 1556735429332
512 555 652 1556735429350
512 556 652 1556735429367
512 557 652 1556735429382
512 558 652 1556735429417
512 559 650 1556735429435
512 560 650 1556735429450
512 560 648 1556735429467
512 561 647 1556735429501
512 561 646 1556735429517
513 561 646 1556735429540
514 561 646 1556735429638
512 561 645 1556735429683
512 561 644 1556735429699
512 562 642 1556735429748
512 565 638 1556735429767
512 572 632 1556735429782
512 588 624 1556735429798
512 609 613 1556735429817
512 626 603 1556735429832
512 644 593 1556735429848
512 666 581 1556735429868
512 683 569 1556735429883
512 695 554 1556735429899
512 703 525 1556735429917
512 706 508 1556735429932
512 706 485 1556735429948
512 706 461 1556735429967
512 706 432 1556735429983
512 706 385 1556735430000
512 703 332 1556735430016
512 703 307 1556735430033
512 706 285 1556735430051
512 714 268 1556735430068
512 720 258 1556735430084
512 720 256 1556735430100
512 721 254 1556735430117
512 721 253 1556735430134
512 721 252 1556735430150
512 721 251 1556735430167
512 720 248 1556735430184
512 719 247 1556735430199
512 718 245 1556735430215
512 718 244 1556735430234
512 717 244 1556735430251
512 710 240 1556735430267
512 704 236 1556735430284
512 696 230 1556735430300
512 694 226 1556735430317
512 691 221 1556735430334
512 690 218 1556735430350
512 690 217 1556735430384
512 690 216 1556735430549
512 690 215 1556735430567
512 691 214 1556735430582
512 692 213 1556735430617
512 693 212 1556735430648
512 695 211 1556735430700
512 698 211 1556735430718
512 699 210 1556735430723
513 699 210 1556735430724
512 701 209 1556735430750
512 703 209 1556735430783
514 703 209 1556735430836