512 696 206 1556735452468
512 696 209 1556735452499
512 696 213 1556735452516
512 698 219 1556735452534
512 700 226 1556735452551
512 701 235 1556735452566
512 702 248 1556735452584
512 702 266 1556735452598
512 698 291 1556735452617
512 697 314 1556735452634
512 715 414 1556735452649
512 741 479 1556735452667
512 785 540 1556735452684
512 793 547 1556735452700
512 819 562 1556735452717
512 826 566 1556735452734
512 829 567 1556735452749
512 832 568 1556735452767
512 834 568 1556735452817
512 837 569 1556735452834
512 839 570 1556735452848
512 844 577 1556735452867
512 850 587 1556735452884
512 852 592 1556735452900
512 851 597 1556735452917
512 849 600 1556735452934
512 846 605 1556735452949
512 845 611 1556735452967
512 844 614 1556735452982
512 844 617 1556735453000
512 844 618 1556735453017
512 844 621 1556735453034
512 844 623 1556735453051
512 844 624 1556735453101
512 844 625 1556735453116
512 844 630 1556735453133
512 842 634 1556735453151
512 842 636 1556735453167
512 842 638 1556735453184
512 842 639 1556735453198
512 841 641 1556735453215
512 841 642 1556735453234
512 841 643 1556735453248
512 841 644 1556735453298
512 840 645 1556735453317
512 839 647 1556735453332
513 839 647 1556735453388
514 839 647 1556735453475
512 838 647 1556735453501
512 836 645 1556735453517
512 834 641 1556735453534
512 831 637 1556735453549
512 826 629 1556735453567
512 823 621 1556735453582
512 815 602 1556735453600
512 809 587 1556735453617
512 801 572 1556735453634
512 790 555 1556735453648
512 771 530 1556735453667
512 751 506 1556735453684
512 730 473 1556735453701
512 719 453 1556735453717
512 708 439 1556735453734
512 685 424 1556735453750
512 655 415 1556735453765
512 624 414 1556735453782
512 596 414 1556735453798
512 573 414 1556735453817
512 558 415 1556735453834
512 544 415 1556735453850
512 535 416 1556735453867
512 519 416 1556735453884
512 486 409 1556735453900
512 481 406 1556735453917
512 474 403 1556735453931
512 461 398 1556735453949
512 452 395 1556735453967
512 447 391 1556735453984
512 447 388 1556735454000
512 447 385 1556735454017
512 447 384 1556735454031
512 447 381 1556735454048
512 447 379 1556735454067
512 447 377 1556735454084
512 447 375 1556735454100
512 447 374 1556735454117
512 447 373 1556735454132
512 447 371 1556735454151
512 449 369 1556735454167
512 457 363 1556735454184
512 465 358 1556735454201
512 467 358 1556735454217
512 468 358 1556735454332
512 469 362 1556735454349
512 470 365 1556735454367
512 471 366 1556735454382
512 471 367 1556735454401
512 472 369 1556735454481
512 472 370 1556735454499
512 473 372 1556735454517
513 473 372 1556735454536
514 473 372 1556735454640
512 475 372 1556735454750
512 478 370 1556735454767
512 487 368 1556735454784
512 504 366 1556735454799
512 534 370 1556735454815
512 552 374 1556735454834
512 569 381 1556735454850
512 583 386 1556735454867
512 598 388 1556735454884
512 610 388 1556735454898
512 617 385 1556735454917
512 624 380 1556735454931
512 626 376 1556735454951
512 628 366 1556735454967
512 628 355 1556735454984
512 629 345 1556735454999
512 630 335 1556735455017
512 631 319 1556735455032
512 631 311 1556735455049
512 633 301 1556735455067
512 634 293 1556735455084
512 638 284 1556735455100
512 640 277 1556735455117
512 645 269 1556735455134
512 650 263 1556735455151
512 653 260 1556735455167
512 656 258 1556735455181
512 657 257 1556735455200
512 659 255 1556735455217
512 669 242 1556735455234
512 674 236 1556735455251
512 677 233 1556735455267
512 677 232 1556735455349
512 681 229 1556735455367
512 683 227 1556735455382
512 683 226 1556735455400
512 684 224 1556735455417
512 685 223 1556735455432
512 685 222 1556735455465
512 686 221 1556735455481
512 688 217 1556735455500
512 690 213 1556735455518
512 691 211 1556735455534
512 692 210 1556735455550
512 692 209 1556735455567
512 693 208 1556735455584
512 694 207 1556735455600
512 695 207 1556735455634
513 695 207 1556735455747
514 695 207 1556735455835
512 694 207 1556735455950
512 694 208 1556735455967
512 694 210 1556735455984
512 694 212 1556735456000
512 694 215 1556735456017
512 694 219 1556735456034
512 694 227 1556735456048
512 696 236 1556735456067
512 700 250 1556735456084
512 704 262 1556735456101
512 708 267 1556735456117
512 715 272 1556735456134
512 781 288 1556735456150
512 841 305 1556735456167
512 905 318 1556735456184
512 953 329 1556735456200
512 963 332 1556735456217
512 964 332 1556735456299
512 966 335 1556735456351
512 968 340 1556735456365
512 971 345 1556735456384
512 972 350 1556735456401
512 971 356 1556735456417
512 964 365 1556735456434
512 956 373 1556735456451
512 951 375 1556735456467
512 950 375 1556735456484
512 948 376 1556735456515
512 946 377 1556735456534
512 944 377 1556735456550
512 943 378 1556735456565
512 942 378 1556735456598
512 939 379 1556735456617
512 939 380 1556735456634
512 937 380 1556735456717
512 932 380 1556735456731
512 931 380 1556735456816
512 930 380 1556735456834
512 930 379 1556735456851
513 930 379 1556735456947
514 930 379 1556735457046
512 929 377 1556735457100
512 928 377 1556735457115
512 925 375 1556735457134
512 924 375 1556735457167
512 923 375 1556735457182
512 920 375 1556735457216
512 910 377 1556735457234
512 902 382 1556735457249
512 900 384 1556735457267
512 894 396 1556735457282
512 875 420 1556735457300
512 847 450 1556735457316
512 785 487 1556735457334
512 695 520 1556735457350
512 589 554 1556735457367
512 511 574 1556735457381
512 471 582 1556735457398
512 461 584 1556735457417
512 460 584 1556735457431
512 460 585 1556735457450
512 465 586 1556735457467
512 469 586 1556735457482
512 475 586 1556735457500
512 480 588 1556735457517
512 486 590 1556735457534
512 495 596 1556735457548
512 504 602 1556735457567
512 509 605 1556735457584
512 514 608 1556735457599
512 518 612 1556735457617
512 525 618 1556735457634
512 532 623 1556735457649
512 539 628 1556735457667
512 541 629 1556735457682
512 542 630 1556735457717
512 544 631 1556735457734
512 548 634 1556735457750
512 551 636 1556735457767
512 553 638 1556735457781
512 554 639 1556735457801
512 556 640 1556735457817
512 558 640 1556735457834
512 561 642 1556735457850
512 565 643 1556735457867
513 565 643 1556735458019
514 565 643 1556735458090
512 564 643 1556735458134
512 561 643 1556735458148
512 560 641 1556735458167
512 558 640 1556735458184
512 557 639 1556735458198
512 557 638 1556735458217
512 557 637 1556735458231
512 557 634 1556735458249
512 564 620 1556735458267
512 569 609 1556735458282
512 569 596 1556735458300
512 569 587 1556735458315
512 570 582 1556735458334
512 576 576 1556735458349
512 612 571 1556735458365
512 702 569 1556735458384
512 796 573 1556735458398
512 860 588 1556735458417
512 881 605 1556735458432
512 884 613 1556735458451
512 884 615 1556735458467
512 884 621 1556735458484
512 887 627 1556735458501
512 889 631 1556735458517
512 890 635 1556735458534
512 892 638 1556735458549
512 893 641 1556735458565
512 895 642 1556735458582
512 895 644 1556735458598
512 895 645 1556735458616
512 894 647 1556735458634
512 887 648 1556735458651
512 873 649 1556735458667
512 867 648 1556735458682
512 863 648 1556735458700
512 862 647 1556735458717
512 861 647 1556735458734
512 859 646 1556735458749
512 858 645 1556735458767
512 854 644 1556735458784
512 850 643 1556735458799
512 848 643 1556735458817
512 847 643 1556735458832
512 846 643 1556735458917
512 843 643 1556735458934
512 841 643 1556735458948
513 841 643 1556735459052
514 841 643 1556735459129
512 839 640 1556735459217
512 837 635 1556735459234
512 835 630 1556735459249
512 833 621 1556735459265
512 828 601 1556735459284
512 817 583 1556735459300
512 797 562 1556735459316
512 774 541 1556735459334
512 754 524 1556735459350
512 747 515 1556735459367
512 745 505 1556735459384
512 750 489 1556735459399
512 763 474 1556735459417
512 784 457 1556735459431
512 815 438 1556735459451
512 853 421 1556735459467
512 864 417 1556735459484
512 866 416 1556735459500
512 867 416 1556735459515
512 867 415 1556735459534
512 869 411 1556735459550
512 870 408 1556735459567
512 871 406 1556735459581
512 871 404 1556735459600
512 871 403 1556735459617
512 871 400 1556735459634
512 874 396 1556735459651
512 878 392 1556735459667
512 884 388 1556735459682
512 889 387 1556735459699
512 895 384 1556735459717
512 902 383 1556735459734
512 909 381 1556735459748
512 919 379 1556735459767
512 926 379 1556735459784
512 931 378 1556735459800
512 932 377 1556735459817
512 934 377 1556735459834
512 935 377 1556735459851
512 939 376 1556735459867
512 940 375 1556735459884
512 937 375 1556735460051
512 933 375 1556735460065
512 931 375 1556735460084
513 931 375 1556735460236
514 931 375 1556735460314
512 930 375 1556735460381
512 929 375 1556735460400
512 927 375 1556735460415
512 926 375 1556735460434
512 923 376 1556735460451
512 916 380 1556735460465
512 904 396 1556735460484
512 898 409 1556735460498
512 892 427 1556735460517
512 890 443 1556735460534
512 886 456 1556735460548
512 878 466 1556735460568
512 862 474 1556735460584
512 843 476 1556735460598
512 823 476 1556735460618
512 797 466 1556735460634
512 771 453 1556735460648
512 724 436 1556735460668
512 675 414 1556735460684
512 635 400 1556735460698
512 594 386 1556735460715
512 585 383 1556735460734
512 576 381 1556735460750
512 567 381 1556735460767
512 560 381 1556735460784
512 556 381 1556735460798
512 552 381 1556735460817
512 551 382 1556735460834
512 545 382 1556735460848
512 533 382 1556735460867
512 522 382 1556735460884
512 518 382 1556735460900
512 515 382 1556735460949
512 513 381 1556735460967
512 504 379 1556735460981
512 500 379 1556735460999
512 498 379 1556735461017
512 495 379 1556735461100
512 493 379 1556735461115
512 490 380 1556735461134
512 489 380 1556735461151
512 488 380 1556735461165
512 487 380 1556735461182
512 486 380 1556735461216
512 483 380 1556735461234
512 482 380 1556735461248
512 480 380 1556735461267
512 477 380 1556735461284
512 475 380 1556735461301
512 474 380 1556735461382
512 472 380 1556735461401
513 472 380 1556735461476
514 472 380 1556735461554
512 473 380 1556735461617
512 474 380 1556735461649
512 482 380 1556735461667
512 498 383 1556735461684
512 512 390 1556735461699
512 523 402 1556735461717
512 532 415 1556735461734
512 541 433 1556735461750
512 548 446 1556735461767
512 558 457 1556735461782
512 572 468 1556735461801
512 588 480 1556735461817
512 600 491 1556735461834
512 611 504 1556735461848
512 613 520 1556735461867
512 611 527 1556735461884
512 603 536 1556735461899
512 591 546 1556735461917
512 574 561 1556735461934
512 560 576 1556735461950
512 549 592 1556735461967
512 542 600 1556735461984
512 539 605 1556735461998
512 539 609 1556735462015
512 539 614 1556735462034
512 541 621 1556735462051
512 543 625 1556735462065
512 546 630 1556735462083
512 549 633 1556735462101
512 556 637 1556735462115
512 569 645 1556735462134
512 576 651 1556735462148
512 578 654 1556735462167
512 578 656 1556735462184
512 578 658 1556735462200
512 578 659 1556735462217
512 577 658 1556735462317
512 576 657 1556735462350
512 575 656 1556735462367
512 575 655 1556735462384
512 574 653 1556735462399
512 574 651 1556735462416
512 574 649 1556735462431
512 573 648 1556735462467
512 573 647 1556735462500
512 572 647 1556735462617
512 571 647 1556735462634
512 568 646 1556735462649
512 566 645 1556735462667
512 565 645 1556735462684
513 565 645 1556735462771
514 565 645 1556735462867
512 565 644 1556735462934
512 565 642 1556735462950
512 565 640 1556735462965
512 566 635 1556735462982
512 570 629 1556735463000
512 573 613 1556735463017
512 574 602 1556735463033
512 576 595 1556735463051
512 580 591 1556735463067
512 594 581 1556735463084
512 614 569 1556735463100
512 640 548 1556735463117
512 673 520 1556735463134
512 703 487 1556735463148
512 728 449 1556735463167
512 738 423 1556735463181
512 741 396 1556735463200
512 734 377 1556735463217
512 724 360 1556735463234
512 713 340 1556735463249
512 703 313 1556735463267
512 697 280 1556735463284
512 696 250 1556735463300
512 696 244 1556735463317
512 696 242 1556735463334
512 698 241 1556735463484
512 699 240 1556735463499
512 700 239 1556735463515
512 701 237 1556735463532
512 702 234 1556735463549
512 703 229 1556735463568
512 703 224 1556735463582
512 703 221 1556735463600
512 703 220 1556735463615
512 703 219 1556735463632
512 703 218 1556735463751
512 703 217 1556735463765
512 703 216 1556735463783
512 703 215 1556735463801
512 703 214 1556735463818
512 703 213 1556735463833
512 703 212 1556735463851
512 703 210 1556735463865
513 703 210 1556735463908
514 703 210 1556735464002