512 701 212 1556735485451
512 701 215 1556735485467
512 703 219 1556735485485
512 707 231 1556735485500
512 717 248 1556735485519
512 737 281 1556735485535
512 772 333 1556735485552
512 793 370 1556735485568
512 802 394 1556735485586
512 806 415 1556735485600
512 813 446 1556735485619
512 820 478 1556735485636
512 834 514 1556735485652
512 841 529 1556735485669
512 845 544 1556735485686
512 849 558 1556735485700
512 853 577 1556735485719
512 859 594 1556735485735
512 862 606 1556735485751
512 864 614 1556735485769
512 864 620 1556735485786
512 866 627 1556735485802
512 866 629 1556735485819
512 866 630 1556735485852
512 864 630 1556735485869
512 859 630 1556735485883
512 855 630 1556735485902
512 853 630 1556735485919
512 852 630 1556735485933
512 850 631 1556735486019
512 848 632 1556735486033
512 844 634 1556735486051
512 843 636 1556735486085
512 842 637 1556735486117
512 842 638 1556735486135
512 841 640 1556735486150
512 841 644 1556735486167
512 841 645 1556735486185
512 841 646 1556735486202
513 841 646 1556735486243
514 841 646 1556735486346
512 837 643 1556735486386
512 834 639 1556735486400
512 816 624 1556735486419
512 797 600 1556735486435
512 794 592 1556735486450
512 780 549 1556735486469
512 776 524 1556735486483
512 776 500 1556735486502
512 775 473 1556735486519
512 778 453 1556735486533
512 782 440 1556735486550
512 783 432 1556735486568
512 783 426 1556735486585
512 777 421 1556735486602
512 761 417 1556735486619
512 726 415 1556735486634
512 668 412 1556735486652
512 624 403 1556735486667
512 589 394 1556735486685
512 558 385 1556735486700
512 545 383 1556735486718
512 506 376 1556735486736
512 495 375 1556735486750
512 473 374 1556735486769
512 469 374 1556735486786
512 468 374 1556735486800
512 466 374 1556735486935
513 466 374 1556735487040
514 466 374 1556735487099
512 466 375 1556735487152
512 469 376 1556735487167
512 471 377 1556735487186
512 485 378 1556735487200
512 498 378 1556735487219
512 512 379 1556735487233
512 521 382 1556735487252
512 522 384 1556735487266
512 530 392 1556735487283
512 535 400 1556735487301
512 541 406 1556735487319
512 547 410 1556735487335
512 554 411 1556735487350
512 565 406 1556735487369
512 580 395 1556735487385
512 600 377 1556735487402
512 618 357 1556735487417
512 641 315 1556735487436
512 649 290 1556735487450
512 650 267 1556735487467
512 650 262 1556735487486
512 650 260 1556735487500
512 651 258 1556735487518
512 652 256 1556735487535
512 653 255 1556735487552
512 653 254 1556735487569
512 654 253 1556735487585
512 655 252 1556735487616
512 658 250 1556735487635
512 662 249 1556735487652
512 668 246 1556735487669
512 677 240 1556735487686
512 687 234 1556735487702
512 694 229 1556735487719
512 698 225 1556735487735
512 699 223 1556735487752
512 700 221 1556735487768
512 701 218 1556735487786
512 702 215 1556735487801
512 703 213 1556735487819
512 703 210 1556735487835
512 703 208 1556735487850
512 704 206 1556735487869
512 704 204 1556735487886
512 704 203 1556735487934
512 705 203 1556735487950
513 705 203 1556735487988
514 705 203 1556735488060
512 705 205 1556735488119
512 704 208 1556735488135
512 703 212 1556735488152
512 703 219 1556735488169
512 705 229 1556735488183
512 711 244 1556735488202
512 723 266 1556735488219
512 741 302 1556735488236
512 766 358 1556735488251
512 776 383 1556735488269
512 788 404 1556735488285
512 804 420 1556735488302
512 821 426 1556735488318
512 837 427 1556735488335
512 847 426 1556735488350
512 854 422 1556735488369
512 859 418 1556735488383
512 863 412 1556735488402
512 865 409 1556735488419
512 866 406 1556735488436
512 868 401 1556735488452
512 871 399 1556735488469
512 873 396 1556735488485
512 876 394 1556735488502
512 881 391 1556735488519
512 891 387 1556735488533
512 902 383 1556735488551
512 911 382 1556735488569
512 915 380 1556735488585
512 917 380 1556735488602
512 919 380 1556735488619
512 921 380 1556735488636
512 923 380 1556735488651
512 924 380 1556735488669
512 925 380 1556735488685
512 926 380 1556735488701
512 927 380 1556735488750
513 927 380 1556735488892
514 927 380 1556735488946
512 925 378 1556735489019
512 920 378 1556735489035
512 909 382 1556735489050
512 903 385 1556735489068
512 899 390 1556735489085
512 893 397 1556735489100
512 889 402 1556735489117
512 870 420 1556735489135
512 860 427 1556735489150
512 850 434 1556735489169
512 838 441 1556735489183
512 823 448 1556735489202
512 797 462 1556735489219
512 751 483 1556735489236
512 733 493 1556735489250
512 710 517 1556735489267
512 699 537 1556735489286
512 693 546 1556735489302
512 691 553 1556735489316
512 691 556 1556735489335
512 690 560 1556735489352
512 689 566 1556735489369
512 687 568 1556735489386
512 677 580 1556735489402
512 666 588 1556735489419
512 656 594 1556735489433
512 628 608 1556735489452
512 620 610 1556735489469
512 617 611 1556735489485
512 600 613 1556735489501
512 585 613 1556735489519
512 568 614 1556735489536
512 557 614 1556735489550
512 554 614 1556735489568
512 553 614 1556735489583
512 552 615 1556735489600
512 550 617 1556735489618
512 549 623 1556735489636
512 548 624 1556735489653
512 547 627 1556735489668
512 545 630 1556735489683
512 544 633 1556735489700
512 544 635 1556735489718
512 546 635 1556735489751
512 550 636 1556735489768
512 554 637 1556735489784
512 559 639 1556735489803
512 561 640 1556735489819
512 562 640 1556735489834
513 562 640 1556735490006
514 562 640 1556735490059
512 561 639 1556735490102
512 561 636 1556735490119
512 562 630 1556735490134
512 566 618 1556735490152
512 572 605 1556735490166
512 586 585 1556735490185
512 608 560 1556735490202
512 641 530 1556735490217
512 688 498 1556735490235
512 741 464 1556735490250
512 792 431 1556735490268
512 802 420 1556735490283
512 804 414 1556735490302
512 804 409 1556735490317
512 804 408 1556735490333
512 806 413 1556735490369
512 818 437 1556735490383
512 834 470 1556735490401
512 846 504 1556735490419
512 851 524 1556735490433
512 851 537 1556735490452
512 850 549 1556735490469
512 849 552 1556735490485
512 846 567 1556735490502
512 844 574 1556735490519
512 841 579 1556735490535
512 837 585 1556735490550
512 835 590 1556735490567
512 834 593 1556735490586
512 834 594 1556735490602
512 832 599 1556735490619
512 832 604 1556735490635
512 832 608 1556735490652
512 832 613 1556735490668
512 833 616 1556735490685
512 834 621 1556735490702
512 835 623 1556735490718
512 836 627 1556735490735
512 838 630 1556735490750
512 838 631 1556735490769
512 839 631 1556735490786
512 840 632 1556735490802
512 840 633 1556735490852
512 841 634 1556735490867
512 841 636 1556735490885
512 841 638 1556735490902
512 841 639 1556735490916
513 841 639 1556735491004
512 841 640 1556735491019
514 841 640 1556735491080
512 841 640 1556735491085
512 841 641 1556735491119
512 839 641 1556735491135
512 838 640 1556735491150
512 831 628 1556735491169
512 827 615 1556735491186
512 824 593 1556735491201
512 825 569 1556735491218
512 827 540 1556735491233
512 827 513 1556735491250
512 827 487 1556735491269
512 823 476 1556735491285
512 815 457 1556735491302
512 812 452 1556735491316
512 810 450 1556735491335
512 810 449 1556735491350
512 810 447 1556735491369
512 815 439 1556735491385
512 821 426 1556735491402
512 836 404 1556735491419
512 847 394 1556735491434
512 854 389 1556735491452
512 860 387 1556735491467
512 864 386 1556735491485
512 868 384 1556735491502
512 876 382 1556735491517
512 886 378 1556735491535
512 892 375 1556735491553
512 895 373 1556735491567
512 896 373 1556735491583
512 897 373 1556735491600
512 897 372 1556735491618
512 900 372 1556735491635
512 902 370 1556735491651
512 904 370 1556735491669
512 907 370 1556735491686
512 908 370 1556735491701
512 914 370 1556735491718
512 917 370 1556735491736
512 919 370 1556735491752
512 922 370 1556735491767
512 923 370 1556735491786
512 925 371 1556735491803
512 927 371 1556735491819
512 929 372 1556735491835
512 930 373 1556735491853
512 932 373 1556735491868
513 932 373 1556735491946
514 932 373 1556735492026
512 931 373 1556735492052
512 927 374 1556735492069
512 922 374 1556735492085
512 915 374 1556735492101
512 909 374 1556735492119
512 907 374 1556735492135
512 905 375 1556735492186
512 896 379 1556735492202
512 883 388 1556735492219
512 866 401 1556735492234
512 843 415 1556735492252
512 806 435 1556735492266
512 779 443 1556735492285
512 760 444 1556735492300
512 750 441 1556735492319
512 730 432 1556735492335
512 692 419 1556735492351
512 632 405 1556735492369
512 566 391 1556735492383
512 510 378 1556735492402
512 500 375 1556735492419
512 499 374 1556735492435
512 498 374 1556735492502
512 497 374 1556735492517
512 495 374 1556735492552
512 494 374 1556735492569
512 492 374 1556735492586
512 485 374 1556735492601
512 471 374 1556735492619
512 468 374 1556735492633
513 468 374 1556735492793
512 471 374 1556735492819
512 472 374 1556735492835
514 472 374 1556735492874
512 473 374 1556735492886
512 475 374 1556735492935
512 477 374 1556735492951
512 484 372 1556735492969
512 512 366 1556735492986
512 529 365 1556735493002
512 537 365 1556735493019
512 560 365 1556735493035
512 570 367 1556735493052
512 591 371 1556735493069
512 594 373 1556735493086
512 596 378 1556735493100
512 596 387 1556735493119
512 596 405 1556735493135
512 596 422 1556735493152
512 597 446 1556735493167
512 596 490 1556735493186
512 594 505 1556735493202
512 585 538 1556735493219
512 577 577 1556735493235
512 576 588 1556735493251
512 576 591 1556735493269
512 577 593 1556735493285
512 579 595 1556735493302
512 580 597 1556735493318
512 581 599 1556735493333
512 581 600 1556735493385
512 579 603 1556735493402
512 579 605 1556735493419
512 578 609 1556735493433
512 577 611 1556735493452
512 574 615 1556735493469
512 570 618 1556735493485
512 565 623 1556735493500
512 564 625 1556735493519
512 557 631 1556735493535
512 554 633 1556735493550
512 552 636 1556735493569
512 549 641 1556735493586
512 548 644 1556735493602
512 548 645 1556735493617
512 547 646 1556735493633
512 547 647 1556735493685
512 548 647 1556735493750
512 549 647 1556735493783
512 550 647 1556735493800
512 551 647 1556735493836
512 553 647 1556735493912
513 553 647 1556735493912
512 555 647 1556735493952
514 555 647 1556735493998
512 555 647 1556735494000
512 555 646 1556735494051
512 555 645 1556735494069
512 555 644 1556735494151
512 555 642 1556735494169
512 555 640 1556735494183
512 558 635 1556735494202
512 562 625 1556735494219
512 570 603 1556735494233
512 581 565 1556735494252
512 588 530 1556735494268
512 592 482 1556735494285
512 606 421 1556735494300
512 628 342 1556735494318
512 657 265 1556735494335
512 686 226 1556735494352
512 703 212 1556735494369
512 708 206 1556735494383
512 709 201 1556735494400
512 709 200 1556735494419
512 709 199 1556735494433
512 703 200 1556735494601
512 693 205 1556735494618
512 683 208 1556735494633
512 678 208 1556735494652
512 676 208 1556735494666
512 676 209 1556735494769
512 677 209 1556735494786
512 678 209 1556735494802
512 679 209 1556735494836
512 680 210 1556735494868
512 681 211 1556735494883
512 682 211 1556735494900
512 684 211 1556735494952
512 685 211 1556735494969
512 686 211 1556735494985
512 687 211 1556735495002
512 688 211 1556735495052
512 689 211 1556735495069
512 691 211 1556735495083
512 693 211 1556735495100
512 694 211 1556735495116
512 695 211 1556735495133
512 696 211 1556735495152
512 697 211 1556735495184
512 698 211 1556735495199
513 698 211 1556735495199
512 699 211 1556735495219
512 700 211 1556735495234
514 700 211 1556735495272