512 707 217 1556797969607
512 707 223 1556797969624
512 708 231 1556797969640
512 711 241 1556797969657
512 714 252 1556797969674
512 720 265 1556797969688
512 735 290 1556797969707
512 753 313 1556797969724
512 771 332 1556797969740
512 787 350 1556797969755
512 805 371 1556797969774
512 823 409 1556797969789
512 836 444 1556797969807
512 844 471 1556797969822
512 857 550 1556797969840
512 858 572 1556797969858
512 858 587 1556797969873
512 857 597 1556797969888
512 857 604 1556797969908
512 857 609 1556797969924
512 857 610 1556797969940
512 857 613 1556797969955
512 855 616 1556797969972
512 855 622 1556797969991
512 854 631 1556797970007
512 854 637 1556797970024
512 854 638 1556797970041
512 853 639 1556797970189
512 852 640 1556797970224
512 851 640 1556797970240
512 849 640 1556797970255
512 847 640 1556797970272
512 845 641 1556797970290
512 844 641 1556797970307
513 844 641 1556797970382
514 844 641 1556797970466
512 839 640 1556797970522
512 834 637 1556797970541
512 826 631 1556797970555
512 814 620 1556797970574
512 788 599 1556797970590
512 767 585 1556797970607
512 757 578 1556797970623
512 728 552 1556797970640
512 717 540 1556797970657
512 714 536 1556797970674
512 712 534 1556797970690
512 711 532 1556797970706
512 707 528 1556797970724
512 693 512 1556797970738
512 671 492 1556797970757
512 627 465 1556797970774
512 578 442 1556797970790
512 542 430 1556797970807
512 528 422 1556797970824
512 524 417 1556797970840
512 519 410 1556797970855
512 518 404 1556797970872
512 516 401 1556797970890
512 514 396 1556797970907
512 510 390 1556797970924
512 507 387 1556797970938
512 502 384 1556797970954
512 499 383 1556797970971
512 497 382 1556797970990
512 496 382 1556797971007
512 494 382 1556797971040
512 493 382 1556797971057
512 492 382 1556797971074
512 489 382 1556797971090
512 487 382 1556797971107
512 485 380 1556797971124
512 483 379 1556797971155
512 483 378 1556797971174
512 482 378 1556797971190
512 481 376 1556797971222
512 479 376 1556797971240
512 478 376 1556797971274
512 477 376 1556797971307
512 476 375 1556797971324
512 475 375 1556797971340
513 475 375 1556797971354
514 475 375 1556797971442
512 472 375 1556797971471
512 477 375 1556797971557
512 480 375 1556797971574
512 484 375 1556797971588
512 492 376 1556797971607
512 499 379 1556797971624
512 506 385 1556797971640
512 514 391 1556797971656
512 528 398 1556797971674
512 537 398 1556797971688
512 552 390 1556797971707
512 563 377 1556797971723
512 573 357 1556797971740
512 587 330 1556797971757
512 603 297 1556797971772
512 619 268 1556797971788
512 635 241 1556797971806
512 644 230 1556797971822
512 649 224 1556797971840
512 650 221 1556797971857
512 651 221 1556797971988
512 654 221 1556797972007
512 656 221 1556797972024
512 660 220 1556797972040
512 665 219 1556797972056
512 669 218 1556797972071
512 674 217 1556797972088
512 678 215 1556797972107
512 684 213 1556797972122
512 685 213 1556797972140
512 686 212 1556797972154
512 687 212 1556797972290
512 689 211 1556797972307
512 690 211 1556797972322
512 693 209 1556797972340
512 694 209 1556797972356
512 695 208 1556797972406
513 695 208 1556797972428
512 696 208 1556797972456
514 696 208 1556797972508
512 696 208 1556797972521
512 696 209 1556797972557
512 695 213 1556797972573
512 692 218 1556797972588
512 688 229 1556797972615
512 686 232 1556797972622
512 682 245 1556797972638
512 680 259 1556797972657
512 677 278 1556797972673
512 675 306 1556797972691
512 673 337 1556797972705
512 676 377 1556797972724
512 687 397 1556797972741
512 704 408 1556797972755
512 723 409 1556797972772
512 754 406 1556797972791
512 783 401 1556797972807
512 833 393 1556797972824
512 862 390 1556797972839
512 881 389 1556797972857
512 886 387 1556797972875
512 887 387 1556797972925
512 887 384 1556797972938
512 887 380 1556797972957
512 888 376 1556797972971
512 889 373 1556797972988
512 889 372 1556797973006
512 890 372 1556797973022
512 891 371 1556797973038
512 894 370 1556797973056
512 896 369 1556797973072
512 902 369 1556797973092
512 905 368 1556797973107
512 909 367 1556797973124
512 915 367 1556797973140
512 918 367 1556797973157
512 920 367 1556797973172
512 921 366 1556797973191
512 922 366 1556797973206
512 923 366 1556797973238
512 924 366 1556797973256
512 925 366 1556797973289
512 925 367 1556797973308
512 926 368 1556797973339
513 926 368 1556797973402
512 927 368 1556797973438
512 927 369 1556797973498
514 927 369 1556797973498
512 927 369 1556797973505
512 927 370 1556797973522
512 923 372 1556797973541
512 921 374 1556797973556
512 919 376 1556797973572
512 915 378 1556797973591
512 911 380 1556797973606
512 907 383 1556797973622
512 902 386 1556797973641
512 895 392 1556797973657
512 887 397 1556797973671
512 878 403 1556797973690
512 874 408 1556797973708
512 868 413 1556797973722
512 852 425 1556797973741
512 844 431 1556797973755
512 809 454 1556797973772
512 775 476 1556797973790
512 741 500 1556797973806
512 706 524 1556797973822
512 684 541 1556797973841
512 665 552 1556797973856
512 655 559 1556797973874
512 649 563 1556797973891
512 645 567 1556797973907
512 645 568 1556797973924
512 643 570 1556797973941
512 641 572 1556797973957
512 636 577 1556797973974
512 631 584 1556797973988
512 628 587 1556797974007
512 627 590 1556797974023
512 625 592 1556797974041
512 622 596 1556797974056
512 618 602 1556797974074
512 613 608 1556797974088
512 607 614 1556797974105
512 601 618 1556797974122
512 595 622 1556797974139
512 593 623 1556797974156
512 592 624 1556797974172
512 591 624 1556797974190
512 590 625 1556797974207
512 588 626 1556797974224
512 585 627 1556797974238
512 582 628 1556797974255
512 579 629 1556797974272
512 577 630 1556797974289
512 574 632 1556797974307
512 572 633 1556797974324
512 566 638 1556797974340
512 563 639 1556797974357
512 562 640 1556797974372
512 561 640 1556797974388
512 560 640 1556797974407
513 560 640 1556797974478
514 560 640 1556797974579
512 559 638 1556797974621
512 559 631 1556797974640
512 560 622 1556797974656
512 562 607 1556797974673
512 564 593 1556797974691
512 568 578 1556797974705
512 574 564 1556797974724
512 586 550 1556797974739
512 632 515 1556797974756
512 666 489 1556797974772
512 683 472 1556797974791
512 697 458 1556797974807
512 703 453 1556797974822
512 707 451 1556797974841
512 712 451 1556797974857
512 725 459 1556797974874
512 738 474 1556797974891
512 761 502 1556797974905
512 775 524 1556797974922
512 788 542 1556797974939
512 792 548 1556797974956
512 793 553 1556797974972
512 793 559 1556797974989
512 793 568 1556797975007
512 794 580 1556797975022
512 796 592 1556797975040
512 800 601 1556797975057
512 804 609 1556797975073
512 807 612 1556797975091
512 816 625 1556797975105
512 819 628 1556797975124
512 822 629 1556797975139
512 823 630 1556797975155
512 826 632 1556797975172
512 828 636 1556797975189
512 831 641 1556797975206
512 833 643 1556797975224
512 834 644 1556797975238
512 835 644 1556797975387
513 835 644 1556797975387
514 835 644 1556797975483
512 835 641 1556797975539
512 834 633 1556797975557
512 832 625 1556797975572
512 831 615 1556797975590
512 827 605 1556797975607
512 823 589 1556797975622
512 815 572 1556797975640
512 807 553 1556797975656
512 799 536 1556797975672
512 793 522 1556797975691
512 789 495 1556797975707
512 785 466 1556797975725
512 788 439 1556797975738
512 811 399 1556797975755
512 826 382 1556797975771
512 842 371 1556797975790
512 854 364 1556797975807
512 863 360 1556797975823
512 868 358 1556797975841
512 871 358 1556797975856
512 873 357 1556797975872
512 874 356 1556797975891
512 878 356 1556797975905
512 887 358 1556797975924
512 900 364 1556797975941
512 907 366 1556797975955
512 910 367 1556797975973
512 914 367 1556797975988
512 918 370 1556797976006
512 923 371 1556797976023
512 925 371 1556797976041
512 928 371 1556797976055
512 930 371 1556797976073
512 933 370 1556797976091
512 935 369 1556797976106
512 937 369 1556797976123
512 938 369 1556797976141
513 938 369 1556797976234
514 938 369 1556797976325
512 936 370 1556797976356
512 934 371 1556797976371
512 931 373 1556797976390
512 929 374 1556797976407
512 929 375 1556797976423
513 929 375 1556797976499
512 928 375 1556797976521
514 928 375 1556797976594
512 928 375 1556797976607
512 924 375 1556797976690
512 919 374 1556797976707
512 914 371 1556797976724
512 910 370 1556797976740
512 907 368 1556797976756
512 903 367 1556797976774
512 898 364 1556797976790
512 893 363 1556797976807
512 881 363 1556797976821
512 863 363 1556797976840
512 842 362 1556797976857
512 809 362 1556797976871
512 755 366 1556797976890
512 705 368 1556797976904
512 651 368 1556797976922
512 606 369 1556797976940
512 562 374 1556797976957
512 557 375 1556797976972
512 556 375 1556797976990
512 557 375 1556797977090
512 559 373 1556797977105
512 560 371 1556797977122
512 561 371 1556797977138
512 560 371 1556797977173
512 557 371 1556797977188
512 549 375 1556797977207
512 536 378 1556797977221
512 523 378 1556797977238
512 506 376 1556797977258
512 495 374 1556797977274
512 491 372 1556797977291
512 489 372 1556797977307
512 488 371 1556797977355
512 487 371 1556797977441
512 486 371 1556797977455
512 483 371 1556797977472
512 476 371 1556797977491
512 472 371 1556797977505
512 470 371 1556797977523
513 470 371 1556797977582
514 470 371 1556797977699
512 471 371 1556797977724
512 474 371 1556797977740
512 478 371 1556797977757
512 482 371 1556797977772
512 499 371 1556797977790
512 522 371 1556797977805
512 551 371 1556797977824
512 580 371 1556797977840
512 611 373 1556797977856
512 649 377 1556797977871
512 665 377 1556797977889
512 685 379 1556797977907
512 688 380 1556797977921
512 688 383 1556797977938
512 684 400 1556797977955
512 677 418 1556797977974
512 667 441 1556797977990
512 657 465 1556797978007
512 646 490 1556797978022
512 636 515 1556797978040
512 624 542 1556797978057
512 612 562 1556797978071
512 601 581 1556797978090
512 597 589 1556797978107
512 586 607 1556797978124
512 585 610 1556797978141
512 585 612 1556797978155
512 583 614 1556797978174
512 581 616 1556797978190
512 578 618 1556797978206
512 571 621 1556797978224
512 563 627 1556797978240
512 555 633 1556797978256
512 548 641 1556797978273
512 546 646 1556797978290
512 546 649 1556797978307
512 547 651 1556797978324
512 549 652 1556797978340
512 552 653 1556797978355
512 554 653 1556797978371
512 556 650 1556797978504
512 557 646 1556797978521
512 559 642 1556797978540
512 560 641 1556797978557
513 560 641 1556797978644
514 560 641 1556797978741
512 560 640 1556797978756
512 560 636 1556797978771
512 560 632 1556797978788
512 562 624 1556797978804
512 564 615 1556797978824
512 568 601 1556797978840
512 573 581 1556797978857
512 579 564 1556797978874
512 593 548 1556797978891
512 622 536 1556797978904
512 642 529 1556797978922
512 678 523 1556797978940
512 699 517 1556797978957
512 714 507 1556797978971
512 721 490 1556797978990
512 721 462 1556797979007
512 716 434 1556797979024
512 708 392 1556797979040
512 700 337 1556797979054
512 698 288 1556797979074
512 695 243 1556797979090
512 694 219 1556797979104
512 694 200 1556797979124
512 696 189 1556797979140
512 697 187 1556797979157
512 698 187 1556797979174
512 698 186 1556797979191
512 699 185 1556797979240
512 699 186 1556797979321
512 700 195 1556797979340
512 700 207 1556797979355
512 700 211 1556797979374
512 700 212 1556797979388
513 700 212 1556797979532
512 701 212 1556797979571
512 702 212 1556797979589
512 702 213 1556797979635
514 702 213 1556797979635