512 697 202 1556798013656
512 697 205 1556798013690
512 697 209 1556798013709
512 697 218 1556798013725
512 697 232 1556798013742
512 699 249 1556798013757
512 703 269 1556798013775
512 718 289 1556798013790
512 746 315 1556798013809
512 770 338 1556798013826
512 792 363 1556798013842
512 804 393 1556798013859
512 805 416 1556798013875
512 805 435 1556798013892
512 804 455 1556798013906
512 798 478 1556798013925
512 794 505 1556798013942
512 794 536 1556798013959
512 802 584 1556798013975
512 810 608 1556798013991
512 818 623 1556798014006
512 824 633 1556798014023
512 831 646 1556798014042
512 837 654 1556798014059
512 841 661 1556798014073
512 844 664 1556798014092
512 846 668 1556798014106
512 846 672 1556798014125
512 846 677 1556798014142
512 847 680 1556798014159
512 848 680 1556798014242
512 848 678 1556798014259
512 848 675 1556798014276
512 848 672 1556798014292
512 848 666 1556798014306
512 848 660 1556798014325
512 848 658 1556798014342
512 848 654 1556798014359
512 848 652 1556798014374
512 848 650 1556798014392
512 848 649 1556798014409
512 847 647 1556798014425
512 846 646 1556798014457
512 846 645 1556798014475
512 845 645 1556798014557
512 844 642 1556798014569
513 844 642 1556798014569
512 843 641 1556798014609
512 843 640 1556798014624
512 842 640 1556798014640
514 842 640 1556798014682
512 840 640 1556798014692
512 837 638 1556798014706
512 834 636 1556798014725
512 831 631 1556798014740
512 827 623 1556798014757
512 823 612 1556798014775
512 818 595 1556798014792
512 814 581 1556798014809
512 811 559 1556798014826
512 800 533 1556798014840
512 782 489 1556798014857
512 771 472 1556798014875
512 760 459 1556798014892
512 746 447 1556798014908
512 714 427 1556798014925
512 648 406 1556798014942
512 558 391 1556798014959
512 484 388 1556798014975
512 426 378 1556798014991
512 378 366 1556798015007
512 344 358 1556798015026
512 341 357 1556798015042
512 346 357 1556798015142
512 357 358 1556798015159
512 371 359 1556798015175
512 386 361 1556798015190
512 399 364 1556798015207
512 408 368 1556798015226
512 418 371 1556798015242
512 425 373 1556798015259
512 433 374 1556798015273
512 442 375 1556798015291
512 451 377 1556798015306
512 460 379 1556798015326
512 463 379 1556798015342
512 469 379 1556798015356
512 471 379 1556798015373
512 472 379 1556798015406
512 473 379 1556798015423
512 475 379 1556798015442
512 475 377 1556798015540
512 476 376 1556798015553
513 476 376 1556798015553
514 476 376 1556798015633
512 473 372 1556798015658
512 472 371 1556798015675
512 472 370 1556798015709
512 474 367 1556798015725
512 487 364 1556798015741
512 517 355 1556798015756
512 550 350 1556798015774
512 584 349 1556798015791
512 629 351 1556798015809
512 662 360 1556798015826
512 678 371 1556798015842
512 679 375 1556798015858
512 680 378 1556798015873
512 681 375 1556798015909
512 681 367 1556798015925
512 681 352 1556798015942
512 681 334 1556798015956
512 681 316 1556798015973
512 680 296 1556798015991
512 680 280 1556798016009
512 679 269 1556798016025
512 676 258 1556798016042
512 675 253 1556798016057
512 675 249 1556798016075
512 677 245 1556798016090
512 679 242 1556798016108
512 681 241 1556798016125
512 682 240 1556798016140
512 682 239 1556798016175
512 683 237 1556798016189
512 684 235 1556798016209
512 685 231 1556798016226
512 687 225 1556798016242
512 687 220 1556798016257
512 687 217 1556798016275
512 687 215 1556798016292
512 687 214 1556798016309
512 687 213 1556798016323
512 687 211 1556798016340
512 687 209 1556798016359
512 687 208 1556798016373
512 688 207 1556798016475
512 690 207 1556798016524
512 691 207 1556798016542
512 692 207 1556798016556
512 693 207 1556798016576
512 694 208 1556798016592
512 696 209 1556798016626
512 698 209 1556798016657
512 699 209 1556798016673
513 699 209 1556798016675
512 700 209 1556798016723
514 700 209 1556798016793
512 700 209 1556798016806
512 701 210 1556798016840
512 701 211 1556798016909
512 701 213 1556798016925
512 701 214 1556798016942
512 701 215 1556798016975
512 700 217 1556798016991
512 699 224 1556798017006
512 700 237 1556798017023
512 723 290 1556798017042
512 740 310 1556798017056
512 834 380 1556798017073
512 868 390 1556798017091
512 882 390 1556798017106
512 885 390 1556798017125
512 885 388 1556798017142
512 885 386 1556798017156
512 886 382 1556798017173
512 887 380 1556798017191
512 888 380 1556798017209
512 890 379 1556798017223
512 894 379 1556798017242
512 901 379 1556798017259
512 908 379 1556798017273
512 914 378 1556798017291
512 919 376 1556798017309
512 925 374 1556798017325
512 930 372 1556798017342
512 932 372 1556798017359
512 933 372 1556798017374
512 935 372 1556798017392
512 937 372 1556798017409
512 938 372 1556798017426
512 939 372 1556798017442
512 938 373 1556798017659
512 937 373 1556798017675
512 935 373 1556798017691
512 934 373 1556798017709
512 933 374 1556798017723
513 933 374 1556798017746
514 933 374 1556798017866
512 932 374 1556798017873
512 930 374 1556798017892
512 929 374 1556798017909
512 927 374 1556798017923
512 926 375 1556798017942
512 925 375 1556798017959
512 924 376 1556798017975
512 921 376 1556798017992
512 919 377 1556798018007
512 912 379 1556798018026
512 904 381 1556798018040
512 882 383 1556798018057
512 863 383 1556798018075
512 843 383 1556798018091
512 815 383 1556798018109
512 752 386 1556798018125
512 688 400 1556798018142
512 635 419 1556798018156
512 608 435 1556798018175
512 589 453 1556798018191
512 578 469 1556798018206
512 573 491 1556798018226
512 572 502 1556798018242
512 572 518 1556798018256
512 576 536 1556798018275
512 576 541 1556798018292
512 578 566 1556798018309
512 578 580 1556798018325
512 578 592 1556798018342
512 580 603 1556798018356
512 583 609 1556798018375
512 584 613 1556798018392
512 585 614 1556798018406
512 585 617 1556798018443
512 582 622 1556798018475
512 580 624 1556798018492
512 576 626 1556798018509
512 573 629 1556798018524
512 570 631 1556798018542
512 569 632 1556798018559
512 567 633 1556798018590
512 566 635 1556798018626
512 565 636 1556798018640
512 563 637 1556798018691
512 561 639 1556798018725
512 560 640 1556798018742
512 559 640 1556798018759
512 558 640 1556798018775
513 558 640 1556798018835
514 558 640 1556798018930
512 558 638 1556798018956
512 560 631 1556798018974
512 566 615 1556798018992
512 570 606 1556798019006
512 581 579 1556798019026
512 587 559 1556798019042
512 592 544 1556798019056
512 606 522 1556798019075
512 634 500 1556798019092
512 689 472 1556798019109
512 750 441 1556798019125
512 815 409 1556798019142
512 873 380 1556798019156
512 905 368 1556798019173
512 925 357 1556798019190
512 936 345 1556798019208
512 938 337 1556798019225
512 938 332 1556798019242
512 937 329 1556798019259
512 934 332 1556798019290
512 930 344 1556798019306
512 921 370 1556798019323
512 914 402 1556798019341
512 911 432 1556798019359
512 905 468 1556798019373
512 890 510 1556798019392
512 882 540 1556798019409
512 879 551 1556798019426
512 868 578 1556798019442
512 867 581 1556798019459
512 866 583 1556798019474
512 865 585 1556798019491
512 865 587 1556798019509
512 865 588 1556798019523
512 865 589 1556798019540
512 865 591 1556798019557
512 865 596 1556798019575
512 864 602 1556798019590
512 863 608 1556798019609
512 863 610 1556798019625
512 861 612 1556798019642
512 859 613 1556798019659
512 854 616 1556798019675
512 847 619 1556798019692
512 840 623 1556798019708
512 834 627 1556798019723
512 829 631 1556798019740
512 827 635 1556798019756
512 826 638 1556798019775
512 826 639 1556798019789
512 826 642 1556798019807
512 826 644 1556798019825
512 826 645 1556798019842
512 827 647 1556798019859
512 829 647 1556798019990
512 831 646 1556798020007
512 833 645 1556798020024
512 834 645 1556798020043
512 835 645 1556798020057
512 836 643 1556798020074
512 838 643 1556798020091
512 838 642 1556798020107
512 839 642 1556798020124
513 839 642 1556798020219
514 839 642 1556798020314
512 840 640 1556798020342
512 838 632 1556798020357
512 836 621 1556798020375
512 832 603 1556798020392
512 828 584 1556798020409
512 822 558 1556798020423
512 809 522 1556798020442
512 804 508 1556798020456
512 788 477 1556798020474
512 784 470 1556798020491
512 782 466 1556798020509
512 780 461 1556798020524
512 780 453 1556798020540
512 784 437 1556798020559
512 791 422 1556798020575
512 804 412 1556798020592
512 815 407 1556798020609
512 828 404 1556798020626
512 838 402 1556798020642
512 846 400 1556798020659
512 851 398 1556798020675
512 855 394 1556798020692
512 859 390 1556798020709
512 864 386 1556798020725
512 866 385 1556798020742
512 867 384 1556798020759
512 869 383 1556798020775
512 872 381 1556798020792
512 877 377 1556798020806
512 881 374 1556798020825
512 886 372 1556798020842
512 892 369 1556798020858
512 900 367 1556798020875
512 906 365 1556798020892
512 910 365 1556798020909
512 914 364 1556798020923
512 919 364 1556798020942
512 923 364 1556798020959
512 928 364 1556798020975
512 931 364 1556798020992
512 932 364 1556798021009
512 934 364 1556798021025
512 934 365 1556798021042
512 934 366 1556798021059
512 934 367 1556798021073
512 934 368 1556798021092
512 934 369 1556798021125
512 933 369 1556798021142
512 932 371 1556798021156
512 932 372 1556798021175
512 930 373 1556798021192
512 929 373 1556798021224
512 928 374 1556798021259
513 928 374 1556798021346
514 928 374 1556798021426
512 926 372 1556798021524
512 923 368 1556798021542
512 918 366 1556798021557
512 910 366 1556798021575
512 897 375 1556798021592
512 887 387 1556798021608
512 880 401 1556798021623
512 875 418 1556798021642
512 870 425 1556798021656
512 856 433 1556798021675
512 823 436 1556798021690
512 742 443 1556798021706
512 617 447 1556798021723
512 505 451 1556798021742
512 445 453 1556798021757
512 427 452 1556798021775
512 427 449 1556798021792
512 437 443 1556798021809
512 458 434 1556798021825
512 475 426 1556798021842
512 486 422 1556798021856
512 495 415 1556798021875
512 496 413 1556798021891
512 497 411 1556798021906
512 499 408 1556798021923
512 501 403 1556798021942
512 505 397 1556798021956
512 506 391 1556798021975
512 507 386 1556798021992
512 507 384 1556798022006
512 507 383 1556798022023
512 505 381 1556798022042
512 502 379 1556798022056
512 498 376 1556798022073
512 496 375 1556798022092
512 496 374 1556798022109
512 495 374 1556798022124
512 494 373 1556798022142
512 494 372 1556798022156
512 493 372 1556798022192
512 491 372 1556798022209
512 489 372 1556798022226
512 486 372 1556798022242
512 485 371 1556798022275
512 484 371 1556798022292
512 483 371 1556798022306
512 480 371 1556798022324
512 475 371 1556798022340
512 471 371 1556798022357
512 469 371 1556798022375
512 468 371 1556798022392
513 468 371 1556798022489
514 468 371 1556798022578
512 472 372 1556798022609
512 476 372 1556798022625
512 483 372 1556798022642
512 490 373 1556798022658
512 518 379 1556798022673
512 571 388 1556798022692
512 659 398 1556798022706
512 750 403 1556798022726
512 807 411 1556798022742
512 826 420 1556798022756
512 829 432 1556798022775
512 825 446 1556798022792
512 814 465 1556798022806
512 802 481 1556798022825
512 792 498 1556798022842
512 774 535 1556798022859
512 761 556 1556798022875
512 744 581 1556798022891
512 718 607 1556798022909
512 696 623 1556798022925
512 682 632 1556798022942
512 670 636 1556798022957
512 665 639 1556798022973
512 663 639 1556798022992
512 662 639 1556798023009
512 661 639 1556798023042
512 656 639 1556798023056
512 643 637 1556798023074
512 629 636 1556798023092
512 612 636 1556798023107
512 594 636 1556798023124
512 580 639 1556798023142
512 569 642 1556798023157
512 563 643 1556798023176
512 562 643 1556798023192
512 562 644 1556798023209
513 562 644 1556798023428
514 562 644 1556798023490
512 560 641 1556798023523
512 560 634 1556798023542
512 564 623 1556798023559
512 572 609 1556798023575
512 587 588 1556798023592
512 602 563 1556798023609
512 620 538 1556798023623
512 649 516 1556798023642
512 673 503 1556798023659
512 695 496 1556798023673
512 719 485 1556798023691
512 744 471 1556798023709
512 760 453 1556798023723
512 765 435 1556798023742
512 765 418 1556798023759
512 757 398 1556798023775
512 748 373 1556798023792
512 736 347 1556798023808
512 728 321 1556798023824
512 715 291 1556798023842
512 711 281 1556798023859
512 708 269 1556798023875
512 705 259 1556798023892
512 705 256 1556798023909
512 709 249 1556798023923
512 713 244 1556798023942
512 717 239 1556798023959
512 718 238 1556798023975
512 717 238 1556798024106
512 715 237 1556798024124
512 713 236 1556798024141
512 702 231 1556798024156
512 692 226 1556798024175
512 688 223 1556798024192
512 684 219 1556798024209
512 681 215 1556798024224
512 681 213 1556798024242
512 681 212 1556798024258
512 680 210 1556798024275
512 680 209 1556798024291
512 681 209 1556798024356
512 684 207 1556798024373
512 687 206 1556798024392
512 689 205 1556798024408
512 690 204 1556798024423
512 691 204 1556798024442
512 692 204 1556798024557
513 692 204 1556798024618
512 694 204 1556798024642
512 695 204 1556798024675
512 696 204 1556798024698
514 696 204 1556798024699