512 701 207 1556723565688
512 701 209 1556723565706
512 701 211 1556723565724
512 704 215 1556723565741
512 710 220 1556723565757
512 716 228 1556723565772
512 724 248 1556723565791
512 727 267 1556723565807
512 734 295 1556723565824
512 750 339 1556723565840
512 773 384 1556723565858
512 788 406 1556723565875
512 831 463 1556723565892
512 848 491 1556723565906
512 860 526 1556723565923
512 866 550 1556723565942
512 868 569 1556723565956
512 868 580 1556723565976
512 868 595 1556723565992
512 867 604 1556723566009
512 865 609 1556723566025
512 865 610 1556723566044
512 865 613 1556723566073
512 865 619 1556723566092
512 865 626 1556723566109
512 863 632 1556723566126
512 860 634 1556723566140
512 858 634 1556723566159
512 857 634 1556723566176
512 855 634 1556723566192
512 853 634 1556723566207
512 849 634 1556723566223
512 846 634 1556723566241
512 844 634 1556723566259
512 844 635 1556723566275
512 843 636 1556723566358
512 843 638 1556723566375
512 843 639 1556723566392
513 843 639 1556723566401
514 843 639 1556723566493
512 840 636 1556723566558
512 839 635 1556723566575
512 839 628 1556723566592
512 839 622 1556723566608
512 839 619 1556723566625
512 839 616 1556723566642
512 839 611 1556723566658
512 840 604 1556723566675
512 842 590 1556723566692
512 842 570 1556723566707
512 839 547 1556723566725
512 825 528 1556723566739
512 804 510 1556723566758
512 781 497 1556723566775
512 710 459 1556723566792
512 645 427 1556723566808
512 570 398 1556723566823
512 489 378 1556723566839
512 449 370 1556723566858
512 442 369 1556723566873
512 447 370 1556723566923
512 452 371 1556723566942
512 455 372 1556723566958
512 457 372 1556723566975
512 458 372 1556723567058
512 461 372 1556723567075
512 466 373 1556723567092
512 470 373 1556723567108
512 472 374 1556723567125
512 474 374 1556723567142
513 474 374 1556723567362
512 473 375 1556723567446
514 473 375 1556723567447
512 472 375 1556723567458
512 471 375 1556723567473
512 471 376 1556723567492
512 470 376 1556723567506
512 468 376 1556723567542
512 468 375 1556723567556
512 469 373 1556723567573
512 476 371 1556723567592
512 488 370 1556723567608
512 506 370 1556723567623
512 524 370 1556723567642
512 546 372 1556723567658
512 560 374 1556723567675
512 570 375 1556723567692
512 579 374 1556723567708
512 591 370 1556723567723
512 602 361 1556723567742
512 611 347 1556723567758
512 614 328 1556723567774
512 614 309 1556723567792
512 615 302 1556723567808
512 629 282 1556723567823
512 643 271 1556723567842
512 655 262 1556723567858
512 663 256 1556723567873
512 666 252 1556723567892
512 670 250 1556723567906
512 675 246 1556723567924
512 678 242 1556723567942
512 680 241 1556723567958
512 682 238 1556723567973
512 683 236 1556723567992
512 686 232 1556723568008
512 690 227 1556723568023
512 692 221 1556723568042
512 693 219 1556723568073
512 693 216 1556723568089
512 693 214 1556723568107
512 693 213 1556723568123
512 693 212 1556723568142
512 693 211 1556723568208
512 693 210 1556723568223
513 693 210 1556723568251
512 694 209 1556723568342
512 696 209 1556723568349
514 696 209 1556723568349
512 696 209 1556723568358
512 694 216 1556723568508
512 692 229 1556723568526
512 692 246 1556723568542
512 698 276 1556723568558
512 711 314 1556723568575
512 732 351 1556723568592
512 754 375 1556723568608
512 781 393 1556723568625
512 806 402 1556723568642
512 832 409 1556723568656
512 849 410 1556723568674
512 854 410 1556723568692
512 855 410 1556723568742
512 858 410 1556723568758
512 863 410 1556723568773
512 866 410 1556723568792
512 874 404 1556723568808
512 883 395 1556723568823
512 888 390 1556723568842
512 893 383 1556723568859
512 898 378 1556723568873
512 900 377 1556723568909
512 902 376 1556723568925
512 908 375 1556723568942
512 910 373 1556723568958
512 916 371 1556723568975
512 917 370 1556723568992
512 920 369 1556723569006
512 923 367 1556723569023
512 924 367 1556723569041
512 926 366 1556723569058
512 927 365 1556723569075
512 929 364 1556723569092
512 930 364 1556723569108
512 931 364 1556723569125
512 932 364 1556723569158
512 933 364 1556723569173
513 933 364 1556723569221
514 933 364 1556723569332
512 932 364 1556723569342
512 930 368 1556723569359
512 930 372 1556723569373
512 930 373 1556723569392
512 930 374 1556723569406
512 930 373 1556723569457
512 930 370 1556723569475
513 930 370 1556723569477
514 930 370 1556723569582
512 928 370 1556723569642
512 925 371 1556723569657
512 921 374 1556723569675
512 916 376 1556723569692
512 911 378 1556723569708
512 906 380 1556723569723
512 900 381 1556723569742
512 891 384 1556723569758
512 882 387 1556723569775
512 872 390 1556723569792
512 866 392 1556723569808
512 862 394 1556723569823
512 857 396 1556723569842
512 844 401 1556723569858
512 820 410 1556723569875
512 774 428 1556723569892
512 711 460 1556723569906
512 653 493 1556723569923
512 582 543 1556723569942
512 564 557 1556723569956
512 534 582 1556723569975
512 521 590 1556723569991
512 512 594 1556723570008
512 511 595 1556723570025
512 511 596 1556723570042
512 514 598 1556723570058
512 516 600 1556723570075
512 517 602 1556723570090
512 517 611 1556723570108
512 517 619 1556723570125
512 516 647 1556723570142
512 516 651 1556723570159
512 518 652 1556723570175
512 523 652 1556723570192
512 529 652 1556723570208
512 541 653 1556723570225
512 550 653 1556723570241
512 554 653 1556723570258
512 555 653 1556723570358
512 558 652 1556723570375
512 559 652 1556723570392
512 560 652 1556723570406
513 560 652 1556723570462
514 560 652 1556723570572
512 560 651 1556723570592
512 558 650 1556723570608
512 556 649 1556723570625
512 555 648 1556723570642
512 555 645 1556723570708
512 557 639 1556723570725
512 563 626 1556723570742
512 563 622 1556723570758
512 570 600 1556723570775
512 579 584 1556723570791
512 595 570 1556723570808
512 616 558 1556723570823
512 650 546 1556723570842
512 691 539 1556723570858
512 728 540 1556723570875
512 747 547 1556723570892
512 755 557 1556723570908
512 763 571 1556723570923
512 769 584 1556723570939
512 771 588 1556723570956
512 778 603 1556723570973
512 780 609 1556723570990
512 783 614 1556723571008
512 787 620 1556723571023
512 795 627 1556723571042
512 800 632 1556723571059
512 807 635 1556723571075
512 813 637 1556723571092
512 821 639 1556723571109
512 834 642 1556723571124
512 853 648 1556723571142
512 865 651 1556723571158
512 871 653 1556723571175
512 874 654 1556723571191
512 871 654 1556723571342
512 866 650 1556723571358
512 860 649 1556723571373
512 854 647 1556723571392
512 853 647 1556723571408
512 852 647 1556723571424
512 851 647 1556723571456
512 848 646 1556723571473
512 845 645 1556723571492
512 841 644 1556723571508
512 839 643 1556723571525
513 839 643 1556723571615
514 839 643 1556723571710
512 838 643 1556723571742
512 836 643 1556723571758
512 835 642 1556723571789
512 834 638 1556723571806
512 832 631 1556723571825
512 829 623 1556723571839
512 824 607 1556723571858
512 822 585 1556723571873
512 818 561 1556723571890
512 815 538 1556723571908
512 814 518 1556723571925
512 813 503 1556723571942
512 820 482 1556723571959
512 828 466 1556723571975
512 837 455 1556723571991
512 848 446 1556723572008
512 856 442 1556723572023
512 865 438 1556723572042
512 875 430 1556723572058
512 882 420 1556723572075
512 886 410 1556723572092
512 887 406 1556723572108
512 887 404 1556723572158
512 887 403 1556723572175
512 888 402 1556723572189
512 889 401 1556723572207
512 893 401 1556723572225
512 899 400 1556723572242
512 907 396 1556723572257
512 916 391 1556723572275
512 919 388 1556723572292
512 920 387 1556723572308
512 920 386 1556723572325
512 923 382 1556723572342
512 924 381 1556723572359
512 927 376 1556723572375
512 927 375 1556723572392
512 929 374 1556723572408
512 929 373 1556723572425
512 929 371 1556723572440
512 929 370 1556723572475
512 929 368 1556723572540
513 929 368 1556723572567
514 929 368 1556723572661
512 928 368 1556723572706
512 927 368 1556723572723
512 926 368 1556723572742
512 924 368 1556723572758
512 921 368 1556723572775
512 917 368 1556723572792
512 914 368 1556723572806
512 909 368 1556723572823
512 903 367 1556723572842
512 891 368 1556723572858
512 882 370 1556723572875
512 877 371 1556723572890
512 872 374 1556723572908
512 862 381 1556723572923
512 843 387 1556723572941
512 793 391 1556723572959
512 770 391 1556723572973
512 744 387 1556723572990
512 724 384 1556723573008
512 697 381 1556723573025
512 672 377 1556723573041
512 649 374 1556723573058
512 622 374 1556723573075
512 594 374 1556723573092
512 580 374 1556723573109
512 577 374 1556723573125
512 573 374 1556723573175
512 568 374 1556723573192
512 565 374 1556723573206
512 564 374 1556723573223
512 561 374 1556723573273
512 553 376 1556723573290
512 536 377 1556723573309
512 519 379 1556723573326
512 503 379 1556723573343
512 489 379 1556723573358
512 488 379 1556723573476
512 478 382 1556723573542
512 470 383 1556723573559
512 468 383 1556723573574
512 466 383 1556723573593
513 466 383 1556723573729
514 466 383 1556723573805
512 469 382 1556723573825
512 473 380 1556723573842
512 474 378 1556723573858
512 474 376 1556723573873
512 474 375 1556723573892
512 474 374 1556723573908
512 474 373 1556723573942
512 476 379 1556723574108
512 480 393 1556723574125
512 491 414 1556723574140
512 501 455 1556723574158
512 510 539 1556723574173
512 511 572 1556723574190
512 514 617 1556723574208
512 525 670 1556723574225
512 537 694 1556723574242
512 541 698 1556723574258
512 542 698 1556723574273
512 542 696 1556723574406
512 544 692 1556723574423
512 549 684 1556723574440
512 552 679 1556723574459
512 553 677 1556723574475
512 553 675 1556723574492
512 553 672 1556723574509
512 552 670 1556723574525
512 552 668 1556723574541
512 552 660 1556723574559
512 552 654 1556723574575
512 553 652 1556723574592
512 554 651 1556723574675
512 556 649 1556723574692
512 558 647 1556723574708
512 558 644 1556723574725
512 558 643 1556723574741
512 558 641 1556723574759
512 558 639 1556723574775
513 558 639 1556723574804
514 558 639 1556723574900
512 557 639 1556723574973
512 557 636 1556723575042
512 560 629 1556723575058
512 563 624 1556723575074
512 590 589 1556723575092
512 613 567 1556723575106
512 631 540 1556723575125
512 639 522 1556723575142
512 639 506 1556723575158
512 635 488 1556723575175
512 631 468 1556723575192
512 633 423 1556723575208
512 644 399 1556723575223
512 658 368 1556723575241
512 668 349 1556723575256
512 675 339 1556723575275
512 676 332 1556723575292
512 675 328 1556723575308
512 671 321 1556723575325
512 664 311 1556723575342
512 658 297 1556723575359
512 657 288 1556723575373
512 662 273 1556723575390
512 668 260 1556723575408
512 670 250 1556723575425
512 670 246 1556723575442
512 669 244 1556723575458
512 669 242 1556723575475
512 669 239 1556723575492
512 671 233 1556723575508
512 678 222 1556723575523
512 684 212 1556723575540
512 686 209 1556723575558
512 687 209 1556723575575
512 688 209 1556723575591
512 690 208 1556723575608
512 697 205 1556723575623
512 700 202 1556723575642
512 702 201 1556723575656
512 702 200 1556723575692
513 702 200 1556723575821
514 702 200 1556723575926
512 702 201 1556723575992
512 702 203 1556723576006
512 701 204 1556723576023
512 700 208 1556723576041
512 700 213 1556723576058
512 700 216 1556723576075
512 700 217 1556723576091
512 702 217 1556723576172
513 702 217 1556723576173
512 703 215 1556723576192
512 703 213 1556723576207
514 703 213 1556723576293