512 700 209 1556798068060
512 700 212 1556798068076
512 704 216 1556798068093
512 716 225 1556798068110
512 735 240 1556798068126
512 758 259 1556798068141
512 794 302 1556798068157
512 813 332 1556798068175
512 873 489 1556798068193
512 887 555 1556798068207
512 888 592 1556798068227
512 886 618 1556798068243
512 882 638 1556798068258
512 880 657 1556798068276
512 880 671 1556798068293
512 884 680 1556798068310
512 887 683 1556798068324
512 889 685 1556798068343
512 891 690 1556798068360
512 891 698 1556798068376
512 892 703 1556798068393
512 892 706 1556798068408
512 891 702 1556798068459
512 886 696 1556798068476
512 876 686 1556798068494
512 866 676 1556798068507
512 861 670 1556798068526
512 858 665 1556798068541
512 857 660 1556798068560
512 857 656 1556798068577
512 857 654 1556798068591
512 856 653 1556798068607
512 856 652 1556798068643
512 853 651 1556798068727
512 850 651 1556798068743
512 845 649 1556798068757
512 835 644 1556798068777
512 831 641 1556798068793
512 829 639 1556798068810
512 829 638 1556798069027
512 831 638 1556798069041
512 832 638 1556798069060
512 833 638 1556798069110
512 834 638 1556798069142
512 835 638 1556798069210
513 835 638 1556798069287
514 835 638 1556798069400
512 834 637 1556798069524
512 833 633 1556798069543
512 831 629 1556798069557
512 829 624 1556798069576
512 827 621 1556798069593
512 825 617 1556798069610
512 821 608 1556798069627
512 810 591 1556798069641
512 787 566 1556798069657
512 762 547 1556798069676
512 729 526 1556798069691
512 684 500 1556798069708
512 624 469 1556798069726
512 566 449 1556798069741
512 541 443 1556798069758
512 523 437 1556798069777
512 515 433 1556798069791
512 511 431 1556798069808
512 510 431 1556798069827
512 509 430 1556798069843
512 509 429 1556798069876
512 509 428 1556798069893
512 509 427 1556798069910
512 509 426 1556798069943
512 509 424 1556798069960
512 509 423 1556798069977
512 509 421 1556798069991
512 504 416 1556798070010
512 500 412 1556798070024
512 494 405 1556798070043
512 487 397 1556798070060
512 478 389 1556798070076
512 472 384 1556798070093
512 469 380 1556798070109
512 467 378 1556798070126
512 466 376 1556798070143
512 465 375 1556798070160
512 464 374 1556798070176
513 464 374 1556798070370
514 464 374 1556798070456
512 465 374 1556798070507
513 465 374 1556798070595
512 466 374 1556798070609
512 467 374 1556798070643
512 468 374 1556798070660
514 468 374 1556798070704
512 468 374 1556798070707
512 470 373 1556798070757
512 487 365 1556798070775
512 504 357 1556798070793
512 519 348 1556798070810
512 546 337 1556798070825
512 594 318 1556798070843
512 663 294 1556798070858
512 751 261 1556798070876
512 814 230 1556798070891
512 832 218 1556798070908
512 834 216 1556798070926
512 834 215 1556798070943
512 834 213 1556798070960
512 833 212 1556798070977
512 830 211 1556798070993
512 829 210 1556798071010
512 821 209 1556798071026
512 807 209 1556798071043
512 787 209 1556798071057
512 765 209 1556798071076
512 751 210 1556798071093
512 740 212 1556798071110
512 731 214 1556798071126
512 727 214 1556798071143
512 725 215 1556798071160
512 724 215 1556798071291
512 722 215 1556798071310
512 716 215 1556798071327
512 703 214 1556798071343
512 691 214 1556798071360
512 681 214 1556798071377
512 679 214 1556798071391
512 681 213 1556798071541
512 684 212 1556798071559
512 688 210 1556798071577
512 691 209 1556798071593
512 693 209 1556798071610
512 694 209 1556798071626
512 695 209 1556798071643
512 696 208 1556798071660
512 697 208 1556798071693
512 697 207 1556798071792
512 699 207 1556798071810
513 699 207 1556798071819
514 699 207 1556798071920
512 699 208 1556798072010
512 700 209 1556798072026
512 702 212 1556798072043
512 704 213 1556798072059
512 710 218 1556798072076
512 724 232 1556798072091
512 751 265 1556798072110
512 808 335 1556798072127
512 835 366 1556798072143
512 940 453 1556798072160
512 962 459 1556798072177
512 967 456 1556798072193
512 969 449 1556798072210
512 969 444 1556798072227
512 969 437 1556798072243
512 968 434 1556798072259
512 968 433 1556798072276
512 967 432 1556798072357
512 967 430 1556798072376
512 966 427 1556798072391
512 963 418 1556798072410
512 956 408 1556798072426
512 950 400 1556798072443
512 944 395 1556798072460
512 942 392 1556798072476
512 939 390 1556798072491
512 937 387 1556798072510
512 935 386 1556798072526
512 934 385 1556798072543
512 932 385 1556798072558
512 931 384 1556798072577
512 930 383 1556798072593
512 929 383 1556798072610
512 928 382 1556798072643
512 927 381 1556798072676
512 926 380 1556798072691
512 923 380 1556798072710
512 921 379 1556798072726
512 919 378 1556798072743
513 919 378 1556798072824
514 919 378 1556798072936
512 919 377 1556798073008
512 920 377 1556798073026
512 920 376 1556798073060
513 920 376 1556798073129
512 921 376 1556798073193
514 921 376 1556798073256
512 921 376 1556798073260
512 923 374 1556798073310
512 924 374 1556798073327
512 926 373 1556798073343
512 928 373 1556798073358
512 929 371 1556798073376
513 929 371 1556798073385
512 931 371 1556798073410
512 932 371 1556798073427
512 933 371 1556798073443
514 933 371 1556798073521
512 933 371 1556798073524
512 931 372 1556798073560
512 921 376 1556798073574
512 904 384 1556798073593
512 878 398 1556798073610
512 830 431 1556798073624
512 792 455 1556798073643
512 762 476 1556798073657
512 747 492 1556798073676
512 735 509 1556798073692
512 723 525 1556798073707
512 712 538 1556798073727
512 697 548 1556798073743
512 679 559 1556798073760
512 664 568 1556798073777
512 651 578 1556798073793
512 641 589 1556798073810
512 630 601 1556798073825
512 625 606 1556798073843
512 624 608 1556798073860
512 621 609 1556798073876
512 619 609 1556798073893
512 617 609 1556798073908
512 616 609 1556798073924
512 612 609 1556798073943
512 607 611 1556798073960
512 601 613 1556798073977
512 585 620 1556798073993
512 574 624 1556798074010
512 561 628 1556798074024
512 549 632 1556798074043
512 545 635 1556798074057
512 543 637 1556798074076
512 542 637 1556798074093
512 542 638 1556798074174
512 543 639 1556798074193
512 545 640 1556798074210
512 545 641 1556798074226
512 546 641 1556798074242
512 548 641 1556798074310
512 549 641 1556798074327
512 550 641 1556798074343
512 551 641 1556798074360
512 552 641 1556798074393
512 553 641 1556798074408
512 554 641 1556798074427
512 555 641 1556798074450
513 555 641 1556798074452
512 556 641 1556798074477
514 556 641 1556798074568
512 556 641 1556798074576
512 556 635 1556798074676
512 557 624 1556798074693
512 559 613 1556798074707
512 564 599 1556798074726
512 570 584 1556798074743
512 579 571 1556798074760
512 597 554 1556798074776
512 644 534 1556798074793
512 685 529 1556798074810
512 734 534 1556798074826
512 766 546 1556798074843
512 784 559 1556798074857
512 794 575 1556798074875
512 798 588 1556798074893
512 802 599 1556798074907
512 805 604 1556798074924
512 807 607 1556798074943
512 813 611 1556798074960
512 818 614 1556798074976
512 824 615 1556798074993
512 827 618 1556798075010
512 831 618 1556798075024
512 832 619 1556798075041
512 833 619 1556798075110
512 837 619 1556798075127
512 839 620 1556798075143
512 842 622 1556798075158
512 843 623 1556798075174
512 845 626 1556798075191
512 846 628 1556798075209
512 846 629 1556798075227
512 846 630 1556798075257
512 846 631 1556798075276
512 845 632 1556798075293
512 843 634 1556798075308
512 842 635 1556798075324
512 841 636 1556798075343
512 841 638 1556798075357
512 840 639 1556798075377
512 840 640 1556798075393
512 840 641 1556798075407
513 840 641 1556798075498
512 840 642 1556798075541
514 840 642 1556798075577
512 839 642 1556798075592
512 837 642 1556798075608
512 832 633 1556798075625
512 828 621 1556798075643
512 823 613 1556798075660
512 818 602 1556798075676
512 814 591 1556798075693
512 811 579 1556798075708
512 810 564 1556798075727
512 807 543 1556798075743
512 805 527 1556798075760
512 805 515 1556798075777
512 805 514 1556798075793
512 812 513 1556798075807
512 840 509 1556798075825
512 866 504 1556798075841
512 896 496 1556798075860
512 914 485 1556798075876
512 923 474 1556798075893
512 931 459 1556798075907
512 930 441 1556798075924
512 926 426 1556798075943
512 922 412 1556798075957
512 920 403 1556798075974
512 917 395 1556798075993
512 916 391 1556798076010
512 914 387 1556798076027
512 914 386 1556798076060
512 914 384 1556798076075
512 915 379 1556798076094
512 919 373 1556798076108
512 919 372 1556798076127
512 920 372 1556798076258
512 921 372 1556798076353
513 921 372 1556798076354
514 921 372 1556798076464
512 922 372 1556798076477
512 923 372 1556798076493
512 924 372 1556798076507
512 922 376 1556798076741
512 909 385 1556798076760
512 890 394 1556798076777
512 876 400 1556798076791
512 768 418 1556798076810
512 704 421 1556798076827
512 634 428 1556798076841
512 603 432 1556798076857
512 580 435 1556798076877
512 571 436 1556798076893
512 570 436 1556798076910
512 569 436 1556798076959
512 564 435 1556798076974
512 549 431 1556798076993
512 538 429 1556798077010
512 530 426 1556798077027
512 526 423 1556798077041
512 523 420 1556798077057
512 517 416 1556798077076
512 511 413 1556798077091
512 506 410 1556798077107
512 505 409 1556798077125
512 504 409 1556798077158
512 503 408 1556798077177
512 501 407 1556798077193
512 499 405 1556798077208
512 496 403 1556798077224
512 494 400 1556798077243
512 493 399 1556798077258
512 491 397 1556798077277
512 490 395 1556798077293
512 489 393 1556798077310
512 489 392 1556798077326
512 488 390 1556798077343
512 486 389 1556798077360
512 486 387 1556798077376
512 485 387 1556798077393
512 485 386 1556798077410
512 484 386 1556798077424
512 481 383 1556798077443
512 479 381 1556798077460
512 478 380 1556798077476
512 477 379 1556798077493
512 477 378 1556798077510
512 476 377 1556798077543
512 476 376 1556798077560
512 474 374 1556798077576
513 474 374 1556798077601
512 473 374 1556798077625
514 473 374 1556798077721
512 473 374 1556798077725
512 475 374 1556798077827
512 485 373 1556798077841
512 502 372 1556798077859
512 531 368 1556798077876
512 556 364 1556798077892
512 583 361 1556798077910
512 612 359 1556798077924
512 633 358 1556798077942
512 655 358 1556798077960
512 668 365 1556798077977
512 678 379 1556798077993
512 687 400 1556798078007
512 689 430 1556798078024
512 679 449 1556798078043
512 667 470 1556798078059
512 656 493 1556798078074
512 648 512 1556798078092
512 642 528 1556798078110
512 637 534 1556798078127
512 633 537 1556798078143
512 624 543 1556798078158
512 611 552 1556798078177
512 594 565 1556798078192
512 582 573 1556798078208
512 569 580 1556798078227
512 559 586 1556798078242
512 552 594 1556798078259
512 547 602 1556798078275
512 547 609 1556798078292
512 547 613 1556798078308
512 549 617 1556798078327
512 551 619 1556798078343
512 553 622 1556798078361
512 555 623 1556798078375
512 556 624 1556798078408
512 558 628 1556798078425
512 561 634 1556798078442
512 561 635 1556798078458
512 561 636 1556798078591
512 561 638 1556798078610
512 561 639 1556798078625
513 561 639 1556798078699
512 562 640 1556798078760
514 562 640 1556798078811
512 562 640 1556798078824
512 561 640 1556798078843
512 559 634 1556798078857
512 559 625 1556798078874
512 559 613 1556798078893
512 560 598 1556798078910
512 560 583 1556798078925
512 560 575 1556798078943
512 556 567 1556798078959
512 553 563 1556798078977
512 553 556 1556798078993
512 558 550 1556798079010
512 586 525 1556798079026
512 603 510 1556798079043
512 637 478 1556798079059
512 643 462 1556798079076
512 645 446 1556798079093
512 645 426 1556798079108
512 645 407 1556798079127
512 646 382 1556798079143
512 651 355 1556798079158
512 652 332 1556798079177
512 654 311 1556798079193
512 660 294 1556798079207
512 666 280 1556798079225
512 669 272 1556798079242
512 670 266 1556798079260
512 670 265 1556798079274
512 670 263 1556798079324
512 674 261 1556798079343
512 683 255 1556798079358
512 687 250 1556798079377
512 699 240 1556798079391
512 702 237 1556798079408
512 703 235 1556798079458
512 703 232 1556798079476
512 704 227 1556798079493
512 704 223 1556798079510
512 704 220 1556798079527
512 704 219 1556798079543
512 704 217 1556798079558
512 703 215 1556798079577
512 702 213 1556798079591
512 702 212 1556798079607
512 701 212 1556798079710
513 701 212 1556798079753
514 701 212 1556798079841
