512 704 208 1556821850279
512 704 211 1556821850297
512 704 214 1556821850313
512 705 217 1556821850328
512 707 222 1556821850345
512 711 232 1556821850361
512 716 245 1556821850378
512 728 277 1556821850397
512 738 294 1556821850411
512 746 305 1556821850430
512 751 314 1556821850447
512 753 319 1556821850462
512 764 363 1556821850478
512 777 404 1556821850495
512 800 461 1556821850513
512 823 505 1556821850530
512 835 521 1556821850544
512 843 528 1556821850563
512 847 533 1556821850580
512 852 539 1556821850594
512 854 543 1556821850613
512 855 548 1556821850627
512 855 553 1556821850644
512 854 555 1556821850663
512 851 561 1556821850678
512 845 569 1556821850696
512 843 575 1556821850713
512 842 580 1556821850728
512 842 583 1556821850747
512 838 592 1556821850763
512 837 597 1556821850780
512 836 612 1556821850797
512 836 621 1556821850813
512 838 624 1556821850830
512 838 627 1556821850846
512 839 630 1556821850863
512 839 634 1556821850879
512 840 640 1556821850896
512 840 646 1556821850912
512 839 651 1556821850927
512 839 652 1556821850946
512 839 653 1556821851013
512 841 653 1556821851027
512 842 653 1556821851063
512 843 653 1556821851079
512 843 651 1556821851145
512 845 649 1556821851162
512 845 648 1556821851178
513 845 648 1556821851259
514 845 648 1556821851338
512 844 645 1556821851413
512 842 643 1556821851428
512 839 638 1556821851445
512 836 633 1556821851463
512 834 623 1556821851479
512 830 606 1556821851495
512 828 581 1556821851514
512 821 546 1556821851529
512 805 509 1556821851546
512 781 479 1556821851561
512 769 470 1556821851578
512 692 446 1556821851595
512 653 450 1556821851611
512 637 454 1556821851628
512 631 454 1556821851644
512 629 454 1556821851664
512 622 446 1556821851680
512 613 436 1556821851695
512 598 423 1556821851711
512 584 409 1556821851728
512 573 395 1556821851747
512 560 383 1556821851764
512 549 374 1556821851780
512 537 368 1556821851795
512 534 364 1556821851812
512 533 362 1556821851828
512 531 360 1556821851845
512 530 360 1556821851878
512 526 363 1556821851894
512 521 369 1556821851913
512 515 373 1556821851927
512 511 374 1556821851946
512 507 375 1556821851964
512 504 375 1556821851977
512 503 375 1556821851995
512 500 375 1556821852013
512 499 376 1556821852029
512 498 376 1556821852046
512 497 376 1556821852096
512 493 376 1556821852112
512 487 376 1556821852128
512 482 378 1556821852145
512 479 378 1556821852162
512 478 378 1556821852261
513 478 378 1556821852323
512 480 378 1556821852363
512 480 379 1556821852378
514 480 379 1556821852435
512 480 379 1556821852444
512 483 379 1556821852564
512 489 379 1556821852579
512 490 379 1556821852662
512 490 381 1556821852679
512 498 383 1556821852697
512 515 381 1556821852712
512 549 369 1556821852729
512 584 355 1556821852747
512 613 342 1556821852763
512 632 333 1556821852780
512 640 326 1556821852797
512 643 321 1556821852811
512 650 311 1556821852829
512 666 290 1556821852847
512 676 274 1556821852861
512 684 258 1556821852880
512 685 255 1556821852897
512 688 253 1556821852944
512 689 251 1556821852961
512 690 248 1556821852979
512 691 246 1556821852996
512 693 239 1556821853012
512 695 230 1556821853028
512 697 223 1556821853044
512 699 217 1556821853063
512 700 214 1556821853080
512 700 212 1556821853096
512 700 211 1556821853112
513 700 211 1556821853269
514 700 211 1556821853371
512 699 214 1556821853477
512 699 218 1556821853496
512 699 224 1556821853513
512 699 231 1556821853527
512 710 253 1556821853544
512 731 269 1556821853562
512 758 279 1556821853579
512 780 286 1556821853596
512 784 289 1556821853612
512 786 292 1556821853628
512 791 299 1556821853647
512 801 310 1556821853661
512 815 316 1556821853678
512 829 318 1556821853696
512 835 317 1556821853711
512 839 313 1556821853729
512 839 310 1556821853747
512 840 309 1556821853763
512 841 308 1556821853794
512 847 309 1556821853813
512 852 311 1556821853829
512 862 318 1556821853845
512 870 325 1556821853864
512 875 330 1556821853879
512 879 335 1556821853896
512 882 339 1556821853911
512 885 345 1556821853930
512 889 349 1556821853945
512 892 353 1556821853963
512 894 355 1556821853978
512 895 356 1556821853994
512 898 356 1556821854013
512 900 357 1556821854028
512 903 357 1556821854046
512 904 359 1556821854062
512 906 360 1556821854079
512 908 360 1556821854096
512 911 362 1556821854128
512 914 364 1556821854147
512 916 365 1556821854162
512 917 366 1556821854178
512 917 367 1556821854197
512 918 367 1556821854230
512 919 368 1556821854263
512 921 369 1556821854296
512 923 371 1556821854313
513 923 371 1556821854323
514 923 371 1556821854468
512 924 371 1556821854561
513 924 371 1556821854566
514 924 371 1556821854668
512 924 374 1556821854713
512 916 378 1556821854729
512 901 389 1556821854744
512 884 400 1556821854764
512 866 413 1556821854778
512 850 425 1556821854795
512 821 454 1556821854812
512 777 499 1556821854828
512 727 547 1556821854847
512 685 587 1556821854862
512 664 631 1556821854878
512 660 644 1556821854896
512 666 642 1556821854929
512 672 638 1556821854945
512 675 633 1556821854963
512 677 630 1556821854978
512 677 628 1556821854998
512 677 627 1556821855014
512 674 625 1556821855028
512 666 619 1556821855046
512 652 611 1556821855063
512 635 605 1556821855080
512 615 605 1556821855096
512 599 606 1556821855113
512 588 610 1556821855129
512 585 612 1556821855145
512 583 616 1556821855161
512 583 622 1556821855178
512 580 629 1556821855197
512 578 632 1556821855211
512 576 634 1556821855230
512 576 635 1556821855246
512 575 635 1556821855314
512 574 635 1556821855330
512 573 636 1556821855344
512 572 636 1556821855412
512 569 638 1556821855428
512 565 641 1556821855444
512 561 643 1556821855463
512 560 643 1556821855480
513 560 643 1556821855555
514 560 643 1556821855668
512 559 643 1556821855712
512 558 637 1556821855727
512 557 626 1556821855745
512 558 616 1556821855762
512 567 607 1556821855778
512 595 595 1556821855796
512 622 590 1556821855813
512 641 589 1556821855829
512 652 587 1556821855846
512 661 586 1556821855862
512 663 584 1556821855878
512 678 580 1556821855896
512 683 580 1556821855913
512 694 588 1556821855927
512 706 602 1556821855947
512 718 616 1556821855963
512 731 631 1556821855980
512 749 650 1556821855997
512 755 654 1556821856013
512 763 655 1556821856028
512 771 653 1556821856046
512 781 648 1556821856061
512 796 640 1556821856080
512 812 635 1556821856096
512 825 631 1556821856111
512 829 630 1556821856128
512 831 630 1556821856161
512 834 630 1556821856180
512 837 629 1556821856194
512 839 629 1556821856213
512 841 629 1556821856311
512 842 631 1556821856328
512 843 633 1556821856347
512 843 634 1556821856361
512 843 636 1556821856380
512 843 637 1556821856396
512 842 638 1556821856428
512 841 639 1556821856444
512 841 640 1556821856452
513 841 640 1556821856452
512 841 641 1556821856463
512 840 641 1556821856478
514 840 641 1556821856587
512 840 641 1556821856596
512 834 635 1556821856695
512 829 628 1556821856713
512 824 618 1556821856730
512 821 606 1556821856746
512 816 591 1556821856761
512 810 572 1556821856778
512 801 549 1556821856796
512 797 543 1556821856811
512 787 535 1556821856828
512 785 532 1556821856845
512 784 522 1556821856862
512 794 504 1556821856880
512 809 479 1556821856896
512 824 455 1556821856912
512 835 434 1556821856929
512 841 425 1556821856946
512 842 424 1556821856961
512 842 423 1556821856978
512 844 420 1556821857012
512 850 416 1556821857028
512 859 410 1556821857045
512 863 408 1556821857063
512 865 407 1556821857080
512 867 406 1556821857094
512 870 404 1556821857113
512 879 401 1556821857130
512 886 396 1556821857146
512 891 392 1556821857162
512 894 389 1556821857180
512 898 384 1556821857196
512 899 383 1556821857212
512 900 381 1556821857228
512 902 380 1556821857244
512 903 379 1556821857261
512 906 379 1556821857279
512 908 379 1556821857296
512 909 379 1556821857329
512 910 378 1556821857346
512 912 378 1556821857379
512 915 378 1556821857396
512 916 377 1556821857413
512 919 377 1556821857429
512 921 375 1556821857444
512 923 374 1556821857461
512 924 374 1556821857480
512 926 373 1556821857496
513 926 373 1556821857605
514 926 373 1556821857691
512 923 372 1556821857730
512 920 372 1556821857745
512 914 372 1556821857764
512 894 374 1556821857780
512 880 376 1556821857796
512 866 378 1556821857813
512 853 381 1556821857829
512 829 389 1556821857846
512 802 402 1556821857862
512 745 429 1556821857879
512 677 475 1556821857896
512 637 507 1556821857913
512 617 522 1556821857929
512 614 525 1556821857945
512 609 518 1556821857996
512 602 511 1556821858012
512 569 482 1556821858028
512 549 463 1556821858047
512 531 447 1556821858061
512 511 435 1556821858079
512 494 429 1556821858096
512 484 427 1556821858113
512 480 426 1556821858128
512 479 426 1556821858161
512 479 424 1556821858180
512 479 418 1556821858197
512 479 417 1556821858211
512 479 415 1556821858229
512 479 413 1556821858244
512 480 410 1556821858262
512 482 405 1556821858279
512 484 401 1556821858294
512 484 397 1556821858311
512 483 396 1556821858329
512 481 395 1556821858345
512 479 394 1556821858361
512 477 393 1556821858378
512 476 392 1556821858394
512 474 389 1556821858411
512 473 385 1556821858430
512 472 383 1556821858446
512 472 381 1556821858494
512 471 379 1556821858513
512 470 377 1556821858528
512 470 376 1556821858546
513 470 376 1556821858567
514 470 376 1556821858652
512 472 376 1556821858728
512 475 376 1556821858746
512 482 374 1556821858762
512 497 371 1556821858780
512 518 368 1556821858797
512 535 366 1556821858811
512 562 371 1556821858829
512 572 381 1556821858846
512 581 395 1556821858861
512 589 413 1556821858880
512 591 434 1556821858894
512 591 459 1556821858912
512 591 494 1556821858929
512 591 512 1556821858946
512 585 521 1556821858964
512 574 532 1556821858979
512 542 550 1556821858996
512 525 562 1556821859012
512 520 567 1556821859028
512 515 579 1556821859045
512 517 585 1556821859061
512 524 593 1556821859080
512 529 601 1556821859096
512 535 613 1556821859112
512 541 623 1556821859128
512 547 633 1556821859147
512 548 636 1556821859162
512 548 638 1556821859180
512 548 641 1556821859197
512 548 643 1556821859213
512 549 643 1556821859296
512 551 644 1556821859312
512 552 644 1556821859329
512 554 644 1556821859346
512 555 644 1556821859413
512 557 645 1556821859429
512 562 645 1556821859446
512 564 645 1556821859463
513 564 645 1556821859534
514 564 645 1556821859629
512 562 645 1556821859644
512 558 643 1556821859663
512 555 638 1556821859678
512 554 629 1556821859696
512 554 613 1556821859712
512 557 590 1556821859730
512 562 569 1556821859746
512 566 546 1556821859761
512 572 530 1556821859780
512 588 515 1556821859797
512 632 487 1556821859813
512 645 480 1556821859828
512 677 462 1556821859846
512 695 449 1556821859864
512 705 437 1556821859878
512 710 426 1556821859896
512 713 412 1556821859912
512 713 396 1556821859929
512 709 377 1556821859944
512 706 358 1556821859963
512 699 339 1556821859979
512 692 323 1556821859994
512 690 306 1556821860013
512 690 300 1556821860029
512 697 291 1556821860045
512 701 286 1556821860061
512 703 283 1556821860080
512 706 278 1556821860094
512 709 273 1556821860113
512 710 268 1556821860129
512 713 262 1556821860146
512 713 257 1556821860163
512 713 254 1556821860179
512 713 248 1556821860196
512 712 243 1556821860213
512 711 241 1556821860228
512 707 234 1556821860246
512 703 229 1556821860261
512 700 225 1556821860280
512 699 221 1556821860294
512 698 219 1556821860313
512 698 217 1556821860328
512 698 216 1556821860346
512 698 215 1556821860361
512 697 214 1556821860380
512 697 213 1556821860413
512 697 212 1556821860428
513 697 212 1556821860501
514 697 212 1556821860596