512 696 211 1556723587625
512 706 229 1556723587742
512 720 255 1556723587758
512 737 293 1556723587774
512 753 326 1556723587792
512 765 348 1556723587806
512 783 378 1556723587825
512 803 419 1556723587842
512 821 462 1556723587856
512 844 516 1556723587875
512 864 562 1556723587889
512 873 584 1556723587908
512 876 590 1556723587925
512 876 587 1556723588075
512 876 584 1556723588091
512 876 583 1556723588108
512 874 583 1556723588159
512 867 593 1556723588175
512 861 599 1556723588192
512 852 607 1556723588206
512 844 613 1556723588223
512 844 614 1556723588242
512 843 616 1556723588259
512 842 620 1556723588275
512 841 625 1556723588292
512 840 629 1556723588308
512 839 632 1556723588325
512 839 634 1556723588358
512 839 635 1556723588373
512 840 636 1556723588392
512 841 637 1556723588408
512 842 637 1556723588456
512 843 639 1556723588489
513 843 639 1556723588605
514 843 639 1556723588710
512 834 632 1556723588742
512 834 631 1556723588757
512 824 618 1556723588774
512 818 608 1556723588792
512 815 596 1556723588807
512 813 581 1556723588825
512 815 565 1556723588840
512 826 546 1556723588858
512 842 531 1556723588873
512 864 515 1556723588890
512 882 502 1556723588907
512 890 497 1556723588923
512 897 489 1556723588942
512 902 479 1556723588958
512 902 474 1556723588974
512 897 466 1556723588992
512 880 455 1556723589008
512 831 442 1556723589042
512 734 437 1556723589056
512 665 437 1556723589073
512 625 431 1556723589090
512 576 419 1556723589108
512 553 410 1556723589125
512 535 401 1556723589141
512 524 393 1556723589158
512 521 389 1556723589242
512 516 387 1556723589258
512 513 386 1556723589275
512 506 385 1556723589292
512 498 383 1556723589308
512 486 383 1556723589325
512 471 383 1556723589342
512 454 383 1556723589358
512 448 383 1556723589375
512 447 383 1556723589392
512 447 382 1556723589457
512 448 382 1556723589489
512 449 382 1556723589508
512 450 382 1556723589523
512 452 382 1556723589558
512 453 381 1556723589573
512 458 380 1556723589592
512 462 379 1556723589609
512 464 378 1556723589623
512 467 376 1556723589807
512 468 375 1556723589825
512 471 374 1556723589842
513 471 374 1556723589873
514 471 374 1556723589949
512 473 374 1556723589992
512 483 377 1556723590092
512 511 386 1556723590106
512 565 409 1556723590124
512 635 440 1556723590142
512 692 467 1556723590158
512 744 480 1556723590175
512 756 477 1556723590192
512 762 465 1556723590208
512 765 440 1556723590225
512 764 421 1556723590242
512 752 396 1556723590258
512 738 372 1556723590275
512 724 352 1556723590292
512 715 336 1556723590308
512 707 319 1556723590323
512 706 311 1556723590341
512 706 299 1556723590359
512 706 296 1556723590375
512 706 295 1556723590391
512 704 292 1556723590423
512 704 286 1556723590442
512 704 277 1556723590458
512 704 269 1556723590475
512 707 263 1556723590491
512 709 259 1556723590509
512 711 254 1556723590525
512 714 251 1556723590542
512 714 250 1556723590558
512 716 244 1556723590573
512 716 240 1556723590591
512 715 238 1556723590608
512 713 236 1556723590623
512 711 234 1556723590642
512 711 233 1556723590659
512 710 232 1556723590673
512 709 232 1556723590692
512 708 229 1556723590708
512 707 228 1556723590725
512 706 226 1556723590742
512 706 225 1556723590758
512 705 224 1556723590775
512 704 223 1556723590790
512 704 221 1556723590808
512 703 219 1556723590825
512 702 217 1556723590842
512 702 216 1556723590858
513 702 216 1556723590982
514 702 216 1556723591062
512 702 214 1556723591292
512 705 205 1556723591308
512 705 204 1556723591323
512 792 254 1556723591590
512 867 285 1556723591608
512 934 301 1556723591623
512 965 316 1556723591642
512 971 325 1556723591658
512 972 329 1556723591673
512 971 329 1556723591692
512 968 329 1556723591706
512 964 329 1556723591725
512 963 328 1556723591742
512 967 330 1556723591773
512 968 330 1556723591791
512 969 334 1556723591858
512 969 344 1556723591873
512 969 351 1556723591892
512 969 354 1556723591908
512 968 353 1556723591958
512 964 351 1556723591975
512 960 351 1556723591992
512 955 352 1556723592008
512 952 353 1556723592023
512 951 353 1556723592042
512 950 357 1556723592142
512 945 367 1556723592158
512 943 370 1556723592173
512 942 370 1556723592275
512 941 370 1556723592292
512 932 372 1556723592308
512 931 372 1556723592325
512 930 372 1556723592358
512 931 372 1556723592542
513 931 372 1556723592548
514 931 372 1556723592616
512 927 372 1556723592742
512 924 380 1556723592758
512 922 384 1556723592773
512 920 395 1556723592792
512 920 413 1556723592808
512 920 414 1556723592825
512 915 419 1556723592858
512 876 449 1556723592875
512 813 488 1556723592892
512 729 532 1556723592908
512 624 577 1556723592925
512 522 635 1556723592942
512 445 695 1556723592958
512 429 722 1556723592975
512 434 727 1556723592992
512 448 729 1556723593009
512 462 729 1556723593025
512 471 726 1556723593042
512 476 721 1556723593058
512 478 714 1556723593075
512 482 705 1556723593092
512 488 698 1556723593108
512 490 694 1556723593123
512 494 688 1556723593142
512 495 686 1556723593158
512 497 683 1556723593175
512 500 677 1556723593192
512 503 672 1556723593208
512 505 669 1556723593225
512 507 667 1556723593242
512 513 663 1556723593258
512 519 659 1556723593275
512 527 653 1556723593292
512 534 649 1556723593308
512 542 645 1556723593323
512 544 643 1556723593342
512 545 643 1556723593358
512 546 642 1556723593375
512 547 642 1556723593392
512 549 641 1556723593409
512 552 641 1556723593423
512 554 641 1556723593442
512 558 641 1556723593458
512 560 641 1556723593789
513 560 641 1556723593791
514 560 641 1556723593878
512 568 626 1556723594025
512 588 601 1556723594042
512 599 588 1556723594058
512 683 531 1556723594075
512 709 525 1556723594092
512 725 525 1556723594108
512 736 529 1556723594125
512 745 533 1556723594141
512 763 545 1556723594158
512 780 562 1556723594173
512 790 578 1556723594192
512 797 596 1556723594208
512 803 614 1556723594223
512 813 638 1556723594242
512 821 646 1556723594259
512 824 647 1556723594275
512 824 646 1556723594324
512 825 643 1556723594342
512 825 640 1556723594358
512 825 636 1556723594375
512 825 635 1556723594392
512 826 633 1556723594458
512 827 632 1556723594475
512 829 632 1556723594508
512 830 632 1556723594525
512 832 632 1556723594558
512 833 634 1556723594675
512 834 635 1556723594690
512 835 638 1556723594707
512 836 639 1556723594725
513 836 639 1556723594818
512 837 640 1556723594842
512 839 641 1556723594858
514 839 641 1556723594921
512 839 641 1556723594925
512 838 639 1556723594973
512 836 632 1556723594992
512 832 620 1556723595008
512 825 603 1556723595025
512 818 585 1556723595041
512 813 560 1556723595059
512 809 540 1556723595075
512 805 518 1556723595091
512 801 500 1556723595109
512 796 485 1556723595125
512 795 480 1556723595142
512 795 479 1556723595156
512 796 479 1556723595175
512 802 477 1556723595189
512 814 473 1556723595208
512 832 466 1556723595223
512 847 460 1556723595240
512 869 444 1556723595259
512 877 435 1556723595275
512 880 428 1556723595292
512 881 423 1556723595308
512 881 421 1556723595323
512 882 420 1556723595342
512 885 412 1556723595358
512 890 397 1556723595373
512 893 389 1556723595391
512 894 385 1556723595408
512 895 383 1556723595425
512 896 381 1556723595442
512 898 380 1556723595458
512 904 377 1556723595475
512 908 376 1556723595492
512 913 375 1556723595508
512 918 375 1556723595525
512 923 375 1556723595541
512 924 375 1556723595558
512 926 375 1556723595591
512 927 375 1556723595625
512 929 375 1556723595659
512 931 375 1556723595676
512 932 375 1556723595708
513 932 375 1556723595749
514 932 375 1556723595819
512 930 374 1556723595858
512 929 374 1556723595875
512 927 373 1556723595889
512 926 372 1556723595907
512 918 368 1556723595925
512 914 366 1556723595942
512 911 364 1556723595958
512 908 363 1556723595975
512 904 363 1556723595992
512 900 361 1556723596008
512 891 361 1556723596023
512 882 361 1556723596041
512 869 363 1556723596059
512 856 365 1556723596075
512 841 365 1556723596091
512 798 370 1556723596109
512 781 371 1556723596123
512 716 383 1556723596141
512 661 392 1556723596158
512 615 404 1556723596173
512 580 417 1556723596192
512 555 431 1556723596208
512 542 441 1556723596224
512 536 444 1556723596242
512 534 444 1556723596258
512 533 444 1556723596275
512 530 444 1556723596292
512 497 439 1556723596307
512 471 432 1556723596325
512 446 426 1556723596342
512 431 419 1556723596358
512 430 418 1556723596375
512 430 416 1556723596392
512 439 407 1556723596409
512 449 396 1556723596425
512 455 387 1556723596442
512 459 382 1556723596458
512 461 379 1556723596492
512 464 377 1556723596541
512 468 375 1556723596559
512 474 372 1556723596575
512 482 369 1556723596592
513 482 369 1556723596743
514 482 369 1556723596830
512 481 370 1556723596873
512 480 370 1556723597058
512 479 370 1556723597073
513 479 370 1556723597110
514 479 370 1556723597205
512 477 370 1556723597258
512 475 371 1556723597274
512 473 371 1556723597292
512 473 373 1556723597373
512 482 375 1556723597392
512 498 375 1556723597407
512 517 375 1556723597425
512 533 374 1556723597442
512 545 373 1556723597456
512 563 379 1556723597475
512 607 413 1556723597492
512 635 442 1556723597508
512 707 540 1556723597525
512 789 744 1556723597540
512 799 784 1556723597558
512 798 783 1556723597575
512 792 775 1556723597592
512 776 761 1556723597608
512 757 746 1556723597623
512 747 741 1556723597642
512 718 725 1556723597659
512 681 715 1556723597675
512 672 715 1556723597690
512 671 715 1556723597708
512 666 715 1556723597792
512 659 715 1556723597809
512 647 711 1556723597825
512 636 705 1556723597842
512 620 695 1556723597858
512 610 686 1556723597873
512 605 676 1556723597892
512 605 667 1556723597906
512 604 653 1556723597925
512 604 647 1556723597942
512 601 637 1556723597959
512 598 635 1556723597975
512 595 635 1556723598090
512 580 635 1556723598109
512 572 635 1556723598123
512 556 635 1556723598140
513 556 635 1556723598367
514 556 635 1556723598460
512 559 633 1556723598573
512 570 620 1556723598592
512 601 598 1556723598608
512 646 571 1556723598623
512 704 539 1556723598642
512 745 520 1556723598659
512 761 512 1556723598673
512 766 507 1556723598692
512 770 493 1556723598708
512 772 483 1556723598725
512 776 473 1556723598742
512 781 463 1556723598758
512 783 458 1556723598773
512 782 465 1556723598873
512 781 501 1556723598892
512 781 514 1556723598909
512 770 551 1556723598923
512 752 582 1556723598942
512 748 584 1556723598956
512 745 583 1556723598990
512 735 582 1556723599008
512 722 583 1556723599025
512 706 591 1556723599040
512 695 597 1556723599058
512 692 598 1556723599073
512 690 599 1556723599108
512 668 610 1556723599125
512 644 617 1556723599142
512 607 630 1556723599158
512 583 643 1556723599173
512 577 649 1556723599192
512 576 650 1556723599208
512 578 650 1556723599225
512 580 651 1556723599241
512 582 651 1556723599258
512 583 652 1556723599273
512 583 653 1556723599291
512 583 655 1556723599308
512 580 655 1556723599342
512 576 654 1556723599356
512 571 652 1556723599374
512 566 651 1556723599392
512 564 651 1556723599408
512 563 650 1556723599523
512 561 649 1556723599542
513 561 649 1556723599589
512 561 648 1556723599676
514 561 648 1556723599676
512 560 648 1556723599689
512 558 645 1556723599708
512 557 644 1556723599725
512 556 643 1556723599758
512 557 643 1556723599958
512 562 638 1556723599975
512 575 621 1556723599990
512 593 591 1556723600008
512 606 545 1556723600025
512 625 479 1556723600041
512 636 442 1556723600058
512 664 354 1556723600075
512 710 236 1556723600092
512 727 196 1556723600109
512 735 175 1556723600125
512 736 167 1556723600142
512 737 165 1556723600258
512 738 159 1556723600273
512 741 152 1556723600291
512 742 146 1556723600308
512 742 143 1556723600325
512 742 146 1556723600356
512 740 162 1556723600375
512 737 178 1556723600392
512 732 189 1556723600408
512 729 196 1556723600425
512 727 199 1556723600439
512 726 199 1556723600558
512 724 199 1556723600573
512 723 199 1556723600592
512 718 199 1556723600608
512 713 202 1556723600623
512 705 205 1556723600642
512 700 207 1556723600658
512 700 208 1556723600675
512 701 209 1556723600792
513 701 209 1556723600836
512 702 209 1556723600858
512 703 209 1556723600875
514 703 209 1556723600926