512 703 214 1556908277975
512 705 214 1556908278040
512 710 217 1556908278059
512 722 226 1556908278073
512 742 237 1556908278092
512 763 250 1556908278109
512 777 263 1556908278126
512 787 283 1556908278142
512 798 313 1556908278159
512 806 345 1556908278173
512 810 360 1556908278192
512 816 387 1556908278209
512 817 393 1556908278226
512 818 418 1556908278243
512 821 448 1556908278259
512 830 490 1556908278275
512 837 525 1556908278292
512 840 542 1556908278309
512 845 559 1556908278326
512 848 575 1556908278342
512 849 581 1556908278359
512 849 593 1556908278374
512 849 600 1556908278392
512 846 611 1556908278409
512 843 628 1556908278424
512 841 656 1556908278442
512 843 667 1556908278459
512 845 670 1556908278475
512 846 670 1556908278492
512 847 670 1556908278509
512 847 668 1556908278526
512 847 666 1556908278542
512 847 663 1556908278559
512 847 661 1556908278573
512 847 659 1556908278591
512 846 658 1556908278609
512 845 658 1556908278674
512 844 655 1556908278692
512 843 654 1556908278709
512 842 651 1556908278723
512 842 650 1556908278759
512 840 647 1556908278775
512 840 645 1556908278792
513 840 645 1556908278827
514 840 645 1556908278922
512 838 642 1556908278959
512 836 636 1556908278974
512 831 628 1556908278992
512 827 618 1556908279009
512 823 608 1556908279025
512 815 580 1556908279042
512 799 546 1556908279057
512 767 504 1556908279075
512 737 481 1556908279092
512 719 475 1556908279107
512 716 474 1556908279124
512 715 474 1556908279141
512 714 474 1556908279156
512 707 472 1556908279176
512 676 459 1556908279192
512 633 442 1556908279209
512 583 416 1556908279224
512 559 401 1556908279243
512 551 391 1556908279259
512 544 382 1556908279276
512 541 380 1556908279292
512 538 380 1556908279307
512 537 380 1556908279326
512 534 378 1556908279342
512 525 375 1556908279359
512 513 375 1556908279375
512 500 378 1556908279392
512 495 381 1556908279409
512 494 382 1556908279442
512 491 383 1556908279476
512 489 384 1556908279492
512 484 385 1556908279509
512 482 385 1556908279526
512 480 385 1556908279542
512 479 384 1556908279559
512 479 383 1556908279592
512 477 382 1556908279606
512 476 381 1556908279624
512 474 381 1556908279642
513 474 381 1556908279722
514 474 381 1556908279817
512 474 380 1556908279859
512 477 377 1556908279874
512 484 371 1556908279892
512 492 365 1556908279909
512 505 357 1556908279925
512 518 354 1556908279942
512 537 348 1556908279959
512 556 345 1556908279975
512 571 345 1556908279992
512 578 348 1556908280009
512 582 355 1556908280024
512 590 367 1556908280042
512 600 375 1556908280058
512 621 376 1556908280075
512 635 368 1556908280090
512 651 352 1556908280109
512 658 342 1556908280126
512 671 316 1556908280141
512 681 300 1556908280157
512 692 282 1556908280174
512 702 269 1556908280192
512 711 260 1556908280207
512 719 253 1556908280224
512 721 250 1556908280242
512 722 244 1556908280257
512 725 240 1556908280275
512 728 233 1556908280290
512 733 224 1556908280308
512 735 218 1556908280326
512 735 217 1556908280343
512 735 216 1556908280358
512 732 214 1556908280393
512 728 211 1556908280408
512 721 206 1556908280424
512 717 202 1556908280441
512 714 199 1556908280459
512 711 198 1556908280474
512 710 198 1556908280491
512 708 198 1556908280507
512 707 198 1556908280590
512 706 198 1556908280607
512 704 199 1556908280623
512 704 200 1556908280642
512 703 201 1556908280659
512 703 202 1556908280691
512 702 204 1556908280709
512 701 206 1556908280725
512 701 208 1556908280743
512 701 211 1556908280758
513 701 211 1556908280833
512 702 211 1556908280893
512 703 212 1556908280907
512 703 213 1556908280915
514 703 213 1556908280915
512 704 214 1556908280926
512 706 214 1556908280941
512 708 215 1556908280959
512 714 218 1556908280975
512 718 220 1556908280992
512 727 228 1556908281010
512 739 236 1556908281024
512 746 240 1556908281043
512 754 246 1556908281058
512 758 253 1556908281076
512 763 267 1556908281091
512 768 286 1556908281109
512 771 298 1556908281126
512 779 331 1556908281143
512 787 346 1556908281158
512 797 356 1556908281176
512 810 362 1556908281190
512 822 363 1556908281210
512 830 362 1556908281224
512 837 360 1556908281242
512 843 360 1556908281259
512 849 360 1556908281275
512 857 363 1556908281291
512 863 364 1556908281309
512 867 366 1556908281325
512 876 369 1556908281342
512 881 371 1556908281359
512 885 373 1556908281375
512 887 374 1556908281393
512 888 374 1556908281443
512 891 374 1556908281460
512 894 374 1556908281475
512 896 374 1556908281491
512 898 374 1556908281507
512 900 374 1556908281526
512 904 376 1556908281542
512 907 376 1556908281558
512 909 377 1556908281574
512 910 378 1556908281591
512 912 378 1556908281609
512 913 378 1556908281641
512 914 378 1556908281657
512 915 378 1556908281692
512 916 378 1556908281709
512 918 378 1556908281740
512 920 378 1556908281760
512 921 378 1556908281791
512 922 378 1556908281808
512 924 378 1556908281825
512 926 378 1556908281858
512 927 378 1556908281865
513 927 378 1556908281865
512 928 378 1556908281874
512 930 378 1556908281890
512 931 378 1556908281907
512 932 378 1556908281925
514 932 378 1556908281969
512 932 378 1556908281975
512 931 378 1556908282007
512 927 378 1556908282026
512 924 378 1556908282043
512 920 378 1556908282059
512 918 380 1556908282075
512 913 382 1556908282092
512 901 388 1556908282110
512 879 399 1556908282124
512 849 417 1556908282141
512 821 430 1556908282157
512 804 437 1556908282174
512 796 440 1556908282191
512 792 441 1556908282208
512 782 446 1556908282224
512 756 460 1556908282241
512 723 480 1556908282259
512 691 503 1556908282276
512 654 544 1556908282291
512 646 555 1556908282307
512 639 565 1556908282325
512 636 579 1556908282343
512 636 592 1556908282358
512 636 598 1556908282376
512 636 603 1556908282392
512 635 608 1556908282407
512 633 614 1556908282425
512 629 619 1556908282443
512 626 620 1556908282458
512 623 620 1556908282474
512 613 620 1556908282492
512 596 623 1556908282509
512 580 626 1556908282525
512 570 628 1556908282542
512 565 630 1556908282559
512 562 631 1556908282576
512 561 632 1556908282626
512 561 633 1556908282642
512 561 634 1556908282692
512 561 635 1556908282709
512 562 638 1556908282724
512 562 639 1556908282809
512 558 642 1556908282825
513 558 642 1556908282889
514 558 642 1556908282970
512 558 638 1556908283026
512 559 634 1556908283043
512 559 625 1556908283058
512 557 620 1556908283074
512 551 609 1556908283092
512 549 607 1556908283109
512 549 606 1556908283123
512 556 603 1556908283143
512 568 597 1556908283159
512 583 582 1556908283175
512 590 560 1556908283192
512 590 545 1556908283208
512 587 538 1556908283226
512 590 538 1556908283243
512 602 547 1556908283257
512 657 588 1556908283276
512 696 619 1556908283293
512 722 638 1556908283307
512 742 650 1556908283324
512 751 652 1556908283343
512 754 652 1556908283359
512 760 652 1556908283374
512 770 648 1556908283393
512 773 646 1556908283407
512 796 638 1556908283424
512 808 635 1556908283443
512 817 634 1556908283457
512 821 634 1556908283475
512 827 635 1556908283490
512 831 636 1556908283509
512 834 637 1556908283525
512 835 637 1556908283540
512 836 637 1556908283559
512 839 637 1556908283575
512 841 637 1556908283592
512 844 638 1556908283607
512 846 638 1556908283625
512 847 638 1556908283643
512 848 638 1556908283690
513 848 638 1556908283781
514 848 638 1556908283882
512 847 638 1556908283941
512 846 638 1556908283958
513 846 638 1556908284018
512 845 638 1556908284076
514 845 638 1556908284122
512 845 638 1556908284125
512 843 638 1556908284157
512 841 633 1556908284176
512 841 630 1556908284192
512 845 618 1556908284209
512 854 595 1556908284223
512 854 567 1556908284241
512 846 539 1556908284258
512 847 505 1556908284276
512 861 486 1556908284290
512 877 466 1556908284308
512 887 449 1556908284325
512 892 436 1556908284342
512 895 432 1556908284359
512 897 429 1556908284376
512 899 427 1556908284392
512 903 420 1556908284407
512 906 415 1556908284426
512 906 408 1556908284443
512 907 406 1556908284457
512 909 401 1556908284476
512 911 396 1556908284493
512 911 393 1556908284507
512 911 392 1556908284526
512 911 391 1556908284542
512 912 389 1556908284559
512 914 385 1556908284575
512 916 379 1556908284592
512 919 375 1556908284610
512 920 375 1556908284707
512 922 375 1556908284724
512 923 374 1556908284740
512 924 374 1556908284759
513 924 374 1556908284786
512 925 374 1556908284825
514 925 374 1556908284875
512 925 374 1556908284876
512 926 374 1556908284891
512 923 374 1556908284976
512 919 376 1556908284992
512 914 377 1556908285007
512 902 379 1556908285026
512 881 385 1556908285043
512 841 405 1556908285059
512 824 417 1556908285075
512 816 423 1556908285091
512 815 424 1556908285107
512 815 425 1556908285124
512 814 425 1556908285141
512 809 425 1556908285157
512 792 421 1556908285174
512 762 411 1556908285192
512 703 396 1556908285207
512 638 389 1556908285226
512 586 389 1556908285243
512 566 389 1556908285257
512 556 392 1556908285276
512 547 395 1556908285291
512 543 396 1556908285307
512 539 397 1556908285326
512 534 397 1556908285343
512 529 395 1556908285359
512 522 393 1556908285373
512 512 392 1556908285392
512 505 390 1556908285409
512 505 389 1556908285441
512 505 387 1556908285457
512 505 386 1556908285474
512 502 384 1556908285491
512 498 382 1556908285507
512 488 380 1556908285526
512 478 379 1556908285543
512 474 379 1556908285559
512 472 379 1556908285642
512 470 379 1556908285659
512 469 379 1556908285675
513 469 379 1556908285738
514 469 379 1556908285830
512 471 379 1556908285891
512 475 379 1556908285908
512 486 380 1556908285926
512 505 381 1556908285941
512 522 381 1556908285958
512 537 381 1556908285976
512 546 386 1556908285991
512 556 394 1556908286008
512 567 404 1556908286026
512 579 417 1556908286043
512 591 429 1556908286057
512 597 445 1556908286075
512 595 467 1556908286091
512 587 498 1556908286108
512 570 543 1556908286126
512 547 599 1556908286140
512 535 633 1556908286157
512 532 644 1556908286174
512 529 660 1556908286190
512 530 662 1556908286209
512 534 662 1556908286226
512 536 662 1556908286244
512 539 659 1556908286259
512 541 657 1556908286276
512 542 657 1556908286291
512 543 657 1556908286326
512 545 657 1556908286343
512 546 657 1556908286358
512 548 657 1556908286376
512 549 658 1556908286393
512 550 655 1556908286457
512 551 648 1556908286476
512 553 645 1556908286491
512 553 644 1556908286509
513 553 644 1556908286618
512 553 643 1556908286722
514 553 643 1556908286722
512 553 643 1556908286724
512 556 642 1556908286743
512 558 636 1556908286759
512 563 631 1556908286775
512 566 624 1556908286791
512 568 621 1556908286807
512 574 610 1556908286826
512 578 603 1556908286842
512 583 589 1556908286857
512 597 565 1556908286876
512 623 544 1556908286892
512 666 516 1556908286907
512 706 492 1556908286926
512 725 479 1556908286943
512 731 469 1556908286958
512 731 463 1556908286974
512 720 446 1556908286991
512 708 430 1556908287008
512 697 410 1556908287026
512 691 396 1556908287043
512 689 386 1556908287057
512 689 378 1556908287076
512 694 353 1556908287091
512 706 329 1556908287108
512 712 314 1556908287124
512 720 291 1556908287143
512 722 283 1556908287157
512 722 278 1556908287174
512 721 274 1556908287191
512 721 268 1556908287209
512 724 260 1556908287226
512 727 254 1556908287240
512 727 251 1556908287259
512 727 249 1556908287276
512 724 247 1556908287292
512 722 244 1556908287309
512 719 240 1556908287325
512 713 232 1556908287340
512 708 223 1556908287359
512 704 218 1556908287375
512 702 217 1556908287392
512 702 216 1556908287457
512 701 213 1556908287475
512 701 211 1556908287491
512 700 209 1556908287507
512 699 206 1556908287526
512 699 204 1556908287542
512 699 203 1556908287555
513 699 203 1556908287556
512 699 202 1556908287575
514 699 202 1556908287675