512 706 209 1556908329677
512 705 209 1556908329693
512 702 210 1556908329760
512 699 212 1556908329777
512 693 217 1556908329794
512 691 223 1556908329810
512 691 229 1556908329825
512 690 241 1556908329844
512 690 258 1556908329860
512 697 284 1556908329877
512 720 321 1556908329894
512 759 372 1556908329908
512 804 428 1556908329925
512 840 484 1556908329941
512 855 528 1556908329958
512 861 575 1556908329977
512 861 597 1556908329993
512 861 600 1556908330010
512 862 602 1556908330077
512 862 604 1556908330144
512 860 608 1556908330160
512 855 616 1556908330177
512 853 623 1556908330193
512 852 625 1556908330210
512 851 625 1556908330260
512 851 626 1556908330277
512 850 627 1556908330294
512 847 631 1556908330310
512 845 634 1556908330327
512 842 638 1556908330341
512 840 640 1556908330359
512 840 641 1556908330444
513 840 641 1556908330489
514 840 641 1556908330594
512 837 640 1556908330643
512 832 633 1556908330658
512 825 621 1556908330677
512 821 610 1556908330691
512 818 597 1556908330710
512 816 584 1556908330727
512 810 567 1556908330743
512 801 554 1556908330760
512 788 545 1556908330777
512 778 544 1556908330791
512 775 545 1556908330810
512 773 546 1556908330827
512 769 546 1556908330842
512 752 538 1556908330860
512 703 518 1556908330877
512 628 489 1556908330893
512 548 459 1556908330910
512 473 432 1556908330927
512 422 408 1556908330944
512 399 394 1556908330960
512 389 388 1556908330976
512 387 386 1556908330994
512 387 384 1556908331010
512 388 382 1556908331027
512 393 379 1556908331041
512 396 378 1556908331059
512 398 377 1556908331077
512 399 377 1556908331092
512 401 377 1556908331110
512 405 376 1556908331127
512 410 376 1556908331142
512 422 374 1556908331160
512 436 374 1556908331175
512 445 374 1556908331194
512 456 374 1556908331208
512 467 374 1556908331225
512 470 374 1556908331244
512 471 374 1556908331293
512 472 374 1556908331310
512 473 374 1556908331427
512 474 374 1556908331450
513 474 374 1556908331451
512 474 375 1556908331530
514 474 375 1556908331530
512 474 376 1556908331544
512 475 377 1556908331577
512 476 377 1556908331594
512 479 379 1556908331610
512 484 384 1556908331626
512 497 393 1556908331644
512 511 405 1556908331658
512 534 421 1556908331677
512 568 438 1556908331694
512 607 453 1556908331710
512 632 457 1556908331727
512 645 459 1556908331744
512 653 461 1556908331760
512 659 461 1556908331777
512 667 450 1556908331792
512 677 410 1556908331810
512 680 368 1556908331827
512 681 333 1556908331844
512 687 292 1556908331860
512 702 252 1556908331877
512 717 233 1556908331892
512 726 225 1556908331910
512 728 223 1556908331925
512 728 219 1556908331994
512 728 216 1556908332010
512 726 216 1556908332060
512 721 216 1556908332077
512 708 217 1556908332094
512 695 219 1556908332110
512 691 219 1556908332125
512 690 219 1556908332144
512 689 219 1556908332160
512 690 218 1556908332294
512 691 217 1556908332310
512 692 217 1556908332327
512 693 216 1556908332342
512 694 216 1556908332394
512 694 215 1556908332410
512 696 213 1556908332426
512 697 212 1556908332442
513 697 212 1556908332483
514 697 212 1556908332578
512 697 215 1556908332626
512 698 217 1556908332644
512 701 225 1556908332658
512 706 234 1556908332676
512 712 248 1556908332692
512 721 276 1556908332709
512 750 331 1556908332727
512 787 374 1556908332744
512 823 393 1556908332760
512 853 394 1556908332776
512 887 385 1556908332794
512 892 382 1556908332810
512 893 382 1556908332827
512 894 381 1556908332844
512 897 383 1556908332860
512 906 387 1556908332877
512 922 392 1556908332893
512 927 392 1556908332910
512 929 392 1556908332927
512 931 392 1556908332977
512 936 390 1556908332992
512 941 389 1556908333010
512 943 388 1556908333025
512 943 387 1556908333043
512 943 386 1556908333093
512 943 384 1556908333110
512 938 380 1556908333127
512 936 378 1556908333144
512 934 376 1556908333160
512 932 375 1556908333176
512 931 375 1556908333194
512 929 375 1556908333210
512 928 375 1556908333225
512 926 375 1556908333244
513 926 375 1556908333289
514 926 375 1556908333394
512 925 376 1556908333408
512 924 379 1556908333427
512 924 381 1556908333443
512 922 386 1556908333458
512 919 391 1556908333477
512 918 398 1556908333491
512 916 405 1556908333510
512 911 416 1556908333527
512 904 430 1556908333543
512 891 449 1556908333558
512 869 487 1556908333577
512 837 538 1556908333594
512 815 571 1556908333610
512 804 585 1556908333627
512 803 586 1556908333644
512 800 587 1556908333658
512 788 590 1556908333677
512 763 597 1556908333693
512 734 605 1556908333708
512 714 615 1556908333727
512 703 622 1556908333744
512 700 626 1556908333758
512 698 627 1556908333794
512 694 632 1556908333810
512 681 641 1556908333826
512 661 650 1556908333844
512 640 656 1556908333858
512 619 659 1556908333877
512 612 661 1556908333894
512 611 661 1556908333944
512 609 661 1556908333960
512 600 659 1556908333977
512 587 656 1556908333994
512 580 651 1556908334010
512 577 649 1556908334027
512 576 648 1556908334044
512 575 647 1556908334060
512 572 647 1556908334077
512 565 647 1556908334094
512 560 647 1556908334108
512 559 647 1556908334126
513 559 647 1556908334273
514 559 647 1556908334361
512 558 646 1556908334410
512 558 645 1556908334427
512 560 636 1556908334444
512 565 628 1556908334460
512 573 617 1556908334477
512 582 608 1556908334493
512 593 593 1556908334508
512 604 584 1556908334527
512 620 574 1556908334544
512 645 565 1556908334560
512 674 553 1556908334575
512 716 539 1556908334594
512 746 530 1556908334610
512 749 530 1556908334627
512 756 538 1556908334643
512 770 556 1556908334660
512 783 576 1556908334676
512 787 583 1556908334694
512 798 607 1556908334710
512 801 616 1556908334725
512 801 618 1556908334744
512 801 620 1556908334776
512 802 624 1556908334794
512 803 626 1556908334810
512 804 627 1556908334877
512 808 631 1556908334893
512 814 635 1556908334910
512 821 637 1556908334927
512 822 637 1556908334944
512 823 637 1556908334960
512 824 637 1556908335010
512 825 637 1556908335027
512 827 638 1556908335043
512 828 638 1556908335060
512 829 638 1556908335075
512 830 638 1556908335094
512 831 638 1556908335142
512 832 639 1556908335160
512 834 639 1556908335177
512 835 639 1556908335192
512 837 639 1556908335210
512 838 640 1556908335260
512 839 640 1556908335275
513 839 640 1556908335290
514 839 640 1556908335395
512 837 640 1556908335426
512 833 637 1556908335444
512 830 631 1556908335460
512 827 621 1556908335477
512 822 606 1556908335494
512 817 595 1556908335508
512 808 581 1556908335527
512 802 575 1556908335544
512 800 573 1556908335560
512 804 572 1556908335642
512 815 563 1556908335660
512 824 556 1556908335676
512 857 525 1556908335694
512 883 497 1556908335708
512 905 468 1556908335727
512 922 448 1556908335744
512 933 433 1556908335760
512 938 426 1556908335776
512 940 423 1556908335794
512 941 421 1556908335808
512 942 415 1556908335826
512 942 411 1556908335841
512 942 406 1556908335859
512 942 399 1556908335877
512 943 391 1556908335894
512 946 384 1556908335911
512 946 381 1556908335926
512 946 380 1556908335944
512 944 380 1556908335961
512 943 379 1556908335976
512 942 379 1556908336027
512 941 377 1556908336044
512 941 376 1556908336061
512 940 376 1556908336077
512 939 376 1556908336094
512 937 375 1556908336109
512 934 375 1556908336127
512 932 375 1556908336144
512 930 375 1556908336211
513 930 375 1556908336254
514 930 375 1556908336345
512 929 377 1556908336394
512 928 379 1556908336408
512 925 383 1556908336427
512 924 386 1556908336444
512 921 392 1556908336460
512 916 406 1556908336476
512 911 425 1556908336493
512 905 458 1556908336510
512 899 488 1556908336527
512 897 509 1556908336543
512 897 515 1556908336560
512 897 517 1556908336577
512 896 519 1556908336593
512 877 525 1556908336610
512 851 526 1556908336625
512 801 510 1556908336644
512 738 482 1556908336661
512 693 456 1556908336677
512 645 429 1556908336694
512 629 418 1556908336709
512 587 393 1556908336727
512 581 388 1556908336743
512 580 384 1556908336760
512 578 383 1556908336777
512 578 382 1556908336794
512 577 381 1556908336810
512 574 381 1556908336877
512 566 381 1556908336891
512 550 383 1556908336910
512 535 385 1556908336927
512 516 385 1556908336943
512 506 385 1556908336960
512 498 385 1556908336975
512 494 385 1556908336994
512 491 385 1556908337194
512 486 384 1556908337210
512 478 383 1556908337226
512 474 383 1556908337243
513 474 383 1556908337505
514 474 383 1556908337585
512 475 381 1556908337660
512 481 379 1556908337677
512 495 377 1556908337694
512 512 374 1556908337710
512 537 371 1556908337725
512 556 368 1556908337744
512 564 367 1556908337760
512 569 366 1556908337775
512 574 365 1556908337794
512 579 365 1556908337810
512 581 365 1556908337826
512 588 375 1556908337844
512 597 394 1556908337859
512 602 421 1556908337877
512 605 446 1556908337893
512 605 472 1556908337910
512 600 492 1556908337927
512 598 508 1556908337942
512 598 532 1556908337958
512 599 551 1556908337976
512 599 568 1556908337994
512 599 580 1556908338010
512 599 589 1556908338027
512 597 594 1556908338043
512 594 601 1556908338060
512 586 611 1556908338075
512 581 620 1556908338094
512 578 628 1556908338110
512 578 630 1556908338127
512 578 631 1556908338194
512 578 634 1556908338210
512 577 637 1556908338227
512 576 638 1556908338243
512 575 638 1556908338260
512 575 639 1556908338275
512 574 641 1556908338310
512 572 642 1556908338326
512 569 644 1556908338344
512 568 646 1556908338360
512 567 646 1556908338442
512 565 647 1556908338458
512 564 649 1556908338475
512 563 649 1556908338508
513 563 649 1556908338531
514 563 649 1556908338641
512 561 649 1556908338677
512 560 649 1556908338694
512 559 648 1556908338710
512 559 647 1556908338726
512 559 646 1556908338760
512 559 644 1556908338776
512 562 641 1556908338793
512 569 633 1556908338808
512 582 622 1556908338828
512 599 602 1556908338842
512 609 589 1556908338858
512 620 577 1556908338876
512 630 562 1556908338894
512 643 544 1556908338911
512 660 512 1556908338927
512 675 465 1556908338944
512 692 393 1556908338958
512 702 340 1556908338975
512 711 290 1556908338993
512 714 267 1556908339008
512 714 258 1556908339028
512 714 254 1556908339044
512 713 253 1556908339060
512 713 251 1556908339077
512 712 250 1556908339093
512 712 248 1556908339194
512 712 242 1556908339208
512 712 238 1556908339227
512 711 235 1556908339244
512 710 232 1556908339258
512 708 228 1556908339276
512 707 224 1556908339294
512 706 219 1556908339310
512 706 215 1556908339327
512 705 211 1556908339344
512 705 210 1556908339360
513 705 210 1556908339435
514 705 210 1556908339537
