512 705 208 1557143557541
512 704 225 1557143557809
512 704 290 1557143557826
512 730 486 1557143557842
512 754 614 1557143557856
512 779 729 1557143557873
512 790 771 1557143557891
512 794 776 1557143557909
512 796 777 1557143557925
512 796 776 1557143557958
512 796 771 1557143557975
512 796 764 1557143557992
512 796 752 1557143558006
512 796 739 1557143558026
512 796 736 1557143558041
512 797 729 1557143558056
512 798 716 1557143558075
512 800 707 1557143558089
512 803 701 1557143558106
512 808 682 1557143558124
512 809 671 1557143558141
512 814 660 1557143558158
512 816 657 1557143558175
512 818 654 1557143558191
512 820 652 1557143558205
512 824 648 1557143558225
512 828 645 1557143558241
512 833 640 1557143558255
512 836 637 1557143558275
512 838 634 1557143558289
512 843 628 1557143558308
512 846 625 1557143558322
512 848 623 1557143558341
512 849 623 1557143558356
512 852 623 1557143558375
512 853 623 1557143558391
512 854 623 1557143558408
512 854 625 1557143558425
512 854 628 1557143558441
512 854 630 1557143558458
512 853 632 1557143558474
512 853 633 1557143558491
512 851 634 1557143558508
512 849 635 1557143558524
512 848 636 1557143558541
512 848 637 1557143558558
512 846 638 1557143558591
512 844 639 1557143558608
512 844 640 1557143558622
513 844 640 1557143558737
514 844 640 1557143558815
512 843 640 1557143558858
512 843 636 1557143558907
512 846 630 1557143558922
512 846 624 1557143558941
512 848 617 1557143558958
512 854 614 1557143558974
512 871 608 1557143558989
512 897 599 1557143559006
512 922 585 1557143559025
512 943 566 1557143559039
512 947 547 1557143559056
512 937 538 1557143559074
512 912 524 1557143559089
512 862 506 1557143559108
512 802 488 1557143559124
512 737 471 1557143559141
512 677 453 1557143559157
512 632 438 1557143559175
512 597 423 1557143559191
512 574 414 1557143559208
512 561 410 1557143559224
512 549 408 1557143559239
512 538 406 1557143559258
512 535 405 1557143559274
512 532 405 1557143559291
512 518 404 1557143559308
512 503 404 1557143559325
512 496 404 1557143559341
512 495 404 1557143559358
512 495 401 1557143559425
512 494 400 1557143559439
512 491 396 1557143559458
512 487 393 1557143559474
512 485 391 1557143559491
512 484 391 1557143559508
512 484 389 1557143559524
512 484 388 1557143559539
512 482 385 1557143559558
512 481 382 1557143559575
512 480 381 1557143559589
512 479 380 1557143559624
512 478 380 1557143559641
512 478 379 1557143559658
512 475 377 1557143559674
512 473 376 1557143559691
512 472 375 1557143559707
512 471 374 1557143559722
513 471 374 1557143559792
514 471 374 1557143559888
512 475 372 1557143559958
512 489 371 1557143559975
512 516 370 1557143559991
512 549 370 1557143560008
512 578 374 1557143560025
512 624 384 1557143560041
512 690 399 1557143560058
512 740 400 1557143560075
512 787 400 1557143560091
512 807 394 1557143560106
512 819 389 1557143560124
512 821 384 1557143560139
512 819 377 1557143560156
512 813 364 1557143560175
512 805 345 1557143560191
512 793 327 1557143560207
512 782 307 1557143560225
512 776 298 1557143560239
512 763 282 1557143560258
512 763 279 1557143560274
512 763 275 1557143560291
512 763 271 1557143560308
512 761 262 1557143560324
512 757 253 1557143560341
512 752 244 1557143560358
512 740 233 1557143560374
512 730 226 1557143560391
512 719 221 1557143560406
512 707 214 1557143560426
512 699 208 1557143560442
512 694 204 1557143560458
512 692 203 1557143560474
512 690 202 1557143560492
512 689 201 1557143560506
512 688 201 1557143560525
512 690 201 1557143560675
512 692 202 1557143560691
512 692 203 1557143560708
512 692 204 1557143560839
512 693 204 1557143560906
512 693 205 1557143560925
512 693 206 1557143560939
513 693 206 1557143561001
512 695 207 1557143561025
514 695 207 1557143561098
512 695 207 1557143561105
512 695 208 1557143561123
512 696 209 1557143561175
512 700 213 1557143561274
512 707 219 1557143561291
512 719 228 1557143561308
512 729 234 1557143561324
512 741 241 1557143561339
512 755 252 1557143561355
512 780 273 1557143561373
512 830 311 1557143561389
512 886 354 1557143561406
512 917 379 1557143561425
512 925 384 1557143561441
512 924 384 1557143561491
512 921 383 1557143561508
512 919 382 1557143561523
512 918 381 1557143561541
512 916 381 1557143561558
512 916 380 1557143561606
512 916 379 1557143561624
512 916 378 1557143561640
512 917 375 1557143561658
512 917 374 1557143561691
512 918 374 1557143561800
513 918 374 1557143561801
512 919 374 1557143561824
512 920 374 1557143561858
512 921 374 1557143561874
512 922 374 1557143561889
512 923 374 1557143561908
514 923 374 1557143561912
512 923 374 1557143561924
512 923 373 1557143562041
512 925 373 1557143562049
513 925 373 1557143562049
512 926 373 1557143562058
512 927 373 1557143562091
514 927 373 1557143562152
512 927 373 1557143562155
512 928 373 1557143562258
512 929 373 1557143562272
512 930 373 1557143562291
512 932 375 1557143562323
512 935 378 1557143562341
512 941 386 1557143562356
512 954 396 1557143562374
512 963 402 1557143562391
512 965 408 1557143562406
512 958 419 1557143562425
512 938 439 1557143562439
512 871 478 1557143562458
512 808 511 1557143562475
512 760 540 1557143562491
512 727 562 1557143562506
512 705 575 1557143562525
512 696 583 1557143562541
512 690 586 1557143562557
512 685 588 1557143562574
512 676 590 1557143562591
512 663 594 1557143562607
512 644 600 1557143562625
512 618 607 1557143562641
512 579 617 1557143562658
512 561 622 1557143562672
512 558 623 1557143562691
512 557 623 1557143562806
512 556 627 1557143562825
512 552 636 1557143562841
512 540 650 1557143562858
512 537 653 1557143562874
512 541 650 1557143562958
512 543 649 1557143562972
512 546 648 1557143562991
512 546 647 1557143563008
512 549 645 1557143563022
512 552 643 1557143563039
512 556 640 1557143563058
512 559 638 1557143563074
512 560 636 1557143563107
512 561 636 1557143563124
512 562 636 1557143563139
512 563 636 1557143563178
513 563 636 1557143563178
514 563 636 1557143563288
512 562 636 1557143563324
512 561 636 1557143563341
512 560 636 1557143563358
512 560 634 1557143563408
512 560 627 1557143563424
512 565 617 1557143563441
512 578 604 1557143563456
512 612 588 1557143563474
512 630 584 1557143563491
512 637 582 1557143563508
512 639 582 1557143563525
512 640 582 1557143563539
512 653 592 1557143563557
512 673 608 1557143563574
512 693 620 1557143563591
512 716 630 1557143563608
512 738 634 1557143563625
512 754 636 1557143563639
512 771 636 1557143563657
512 775 636 1557143563675
512 778 635 1557143563691
512 781 635 1557143563724
512 783 635 1557143563739
512 786 634 1557143563756
512 789 632 1557143563774
512 792 629 1557143563791
512 797 627 1557143563808
512 805 626 1557143563825
512 811 626 1557143563841
512 822 626 1557143563858
512 828 626 1557143563874
512 833 626 1557143563890
512 837 627 1557143563908
512 840 628 1557143563924
512 843 629 1557143563941
512 845 629 1557143563958
512 846 629 1557143563975
512 846 630 1557143563991
512 847 631 1557143564008
512 849 634 1557143564025
512 850 635 1557143564041
512 851 635 1557143564108
512 851 636 1557143564158
512 850 638 1557143564173
512 847 640 1557143564191
512 846 640 1557143564208
512 845 641 1557143564224
512 843 642 1557143564242
512 842 642 1557143564274
513 842 642 1557143564289
512 840 642 1557143564374
514 840 642 1557143564376
512 838 642 1557143564391
512 837 642 1557143564408
512 834 642 1557143564424
512 833 640 1557143564441
512 832 634 1557143564458
512 830 626 1557143564474
512 826 617 1557143564489
512 823 611 1557143564506
512 820 609 1557143564524
512 816 603 1557143564541
512 811 594 1557143564558
512 806 582 1557143564575
512 805 570 1557143564591
512 805 559 1557143564605
512 812 550 1557143564625
512 822 544 1557143564639
512 853 526 1557143564658
512 878 509 1557143564675
512 892 499 1557143564689
512 924 468 1557143564706
512 935 449 1557143564722
512 938 426 1557143564739
512 936 407 1557143564756
512 933 391 1557143564774
512 930 383 1557143564791
512 927 368 1557143564806
512 926 362 1557143564825
512 926 360 1557143564841
512 926 359 1557143564858
512 929 361 1557143564975
512 929 362 1557143564989
512 930 364 1557143565039
512 932 369 1557143565058
512 932 375 1557143565073
512 933 376 1557143565091
513 933 376 1557143565234
514 933 376 1557143565320
512 932 377 1557143565341
512 927 377 1557143565358
512 924 377 1557143565375
512 918 376 1557143565389
512 912 374 1557143565407
512 906 373 1557143565425
512 899 371 1557143565439
512 891 370 1557143565457
512 862 366 1557143565474
512 842 365 1557143565489
512 820 360 1557143565508
512 792 354 1557143565524
512 760 350 1557143565541
512 721 351 1557143565558
512 662 362 1557143565574
512 593 378 1557143565589
512 539 392 1557143565608
512 502 404 1557143565624
512 481 411 1557143565641
512 474 414 1557143565658
512 473 415 1557143565689
512 469 415 1557143565706
512 456 416 1557143565725
512 440 416 1557143565742
512 430 414 1557143565756
512 426 412 1557143565775
512 425 411 1557143565792
512 425 409 1557143565808
512 429 404 1557143565826
512 430 402 1557143565839
512 435 398 1557143565856
512 444 394 1557143565874
512 447 393 1557143565891
512 450 392 1557143565908
512 451 392 1557143565925
512 453 391 1557143565942
512 458 389 1557143565956
512 462 388 1557143565975
512 467 385 1557143565989
512 469 384 1557143566009
512 471 383 1557143566025
512 471 382 1557143566241
513 471 382 1557143566266
514 471 382 1557143566345
512 471 381 1557143566508
512 471 380 1557143566539
512 472 387 1557143566608
512 477 403 1557143566624
512 486 425 1557143566641
512 497 452 1557143566658
512 506 508 1557143566675
512 507 529 1557143566689
512 510 548 1557143566706
512 516 570 1557143566725
512 523 596 1557143566741
512 530 609 1557143566758
512 533 613 1557143566772
512 534 613 1557143566791
512 536 614 1557143566806
512 538 615 1557143566824
512 542 616 1557143566841
512 549 620 1557143566858
512 551 621 1557143566874
512 554 625 1557143566941
512 556 628 1557143566958
512 557 630 1557143566975
512 557 631 1557143567008
512 554 635 1557143567025
512 552 639 1557143567039
512 550 642 1557143567058
512 549 642 1557143567074
513 549 642 1557143567211
512 550 642 1557143567308
514 550 642 1557143567313
512 551 642 1557143567324
512 551 641 1557143567340
512 552 641 1557143567358
512 552 640 1557143567374
512 553 639 1557143567406
512 555 639 1557143567424
512 556 639 1557143567439
512 561 639 1557143567456
512 564 639 1557143567459
513 564 639 1557143567460
512 567 639 1557143567474
512 568 639 1557143567489
514 568 639 1557143567593
512 568 639 1557143567608
512 565 639 1557143567640
512 562 637 1557143567658
512 560 635 1557143567675
512 559 635 1557143567691
512 559 634 1557143567841
512 559 611 1557143567858
512 562 583 1557143567874
512 567 532 1557143567891
512 588 479 1557143567908
512 620 421 1557143567924
512 640 375 1557143567941
512 650 337 1557143567958
512 656 310 1557143567972
512 662 292 1557143567991
512 666 281 1557143568008
512 669 275 1557143568024
512 671 273 1557143568041
512 672 273 1557143568075
512 672 272 1557143568091
512 676 270 1557143568108
512 677 269 1557143568124
512 678 268 1557143568139
512 679 267 1557143568208
512 683 264 1557143568225
512 688 258 1557143568241
512 696 250 1557143568258
512 710 234 1557143568274
512 711 232 1557143568289
512 713 226 1557143568307
512 713 225 1557143568322
512 713 224 1557143568339
512 713 223 1557143568374
512 713 222 1557143568422
512 711 222 1557143568441
512 708 219 1557143568458
512 707 218 1557143568475
512 706 217 1557143568491
513 706 217 1557143568650
514 706 217 1557143568747