512 699 211 1557143612808
512 698 211 1557143612858
512 700 223 1557143613040
512 718 282 1557143613058
512 753 404 1557143613075
512 797 565 1557143613092
512 833 669 1557143613107
512 860 715 1557143613124
512 874 728 1557143613140
512 882 732 1557143613158
512 886 734 1557143613175
512 887 735 1557143613290
512 885 732 1557143613340
512 879 727 1557143613358
512 871 717 1557143613377
512 868 708 1557143613392
512 864 691 1557143613407
512 864 680 1557143613426
512 864 672 1557143613440
512 864 667 1557143613459
512 864 662 1557143613473
512 864 657 1557143613490
512 864 655 1557143613509
512 864 654 1557143613526
512 863 653 1557143613609
512 857 653 1557143613640
512 850 651 1557143613659
512 846 648 1557143613673
512 844 648 1557143613692
512 843 647 1557143613959
512 843 646 1557143613975
512 843 645 1557143613979
513 843 645 1557143613980
512 842 645 1557143614054
514 842 645 1557143614054
512 842 645 1557143614059
512 841 645 1557143614076
512 840 645 1557143614140
512 839 644 1557143614159
512 838 644 1557143614175
512 835 639 1557143614193
512 834 636 1557143614207
512 830 628 1557143614225
512 820 620 1557143614242
512 805 612 1557143614257
512 787 611 1557143614276
512 771 613 1557143614291
512 753 615 1557143614309
512 737 616 1557143614325
512 717 616 1557143614340
512 665 599 1557143614360
512 645 590 1557143614376
512 618 569 1557143614393
512 607 557 1557143614407
512 567 507 1557143614424
512 541 477 1557143614440
512 520 453 1557143614459
512 507 434 1557143614476
512 503 422 1557143614492
512 505 417 1557143614509
512 508 412 1557143614526
512 511 406 1557143614542
512 513 402 1557143614559
512 513 400 1557143614576
512 513 398 1557143614591
512 511 397 1557143614608
512 505 393 1557143614625
512 495 389 1557143614642
512 478 382 1557143614659
512 468 381 1557143614676
512 464 380 1557143614692
512 464 379 1557143614890
512 467 377 1557143614907
512 470 376 1557143614926
512 471 376 1557143614957
513 471 376 1557143615040
514 471 376 1557143615146
512 471 377 1557143615176
512 472 377 1557143615209
512 475 377 1557143615226
512 481 373 1557143615240
512 487 369 1557143615257
512 503 359 1557143615276
512 528 351 1557143615291
512 545 349 1557143615309
512 557 350 1557143615326
512 569 359 1557143615341
512 574 367 1557143615359
512 579 373 1557143615375
512 583 375 1557143615391
512 588 373 1557143615409
512 595 364 1557143615425
512 602 353 1557143615440
512 609 333 1557143615460
512 620 307 1557143615474
512 634 287 1557143615490
512 641 277 1557143615507
512 660 250 1557143615526
512 664 242 1557143615540
512 666 238 1557143615559
512 667 235 1557143615575
512 667 233 1557143615592
512 668 230 1557143615610
512 669 229 1557143615625
512 671 227 1557143615643
512 673 226 1557143615657
512 674 225 1557143615674
512 674 224 1557143615690
512 675 222 1557143615775
512 677 220 1557143615791
512 679 219 1557143615807
512 680 217 1557143615826
512 682 215 1557143615840
512 684 215 1557143615859
512 687 213 1557143615876
512 688 213 1557143615890
512 688 212 1557143615909
512 689 212 1557143615941
512 690 212 1557143615975
512 691 211 1557143615992
512 692 211 1557143616042
513 692 211 1557143616048
512 693 210 1557143616090
512 694 210 1557143616109
512 695 210 1557143616140
514 695 210 1557143616146
512 695 210 1557143616157
512 696 209 1557143616176
512 697 209 1557143616193
512 698 209 1557143616256
513 698 209 1557143616256
512 699 209 1557143616292
514 699 209 1557143616360
512 699 209 1557143616373
512 699 211 1557143616409
512 699 212 1557143616424
512 699 214 1557143616440
512 699 215 1557143616459
512 700 218 1557143616475
512 704 221 1557143616490
512 721 228 1557143616507
512 748 233 1557143616526
512 793 242 1557143616540
512 856 260 1557143616559
512 895 280 1557143616576
512 929 307 1557143616591
512 935 315 1557143616607
512 938 320 1557143616625
512 939 321 1557143616642
512 939 323 1557143616659
512 940 328 1557143616676
512 942 335 1557143616690
512 944 340 1557143616709
512 945 345 1557143616724
512 945 347 1557143616743
512 945 350 1557143616759
512 941 354 1557143616776
512 934 361 1557143616790
512 925 367 1557143616808
512 916 373 1557143616824
512 916 374 1557143616842
512 917 375 1557143616909
512 920 376 1557143616925
512 922 377 1557143616959
512 923 377 1557143617091
512 924 377 1557143617107
512 925 377 1557143617126
513 925 377 1557143617163
514 925 377 1557143617248
512 922 377 1557143617309
512 915 379 1557143617325
512 899 382 1557143617341
512 877 385 1557143617357
512 858 388 1557143617373
512 828 393 1557143617393
512 808 398 1557143617409
512 786 401 1557143617425
512 759 403 1557143617442
512 730 405 1557143617457
512 685 414 1557143617475
512 636 428 1557143617492
512 611 441 1557143617508
512 587 460 1557143617526
512 571 475 1557143617540
512 557 491 1557143617557
512 546 506 1557143617573
512 538 517 1557143617590
512 530 526 1557143617607
512 522 547 1557143617625
512 522 557 1557143617640
512 522 563 1557143617658
512 523 566 1557143617676
512 523 567 1557143617691
512 524 567 1557143617707
512 528 571 1557143617724
512 533 577 1557143617740
512 537 581 1557143617757
512 539 585 1557143617775
512 541 588 1557143617792
512 543 594 1557143617808
512 546 604 1557143617825
512 548 616 1557143617841
512 550 622 1557143617857
512 550 626 1557143617876
512 550 627 1557143617893
512 551 628 1557143617907
512 551 629 1557143617957
512 551 630 1557143617990
512 551 632 1557143618008
512 551 635 1557143618024
512 551 636 1557143618059
512 552 636 1557143618090
512 553 636 1557143618109
512 555 637 1557143618125
512 556 637 1557143618143
512 558 638 1557143618157
512 559 638 1557143618168
513 559 638 1557143618168
512 562 639 1557143618192
512 563 639 1557143618207
512 564 640 1557143618226
512 565 641 1557143618240
514 565 641 1557143618287
512 565 641 1557143618290
512 565 635 1557143618424
512 565 622 1557143618440
512 567 608 1557143618458
512 568 602 1557143618475
512 569 600 1557143618493
512 571 600 1557143618559
512 574 600 1557143618574
512 580 600 1557143618592
512 596 602 1557143618608
512 660 621 1557143618624
512 710 637 1557143618642
512 761 651 1557143618659
512 790 660 1557143618676
512 805 668 1557143618691
512 812 671 1557143618707
512 815 672 1557143618726
512 817 673 1557143618741
512 822 674 1557143618760
512 828 674 1557143618776
512 834 673 1557143618793
512 837 671 1557143618808
512 843 666 1557143618825
512 846 664 1557143618840
512 847 663 1557143618857
512 848 662 1557143618876
512 848 661 1557143618890
512 848 659 1557143618909
512 848 657 1557143618926
512 847 653 1557143618941
512 847 652 1557143618957
512 847 650 1557143618976
512 846 649 1557143619007
512 846 648 1557143619042
512 845 647 1557143619059
512 845 646 1557143619074
512 845 645 1557143619092
512 844 645 1557143619108
512 843 644 1557143619125
513 843 644 1557143619162
514 843 644 1557143619248
512 839 642 1557143619290
512 836 638 1557143619309
512 830 631 1557143619326
512 826 623 1557143619340
512 820 613 1557143619359
512 810 601 1557143619374
512 787 581 1557143619392
512 747 559 1557143619407
512 716 555 1557143619426
512 710 555 1557143619442
512 709 556 1557143619457
512 709 557 1557143619476
512 711 553 1557143619542
512 718 547 1557143619559
512 730 535 1557143619576
512 746 515 1557143619592
512 785 474 1557143619608
512 823 433 1557143619625
512 849 405 1557143619642
512 870 384 1557143619659
512 876 379 1557143619675
512 879 378 1557143619907
512 884 377 1557143619926
512 888 376 1557143619940
512 890 376 1557143619959
512 894 375 1557143619974
512 898 373 1557143619993
512 899 373 1557143620007
512 902 372 1557143620025
512 905 372 1557143620040
512 907 372 1557143620059
512 909 372 1557143620073
512 910 372 1557143620091
512 912 372 1557143620126
512 914 373 1557143620142
512 916 374 1557143620159
512 918 374 1557143620176
512 919 374 1557143620190
512 921 375 1557143620208
512 924 375 1557143620224
512 926 376 1557143620240
512 927 376 1557143620257
512 928 376 1557143620292
512 930 376 1557143620335
513 930 376 1557143620336
512 931 376 1557143620358
512 932 376 1557143620393
514 932 376 1557143620439
512 932 376 1557143620441
512 931 376 1557143620459
512 929 377 1557143620493
512 926 377 1557143620509
512 923 379 1557143620523
512 919 380 1557143620540
512 914 383 1557143620557
512 909 383 1557143620575
512 904 383 1557143620590
512 893 383 1557143620609
512 872 380 1557143620625
512 848 381 1557143620640
512 817 388 1557143620657
512 790 401 1557143620676
512 764 411 1557143620692
512 743 419 1557143620707
512 720 426 1557143620725
512 695 429 1557143620742
512 669 430 1557143620759
512 643 429 1557143620775
512 610 423 1557143620792
512 603 421 1557143620808
512 590 416 1557143620824
512 586 413 1557143620840
512 574 408 1557143620859
512 562 407 1557143620876
512 555 406 1557143620891
512 548 406 1557143620909
512 545 406 1557143620923
512 540 405 1557143620942
512 534 403 1557143620957
512 520 401 1557143620975
512 511 399 1557143620992
512 497 394 1557143621009
512 491 391 1557143621026
512 482 386 1557143621040
512 472 382 1557143621057
512 460 381 1557143621075
512 449 379 1557143621092
512 446 377 1557143621108
512 445 377 1557143621142
512 445 376 1557143621159
512 446 374 1557143621175
512 448 373 1557143621192
512 450 371 1557143621209
512 454 369 1557143621224
512 457 368 1557143621259
512 458 368 1557143621290
512 461 368 1557143621307
512 465 368 1557143621325
512 471 368 1557143621342
512 475 368 1557143621357
512 476 368 1557143621375
512 477 368 1557143621409
513 477 368 1557143621449
512 478 369 1557143621492
512 478 370 1557143621562
514 478 370 1557143621563
512 478 371 1557143621574
512 472 375 1557143621593
512 470 375 1557143621607
512 469 376 1557143621625
512 468 376 1557143621676
512 468 378 1557143621690
512 467 378 1557143621709
512 467 379 1557143621726
512 467 380 1557143621759
512 469 380 1557143621792
512 471 379 1557143621809
512 472 379 1557143621825
512 478 388 1557143621876
512 492 409 1557143621892
512 508 432 1557143621908
512 523 458 1557143621925
512 539 484 1557143621940
512 559 521 1557143621957
512 577 554 1557143621976
512 587 579 1557143621990
512 588 586 1557143622009
512 589 589 1557143622023
512 590 593 1557143622042
512 590 594 1557143622059
512 590 596 1557143622075
512 590 597 1557143622092
512 587 599 1557143622109
512 583 603 1557143622126
512 577 608 1557143622142
512 574 611 1557143622159
512 571 615 1557143622176
512 569 617 1557143622192
512 568 621 1557143622209
512 567 623 1557143622226
512 567 627 1557143622240
512 565 629 1557143622259
512 563 632 1557143622276
512 562 636 1557143622290
512 561 641 1557143622309
512 561 645 1557143622326
512 560 646 1557143622342
512 560 647 1557143622392
513 560 647 1557143622504
514 560 647 1557143622577
512 559 647 1557143622625
512 558 647 1557143622640
512 561 642 1557143622658
512 568 637 1557143622676
512 581 632 1557143622692
512 602 623 1557143622709
512 628 608 1557143622725
512 653 589 1557143622740
512 683 568 1557143622758
512 705 552 1557143622776
512 723 538 1557143622790
512 736 522 1557143622809
512 743 504 1557143622823
512 743 461 1557143622842
512 737 432 1557143622857
512 727 404 1557143622875
512 721 379 1557143622890
512 714 357 1557143622909
512 710 348 1557143622925
512 700 328 1557143622940
512 699 324 1557143622959
512 701 320 1557143622976
512 705 316 1557143622992
512 706 315 1557143623007
512 707 314 1557143623026
512 707 313 1557143623076
512 707 309 1557143623092
512 707 304 1557143623109
512 707 298 1557143623125
512 706 292 1557143623142
512 704 286 1557143623157
512 697 277 1557143623175
512 692 270 1557143623192
512 687 261 1557143623209
512 681 238 1557143623226
512 679 232 1557143623240
512 676 227 1557143623257
512 676 225 1557143623276
512 676 224 1557143623326
512 677 222 1557143623357
512 683 220 1557143623376
512 690 217 1557143623392
512 697 212 1557143623407
512 703 208 1557143623425
512 704 207 1557143623442
512 705 207 1557143623458
512 706 206 1557143623476
512 705 206 1557143623659
512 704 206 1557143623675
513 704 206 1557143623713
512 704 207 1557143623791
512 704 209 1557143623793
514 704 209 1557143623793