512 699 206 1557143633909
512 701 208 1557143634026
512 704 214 1557143634042
512 709 222 1557143634059
512 721 239 1557143634075
512 738 261 1557143634090
512 761 290 1557143634109
512 785 340 1557143634123
512 809 401 1557143634142
512 840 491 1557143634159
512 872 579 1557143634176
512 895 643 1557143634192
512 905 673 1557143634209
512 906 675 1557143634226
512 905 674 1557143634290
512 904 671 1557143634309
512 901 668 1557143634324
512 898 665 1557143634342
512 893 662 1557143634359
512 888 660 1557143634375
512 879 654 1557143634392
512 870 649 1557143634407
512 864 647 1557143634425
512 863 646 1557143634442
512 862 646 1557143634509
512 861 646 1557143634542
512 860 646 1557143634559
512 858 646 1557143634592
512 856 646 1557143634609
512 851 647 1557143634626
512 845 648 1557143634642
512 844 648 1557143634659
513 844 648 1557143634762
514 844 648 1557143634889
512 843 648 1557143634925
512 842 645 1557143634942
512 840 642 1557143634959
512 837 638 1557143634976
512 833 634 1557143634992
512 826 632 1557143635009
512 779 611 1557143635026
512 749 604 1557143635042
512 746 603 1557143635057
512 746 599 1557143635090
512 740 590 1557143635109
512 732 579 1557143635126
512 720 569 1557143635142
512 707 558 1557143635159
512 692 546 1557143635176
512 680 533 1557143635192
512 667 516 1557143635207
512 654 497 1557143635225
512 644 480 1557143635242
512 626 462 1557143635259
512 618 454 1557143635276
512 611 452 1557143635290
512 605 450 1557143635307
512 599 450 1557143635326
512 593 450 1557143635342
512 586 448 1557143635357
512 581 447 1557143635376
512 571 444 1557143635390
512 556 438 1557143635407
512 538 432 1557143635425
512 507 421 1557143635442
512 494 414 1557143635458
512 484 407 1557143635476
512 474 401 1557143635492
512 466 398 1557143635509
512 459 395 1557143635525
512 456 394 1557143635542
512 455 393 1557143635558
512 456 392 1557143635590
512 459 390 1557143635608
512 464 388 1557143635623
512 471 385 1557143635640
512 480 382 1557143635659
512 482 380 1557143635675
512 483 380 1557143635692
512 482 380 1557143635809
512 479 380 1557143635826
512 475 380 1557143635842
512 470 380 1557143635859
512 469 380 1557143635876
512 468 380 1557143635926
513 468 380 1557143636011
514 468 380 1557143636089
512 468 379 1557143636142
512 469 379 1557143636175
512 470 379 1557143636191
512 472 379 1557143636209
512 479 379 1557143636226
512 495 384 1557143636242
512 523 395 1557143636259
512 537 399 1557143636273
512 548 399 1557143636292
512 553 399 1557143636309
512 558 397 1557143636326
512 561 393 1557143636342
512 572 381 1557143636359
512 591 356 1557143636374
512 612 329 1557143636390
512 631 306 1557143636407
512 651 285 1557143636424
512 662 276 1557143636442
512 679 255 1557143636459
512 693 234 1557143636475
512 699 224 1557143636492
512 700 221 1557143636509
512 700 220 1557143636525
512 699 219 1557143636542
512 698 218 1557143636557
512 697 216 1557143636576
512 695 215 1557143636592
512 694 215 1557143636607
512 692 214 1557143636625
512 691 212 1557143636642
512 690 210 1557143636659
512 690 208 1557143636674
512 690 207 1557143636690
512 690 206 1557143636725
512 690 205 1557143636742
512 691 205 1557143636758
512 691 204 1557143636773
513 691 204 1557143636890
514 691 204 1557143637010
512 692 204 1557143637059
512 693 204 1557143637090
512 694 204 1557143637240
513 694 204 1557143637283
514 694 204 1557143637401
512 695 204 1557143637423
512 696 205 1557143637476
512 697 205 1557143637509
512 699 205 1557143637542
512 703 206 1557143637559
512 713 208 1557143637573
512 731 210 1557143637591
512 749 214 1557143637609
512 760 216 1557143637623
512 782 239 1557143637643
512 810 270 1557143637659
512 829 290 1557143637676
512 878 336 1557143637690
512 913 355 1557143637709
512 917 355 1557143637725
512 918 355 1557143637741
512 920 355 1557143637759
512 921 355 1557143637790
512 922 355 1557143637842
512 930 359 1557143637859
512 935 361 1557143637875
512 938 362 1557143637890
512 939 364 1557143637909
512 939 366 1557143637924
512 939 369 1557143637943
512 939 370 1557143637960
512 938 370 1557143637976
512 938 371 1557143637990
512 937 371 1557143638109
512 936 373 1557143638126
512 934 374 1557143638141
512 933 374 1557143638159
512 931 375 1557143638173
512 930 376 1557143638190
513 930 376 1557143638194
512 929 376 1557143638209
514 929 376 1557143638321
512 929 376 1557143638325
513 929 376 1557143638516
514 929 376 1557143638585
512 924 376 1557143638626
512 918 378 1557143638642
512 909 381 1557143638657
512 890 388 1557143638676
512 881 395 1557143638690
512 874 403 1557143638708
512 863 417 1557143638726
512 848 440 1557143638742
512 823 480 1557143638759
512 793 519 1557143638776
512 760 549 1557143638792
512 726 575 1557143638809
512 701 593 1557143638826
512 681 611 1557143638842
512 668 630 1557143638859
512 666 633 1557143638876
512 666 634 1557143638890
512 665 635 1557143638909
512 663 636 1557143638925
512 654 641 1557143638941
512 638 645 1557143638959
512 625 646 1557143638975
512 614 645 1557143638992
512 603 642 1557143639009
512 595 639 1557143639026
512 590 639 1557143639042
512 588 639 1557143639059
512 585 639 1557143639074
512 582 640 1557143639092
512 579 642 1557143639108
512 576 644 1557143639124
512 574 645 1557143639140
512 574 646 1557143639159
512 573 646 1557143639192
512 571 647 1557143639224
512 568 648 1557143639242
512 567 648 1557143639257
512 566 648 1557143639274
513 566 648 1557143639444
514 566 648 1557143639521
512 563 648 1557143639542
512 552 644 1557143639557
512 541 638 1557143639574
512 538 634 1557143639592
512 537 633 1557143639607
512 536 632 1557143639657
512 542 632 1557143639792
512 560 629 1557143639807
512 593 624 1557143639826
512 629 624 1557143639843
512 655 625 1557143639857
512 678 630 1557143639875
512 682 630 1557143639890
512 684 630 1557143639907
512 689 630 1557143639925
512 700 626 1557143639942
512 716 621 1557143639959
512 731 617 1557143639975
512 737 615 1557143639992
512 741 615 1557143640008
512 747 615 1557143640026
512 762 615 1557143640040
512 786 615 1557143640059
512 803 615 1557143640076
512 825 617 1557143640092
512 839 620 1557143640107
512 849 625 1557143640126
512 853 627 1557143640140
512 854 628 1557143640159
512 854 629 1557143640174
512 854 630 1557143640208
512 854 631 1557143640226
512 853 632 1557143640242
512 852 633 1557143640259
512 852 634 1557143640309
512 850 635 1557143640325
512 845 638 1557143640342
512 843 640 1557143640357
512 841 641 1557143640376
513 841 641 1557143640444
514 841 641 1557143640569
512 840 641 1557143640592
512 837 639 1557143640609
512 835 637 1557143640626
512 833 634 1557143640642
512 828 626 1557143640659
512 816 608 1557143640674
512 805 597 1557143640692
512 792 589 1557143640707
512 789 587 1557143640725
512 789 588 1557143640757
512 789 589 1557143640776
512 790 587 1557143640809
512 792 579 1557143640823
512 798 562 1557143640841
512 822 518 1557143640860
512 829 505 1557143640876
512 847 474 1557143640892
512 856 461 1557143640908
512 864 450 1557143640925
512 867 442 1557143640940
512 869 438 1557143640959
512 870 433 1557143640976
512 870 428 1557143640992
512 873 421 1557143641007
512 876 413 1557143641026
512 877 408 1557143641042
512 877 402 1557143641059
512 877 399 1557143641074
512 878 397 1557143641090
512 879 392 1557143641109
512 881 388 1557143641123
512 883 384 1557143641142
512 883 382 1557143641158
512 884 381 1557143641174
512 886 378 1557143641190
512 891 375 1557143641209
512 897 372 1557143641225
512 903 370 1557143641240
512 908 368 1557143641258
512 909 367 1557143641273
512 910 367 1557143641292
512 911 367 1557143641324
512 913 367 1557143641357
512 916 367 1557143641375
512 918 367 1557143641390
512 919 367 1557143641407
512 920 368 1557143641426
512 920 369 1557143641442
512 920 371 1557143641459
512 920 374 1557143641476
512 920 375 1557143641492
512 920 376 1557143641509
512 920 377 1557143641573
512 921 377 1557143641585
513 921 377 1557143641586
512 922 377 1557143641607
512 923 377 1557143641623
512 924 377 1557143641640
514 924 377 1557143641705
512 924 377 1557143641709
512 924 378 1557143641740
512 923 379 1557143641759
512 921 379 1557143641775
512 919 380 1557143641790
512 914 382 1557143641809
512 910 384 1557143641823
512 904 387 1557143641842
512 891 399 1557143641859
512 880 410 1557143641876
512 870 420 1557143641890
512 847 442 1557143641907
512 836 455 1557143641925
512 825 465 1557143641942
512 808 474 1557143641957
512 784 484 1557143641976
512 727 498 1557143641990
512 676 503 1557143642007
512 654 504 1557143642026
512 600 502 1557143642042
512 591 498 1557143642059
512 575 492 1557143642076
512 560 487 1557143642092
512 546 483 1557143642109
512 530 477 1557143642125
512 514 468 1557143642140
512 500 461 1557143642159
512 486 455 1557143642176
512 477 451 1557143642192
512 471 447 1557143642209
512 469 442 1557143642223
512 469 435 1557143642240
512 471 428 1557143642259
512 473 421 1557143642275
512 474 417 1557143642292
512 474 412 1557143642307
512 475 406 1557143642323
512 480 401 1557143642340
512 489 393 1557143642357
512 496 389 1557143642373
512 507 381 1557143642391
512 509 379 1557143642408
512 504 379 1557143642526
512 500 379 1557143642542
512 499 379 1557143642557
512 498 379 1557143642574
512 496 379 1557143642592
512 488 378 1557143642607
512 483 378 1557143642623
512 481 378 1557143642640
512 480 377 1557143642808
512 479 377 1557143642835
513 479 377 1557143642835
512 478 377 1557143642857
512 477 377 1557143642892
514 477 377 1557143642948
512 477 377 1557143642958
512 487 373 1557143643026
512 500 364 1557143643040
512 502 364 1557143643058
512 503 439 1557143643440
512 503 526 1557143643459
512 493 591 1557143643476
512 491 601 1557143643490
512 491 602 1557143643509
512 492 602 1557143643542
512 495 602 1557143643559
512 498 595 1557143643576
512 503 585 1557143643592
512 505 578 1557143643607
512 506 577 1557143643626
512 507 577 1557143643640
512 508 577 1557143643657
512 512 576 1557143643676
512 513 576 1557143643692
512 515 576 1557143643708
512 519 579 1557143643726
512 521 583 1557143643742
512 521 587 1557143643759
512 521 591 1557143643775
512 521 599 1557143643792
512 521 611 1557143643809
512 523 620 1557143643826
512 524 623 1557143643840
512 525 624 1557143643857
512 526 624 1557143643973
512 533 627 1557143643992
512 536 629 1557143644009
512 537 630 1557143644026
512 538 631 1557143644042
512 542 635 1557143644076
512 545 638 1557143644092
512 546 639 1557143644109
512 547 639 1557143644142
512 549 639 1557143644157
512 554 642 1557143644175
512 555 642 1557143644192
512 558 642 1557143644276
512 559 642 1557143644308
512 560 642 1557143644326
512 561 642 1557143644340
513 561 642 1557143644380
514 561 642 1557143644476
512 561 636 1557143644540
512 563 629 1557143644557
512 567 613 1557143644575
512 574 598 1557143644592
512 584 585 1557143644609
512 604 577 1557143644626
512 622 570 1557143644642
512 647 561 1557143644659
512 657 555 1557143644676
512 675 540 1557143644690
512 698 516 1557143644707
512 709 496 1557143644725
512 712 479 1557143644740
512 713 456 1557143644759
512 714 428 1557143644776
512 716 398 1557143644790
512 712 351 1557143644809
512 699 305 1557143644826
512 688 289 1557143644842
512 683 283 1557143644859
512 681 274 1557143644876
512 681 270 1557143644891
512 681 266 1557143644909
512 681 264 1557143644923
512 681 262 1557143644942
512 681 261 1557143644957
512 681 259 1557143644976
512 681 257 1557143644992
512 682 254 1557143645007
512 684 250 1557143645026
512 687 246 1557143645042
512 689 242 1557143645059
512 692 238 1557143645076
512 693 236 1557143645092
512 696 227 1557143645106
512 697 223 1557143645126
512 697 219 1557143645142
512 697 214 1557143645159
512 697 212 1557143645175
512 697 210 1557143645190
512 697 208 1557143645207
512 697 206 1557143645225
513 697 206 1557143645323
514 697 206 1557143645443