512 692 211 1556723623342
512 692 218 1556723623358
512 692 230 1556723623373
512 693 246 1556723623392
512 696 255 1556723623408
512 702 260 1556723623425
512 708 265 1556723623442
512 714 273 1556723623458
512 726 290 1556723623473
512 741 313 1556723623492
512 755 337 1556723623509
512 771 377 1556723623525
512 786 434 1556723623542
512 798 497 1556723623558
512 814 587 1556723623574
512 824 632 1556723623592
512 827 638 1556723623608
512 827 643 1556723623725
512 827 646 1556723623742
512 826 652 1556723623758
512 826 653 1556723623773
512 826 657 1556723623792
512 826 664 1556723623808
512 826 670 1556723623823
512 826 676 1556723623842
512 826 678 1556723623858
512 826 679 1556723623873
512 826 678 1556723623956
512 826 671 1556723623973
512 826 658 1556723623992
512 826 653 1556723624008
512 826 652 1556723624023
512 827 650 1556723624074
512 828 647 1556723624092
512 828 645 1556723624109
512 829 644 1556723624125
512 829 643 1556723624140
512 831 643 1556723624223
512 832 643 1556723624241
512 833 643 1556723624259
512 834 643 1556723624275
512 835 643 1556723624292
512 836 643 1556723624310
513 836 643 1556723624311
514 836 643 1556723624413
512 834 642 1556723624475
512 833 640 1556723624492
512 833 638 1556723624508
512 832 636 1556723624558
512 830 628 1556723624575
512 826 620 1556723624592
512 822 607 1556723624608
512 821 600 1556723624625
512 821 597 1556723624642
512 820 594 1556723624692
512 793 566 1556723624709
512 760 546 1556723624725
512 713 519 1556723624742
512 663 493 1556723624758
512 620 474 1556723624775
512 585 460 1556723624792
512 572 457 1556723624808
512 569 457 1556723624825
512 567 455 1556723624892
512 558 448 1556723624908
512 545 440 1556723624925
512 526 434 1556723624941
512 507 430 1556723624958
512 492 428 1556723624973
512 485 424 1556723624992
512 484 421 1556723625008
512 484 413 1556723625024
512 482 408 1556723625042
512 479 402 1556723625058
512 477 399 1556723625075
512 471 393 1556723625106
512 470 392 1556723625125
512 470 391 1556723625142
512 470 389 1556723625158
512 471 385 1556723625175
512 475 380 1556723625192
512 476 378 1556723625208
512 478 375 1556723625225
513 478 375 1556723625352
514 478 375 1556723625454
512 474 375 1556723625525
512 466 375 1556723625542
512 462 375 1556723625558
512 460 375 1556723625573
512 459 375 1556723625592
512 459 376 1556723625609
512 464 376 1556723625625
512 473 377 1556723625641
512 488 382 1556723625658
512 512 389 1556723625673
512 550 402 1556723625691
512 574 408 1556723625708
512 684 410 1556723625725
512 720 395 1556723625742
512 727 377 1556723625759
512 722 357 1556723625775
512 709 333 1556723625792
512 695 303 1556723625809
512 683 252 1556723625825
512 683 235 1556723625841
512 691 223 1556723625858
512 697 219 1556723625873
512 702 219 1556723625894
512 703 219 1556723625910
512 704 215 1556723626210
512 704 210 1556723626225
512 704 209 1556723626244
513 704 209 1556723626298
514 704 209 1556723626401
512 704 211 1556723626460
512 704 216 1556723626477
512 704 226 1556723626492
512 709 246 1556723626510
512 713 257 1556723626527
512 736 314 1556723626544
512 769 380 1556723626560
512 810 452 1556723626575
512 862 530 1556723626593
512 890 573 1556723626610
512 904 598 1556723626625
512 914 608 1556723626644
512 919 610 1556723626658
512 926 603 1556723626675
512 934 594 1556723626694
512 938 581 1556723626710
512 939 567 1556723626727
512 937 554 1556723626744
512 931 538 1556723626760
512 925 523 1556723626775
512 918 506 1556723626794
512 916 498 1556723626810
512 915 493 1556723626825
512 915 477 1556723626844
512 914 465 1556723626860
512 911 455 1556723626877
512 908 445 1556723626894
512 906 436 1556723626911
512 906 431 1556723626928
512 905 426 1556723626944
512 904 422 1556723626961
512 904 418 1556723626978
512 904 410 1556723626994
512 904 405 1556723627011
512 905 401 1556723627028
512 907 398 1556723627043
512 907 397 1556723627061
512 908 396 1556723627077
512 909 392 1556723627094
512 911 390 1556723627111
512 913 388 1556723627128
512 914 384 1556723627143
512 915 383 1556723627161
512 915 382 1556723627175
512 916 381 1556723627194
512 917 381 1556723627242
512 918 380 1556723627260
512 920 378 1556723627275
512 921 376 1556723627294
512 922 376 1556723627311
512 923 376 1556723627361
512 924 376 1556723627395
512 925 375 1556723627411
512 926 375 1556723627443
512 927 375 1556723627478
513 927 375 1556723627485
514 927 375 1556723627571
512 926 377 1556723627660
512 925 377 1556723627692
512 923 381 1556723627710
512 920 384 1556723627727
512 916 391 1556723627744
512 909 407 1556723627760
512 901 428 1556723627775
512 891 453 1556723627794
512 880 475 1556723627810
512 861 498 1556723627827
512 819 537 1556723627844
512 804 547 1556723627858
512 770 566 1556723627875
512 713 589 1556723627893
512 687 599 1556723627910
512 670 610 1556723627925
512 664 618 1556723627943
512 663 621 1556723627960
512 663 622 1556723627977
512 662 623 1556723628010
512 661 623 1556723628027
512 655 623 1556723628044
512 624 626 1556723628060
512 603 629 1556723628075
512 578 633 1556723628094
512 556 637 1556723628110
512 542 641 1556723628127
512 535 644 1556723628144
512 534 645 1556723628161
512 534 646 1556723628175
512 534 649 1556723628244
512 534 650 1556723628325
512 536 650 1556723628343
512 538 649 1556723628360
512 541 649 1556723628375
512 545 647 1556723628394
512 548 646 1556723628410
512 550 645 1556723628426
512 552 645 1556723628444
512 553 644 1556723628460
512 555 644 1556723628491
512 556 643 1556723628510
512 557 643 1556723628527
512 558 643 1556723628543
512 559 643 1556723628580
513 559 643 1556723628581
512 560 643 1556723628610
512 561 643 1556723628626
514 561 643 1556723628675
512 561 643 1556723628677
512 561 641 1556723628727
512 560 633 1556723628744
512 557 622 1556723628760
512 555 597 1556723628777
512 554 573 1556723628794
512 554 557 1556723628810
512 554 551 1556723628827
512 554 548 1556723628844
512 556 549 1556723628894
512 564 558 1556723628908
512 575 569 1556723628925
512 600 592 1556723628943
512 651 637 1556723628960
512 736 702 1556723628977
512 806 746 1556723628991
512 874 767 1556723629008
512 910 765 1556723629027
512 917 760 1556723629041
512 918 750 1556723629059
512 920 737 1556723629077
512 922 726 1556723629091
512 926 708 1556723629111
512 931 695 1556723629127
512 935 688 1556723629144
512 936 686 1556723629160
512 937 685 1556723629177
512 938 684 1556723629191
512 938 683 1556723629210
512 938 681 1556723629225
512 938 679 1556723629244
512 919 671 1556723629260
512 896 667 1556723629277
512 868 666 1556723629294
512 850 666 1556723629310
512 844 666 1556723629327
512 844 665 1556723629375
512 843 664 1556723629461
512 842 662 1556723629475
512 842 661 1556723629494
512 842 660 1556723629510
512 842 659 1556723629544
512 842 657 1556723629560
512 841 654 1556723629576
512 841 652 1556723629594
512 840 650 1556723629610
512 840 649 1556723629641
513 840 649 1556723629659
514 840 649 1556723629748
512 840 648 1556723629844
512 840 647 1556723629859
512 839 646 1556723629927
512 837 646 1556723629944
512 836 646 1556723629959
512 836 643 1556723630010
512 837 635 1556723630025
512 838 628 1556723630044
512 839 618 1556723630058
512 856 600 1556723630075
512 864 589 1556723630093
512 886 552 1556723630108
512 895 532 1556723630127
512 898 516 1556723630144
512 898 505 1556723630160
512 896 499 1556723630177
512 895 492 1556723630194
512 898 485 1556723630208
512 909 476 1556723630225
512 919 466 1556723630244
512 928 452 1556723630259
512 932 441 1556723630275
512 930 430 1556723630293
512 927 425 1556723630310
512 925 419 1556723630325
512 922 414 1556723630344
512 921 406 1556723630360
512 921 401 1556723630375
512 921 395 1556723630394
512 921 392 1556723630410
512 920 390 1556723630426
512 920 389 1556723630444
512 919 388 1556723630543
512 919 386 1556723630560
512 919 385 1556723630591
512 919 383 1556723630625
512 922 380 1556723630644
512 923 377 1556723630660
512 924 376 1556723630677
513 924 376 1556723630796
514 924 376 1556723630900
512 923 376 1556723630994
512 919 376 1556723631010
512 912 376 1556723631025
512 910 376 1556723631044
512 906 378 1556723631060
512 900 387 1556723631077
512 895 396 1556723631094
512 887 405 1556723631110
512 878 412 1556723631125
512 866 415 1556723631142
512 846 420 1556723631160
512 823 422 1556723631175
512 802 422 1556723631193
512 780 418 1556723631210
512 758 414 1556723631227
512 732 411 1556723631243
512 699 411 1556723631261
512 634 420 1556723631277
512 604 424 1556723631294
512 583 425 1556723631308
512 572 425 1556723631333
512 568 424 1556723631364
512 566 424 1556723631377
512 559 424 1556723631393
512 544 425 1556723631410
512 516 429 1556723631426
512 492 430 1556723631442
512 474 430 1556723631460
512 467 427 1556723631475
512 467 421 1556723631492
512 475 408 1556723631511
512 483 400 1556723631528
512 491 390 1556723631544
512 495 385 1556723631560
512 495 382 1556723631577
512 496 380 1556723631595
512 496 378 1556723631609
512 496 375 1556723631628
512 496 373 1556723631643
512 496 372 1556723631660
512 495 371 1556723631692
512 494 371 1556723631711
512 492 371 1556723631728
512 490 371 1556723631743
512 487 371 1556723631761
512 483 371 1556723631777
512 481 371 1556723631792
512 480 371 1556723631810
512 478 370 1556723631861
512 477 370 1556723631894
512 476 370 1556723631942
512 475 370 1556723631961
512 474 370 1556723631975
512 473 370 1556723631994
512 472 370 1556723632009
513 472 370 1556723632036
514 472 370 1556723632155
512 479 370 1556723632260
512 490 370 1556723632277
512 513 362 1556723632293
512 549 349 1556723632310
512 578 340 1556723632327
512 592 337 1556723632345
512 627 332 1556723632359
512 641 333 1556723632378
512 654 338 1556723632393
512 669 342 1556723632411
512 678 346 1556723632427
512 683 353 1556723632444
512 685 362 1556723632460
512 687 382 1556723632478
512 688 406 1556723632493
512 679 433 1556723632511
512 658 462 1556723632527
512 638 487 1556723632543
512 588 537 1556723632561
512 575 547 1556723632576
512 569 551 1556723632594
512 569 552 1556723632609
512 569 557 1556723632625
512 567 564 1556723632644
512 565 572 1556723632660
512 561 578 1556723632676
512 558 590 1556723632692
512 557 605 1556723632711
512 557 624 1556723632725
512 558 635 1556723632744
512 565 655 1556723632761
512 567 659 1556723632777
512 567 660 1556723632793
512 567 662 1556723632810
512 567 663 1556723632844
512 566 663 1556723632861
512 565 663 1556723632925
512 563 662 1556723632945
512 561 660 1556723632959
512 559 659 1556723632975
512 556 654 1556723632993
512 554 651 1556723633008
512 554 649 1556723633027
512 554 648 1556723633142
512 554 646 1556723633160
513 554 646 1556723633177
512 555 646 1556723633194
512 556 646 1556723633210
514 556 646 1556723633271
512 556 646 1556723633278
512 556 643 1556723633342
512 556 639 1556723633360
512 560 627 1556723633376
512 567 610 1556723633393
512 578 592 1556723633408
512 589 573 1556723633427
512 598 554 1556723633442
512 604 543 1556723633461
512 615 532 1556723633476
512 632 516 1556723633492
512 648 499 1556723633511
512 659 483 1556723633525
512 664 472 1556723633543
512 664 458 1556723633561
512 657 433 1556723633575
512 641 406 1556723633592
512 626 384 1556723633609
512 616 366 1556723633627
512 611 353 1556723633644
512 609 338 1556723633660
512 609 331 1556723633677
512 609 318 1556723633694
512 609 302 1556723633710
512 611 281 1556723633727
512 615 267 1556723633744
512 624 252 1556723633761
512 633 245 1556723633777
512 640 242 1556723633794
512 646 241 1556723633808
512 662 237 1556723633827
512 686 233 1556723633843
512 705 228 1556723633860
512 714 225 1556723633875
512 714 224 1556723633992
512 714 223 1556723634011
512 713 220 1556723634026
512 711 218 1556723634042
512 709 213 1556723634061
512 708 212 1556723634193
512 705 211 1556723634211
512 704 211 1556723634227
512 703 210 1556723634275
513 703 210 1556723634300
514 703 210 1556723634404