512 704 210 1557167601200
512 704 211 1557167601218
512 703 212 1557167601250
512 702 216 1557167601269
512 702 221 1557167601285
512 701 227 1557167601302
512 701 238 1557167601319
512 702 252 1557167601335
512 705 274 1557167601352
512 709 290 1557167601369
512 715 303 1557167601385
512 722 315 1557167601400
512 732 331 1557167601419
512 742 354 1557167601433
512 757 406 1557167601452
512 764 435 1557167601469
512 771 460 1557167601485
512 772 476 1557167601502
512 773 480 1557167601516
512 774 483 1557167601534
512 776 487 1557167601553
512 778 491 1557167601569
512 782 497 1557167601584
512 784 505 1557167601600
512 787 514 1557167601617
512 792 531 1557167601636
512 793 538 1557167601650
512 796 552 1557167601669
512 798 558 1557167601685
512 799 561 1557167601702
512 799 567 1557167601719
512 800 577 1557167601735
512 801 584 1557167601752
512 802 592 1557167601768
512 803 594 1557167601786
512 805 603 1557167601802
512 808 609 1557167601819
512 811 615 1557167601833
512 815 620 1557167601852
512 818 622 1557167601869
512 821 623 1557167601885
512 823 623 1557167601902
512 827 624 1557167601919
512 831 627 1557167601935
512 834 629 1557167601952
512 836 630 1557167601968
512 837 631 1557167601985
512 839 634 1557167602016
512 840 635 1557167602035
512 840 636 1557167602083
513 840 636 1557167602179
514 840 636 1557167602269
512 837 636 1557167602284
512 833 632 1557167602300
512 829 629 1557167602319
512 826 627 1557167602335
512 825 626 1557167602350
512 821 623 1557167602369
512 815 621 1557167602383
512 805 616 1557167602401
512 794 612 1557167602416
512 785 605 1557167602433
512 774 598 1557167602451
512 755 591 1557167602469
512 747 590 1557167602483
512 735 589 1557167602501
512 730 589 1557167602519
512 722 587 1557167602535
512 707 582 1557167602550
512 684 574 1557167602569
512 643 557 1557167602583
512 607 535 1557167602602
512 584 516 1557167602617
512 570 493 1557167602635
512 565 485 1557167602652
512 562 478 1557167602669
512 559 474 1557167602685
512 557 470 1557167602702
512 555 467 1557167602718
512 552 465 1557167602733
512 547 461 1557167602750
512 536 454 1557167602767
512 527 446 1557167602784
512 517 435 1557167602801
512 505 418 1557167602819
512 496 404 1557167602835
512 484 391 1557167602852
512 469 376 1557167602868
512 466 371 1557167602885
512 465 368 1557167602901
512 464 364 1557167602919
512 464 362 1557167602935
512 464 363 1557167603166
512 463 368 1557167603184
512 463 372 1557167603200
512 463 374 1557167603219
512 464 376 1557167603235
512 465 376 1557167603252
512 466 376 1557167603269
512 468 376 1557167603286
513 468 376 1557167603315
514 468 376 1557167603392
512 469 377 1557167603519
512 474 383 1557167603535
512 483 392 1557167603550
512 505 410 1557167603569
512 524 422 1557167603583
512 544 427 1557167603602
512 563 429 1557167603617
512 586 427 1557167603635
512 611 415 1557167603651
512 620 409 1557167603669
512 658 361 1557167603685
512 662 334 1557167603702
512 662 306 1557167603719
512 658 285 1557167603735
512 658 268 1557167603752
512 660 262 1557167603769
512 661 261 1557167603785
512 662 260 1557167603801
512 663 260 1557167603835
512 664 259 1557167603852
512 666 258 1557167603868
512 669 255 1557167603883
512 671 252 1557167603902
512 672 250 1557167603919
512 675 246 1557167603935
512 680 241 1557167603952
512 691 235 1557167603969
512 697 231 1557167603983
512 704 228 1557167604001
512 709 224 1557167604019
512 711 222 1557167604035
512 712 221 1557167604069
512 712 219 1557167604135
512 712 217 1557167604152
512 712 216 1557167604169
512 712 214 1557167604183
512 710 213 1557167604202
512 708 212 1557167604219
512 707 212 1557167604235
512 707 211 1557167604250
513 707 211 1557167604325
514 707 211 1557167604403
512 706 211 1557167604518
512 703 212 1557167604533
512 702 214 1557167604550
512 700 217 1557167604569
512 700 222 1557167604669
512 705 232 1557167604685
512 718 248 1557167604700
512 739 268 1557167604719
512 762 289 1557167604735
512 777 303 1557167604752
512 787 313 1557167604768
512 795 321 1557167604783
512 808 334 1557167604801
512 824 348 1557167604819
512 833 355 1557167604833
512 854 366 1557167604850
512 862 366 1557167604869
512 869 366 1557167604885
512 872 366 1557167604902
512 873 365 1557167604919
512 875 365 1557167604935
512 876 365 1557167604952
512 878 365 1557167604966
512 881 365 1557167605000
512 885 365 1557167605019
512 887 365 1557167605035
512 890 365 1557167605052
512 893 366 1557167605069
512 896 367 1557167605085
512 905 371 1557167605102
512 916 375 1557167605119
512 918 376 1557167605133
512 920 376 1557167605151
512 921 376 1557167605169
512 925 376 1557167605185
512 928 377 1557167605202
512 932 377 1557167605219
513 932 377 1557167605353
514 932 377 1557167605442
512 930 377 1557167605452
512 925 377 1557167605466
512 922 377 1557167605485
512 909 378 1557167605502
512 900 382 1557167605519
512 892 389 1557167605535
512 879 400 1557167605552
512 867 415 1557167605569
512 859 425 1557167605585
512 824 465 1557167605600
512 802 483 1557167605619
512 787 491 1557167605636
512 777 491 1557167605650
512 770 491 1557167605669
512 756 492 1557167605685
512 724 497 1557167605702
512 701 506 1557167605719
512 672 517 1557167605733
512 649 531 1557167605750
512 633 547 1557167605769
512 619 562 1557167605785
512 609 576 1557167605800
512 602 589 1557167605818
512 597 599 1557167605833
512 591 609 1557167605851
512 582 628 1557167605869
512 580 634 1557167605886
512 575 642 1557167605900
512 574 643 1557167605919
512 571 643 1557167606052
512 570 643 1557167606068
512 564 643 1557167606085
512 563 643 1557167606102
512 562 643 1557167606119
512 561 643 1557167606150
512 559 642 1557167606169
513 559 642 1557167606244
514 559 642 1557167606336
512 559 640 1557167606366
512 558 631 1557167606385
512 559 626 1557167606402
512 564 617 1557167606419
512 566 610 1557167606435
512 569 607 1557167606452
512 571 607 1557167606469
512 573 607 1557167606484
512 577 610 1557167606502
512 618 638 1557167606516
512 642 646 1557167606533
512 658 646 1557167606552
512 665 640 1557167606569
512 669 628 1557167606585
512 670 624 1557167606600
512 671 623 1557167606619
512 677 623 1557167606635
512 695 632 1557167606652
512 718 646 1557167606668
512 735 653 1557167606685
512 745 656 1557167606702
512 765 657 1557167606716
512 771 655 1557167606735
512 773 653 1557167606750
512 776 651 1557167606769
512 779 649 1557167606785
512 783 645 1557167606802
512 790 640 1557167606818
512 796 635 1557167606835
512 802 633 1557167606852
512 803 633 1557167606867
512 807 632 1557167606883
512 808 632 1557167606900
512 812 632 1557167606919
512 816 632 1557167606933
512 820 632 1557167606952
512 826 635 1557167606967
512 832 638 1557167606985
512 833 638 1557167607000
512 834 638 1557167607017
512 836 638 1557167607035
512 837 639 1557167607050
512 839 640 1557167607067
512 840 640 1557167607133
513 840 640 1557167607189
514 840 640 1557167607269
512 836 639 1557167607285
512 834 638 1557167607302
512 830 633 1557167607316
512 828 631 1557167607335
512 824 627 1557167607352
512 817 617 1557167607369
512 810 607 1557167607385
512 804 594 1557167607402
512 799 580 1557167607417
512 794 571 1557167607433
512 779 558 1557167607452
512 765 555 1557167607469
512 761 555 1557167607485
512 785 547 1557167607550
512 806 536 1557167607569
512 828 518 1557167607585
512 844 502 1557167607602
512 858 484 1557167607616
512 867 467 1557167607635
512 877 443 1557167607652
512 879 435 1557167607666
512 884 413 1557167607684
512 886 405 1557167607700
512 886 402 1557167607719
512 886 401 1557167607735
512 886 400 1557167607768
512 886 398 1557167607785
512 886 397 1557167607802
512 886 395 1557167607819
512 887 393 1557167607835
512 888 389 1557167607852
512 890 385 1557167607866
512 891 384 1557167607885
512 897 380 1557167607900
512 899 379 1557167607919
512 906 379 1557167607935
512 912 378 1557167607950
512 918 378 1557167607969
512 921 376 1557167607985
512 924 375 1557167608000
512 925 374 1557167608018
512 926 374 1557167608033
512 927 374 1557167608051
513 927 374 1557167608166
514 927 374 1557167608230
512 927 375 1557167608269
512 924 377 1557167608285
512 919 381 1557167608300
512 907 391 1557167608319
512 894 402 1557167608335
512 869 418 1557167608351
512 843 434 1557167608368
512 813 457 1557167608385
512 792 479 1557167608402
512 778 498 1557167608416
512 772 510 1557167608434
512 769 513 1557167608452
512 767 514 1557167608469
512 759 515 1557167608483
512 740 514 1557167608501
512 729 511 1557167608519
512 624 467 1557167608533
512 580 447 1557167608551
512 524 426 1557167608569
512 499 415 1557167608583
512 418 383 1557167608602
512 395 374 1557167608616
512 387 369 1557167608635
512 386 368 1557167608652
512 387 367 1557167608669
512 388 367 1557167608686
512 391 366 1557167608702
512 394 366 1557167608719
512 396 365 1557167608735
512 398 364 1557167608766
512 399 364 1557167608785
512 400 364 1557167608800
512 405 364 1557167608819
512 419 370 1557167608836
512 431 374 1557167608869
512 452 381 1557167608885
512 455 382 1557167608900
512 458 382 1557167608919
512 460 382 1557167608935
512 464 381 1557167608952
512 466 379 1557167608969
512 470 378 1557167608983
512 471 378 1557167609019
512 472 378 1557167609035
512 476 378 1557167609052
512 478 378 1557167609069
512 484 378 1557167609086
512 488 378 1557167609102
512 489 378 1557167609119
512 487 378 1557167609266
512 485 378 1557167609286
512 484 378 1557167609333
512 482 378 1557167609352
512 481 378 1557167609367
512 480 378 1557167609400
513 480 378 1557167609457
514 480 378 1557167609549
512 479 378 1557167609566
512 478 378 1557167609585
512 480 378 1557167609733
512 484 378 1557167609750
512 488 378 1557167609769
512 497 379 1557167609785
512 518 386 1557167609800
512 546 401 1557167609819
512 583 434 1557167609835
512 598 454 1557167609852
512 606 469 1557167609869
512 625 555 1557167609885
512 623 571 1557167609902
512 618 582 1557167609919
512 612 596 1557167609935
512 607 609 1557167609952
512 602 618 1557167609969
512 598 622 1557167609986
512 594 626 1557167610002
512 593 629 1557167610016
512 591 639 1557167610036
512 590 642 1557167610052
512 590 644 1557167610069
512 589 646 1557167610085
512 586 655 1557167610100
512 586 659 1557167610116
512 585 660 1557167610135
512 582 661 1557167610185
512 576 660 1557167610201
512 570 659 1557167610217
512 562 657 1557167610235
512 560 657 1557167610251
512 560 656 1557167610269
512 560 655 1557167610352
512 560 653 1557167610369
512 559 650 1557167610383
512 559 648 1557167610419
513 559 648 1557167610482
514 559 648 1557167610561
512 557 644 1557167610617
512 556 639 1557167610635
512 557 634 1557167610652
512 564 632 1557167610669
512 579 630 1557167610685
512 595 629 1557167610702
512 615 629 1557167610716
512 637 631 1557167610735
512 661 633 1557167610752
512 681 633 1557167610768
512 706 623 1557167610786
512 721 608 1557167610802
512 732 572 1557167610819
512 732 534 1557167610835
512 725 472 1557167610850
512 715 411 1557167610869
512 706 359 1557167610883
512 700 334 1557167610900
512 699 318 1557167610918
512 698 313 1557167610935
512 700 310 1557167610952
512 701 309 1557167610969
512 702 308 1557167610983
512 702 305 1557167611035
512 702 303 1557167611052
512 703 299 1557167611068
512 703 297 1557167611083
512 704 295 1557167611102
512 704 293 1557167611119
512 705 287 1557167611133
512 708 276 1557167611152
512 711 263 1557167611166
512 712 255 1557167611183
512 712 251 1557167611202
512 710 239 1557167611219
512 709 236 1557167611235
512 707 234 1557167611252
512 706 232 1557167611267
512 706 231 1557167611285
512 706 229 1557167611300
512 705 227 1557167611319
512 704 225 1557167611333
512 704 223 1557167611369
512 704 222 1557167611402
512 703 221 1557167611416
512 703 219 1557167611435
513 703 219 1557167611525
514 703 219 1557167611619
512 702 217 1557167611652
512 701 216 1557167611667
512 701 217 1557167611786
512 706 227 1557167611802
512 717 247 1557167611817
512 743 278 1557167611833
512 768 299 1557167611850
512 785 307 1557167611867
512 790 310 1557167611883
512 791 310 1557167611900
512 789 301 1557167611951
512 775 280 1557167611967
512 758 261 1557167611983
512 744 250 1557167612000
512 740 247 1557167612018
512 739 247 1557167612035
512 739 246 1557167612150
512 733 243 1557167612169
512 721 235 1557167612183
512 713 229 1557167612201
512 708 225 1557167612219
512 705 222 1557167612233
512 703 219 1557167612250
513 703 219 1557167612479
514 703 219 1557167612566
512 702 217 1557167612585
512 701 215 1557167612600
512 701 213 1557167612652
512 701 212 1557167612752
513 701 212 1557167612783
514 701 212 1557167612870