512 698 208 1557167643386
512 695 208 1557167643402
512 691 209 1557167643420
512 690 210 1557167643436
512 689 212 1557167643453
512 689 217 1557167643470
512 690 221 1557167643486
512 695 231 1557167643503
512 703 245 1557167643520
512 711 261 1557167643536
512 726 275 1557167643553
512 739 282 1557167643570
512 751 286 1557167643586
512 762 296 1557167643601
512 775 312 1557167643618
512 790 340 1557167643636
512 796 357 1557167643653
512 800 405 1557167643670
512 800 435 1557167643687
512 800 446 1557167643701
512 800 461 1557167643720
512 804 477 1557167643736
512 808 492 1557167643753
512 809 495 1557167643767
512 809 507 1557167643784
512 807 516 1557167643803
512 803 528 1557167643817
512 802 546 1557167643836
512 802 549 1557167643853
512 804 553 1557167643870
512 806 556 1557167643885
512 808 559 1557167643901
512 811 563 1557167643918
512 815 569 1557167643936
512 820 575 1557167643953
512 823 579 1557167643970
512 828 585 1557167643987
512 833 592 1557167644003
512 838 600 1557167644020
512 839 607 1557167644036
512 839 615 1557167644053
512 839 616 1557167644070
512 839 617 1557167644087
512 839 618 1557167644118
512 838 618 1557167644137
512 838 619 1557167644220
512 838 622 1557167644234
512 838 624 1557167644253
512 837 629 1557167644270
512 835 633 1557167644286
512 835 635 1557167644303
512 835 636 1557167644336
512 835 638 1557167644351
512 835 639 1557167644368
512 836 640 1557167644387
513 836 640 1557167644461
512 838 641 1557167644486
512 839 641 1557167644520
514 839 641 1557167644542
512 838 641 1557167644551
512 835 640 1557167644570
512 834 639 1557167644586
512 833 637 1557167644603
512 832 635 1557167644620
512 829 631 1557167644637
512 826 627 1557167644653
512 824 624 1557167644670
512 823 623 1557167644687
512 822 622 1557167644701
512 822 620 1557167644719
512 822 613 1557167644737
512 819 601 1557167644751
512 808 577 1557167644770
512 783 551 1557167644784
512 752 529 1557167644801
512 719 513 1557167644820
512 689 499 1557167644837
512 675 488 1557167644853
512 667 480 1557167644870
512 652 468 1557167644887
512 638 464 1557167644903
512 625 463 1557167644920
512 608 459 1557167644934
512 592 456 1557167644953
512 583 454 1557167644970
512 544 440 1557167644986
512 521 433 1557167645003
512 502 428 1557167645020
512 489 425 1557167645036
512 482 424 1557167645053
512 479 423 1557167645067
512 478 421 1557167645084
512 478 419 1557167645103
512 477 414 1557167645120
512 475 407 1557167645136
512 472 403 1557167645153
512 470 399 1557167645170
512 469 398 1557167645186
512 469 397 1557167645201
512 469 396 1557167645218
512 469 394 1557167645237
512 469 389 1557167645253
512 469 384 1557167645270
512 469 383 1557167645286
512 469 381 1557167645370
512 469 378 1557167645403
512 469 377 1557167645420
512 469 376 1557167645437
512 469 375 1557167645453
513 469 375 1557167645461
514 469 375 1557167645541
512 470 375 1557167645586
512 472 375 1557167645601
512 474 377 1557167645620
512 480 379 1557167645636
512 495 383 1557167645653
512 505 387 1557167645670
512 512 392 1557167645686
512 516 400 1557167645702
512 530 409 1557167645720
512 559 415 1557167645734
512 587 411 1557167645753
512 606 399 1557167645767
512 611 392 1557167645784
512 616 353 1557167645803
512 614 336 1557167645820
512 614 316 1557167645836
512 620 296 1557167645851
512 626 283 1557167645870
512 634 272 1557167645886
512 655 265 1557167645903
512 665 261 1557167645920
512 671 259 1557167645937
512 677 254 1557167645951
512 678 253 1557167645969
512 678 252 1557167645984
512 680 250 1557167646002
512 681 247 1557167646020
512 682 244 1557167646034
512 687 234 1557167646070
512 690 229 1557167646087
512 691 225 1557167646103
512 693 222 1557167646120
512 696 218 1557167646136
512 698 215 1557167646151
512 699 212 1557167646170
512 699 211 1557167646184
512 700 210 1557167646270
512 701 210 1557167646303
513 701 210 1557167646317
514 701 210 1557167646396
512 700 210 1557167646437
512 699 213 1557167646451
512 697 221 1557167646470
512 695 229 1557167646485
512 696 239 1557167646501
512 701 248 1557167646520
512 713 264 1557167646536
512 734 288 1557167646551
512 747 300 1557167646570
512 750 304 1557167646586
512 757 310 1557167646603
512 759 313 1557167646618
512 762 315 1557167646637
512 770 317 1557167646652
512 787 321 1557167646670
512 803 324 1557167646687
512 817 328 1557167646701
512 828 330 1557167646720
512 835 331 1557167646736
512 841 331 1557167646753
512 849 330 1557167646770
512 858 329 1557167646786
512 870 329 1557167646801
512 882 330 1557167646820
512 892 333 1557167646834
512 902 338 1557167646853
512 904 339 1557167646870
512 907 341 1557167646884
512 909 343 1557167646903
512 909 345 1557167646917
512 909 350 1557167646934
512 909 353 1557167646953
512 909 356 1557167646968
512 910 357 1557167647036
512 912 357 1557167647053
512 915 357 1557167647068
512 919 360 1557167647084
512 921 361 1557167647102
512 922 362 1557167647136
512 924 365 1557167647153
512 926 367 1557167647169
512 927 372 1557167647186
512 929 374 1557167647201
513 929 374 1557167647301
512 928 374 1557167647380
514 928 374 1557167647381
512 928 374 1557167647386
512 922 372 1557167647403
512 920 371 1557167647418
512 912 367 1557167647435
512 905 367 1557167647451
512 893 367 1557167647468
512 881 367 1557167647484
512 866 369 1557167647503
512 857 371 1557167647517
512 828 384 1557167647537
512 819 389 1557167647551
512 790 405 1557167647568
512 778 414 1557167647586
512 770 418 1557167647603
512 763 421 1557167647619
512 751 428 1557167647636
512 739 437 1557167647651
512 723 452 1557167647670
512 702 470 1557167647684
512 687 488 1557167647703
512 665 517 1557167647718
512 657 528 1557167647734
512 624 563 1557167647753
512 617 570 1557167647767
512 613 574 1557167647787
512 602 590 1557167647803
512 598 595 1557167647820
512 590 602 1557167647837
512 586 605 1557167647852
512 585 605 1557167647870
512 584 605 1557167647884
512 583 607 1557167647901
512 580 610 1557167647918
512 576 613 1557167647936
512 572 618 1557167647953
512 566 626 1557167647969
512 564 630 1557167647987
512 565 631 1557167648053
512 566 633 1557167648068
512 566 634 1557167648086
512 566 637 1557167648103
512 565 638 1557167648117
513 565 638 1557167648228
514 565 638 1557167648332
512 563 639 1557167648370
512 562 638 1557167648420
512 569 632 1557167648437
512 578 625 1557167648453
512 596 609 1557167648470
512 608 589 1557167648484
512 612 571 1557167648503
512 612 555 1557167648520
512 614 546 1557167648536
512 625 544 1557167648553
512 655 543 1557167648569
512 706 554 1557167648587
512 763 579 1557167648603
512 812 614 1557167648620
512 817 617 1557167648637
512 821 623 1557167648653
512 821 624 1557167648851
512 822 627 1557167648870
512 826 632 1557167648884
512 829 635 1557167648903
512 836 640 1557167648920
512 837 640 1557167648936
512 838 640 1557167648970
512 838 641 1557167649036
512 839 642 1557167649065
513 839 642 1557167649065
512 840 642 1557167649084
512 842 642 1557167649103
512 844 642 1557167649120
512 845 641 1557167649137
512 846 641 1557167649153
512 847 640 1557167649161
514 847 640 1557167649161
512 847 640 1557167649167
512 847 638 1557167649187
512 847 632 1557167649203
512 847 629 1557167649220
512 847 623 1557167649236
512 846 617 1557167649253
512 845 611 1557167649270
512 834 557 1557167649287
512 825 532 1557167649303
512 815 510 1557167649320
512 807 495 1557167649336
512 807 494 1557167649351
512 809 486 1557167649403
512 822 463 1557167649420
512 827 455 1557167649437
512 847 424 1557167649452
512 854 407 1557167649470
512 859 398 1557167649484
512 863 393 1557167649502
512 867 389 1557167649518
512 871 383 1557167649536
512 880 372 1557167649551
512 886 365 1557167649570
512 889 359 1557167649586
512 892 357 1557167649603
512 894 355 1557167649618
512 902 354 1557167649637
512 905 354 1557167649652
512 916 354 1557167649667
512 920 354 1557167649684
512 928 359 1557167649703
512 933 362 1557167649717
512 935 364 1557167649734
512 936 364 1557167649753
512 936 366 1557167649786
512 934 367 1557167649818
512 934 368 1557167649836
512 934 369 1557167649869
512 933 370 1557167649901
512 932 370 1557167649919
512 932 371 1557167649934
512 930 372 1557167649948
513 930 372 1557167649948
512 927 373 1557167650053
512 925 373 1557167650061
514 925 373 1557167650061
512 924 373 1557167650070
512 922 373 1557167650085
512 921 373 1557167650101
512 919 373 1557167650120
512 917 373 1557167650136
512 916 373 1557167650151
512 914 373 1557167650170
512 912 371 1557167650187
512 904 368 1557167650203
512 898 365 1557167650220
512 880 360 1557167650234
512 843 358 1557167650253
512 815 358 1557167650270
512 791 358 1557167650284
512 764 361 1557167650303
512 734 363 1557167650320
512 699 364 1557167650336
512 636 366 1557167650353
512 591 366 1557167650370
512 579 366 1557167650387
512 567 365 1557167650401
512 564 365 1557167650451
512 556 365 1557167650468
512 550 367 1557167650486
512 545 368 1557167650503
512 540 369 1557167650518
512 531 371 1557167650537
512 526 373 1557167650551
512 523 374 1557167650570
512 522 374 1557167650586
512 519 374 1557167650619
512 509 374 1557167650634
512 488 375 1557167650651
512 477 377 1557167650669
512 471 377 1557167650684
512 469 377 1557167650702
512 470 377 1557167650870
512 474 376 1557167650886
512 475 376 1557167650901
513 475 376 1557167650940
514 475 376 1557167651020
512 473 376 1557167651053
512 472 376 1557167651070
512 471 376 1557167651086
512 470 376 1557167651102
512 468 376 1557167651117
512 468 375 1557167651153
512 475 373 1557167651168
512 496 370 1557167651184
512 506 370 1557167651203
512 535 369 1557167651220
512 538 372 1557167651234
512 545 389 1557167651253
512 549 396 1557167651267
512 589 463 1557167651286
512 604 489 1557167651303
512 638 563 1557167651320
512 644 583 1557167651334
512 643 594 1557167651351
512 641 600 1557167651370
512 638 607 1557167651386
512 636 612 1557167651401
512 634 617 1557167651418
512 629 625 1557167651437
512 621 637 1557167651453
512 610 658 1557167651470
512 603 675 1557167651487
512 600 686 1557167651503
512 599 689 1557167651517
512 598 689 1557167651586
512 596 684 1557167651603
512 588 672 1557167651620
512 586 670 1557167651634
512 583 665 1557167651653
512 581 664 1557167651670
512 580 663 1557167651686
512 578 661 1557167651701
512 577 661 1557167651720
512 577 660 1557167651737
512 576 658 1557167651770
512 573 656 1557167651803
512 565 652 1557167651820
512 557 650 1557167651836
512 552 647 1557167651852
512 551 647 1557167651870
512 551 645 1557167651884
512 551 644 1557167651920
512 552 644 1557167651967
512 553 644 1557167652001
512 554 644 1557167652053
512 556 644 1557167652069
512 558 644 1557167652087
512 559 644 1557167652120
512 560 644 1557167652136
513 560 644 1557167652147
514 560 644 1557167652277
512 560 643 1557167652353
512 561 638 1557167652370
512 567 632 1557167652386
512 578 622 1557167652401
512 591 610 1557167652420
512 609 586 1557167652436
512 623 567 1557167652453
512 636 551 1557167652470
512 643 538 1557167652486
512 646 525 1557167652503
512 647 508 1557167652517
512 646 484 1557167652535
512 643 468 1557167652553
512 637 391 1557167652567
512 644 354 1557167652585
512 654 325 1557167652603
512 660 312 1557167652620
512 664 302 1557167652636
512 674 277 1557167652653
512 679 264 1557167652668
512 685 257 1557167652686
512 688 254 1557167652701
512 689 254 1557167652753
512 690 254 1557167652770
512 691 254 1557167652801
512 693 252 1557167652820
512 697 247 1557167652837
512 698 242 1557167652853
512 698 238 1557167652869
512 697 234 1557167652884
512 697 231 1557167652903
512 697 227 1557167652920
512 698 222 1557167652936
512 699 222 1557167652951
512 700 219 1557167652970
512 701 218 1557167652986
512 702 217 1557167653003
512 702 216 1557167653083
513 702 216 1557167653084
514 702 216 1557167653171