512 705 202 1557230194275
512 704 204 1557230194307
512 701 208 1557230194323
512 698 214 1557230194342
512 695 220 1557230194359
512 695 225 1557230194375
512 695 228 1557230194392
512 696 234 1557230194406
512 703 239 1557230194425
512 707 244 1557230194441
512 717 254 1557230194459
512 722 263 1557230194473
512 745 292 1557230194492
512 769 321 1557230194508
512 784 337 1557230194525
512 791 347 1557230194542
512 794 360 1557230194558
512 797 381 1557230194575
512 802 406 1557230194591
512 810 443 1557230194608
512 820 474 1557230194624
512 827 488 1557230194641
512 834 499 1557230194659
512 842 508 1557230194675
512 850 518 1557230194690
512 859 529 1557230194709
512 859 532 1557230194725
512 861 537 1557230194740
512 861 540 1557230194756
512 862 544 1557230194773
512 862 545 1557230194792
512 862 546 1557230194808
512 862 548 1557230194826
512 859 551 1557230194843
512 854 555 1557230194858
512 850 563 1557230194874
512 843 576 1557230194892
512 839 585 1557230194908
512 838 595 1557230194926
512 837 603 1557230194941
512 838 609 1557230194959
512 839 612 1557230194974
512 842 617 1557230194992
512 845 620 1557230195008
512 848 625 1557230195026
512 852 632 1557230195042
512 855 635 1557230195057
512 856 637 1557230195074
512 854 637 1557230195210
512 852 637 1557230195225
512 850 637 1557230195242
512 849 637 1557230195273
512 848 637 1557230195325
512 847 637 1557230195341
512 846 637 1557230195356
512 845 638 1557230195373
512 845 639 1557230195392
512 844 639 1557230195406
513 844 639 1557230195446
514 844 639 1557230195563
512 842 639 1557230195592
512 840 638 1557230195609
512 839 637 1557230195623
512 837 635 1557230195658
512 830 628 1557230195674
512 801 601 1557230195691
512 771 566 1557230195707
512 738 532 1557230195725
512 702 496 1557230195741
512 687 479 1557230195756
512 684 475 1557230195775
512 682 474 1557230195791
512 679 472 1557230195807
512 672 468 1557230195826
512 657 455 1557230195840
512 635 441 1557230195859
512 576 417 1557230195876
512 545 406 1557230195892
512 524 400 1557230195909
512 508 396 1557230195923
512 496 391 1557230195942
512 488 389 1557230195956
512 483 385 1557230195975
512 481 383 1557230195991
512 480 382 1557230196008
512 479 381 1557230196025
512 479 379 1557230196059
512 478 379 1557230196073
512 478 377 1557230196092
512 477 375 1557230196107
512 477 374 1557230196126
512 477 372 1557230196142
512 476 371 1557230196158
512 475 370 1557230196209
513 475 370 1557230196262
514 475 370 1557230196353
512 478 370 1557230196409
512 481 369 1557230196426
512 488 365 1557230196442
512 498 361 1557230196459
512 504 360 1557230196475
512 512 360 1557230196492
512 525 363 1557230196506
512 541 366 1557230196523
512 560 368 1557230196540
512 575 368 1557230196559
512 586 366 1557230196575
512 596 359 1557230196591
512 604 351 1557230196606
512 616 338 1557230196625
512 630 322 1557230196643
512 640 308 1557230196658
512 652 290 1557230196675
512 657 282 1557230196692
512 660 277 1557230196706
512 663 269 1557230196723
512 664 260 1557230196741
512 665 256 1557230196758
512 667 251 1557230196773
512 670 244 1557230196790
512 673 240 1557230196809
512 675 235 1557230196826
512 679 230 1557230196842
512 682 224 1557230196859
512 685 222 1557230196875
512 688 219 1557230196892
512 690 216 1557230196908
512 691 215 1557230196923
512 692 214 1557230196942
512 693 212 1557230196958
512 694 211 1557230196974
512 695 209 1557230196990
512 696 208 1557230197026
512 696 206 1557230197059
513 696 206 1557230197099
514 696 206 1557230197196
512 697 206 1557230197224
512 697 207 1557230197275
512 697 211 1557230197291
512 696 212 1557230197308
512 695 213 1557230197324
512 692 218 1557230197340
512 686 226 1557230197359
512 677 240 1557230197375
512 669 262 1557230197390
512 667 288 1557230197407
512 672 321 1557230197424
512 689 341 1557230197442
512 704 348 1557230197458
512 724 349 1557230197475
512 759 349 1557230197492
512 784 349 1557230197508
512 825 351 1557230197524
512 858 359 1557230197542
512 879 366 1557230197558
512 892 370 1557230197575
512 896 372 1557230197592
512 897 371 1557230197723
512 898 369 1557230197742
512 898 368 1557230197758
512 899 368 1557230197773
512 901 366 1557230197792
512 903 366 1557230197807
512 906 364 1557230197826
512 909 364 1557230197842
512 915 363 1557230197859
512 918 364 1557230197873
512 928 369 1557230197892
512 931 372 1557230197907
512 933 373 1557230197923
512 933 374 1557230198009
513 933 374 1557230198099
514 933 374 1557230198196
512 932 374 1557230198206
512 930 374 1557230198226
512 928 375 1557230198242
512 925 376 1557230198259
512 921 379 1557230198275
512 913 381 1557230198291
512 907 382 1557230198308
512 899 386 1557230198323
512 889 389 1557230198342
512 872 395 1557230198359
512 850 402 1557230198373
512 828 411 1557230198392
512 812 424 1557230198408
512 802 435 1557230198425
512 793 446 1557230198443
512 779 461 1557230198459
512 754 479 1557230198473
512 723 492 1557230198490
512 649 524 1557230198507
512 620 542 1557230198526
512 605 554 1557230198540
512 595 563 1557230198558
512 591 569 1557230198574
512 588 572 1557230198592
512 585 574 1557230198606
512 581 577 1557230198625
512 578 580 1557230198642
512 571 586 1557230198656
512 567 591 1557230198676
512 564 595 1557230198690
512 564 597 1557230198707
512 563 599 1557230198724
512 562 602 1557230198742
512 561 608 1557230198758
512 561 612 1557230198773
512 560 616 1557230198792
512 558 620 1557230198809
512 557 622 1557230198824
512 556 627 1557230198842
512 556 629 1557230198856
512 556 632 1557230198873
512 556 634 1557230198892
512 556 636 1557230198908
512 556 638 1557230198926
512 556 640 1557230198941
512 556 641 1557230198959
512 557 642 1557230199034
513 557 642 1557230199034
512 559 643 1557230199059
514 559 643 1557230199122
512 559 643 1557230199123
512 559 641 1557230199158
512 560 637 1557230199175
512 563 631 1557230199192
512 566 626 1557230199208
512 575 617 1557230199225
512 597 604 1557230199240
512 662 563 1557230199259
512 682 546 1557230199273
512 725 496 1557230199292
512 734 483 1557230199307
512 751 452 1557230199325
512 763 434 1557230199342
512 777 416 1557230199358
512 798 397 1557230199375
512 806 390 1557230199391
512 851 375 1557230199409
512 874 375 1557230199426
512 895 388 1557230199441
512 911 408 1557230199456
512 926 448 1557230199475
512 928 474 1557230199491
512 925 507 1557230199508
512 918 539 1557230199525
512 911 566 1557230199540
512 906 582 1557230199559
512 902 588 1557230199574
512 898 594 1557230199592
512 896 599 1557230199606
512 894 606 1557230199625
512 892 611 1557230199640
512 890 616 1557230199659
512 888 620 1557230199675
512 883 628 1557230199692
512 879 633 1557230199708
512 876 637 1557230199725
512 875 639 1557230199742
512 874 640 1557230199808
512 872 640 1557230199824
512 870 640 1557230199842
512 866 640 1557230199859
512 861 641 1557230199876
512 854 643 1557230199892
512 852 644 1557230199908
512 851 644 1557230199942
512 850 644 1557230199975
512 849 644 1557230200009
513 849 644 1557230200115
512 847 644 1557230200209
512 844 645 1557230200213
514 844 645 1557230200214
512 843 645 1557230200223
512 841 645 1557230200242
512 844 639 1557230200459
512 850 628 1557230200475
512 863 596 1557230200491
512 894 522 1557230200507
512 928 468 1557230200526
512 951 437 1557230200540
512 962 423 1557230200559
512 965 416 1557230200575
512 965 411 1557230200592
512 965 407 1557230200609
512 964 403 1557230200625
512 962 401 1557230200640
512 962 399 1557230200692
512 961 397 1557230200708
512 957 394 1557230200724
512 955 394 1557230200741
512 949 394 1557230200757
512 938 394 1557230200775
512 928 393 1557230200792
512 923 390 1557230200807
512 921 388 1557230200825
512 921 386 1557230200843
512 921 381 1557230200858
512 921 380 1557230200875
512 921 377 1557230200892
512 921 376 1557230200907
512 922 375 1557230201024
512 922 374 1557230201040
513 922 374 1557230201067
514 922 374 1557230201164
512 917 374 1557230201242
512 914 376 1557230201256
512 912 377 1557230201275
512 911 377 1557230201291
512 909 377 1557230201308
512 901 377 1557230201324
512 882 382 1557230201340
512 855 393 1557230201359
512 832 402 1557230201376
512 810 410 1557230201390
512 788 419 1557230201409
512 769 425 1557230201423
512 751 426 1557230201442
512 725 426 1557230201459
512 695 421 1557230201473
512 643 409 1557230201492
512 601 401 1557230201509
512 571 397 1557230201523
512 551 393 1557230201540
512 542 391 1557230201559
512 542 389 1557230201573
512 542 386 1557230201592
512 542 383 1557230201606
512 542 379 1557230201625
512 539 375 1557230201642
512 535 372 1557230201658
512 526 371 1557230201676
512 505 370 1557230201692
512 482 370 1557230201708
512 475 370 1557230201723
512 473 370 1557230201742
513 473 370 1557230201948
514 473 370 1557230202034
512 478 370 1557230202092
512 486 370 1557230202107
512 498 368 1557230202123
512 517 364 1557230202141
512 543 358 1557230202158
512 568 355 1557230202175
512 582 355 1557230202192
512 592 358 1557230202209
512 601 365 1557230202223
512 606 372 1557230202242
512 611 384 1557230202257
512 617 399 1557230202276
512 623 426 1557230202292
512 624 435 1557230202308
512 624 476 1557230202324
512 624 492 1557230202342
512 624 557 1557230202359
512 623 585 1557230202375
512 617 611 1557230202392
512 613 632 1557230202409
512 610 644 1557230202425
512 607 656 1557230202442
512 604 662 1557230202459
512 603 666 1557230202473
512 600 668 1557230202492
512 598 668 1557230202509
512 596 668 1557230202523
512 595 668 1557230202542
512 593 668 1557230202558
512 590 668 1557230202573
512 584 667 1557230202592
512 580 666 1557230202607
512 577 664 1557230202623
512 573 659 1557230202642
512 570 656 1557230202658
512 565 651 1557230202673
512 562 647 1557230202692
512 562 646 1557230202708
512 562 645 1557230202742
512 562 644 1557230202756
512 561 644 1557230202892
513 561 644 1557230202923
512 560 644 1557230203002
514 560 644 1557230203003
512 560 644 1557230203007
512 558 643 1557230203026
512 555 641 1557230203043
512 555 637 1557230203056
512 555 633 1557230203073
512 557 628 1557230203093
512 560 624 1557230203107
512 565 620 1557230203123
512 574 614 1557230203141
512 588 606 1557230203156
512 600 600 1557230203174
512 612 592 1557230203191
512 625 584 1557230203207
512 637 574 1557230203224
512 650 555 1557230203241
512 664 534 1557230203257
512 674 509 1557230203274
512 700 446 1557230203291
512 712 414 1557230203307
512 718 378 1557230203324
512 721 344 1557230203341
512 723 322 1557230203357
512 723 311 1557230203373
512 725 285 1557230203392
512 726 276 1557230203408
512 726 267 1557230203423
512 726 263 1557230203441
512 725 260 1557230203458
512 723 258 1557230203473
512 720 253 1557230203492
512 720 248 1557230203508
512 719 245 1557230203524
512 717 236 1557230203541
512 715 233 1557230203557
512 712 229 1557230203574
512 709 227 1557230203590
512 707 223 1557230203609
512 705 220 1557230203624
512 704 217 1557230203642
512 703 215 1557230203656
512 702 214 1557230203675
513 702 214 1557230203764
514 702 214 1557230203866