512 702 209 1553108537139 
512 702 210 1553108537155 
512 702 211 1553108537163 
512 702 213 1553108537172 
512 702 216 1553108537180 
512 703 219 1553108537188 
512 705 223 1553108537197 
512 705 227 1553108537204 
512 705 231 1553108537211 
512 705 237 1553108537221 
512 705 244 1553108537228 
512 705 250 1553108537236 
512 704 259 1553108537244 
512 703 268 1553108537252 
512 701 279 1553108537259 
512 699 290 1553108537267 
512 694 306 1553108537275 
512 691 318 1553108537284 
512 688 330 1553108537291 
512 686 343 1553108537300 
512 684 358 1553108537307 
512 684 371 1553108537317 
512 684 386 1553108537323 
512 684 399 1553108537332 
512 685 413 1553108537340 
512 689 427 1553108537348 
512 696 441 1553108537356 
512 704 455 1553108537364 
512 714 467 1553108537371 
512 721 474 1553108537380 
512 731 484 1553108537388 
512 739 491 1553108537395 
512 749 498 1553108537404 
512 757 505 1553108537411 
512 762 508 1553108537420 
512 767 513 1553108537427 
512 772 516 1553108537436 
512 773 519 1553108537443 
512 775 522 1553108537452 
512 776 523 1553108537459 
512 776 526 1553108537468 
512 776 530 1553108537476 
512 776 535 1553108537484 
512 776 539 1553108537491 
512 776 544 1553108537500 
512 777 550 1553108537507 
512 777 554 1553108537516 
512 779 560 1553108537523 
512 780 566 1553108537531 
512 782 572 1553108537541 
512 785 577 1553108537548 
512 787 581 1553108537556 
512 791 586 1553108537564 
512 793 591 1553108537571 
512 795 594 1553108537580 
512 796 596 1553108537588 
512 799 601 1553108537595 
512 801 604 1553108537604 
512 803 608 1553108537611 
512 804 609 1553108537620 
512 805 611 1553108537627 
512 806 612 1553108537635 
512 807 614 1553108537643 
512 807 617 1553108537659 
512 808 618 1553108537668 
512 809 619 1553108537676 
512 809 620 1553108537683 
512 810 621 1553108537691 
512 811 623 1553108537700 
512 811 626 1553108537707 
512 812 627 1553108537717 
512 813 628 1553108537724 
512 813 629 1553108537732 
512 814 632 1553108537740 
512 815 636 1553108537755 
512 815 637 1553108537771 
512 816 638 1553108537780 
512 816 639 1553108537804 
512 817 640 1553108537811 
512 817 641 1553108537836 
512 817 642 1553108537844 
512 817 643 1553108537852 
512 818 644 1553108537860 
512 819 645 1553108537875 
512 820 646 1553108537891 
512 821 646 1553108537908 
512 822 647 1553108537916 
512 823 647 1553108537939 
512 824 647 1553108537955 
512 825 647 1553108537964 
512 826 647 1553108537973 
512 828 647 1553108537981 
512 829 647 1553108537996 
512 830 646 1553108538005 
512 832 645 1553108538012 
512 833 645 1553108538021 
512 834 644 1553108538037 
512 835 644 1553108538085 
513 835 644 1553108538202 
514 835 644 1553108538300 
512 836 641 1553108538324 
512 836 637 1553108538333 
512 836 634 1553108538339 
512 836 630 1553108538348 
512 834 623 1553108538355 
512 833 615 1553108538363 
512 831 608 1553108538372 
512 828 598 1553108538380 
512 823 587 1553108538389 
512 821 576 1553108538395 
512 815 560 1553108538406 
512 807 545 1553108538411 
512 802 534 1553108538420 
512 790 515 1553108538427 
512 781 497 1553108538436 
512 770 480 1553108538443 
512 763 467 1553108538454 
512 757 456 1553108538460 
512 747 445 1553108538467 
512 742 435 1553108538475 
512 737 426 1553108538485 
512 733 417 1553108538491 
512 730 408 1553108538500 
512 726 401 1553108538507 
512 724 394 1553108538517 
512 720 387 1553108538523 
512 716 382 1553108538532 
512 706 375 1553108538539 
512 696 366 1553108538548 
512 683 359 1553108538555 
512 668 352 1553108538563 
512 652 348 1553108538571 
512 635 343 1553108538581 
512 622 341 1553108538588 
512 610 340 1553108538595 
512 595 340 1553108538604 
512 582 340 1553108538611 
512 569 340 1553108538620 
512 557 342 1553108538627 
512 545 346 1553108538636 
512 535 348 1553108538643 
512 529 349 1553108538652 
512 524 351 1553108538660 
512 519 351 1553108538668 
512 516 351 1553108538675 
512 515 351 1553108538683 
512 512 351 1553108538692 
512 511 351 1553108538700 
512 509 351 1553108538707 
512 507 351 1553108538717 
512 506 351 1553108538723 
512 505 351 1553108538733 
512 504 351 1553108538748 
512 502 351 1553108538755 
512 500 352 1553108538771 
512 498 353 1553108538788 
512 497 353 1553108538795 
512 496 353 1553108538805 
512 494 355 1553108538820 
512 493 356 1553108538837 
512 489 357 1553108538843 
512 487 358 1553108538860 
512 485 359 1553108538876 
512 484 360 1553108538902 
512 482 361 1553108538916 
512 482 362 1553108538924 
512 480 363 1553108538940 
512 478 365 1553108538957 
512 477 365 1553108538965 
512 476 365 1553108538976 
512 475 367 1553108538982 
512 474 367 1553108538997 
512 473 368 1553108539092 
512 473 369 1553108539116 
512 472 370 1553108539142 
513 472 370 1553108539211 
514 472 370 1553108539300 
512 474 369 1553108539355 
512 475 367 1553108539363 
512 477 365 1553108539371 
512 479 363 1553108539380 
512 481 361 1553108539388 
512 483 359 1553108539395 
512 485 357 1553108539404 
512 488 353 1553108539412 
512 491 351 1553108539420 
512 496 347 1553108539427 
512 500 343 1553108539436 
512 505 338 1553108539443 
512 511 334 1553108539452 
512 518 331 1553108539459 
512 527 326 1553108539468 
512 533 320 1553108539475 
512 539 316 1553108539483 
512 547 311 1553108539491 
512 553 305 1553108539500 
512 558 301 1553108539508 
512 562 298 1553108539517 
512 568 296 1553108539523 
512 573 293 1553108539532 
512 578 289 1553108539539 
512 582 286 1553108539548 
512 588 283 1553108539555 
512 597 279 1553108539564 
512 598 278 1553108539572 
512 603 274 1553108539580 
512 607 273 1553108539588 
512 611 270 1553108539595 
512 614 268 1553108539604 
512 616 266 1553108539611 
512 618 265 1553108539621 
512 624 261 1553108539627 
512 627 258 1553108539637 
512 631 256 1553108539643 
512 636 253 1553108539652 
512 641 252 1553108539659 
512 647 249 1553108539668 
512 651 247 1553108539675 
512 654 247 1553108539684 
512 656 245 1553108539691 
512 659 243 1553108539700 
512 661 242 1553108539707 
512 665 238 1553108539717 
512 667 236 1553108539724 
512 668 235 1553108539733 
512 670 235 1553108539739 
512 672 232 1553108539748 
512 675 231 1553108539756 
512 677 230 1553108539763 
512 679 229 1553108539772 
512 680 228 1553108539783 
512 682 226 1553108539788 
512 684 226 1553108539795 
512 684 225 1553108539804 
512 685 225 1553108539811 
512 687 224 1553108539836 
512 688 223 1553108539859 
512 688 222 1553108539891 
512 688 221 1553108539917 
512 689 220 1553108539924 
512 691 219 1553108539939 
512 692 219 1553108539948 
512 693 218 1553108539955 
512 694 217 1553108539989 
512 695 217 1553108540037 
512 696 216 1553108540054 
512 697 216 1553108540085 
513 697 216 1553108540224 
514 697 216 1553108540317 
512 699 216 1553108540380 
512 701 216 1553108540388 
512 705 218 1553108540395 
512 709 218 1553108540404 
512 715 222 1553108540412 
512 722 225 1553108540420 
512 731 229 1553108540428 
512 740 232 1553108540436 
512 750 237 1553108540446 
512 761 242 1553108540452 
512 770 246 1553108540459 
512 781 249 1553108540468 
512 791 255 1553108540476 
512 803 260 1553108540483 
512 811 263 1553108540491 
512 822 269 1553108540500 
512 833 273 1553108540507 
512 843 277 1553108540517 
512 853 282 1553108540523 
512 860 287 1553108540532 
512 869 292 1553108540539 
512 875 295 1553108540548 
512 879 298 1553108540555 
512 884 302 1553108540564 
512 888 310 1553108540572 
512 891 313 1553108540580 
512 894 318 1553108540588 
512 898 322 1553108540595 
512 900 327 1553108540605 
512 903 331 1553108540612 
512 906 334 1553108540620 
512 908 338 1553108540627 
512 909 338 1553108540637 
512 911 340 1553108540644 
512 911 341 1553108540659 
512 912 341 1553108540739 
512 913 342 1553108540748 
512 914 344 1553108540764 
512 914 345 1553108540773 
512 915 347 1553108540781 
512 918 351 1553108540789 
512 918 352 1553108540797 
512 919 354 1553108540805 
512 920 356 1553108540812 
512 922 359 1553108540821 
512 923 359 1553108540828 
512 925 363 1553108540836 
512 926 365 1553108540843 
512 927 367 1553108540853 
512 929 370 1553108540860 
512 929 371 1553108540869 
512 929 372 1553108540884 
512 930 372 1553108540901 
513 930 372 1553108541062 
514 930 372 1553108541155 
512 930 373 1553108541197 
512 929 373 1553108541205 
512 928 373 1553108541211 
512 927 374 1553108541221 
512 924 376 1553108541227 
512 923 377 1553108541236 
512 920 379 1553108541243 
512 916 383 1553108541252 
512 911 388 1553108541259 
512 905 395 1553108541268 
512 897 403 1553108541275 
512 891 409 1553108541284 
512 885 415 1553108541291 
512 878 422 1553108541300 
512 871 429 1553108541307 
512 864 439 1553108541316 
512 857 448 1553108541323 
512 849 458 1553108541331 
512 842 468 1553108541339 
512 836 476 1553108541347 
512 829 486 1553108541355 
512 821 496 1553108541363 
512 816 504 1553108541372 
512 807 514 1553108541379 
512 800 521 1553108541387 
512 792 529 1553108541395 
512 785 535 1553108541405 
512 777 541 1553108541411 
512 769 548 1553108541420 
512 760 554 1553108541427 
512 751 560 1553108541436 
512 742 565 1553108541443 
512 733 571 1553108541452 
512 723 576 1553108541459 
512 715 581 1553108541468 
512 705 589 1553108541475 
512 697 592 1553108541484 
512 688 598 1553108541491 
512 680 603 1553108541500 
512 670 609 1553108541507 
512 663 614 1553108541516 
512 656 619 1553108541523 
512 648 623 1553108541532 
512 644 627 1553108541539 
512 638 631 1553108541548 
512 633 634 1553108541555 
512 627 637 1553108541564 
512 624 638 1553108541571 
512 620 640 1553108541580 
512 617 641 1553108541588 
512 616 642 1553108541596 
512 614 642 1553108541604 
512 611 642 1553108541611 
512 609 644 1553108541621 
512 606 644 1553108541627 
512 605 644 1553108541636 
512 602 645 1553108541643 
512 599 645 1553108541652 
512 598 645 1553108541659 
512 595 645 1553108541668 
512 593 645 1553108541675 
512 590 645 1553108541684 
512 587 645 1553108541692 
512 585 645 1553108541700 
512 583 645 1553108541707 
512 581 645 1553108541717 
512 580 646 1553108541724 
512 578 646 1553108541732 
512 576 646 1553108541741 
512 574 646 1553108541751 
512 573 646 1553108541757 
512 571 646 1553108541765 
512 570 646 1553108541773 
512 568 646 1553108541789 
512 567 646 1553108541812 
512 565 646 1553108541828 
512 564 646 1553108541837 
512 562 646 1553108541853 
512 561 646 1553108541869 
512 560 647 1553108541900 
513 560 647 1553108542039 
514 560 647 1553108542117 
512 560 645 1553108542139 
512 560 643 1553108542148 
512 562 640 1553108542156 
512 564 638 1553108542163 
512 566 634 1553108542171 
512 568 631 1553108542180 
512 570 629 1553108542188 
512 572 626 1553108542197 
512 574 623 1553108542204 
512 576 619 1553108542212 
512 579 616 1553108542221 
512 581 611 1553108542228 
512 584 609 1553108542236 
512 589 604 1553108542243 
512 591 600 1553108542252 
512 594 598 1553108542259 
512 596 595 1553108542268 
512 599 592 1553108542275 
512 601 590 1553108542283 
512 604 586 1553108542291 
512 607 582 1553108542300 
512 610 577 1553108542307 
512 615 570 1553108542317 
512 619 561 1553108542323 
512 624 551 1553108542333 
512 627 543 1553108542339 
512 630 536 1553108542347 
512 636 528 1553108542355 
512 640 522 1553108542364 
512 645 517 1553108542372 
512 646 517 1553108542380 
512 649 515 1553108542388 
512 651 514 1553108542396 
512 652 514 1553108542404 
512 654 514 1553108542411 
512 658 516 1553108542420 
512 662 522 1553108542427 
512 666 531 1553108542437 
512 671 538 1553108542444 
512 678 546 1553108542452 
512 684 556 1553108542460 
512 695 563 1553108542468 
512 704 569 1553108542475 
512 715 577 1553108542485 
512 729 586 1553108542492 
512 740 594 1553108542501 
512 756 602 1553108542507 
512 767 608 1553108542516 
512 778 612 1553108542524 
512 788 616 1553108542533 
512 798 619 1553108542540 
512 806 621 1553108542548 
512 814 621 1553108542556 
512 820 622 1553108542564 
512 821 622 1553108542572 
512 823 622 1553108542581 
512 824 622 1553108542588 
512 825 622 1553108542596 
512 825 621 1553108542620 
512 825 620 1553108542628 
512 825 619 1553108542636 
512 826 618 1553108542652 
512 826 617 1553108542669 
512 827 617 1553108542685 
512 828 617 1553108542701 
512 829 617 1553108542707 
512 830 617 1553108542723 
512 832 618 1553108542732 
512 833 619 1553108542740 
512 835 621 1553108542748 
512 836 623 1553108542755 
512 838 625 1553108542764 
512 840 627 1553108542772 
512 843 630 1553108542780 
512 845 631 1553108542788 
512 847 634 1553108542795 
512 849 636 1553108542805 
512 851 638 1553108542813 
512 851 639 1553108542821 
512 853 640 1553108542828 
512 853 641 1553108542852 
512 852 641 1553108542997 
512 850 640 1553108543012 
512 849 640 1553108543021 
512 847 639 1553108543028 
512 845 639 1553108543037 
512 843 639 1553108543045 
512 842 639 1553108543053 
512 841 639 1553108543060 
512 840 639 1553108543069 
513 840 639 1553108543168 
512 839 639 1553108543259 
514 839 639 1553108543260 
512 837 639 1553108543275 
512 834 637 1553108543284 
512 829 634 1553108543291 
512 825 632 1553108543300 
512 821 630 1553108543307 
512 813 628 1553108543316 
512 806 626 1553108543323 
512 799 625 1553108543331 
512 790 623 1553108543339 
512 784 622 1553108543347 
512 777 622 1553108543355 
512 768 618 1553108543363 
512 759 616 1553108543372 
512 749 615 1553108543380 
512 740 615 1553108543388 
512 728 612 1553108543395 
512 713 611 1553108543405 
512 698 609 1553108543411 
512 683 606 1553108543421 
512 668 604 1553108543427 
512 654 603 1553108543437 
512 642 601 1553108543443 
512 629 599 1553108543452 
512 621 598 1553108543459 
512 612 597 1553108543467 
512 609 596 1553108543475 
512 608 595 1553108543483 
512 607 594 1553108543491 
512 607 593 1553108543501 
512 607 592 1553108543507 
512 610 588 1553108543516 
512 616 582 1553108543523 
512 626 578 1553108543532 
512 633 572 1553108543539 
512 642 565 1553108543548 
512 655 554 1553108543557 
512 664 547 1553108543564 
512 680 533 1553108543573 
512 692 522 1553108543581 
512 706 507 1553108543590 
512 720 490 1553108543596 
512 738 472 1553108543604 
512 751 459 1553108543612 
512 769 443 1553108543621 
512 786 430 1553108543627 
512 802 419 1553108543637 
512 813 411 1553108543644 
512 827 402 1553108543652 
512 835 395 1553108543660 
512 843 390 1553108543668 
512 848 386 1553108543676 
512 850 384 1553108543685 
512 853 380 1553108543692 
512 854 380 1553108543700 
512 856 378 1553108543707 
512 857 377 1553108543716 
512 859 376 1553108543732 
512 860 376 1553108543739 
512 862 376 1553108543748 
512 864 375 1553108543755 
512 865 375 1553108543765 
512 869 374 1553108543772 
512 872 373 1553108543780 
512 875 373 1553108543788 
512 880 371 1553108543795 
512 884 370 1553108543804 
512 889 368 1553108543811 
512 892 366 1553108543820 
512 895 365 1553108543827 
512 897 365 1553108543836 
512 899 362 1553108543843 
512 900 362 1553108543867 
512 901 362 1553108543925 
512 902 362 1553108543941 
512 903 362 1553108543948 
512 904 362 1553108544012 
512 905 362 1553108544044 
512 907 362 1553108544053 
512 908 362 1553108544060 
512 909 362 1553108544069 
512 912 364 1553108544076 
512 915 366 1553108544085 
512 916 367 1553108544091 
512 918 368 1553108544101 
512 920 369 1553108544108 
512 921 370 1553108544116 
512 922 370 1553108544132 
512 923 370 1553108544221 
512 924 371 1553108544227 
513 924 371 1553108544286 
514 924 371 1553108544372 
512 922 370 1553108544411 
512 920 369 1553108544421 
512 918 368 1553108544427 
512 916 366 1553108544437 
512 913 366 1553108544443 
512 911 365 1553108544452 
512 907 362 1553108544459 
512 902 360 1553108544467 
512 898 360 1553108544475 
512 892 357 1553108544483 
512 886 356 1553108544491 
512 881 355 1553108544500 
512 871 353 1553108544507 
512 862 352 1553108544517 
512 851 352 1553108544523 
512 839 352 1553108544533 
512 824 352 1553108544539 
512 810 352 1553108544547 
512 794 352 1553108544555 
512 781 352 1553108544564 
512 766 353 1553108544572 
512 754 354 1553108544580 
512 737 355 1553108544588 
512 720 355 1553108544595 
512 707 355 1553108544604 
512 691 355 1553108544611 
512 675 355 1553108544620 
512 663 355 1553108544627 
512 648 355 1553108544636 
512 636 355 1553108544643 
512 626 355 1553108544652 
512 620 357 1553108544659 
512 614 358 1553108544668 
512 610 360 1553108544676 
512 606 361 1553108544683 
512 606 362 1553108544691 
512 605 362 1553108544700 
512 603 363 1553108544707 
512 603 364 1553108544723 
512 602 365 1553108544739 
512 601 365 1553108544755 
512 600 366 1553108544763 
512 598 366 1553108544779 
512 596 366 1553108544788 
512 594 366 1553108544795 
512 590 366 1553108544805 
512 586 366 1553108544812 
512 581 366 1553108544820 
512 575 366 1553108544828 
512 567 366 1553108544837 
512 561 366 1553108544844 
512 551 365 1553108544852 
512 545 364 1553108544860 
512 537 363 1553108544869 
512 532 362 1553108544878 
512 526 362 1553108544885 
512 522 360 1553108544891 
512 518 360 1553108544901 
512 514 359 1553108544908 
512 511 359 1553108544916 
512 508 358 1553108544924 
512 506 358 1553108544932 
512 504 358 1553108544940 
512 502 358 1553108544951 
512 500 358 1553108544957 
512 499 358 1553108544966 
512 497 358 1553108544973 
512 496 358 1553108544981 
512 494 358 1553108544989 
512 493 358 1553108544996 
512 492 358 1553108545044 
512 491 359 1553108545059 
512 491 360 1553108545075 
512 491 361 1553108545092 
512 491 362 1553108545108 
512 490 363 1553108545130 
512 490 365 1553108545148 
512 489 366 1553108545172 
512 488 368 1553108545190 
512 487 369 1553108545213 
512 486 370 1553108545291 
512 485 370 1553108545307 
512 484 370 1553108545316 
512 483 370 1553108545339 
512 481 370 1553108545404 
512 480 371 1553108545427 
512 479 372 1553108545437 
512 478 372 1553108545444 
513 478 372 1553108545446 
512 477 373 1553108545452 
512 476 373 1553108545459 
512 475 373 1553108545476 
512 474 373 1553108545485 
514 474 373 1553108545564 
512 473 373 1553108545580 
512 472 373 1553108545588 
512 473 373 1553108545756 
512 475 373 1553108545764 
512 479 372 1553108545773 
512 481 371 1553108545780 
512 485 370 1553108545789 
512 493 366 1553108545795 
512 501 362 1553108545805 
512 508 360 1553108545811 
512 515 358 1553108545820 
512 525 355 1553108545827 
512 532 352 1553108545836 
512 537 351 1553108545844 
512 542 350 1553108545853 
512 543 350 1553108545860 
512 546 350 1553108545869 
512 547 350 1553108545875 
512 549 350 1553108545885 
512 549 351 1553108545895 
512 549 355 1553108545901 
512 549 361 1553108545907 
512 549 365 1553108545917 
512 549 372 1553108545924 
512 549 377 1553108545932 
512 548 384 1553108545939 
512 544 395 1553108545948 
512 542 404 1553108545956 
512 539 415 1553108545964 
512 536 427 1553108545972 
512 530 446 1553108545981 
512 525 465 1553108545989 
512 520 480 1553108545996 
512 518 493 1553108546005 
512 517 505 1553108546012 
512 515 517 1553108546021 
512 515 529 1553108546028 
512 514 542 1553108546039 
512 514 553 1553108546044 
512 514 561 1553108546053 
512 514 570 1553108546059 
512 514 576 1553108546069 
512 514 584 1553108546075 
512 515 590 1553108546084 
512 517 597 1553108546092 
512 520 601 1553108546101 
512 521 604 1553108546107 
512 523 607 1553108546116 
512 525 610 1553108546123 
512 527 612 1553108546132 
512 528 613 1553108546139 
512 529 615 1553108546147 
512 531 617 1553108546155 
512 531 618 1553108546171 
512 532 619 1553108546179 
512 534 621 1553108546189 
512 534 622 1553108546197 
512 535 624 1553108546211 
512 535 625 1553108546221 
512 537 626 1553108546227 
512 537 628 1553108546236 
512 539 631 1553108546243 
512 540 633 1553108546251 
512 543 636 1553108546259 
512 544 638 1553108546268 
512 547 641 1553108546277 
512 550 644 1553108546284 
512 553 646 1553108546292 
512 554 647 1553108546300 
512 556 649 1553108546307 
512 557 649 1553108546316 
513 557 649 1553108546577 
512 558 649 1553108546659 
514 558 649 1553108546660 
512 558 647 1553108546667 
512 558 644 1553108546676 
512 558 641 1553108546684 
512 558 637 1553108546691 
512 558 633 1553108546701 
512 558 628 1553108546707 
512 558 622 1553108546716 
512 558 618 1553108546723 
512 558 610 1553108546732 
512 558 605 1553108546739 
512 558 598 1553108546747 
512 558 590 1553108546755 
512 558 581 1553108546764 
512 558 570 1553108546772 
512 558 562 1553108546779 
512 561 549 1553108546788 
512 566 538 1553108546796 
512 568 527 1553108546804 
512 571 511 1553108546812 
512 574 498 1553108546820 
512 577 484 1553108546827 
512 581 467 1553108546836 
512 586 450 1553108546843 
512 589 437 1553108546852 
512 590 424 1553108546859 
512 591 409 1553108546868 
512 595 394 1553108546875 
512 599 378 1553108546884 
512 604 361 1553108546891 
512 609 347 1553108546900 
512 612 338 1553108546907 
512 617 329 1553108546916 
512 624 317 1553108546923 
512 627 310 1553108546932 
512 633 303 1553108546939 
512 640 294 1553108546947 
512 645 288 1553108546955 
512 650 284 1553108546965 
512 656 278 1553108546973 
512 661 273 1553108546981 
512 666 268 1553108546989 
512 670 265 1553108546996 
512 674 263 1553108547005 
512 678 259 1553108547012 
512 680 257 1553108547021 
512 682 252 1553108547028 
512 683 251 1553108547036 
512 683 249 1553108547044 
512 684 247 1553108547052 
512 684 245 1553108547060 
512 686 244 1553108547068 
512 687 242 1553108547076 
512 687 240 1553108547086 
512 688 238 1553108547091 
512 690 236 1553108547101 
512 690 235 1553108547108 
512 690 234 1553108547117 
512 690 233 1553108547124 
512 691 232 1553108547132 
512 691 231 1553108547151 
512 691 229 1553108547157 
512 691 228 1553108547165 
512 691 227 1553108547181 
512 691 225 1553108547190 
512 693 223 1553108547204 
512 695 221 1553108547220 
512 696 220 1553108547227 
512 697 219 1553108547236 
512 698 218 1553108547259 
512 698 216 1553108547317 
512 698 215 1553108547355 
513 698 215 1553108547454 
514 698 215 1553108547540 
