512 695 217 1553172009926 
512 690 238 1553172009944 
512 686 268 1553172009960 
512 686 320 1553172009976 
512 686 363 1553172009995 
512 686 415 1553172010010 
512 690 488 1553172010026 
512 697 532 1553172010044 
512 707 562 1553172010061 
512 716 583 1553172010076 
512 725 599 1553172010094 
512 732 607 1553172010111 
512 734 609 1553172010128 
512 736 610 1553172010144 
512 739 612 1553172010159 
512 744 613 1553172010178 
512 753 618 1553172010194 
512 773 624 1553172010211 
512 787 627 1553172010226 
512 797 629 1553172010244 
512 806 629 1553172010261 
512 812 629 1553172010276 
512 815 629 1553172010292 
512 817 629 1553172010309 
512 820 628 1553172010326 
512 822 628 1553172010342 
512 823 628 1553172010378 
512 826 629 1553172010394 
512 832 643 1553172010411 
512 832 648 1553172010427 
512 834 651 1553172010444 
512 835 651 1553172010578 
512 836 651 1553172010661 
512 837 651 1553172010678 
512 839 651 1553172010694 
512 841 649 1553172010710 
512 843 646 1553172010728 
512 844 645 1553172010745 
512 845 645 1553172010761 
513 845 645 1553172010803 
514 845 645 1553172010946 
512 845 644 1553172011078 
512 844 641 1553172011093 
512 838 640 1553172011111 
512 830 637 1553172011127 
512 823 636 1553172011144 
512 810 632 1553172011161 
512 795 626 1553172011178 
512 763 618 1553172011194 
512 662 586 1553172011211 
512 570 545 1553172011228 
512 483 499 1553172011245 
512 404 459 1553172011261 
512 348 427 1553172011278 
512 316 409 1553172011294 
512 305 403 1553172011309 
512 305 402 1553172011327 
512 309 397 1553172011411 
512 318 394 1553172011426 
512 333 389 1553172011445 
512 350 383 1553172011460 
512 365 379 1553172011477 
512 385 374 1553172011494 
512 401 371 1553172011511 
512 413 369 1553172011528 
512 424 368 1553172011543 
512 434 368 1553172011559 
512 441 368 1553172011578 
512 447 368 1553172011594 
512 454 368 1553172011611 
512 456 368 1553172011626 
512 457 369 1553172011744 
512 459 372 1553172011760 
512 464 376 1553172011779 
512 467 378 1553172011795 
512 471 378 1553172011811 
512 475 380 1553172011826 
512 477 380 1553172011844 
513 477 380 1553172012002 
514 477 380 1553172012122 
512 478 380 1553172012243 
512 480 380 1553172012261 
512 486 377 1553172012277 
512 496 372 1553172012293 
512 514 365 1553172012310 
512 535 357 1553172012326 
512 557 350 1553172012343 
512 583 342 1553172012359 
512 609 333 1553172012377 
512 643 312 1553172012394 
512 670 284 1553172012410 
512 687 237 1553172012427 
512 687 217 1553172012443 
512 680 203 1553172012460 
512 674 194 1553172012477 
512 671 191 1553172012493 
512 672 191 1553172012660 
512 677 193 1553172012678 
512 680 197 1553172012693 
512 683 201 1553172012709 
512 685 203 1553172012726 
512 687 207 1553172012744 
512 687 208 1553172012759 
512 687 209 1553172012894 
512 690 209 1553172012926 
512 691 209 1553172012944 
512 693 208 1553172012959 
512 695 207 1553172012993 
512 696 207 1553172013009 
513 696 207 1553172013117 
514 696 207 1553172013234 
512 699 207 1553172013410 
512 705 218 1553172013426 
512 713 230 1553172013443 
512 724 246 1553172013460 
512 736 262 1553172013477 
512 753 283 1553172013493 
512 772 305 1553172013510 
512 793 319 1553172013527 
512 814 333 1553172013543 
512 827 340 1553172013562 
512 833 342 1553172013577 
512 835 343 1553172013593 
512 839 345 1553172013661 
512 843 346 1553172013676 
512 850 348 1553172013694 
512 857 348 1553172013711 
512 863 348 1553172013727 
512 869 349 1553172013744 
512 874 350 1553172013760 
512 879 351 1553172013777 
512 886 355 1553172013793 
512 897 358 1553172013810 
512 903 360 1553172013826 
512 905 361 1553172013844 
512 905 362 1553172013861 
512 906 362 1553172013894 
512 907 364 1553172013909 
512 908 366 1553172013926 
512 909 370 1553172013944 
512 915 377 1553172013960 
512 920 381 1553172013977 
512 929 385 1553172013993 
512 937 386 1553172014009 
512 947 386 1553172014026 
512 948 386 1553172014043 
512 949 386 1553172014060 
512 950 386 1553172014076 
512 950 384 1553172014093 
512 950 383 1553172014126 
512 950 382 1553172014143 
512 948 381 1553172014163 
512 944 378 1553172014176 
512 940 375 1553172014195 
512 938 374 1553172014210 
512 936 374 1553172014294 
512 934 374 1553172014310 
512 931 375 1553172014326 
512 928 376 1553172014344 
513 928 376 1553172014483 
514 928 376 1553172014586 
512 925 376 1553172014826 
512 906 376 1553172014844 
512 880 382 1553172014859 
512 852 398 1553172014876 
512 830 416 1553172014893 
512 811 441 1553172014911 
512 796 472 1553172014926 
512 786 495 1553172014943 
512 778 516 1553172014962 
512 763 537 1553172014976 
512 749 556 1553172014994 
512 723 568 1553172015009 
512 670 579 1553172015027 
512 640 584 1553172015043 
512 617 590 1553172015060 
512 601 595 1553172015076 
512 594 599 1553172015094 
512 592 602 1553172015110 
512 589 602 1553172015127 
512 582 604 1553172015143 
512 574 606 1553172015160 
512 565 611 1553172015176 
512 559 619 1553172015194 
512 558 625 1553172015210 
512 559 636 1553172015226 
512 563 640 1553172015244 
512 567 642 1553172015259 
512 569 643 1553172015309 
512 573 644 1553172015326 
512 580 650 1553172015343 
512 585 655 1553172015360 
512 587 658 1553172015376 
512 585 658 1553172015477 
512 579 658 1553172015493 
512 572 656 1553172015510 
512 567 654 1553172015526 
512 564 653 1553172015543 
512 563 652 1553172015559 
512 563 651 1553172015593 
512 561 650 1553172015626 
512 561 649 1553172015710 
512 561 648 1553172015760 
513 561 648 1553172015818 
514 561 648 1553172015916 
512 561 646 1553172015943 
512 561 645 1553172015960 
512 562 644 1553172015977 
512 564 642 1553172015994 
512 564 640 1553172016010 
512 567 635 1553172016026 
512 568 629 1553172016043 
512 572 619 1553172016060 
512 574 606 1553172016076 
512 582 589 1553172016094 
512 593 571 1553172016110 
512 606 550 1553172016127 
512 624 525 1553172016146 
512 654 497 1553172016159 
512 681 469 1553172016176 
512 711 441 1553172016194 
512 746 421 1553172016211 
512 777 414 1553172016226 
512 792 414 1553172016243 
512 804 417 1553172016259 
512 815 431 1553172016276 
512 822 451 1553172016295 
512 829 479 1553172016309 
512 837 505 1553172016327 
512 840 529 1553172016344 
512 843 544 1553172016360 
512 843 554 1553172016377 
512 839 559 1553172016393 
512 826 562 1553172016411 
512 821 563 1553172016427 
512 815 565 1553172016443 
512 815 569 1553172016461 
512 815 576 1553172016478 
512 815 582 1553172016493 
512 819 586 1553172016510 
512 823 590 1553172016528 
512 828 593 1553172016543 
512 830 595 1553172016560 
512 831 596 1553172016576 
512 832 597 1553172016594 
512 833 599 1553172016610 
512 834 604 1553172016626 
512 834 610 1553172016644 
512 834 614 1553172016660 
512 834 617 1553172016676 
512 834 621 1553172016693 
512 834 623 1553172016710 
512 834 626 1553172016726 
512 834 629 1553172016744 
512 834 633 1553172016759 
512 834 637 1553172016776 
512 834 640 1553172016793 
512 834 643 1553172016810 
512 834 645 1553172016826 
512 836 644 1553172016993 
512 836 643 1553172017009 
512 836 642 1553172017026 
513 836 642 1553172017058 
514 836 642 1553172017165 
512 836 641 1553172017276 
512 836 638 1553172017294 
512 836 637 1553172017310 
512 836 634 1553172017327 
512 836 632 1553172017344 
512 836 628 1553172017360 
512 837 623 1553172017376 
512 841 614 1553172017394 
512 851 594 1553172017411 
512 863 573 1553172017427 
512 875 552 1553172017443 
512 885 529 1553172017460 
512 892 507 1553172017477 
512 897 485 1553172017494 
512 905 462 1553172017510 
512 911 440 1553172017526 
512 916 422 1553172017543 
512 916 410 1553172017560 
512 916 399 1553172017578 
512 914 392 1553172017594 
512 908 386 1553172017611 
512 908 385 1553172017795 
512 908 384 1553172017810 
512 911 382 1553172017827 
512 912 382 1553172017943 
512 918 380 1553172017960 
512 922 378 1553172017976 
512 926 377 1553172017993 
512 928 376 1553172018011 
513 928 376 1553172018171 
514 928 376 1553172018284 
512 929 374 1553172018412 
512 929 372 1553172018426 
512 929 371 1553172018444 
512 929 370 1553172018460 
512 928 369 1553172018476 
512 927 368 1553172018493 
512 925 366 1553172018509 
512 915 361 1553172018526 
512 893 352 1553172018544 
512 849 341 1553172018560 
512 783 329 1553172018577 
512 733 326 1553172018594 
512 690 326 1553172018611 
512 669 330 1553172018628 
512 651 339 1553172018645 
512 632 345 1553172018660 
512 614 352 1553172018677 
512 593 359 1553172018693 
512 574 366 1553172018711 
512 561 371 1553172018726 
512 549 375 1553172018743 
512 543 376 1553172018760 
512 537 377 1553172018779 
512 529 377 1553172018794 
512 519 377 1553172018812 
512 494 377 1553172018832 
512 475 377 1553172018843 
512 462 377 1553172018862 
512 454 377 1553172018878 
512 453 376 1553172018894 
512 454 376 1553172019077 
512 459 376 1553172019095 
512 466 376 1553172019110 
512 470 376 1553172019128 
512 472 375 1553172019143 
513 472 375 1553172019290 
514 472 375 1553172019401 
512 473 375 1553172019426 
512 476 375 1553172019477 
512 481 372 1553172019493 
512 486 367 1553172019510 
512 493 360 1553172019526 
512 499 354 1553172019543 
512 505 349 1553172019560 
512 510 345 1553172019576 
512 519 341 1553172019595 
512 540 332 1553172019611 
512 555 326 1553172019626 
512 569 324 1553172019644 
512 578 321 1553172019660 
512 583 320 1553172019676 
512 588 318 1553172019693 
512 592 317 1553172019711 
512 597 317 1553172019727 
512 605 317 1553172019743 
512 617 333 1553172019761 
512 628 356 1553172019778 
512 639 392 1553172019793 
512 640 455 1553172019812 
512 633 492 1553172019827 
512 619 520 1553172019843 
512 607 542 1553172019860 
512 599 557 1553172019876 
512 596 568 1553172019893 
512 593 578 1553172019910 
512 591 587 1553172019926 
512 590 591 1553172019943 
512 587 597 1553172019960 
512 585 600 1553172019977 
512 581 606 1553172019993 
512 580 612 1553172020010 
512 577 621 1553172020026 
512 577 623 1553172020043 
512 577 626 1553172020060 
512 577 627 1553172020076 
512 577 629 1553172020094 
512 576 631 1553172020110 
512 575 633 1553172020126 
512 574 634 1553172020143 
512 572 635 1553172020177 
512 570 636 1553172020194 
512 564 637 1553172020211 
512 560 637 1553172020226 
512 557 637 1553172020243 
512 556 639 1553172020259 
512 555 640 1553172020293 
512 555 641 1553172020395 
513 555 641 1553172020398 
512 555 642 1553172020428 
514 555 642 1553172020483 
512 555 642 1553172020494 
512 557 642 1553172020526 
512 558 642 1553172020560 
512 560 637 1553172020576 
512 565 628 1553172020594 
512 571 614 1553172020610 
512 589 581 1553172020626 
512 597 560 1553172020644 
512 606 539 1553172020660 
512 614 522 1553172020676 
512 620 506 1553172020693 
512 625 491 1553172020710 
512 632 474 1553172020727 
512 640 459 1553172020748 
512 645 442 1553172020760 
512 647 423 1553172020776 
512 647 403 1553172020793 
512 647 385 1553172020810 
512 652 359 1553172020828 
512 658 342 1553172020845 
512 668 327 1553172020860 
512 677 314 1553172020876 
512 686 300 1553172020894 
512 691 288 1553172020910 
512 692 279 1553172020928 
512 693 269 1553172020943 
512 693 262 1553172020960 
512 693 258 1553172020976 
512 693 252 1553172020993 
512 693 248 1553172021010 
512 693 241 1553172021026 
512 693 238 1553172021043 
512 692 234 1553172021060 
512 691 230 1553172021078 
512 691 226 1553172021093 
512 691 223 1553172021111 
512 691 220 1553172021127 
512 691 219 1553172021144 
512 692 217 1553172021162 
512 694 215 1553172021195 
512 695 214 1553172021211 
512 697 213 1553172021228 
512 698 212 1553172021376 
513 698 212 1553172021402 
514 698 212 1553172021499 
