512 694 213 1553172021611 
512 691 217 1553172021627 
512 690 226 1553172021643 
512 690 237 1553172021660 
512 692 253 1553172021676 
512 699 270 1553172021693 
512 709 287 1553172021710 
512 720 304 1553172021726 
512 733 325 1553172021743 
512 745 350 1553172021760 
512 753 378 1553172021777 
512 766 422 1553172021793 
512 774 484 1553172021811 
512 778 515 1553172021826 
512 778 539 1553172021844 
512 778 556 1553172021861 
512 778 570 1553172021876 
512 778 578 1553172021893 
512 777 588 1553172021910 
512 777 596 1553172021928 
512 779 604 1553172021944 
512 782 611 1553172021961 
512 789 623 1553172021978 
512 796 633 1553172021996 
512 804 641 1553172022010 
512 817 646 1553172022027 
512 822 646 1553172022045 
512 825 646 1553172022060 
512 827 644 1553172022076 
512 830 642 1553172022093 
512 832 640 1553172022112 
512 834 640 1553172022127 
512 836 639 1553172022145 
512 837 639 1553172022310 
513 837 639 1553172022333 
514 837 639 1553172022434 
512 835 630 1553172022493 
512 829 611 1553172022511 
512 821 587 1553172022527 
512 808 551 1553172022543 
512 788 478 1553172022568 
512 780 450 1553172022576 
512 767 409 1553172022595 
512 765 368 1553172022611 
512 765 349 1553172022628 
512 768 335 1553172022645 
512 771 328 1553172022661 
512 777 316 1553172022678 
512 779 305 1553172022694 
512 779 292 1553172022712 
512 763 274 1553172022728 
512 729 251 1553172022745 
512 684 234 1553172022762 
512 633 230 1553172022779 
512 607 237 1553172022795 
512 584 252 1553172022811 
512 564 273 1553172022827 
512 545 294 1553172022843 
512 528 308 1553172022862 
512 513 322 1553172022876 
512 504 330 1553172022894 
512 497 341 1553172022911 
512 496 345 1553172022926 
512 496 350 1553172022944 
512 495 356 1553172022960 
512 495 359 1553172022979 
512 493 360 1553172022995 
512 489 360 1553172023011 
512 482 360 1553172023026 
512 475 360 1553172023045 
512 469 362 1553172023059 
512 465 363 1553172023078 
512 463 364 1553172023095 
512 462 366 1553172023143 
512 462 367 1553172023245 
512 462 368 1553172023261 
512 462 370 1553172023276 
512 463 371 1553172023294 
512 464 372 1553172023359 
513 464 372 1553172023458 
512 464 373 1553172023554 
514 464 373 1553172023555 
512 464 373 1553172023561 
512 465 374 1553172023578 
512 466 374 1553172023595 
512 468 374 1553172023611 
512 470 371 1553172023628 
512 473 368 1553172023644 
512 476 361 1553172023661 
512 482 353 1553172023678 
512 492 343 1553172023693 
512 506 331 1553172023712 
512 523 317 1553172023728 
512 542 304 1553172023746 
512 562 291 1553172023761 
512 581 278 1553172023778 
512 596 266 1553172023796 
512 612 254 1553172023811 
512 633 239 1553172023827 
512 646 232 1553172023844 
512 659 223 1553172023859 
512 675 217 1553172023878 
512 688 212 1553172023895 
512 702 210 1553172023909 
512 717 206 1553172023928 
512 731 205 1553172023945 
512 740 203 1553172023962 
512 745 203 1553172023978 
512 745 202 1553172023995 
512 742 202 1553172024095 
512 738 202 1553172024113 
512 732 202 1553172024128 
512 725 202 1553172024145 
512 722 203 1553172024162 
512 718 205 1553172024178 
512 716 205 1553172024193 
512 713 207 1553172024211 
512 709 208 1553172024244 
512 705 209 1553172024310 
512 699 210 1553172024326 
512 694 211 1553172024343 
512 691 211 1553172024363 
513 691 211 1553172024451 
514 691 211 1553172024570 
512 693 211 1553172024827 
512 694 211 1553172024845 
512 695 211 1553172024860 
512 696 211 1553172024876 
512 697 211 1553172024893 
512 699 210 1553172024911 
512 700 209 1553172024926 
512 701 209 1553172024943 
513 701 209 1553172025043 
514 701 209 1553172025149 
512 701 213 1553172025277 
512 701 219 1553172025293 
512 701 231 1553172025310 
512 704 246 1553172025327 
512 711 263 1553172025343 
512 719 281 1553172025359 
512 731 300 1553172025377 
512 749 316 1553172025395 
512 774 334 1553172025410 
512 836 364 1553172025427 
512 874 381 1553172025443 
512 899 392 1553172025460 
512 910 399 1553172025476 
512 913 402 1553172025493 
512 914 403 1553172025510 
512 915 403 1553172025576 
512 919 402 1553172025594 
512 922 399 1553172025610 
512 929 393 1553172025626 
512 930 389 1553172025642 
512 932 384 1553172025661 
512 932 380 1553172025677 
512 932 377 1553172025693 
512 932 374 1553172025709 
512 932 372 1553172025726 
513 932 372 1553172025900 
514 932 372 1553172025980 
512 930 371 1553172026028 
512 915 371 1553172026043 
512 891 372 1553172026061 
512 855 379 1553172026077 
512 819 382 1553172026094 
512 785 390 1553172026111 
512 756 398 1553172026126 
512 730 409 1553172026145 
512 703 420 1553172026160 
512 678 431 1553172026176 
512 632 451 1553172026195 
512 617 457 1553172026211 
512 562 481 1553172026227 
512 528 506 1553172026243 
512 506 536 1553172026261 
512 501 559 1553172026278 
512 501 583 1553172026295 
512 508 607 1553172026310 
512 512 623 1553172026327 
512 512 629 1553172026344 
512 512 634 1553172026360 
512 514 638 1553172026376 
512 517 643 1553172026394 
512 521 650 1553172026411 
512 526 656 1553172026426 
512 529 659 1553172026443 
512 531 660 1553172026460 
512 533 660 1553172026493 
512 535 660 1553172026510 
512 541 660 1553172026526 
512 548 660 1553172026543 
512 553 660 1553172026562 
512 556 660 1553172026577 
512 560 658 1553172026592 
512 561 656 1553172026612 
512 562 654 1553172026626 
512 563 653 1553172026643 
512 563 652 1553172026793 
512 563 650 1553172026843 
512 562 649 1553172026860 
512 562 647 1553172026876 
512 562 646 1553172026893 
513 562 646 1553172026986 
514 562 646 1553172027083 
512 562 644 1553172027126 
512 562 640 1553172027144 
512 562 635 1553172027159 
512 562 625 1553172027176 
512 562 604 1553172027194 
512 562 594 1553172027210 
512 562 550 1553172027226 
512 562 522 1553172027244 
512 562 497 1553172027259 
512 565 476 1553172027277 
512 567 457 1553172027293 
512 567 442 1553172027312 
512 570 428 1553172027326 
512 571 418 1553172027343 
512 574 408 1553172027360 
512 576 405 1553172027377 
512 581 403 1553172027394 
512 588 403 1553172027410 
512 622 427 1553172027426 
512 661 464 1553172027443 
512 695 505 1553172027462 
512 716 533 1553172027476 
512 728 551 1553172027493 
512 737 568 1553172027510 
512 748 588 1553172027528 
512 764 611 1553172027543 
512 779 631 1553172027563 
512 799 649 1553172027576 
512 815 662 1553172027594 
512 832 669 1553172027610 
512 845 672 1553172027626 
512 848 672 1553172027643 
512 849 672 1553172027660 
512 849 671 1553172027676 
512 849 668 1553172027693 
512 849 667 1553172027711 
512 849 665 1553172027727 
512 849 664 1553172027743 
512 849 663 1553172027760 
512 849 662 1553172027776 
512 849 659 1553172027795 
512 848 654 1553172027811 
512 848 649 1553172027826 
512 847 648 1553172027843 
512 847 647 1553172027860 
512 847 646 1553172027878 
512 846 646 1553172027927 
512 845 645 1553172027944 
512 844 644 1553172027960 
513 844 644 1553172028051 
514 844 644 1553172028149 
512 842 640 1553172028226 
512 839 634 1553172028243 
512 830 621 1553172028260 
512 817 606 1553172028277 
512 798 589 1553172028294 
512 777 575 1553172028310 
512 762 569 1553172028327 
512 752 567 1553172028343 
512 745 566 1553172028360 
512 740 565 1553172028376 
512 740 562 1553172028394 
512 745 558 1553172028611 
512 783 546 1553172028626 
512 808 534 1553172028643 
512 834 519 1553172028660 
512 853 509 1553172028678 
512 867 501 1553172028692 
512 876 495 1553172028709 
512 884 487 1553172028727 
512 892 479 1553172028744 
512 898 470 1553172028760 
512 902 462 1553172028776 
512 903 457 1553172028793 
512 903 451 1553172028810 
512 902 445 1553172028826 
512 901 443 1553172028843 
512 900 438 1553172028861 
512 900 433 1553172028876 
512 901 427 1553172028893 
512 908 421 1553172028910 
512 915 417 1553172028928 
512 921 413 1553172028943 
512 924 411 1553172028962 
512 929 406 1553172028976 
512 932 401 1553172028994 
512 935 392 1553172029010 
512 936 389 1553172029027 
512 937 388 1553172029043 
512 937 386 1553172029160 
512 937 385 1553172029177 
512 937 384 1553172029193 
512 937 383 1553172029210 
512 937 382 1553172029278 
512 937 381 1553172029293 
512 937 380 1553172029312 
513 937 380 1553172029355 
512 936 379 1553172029490 
514 936 379 1553172029490 
512 936 379 1553172029494 
512 934 379 1553172029509 
512 931 379 1553172029528 
512 928 379 1553172029544 
512 925 379 1553172029562 
512 922 379 1553172029576 
512 921 379 1553172029610 
512 925 376 1553172029910 
512 926 376 1553172029926 
512 927 375 1553172029943 
512 928 373 1553172029977 
513 928 373 1553172030030 
514 928 373 1553172030197 
512 923 370 1553172030427 
512 909 366 1553172030443 
512 881 358 1553172030460 
512 826 350 1553172030477 
512 733 335 1553172030493 
512 628 321 1553172030510 
512 532 316 1553172030526 
512 472 316 1553172030543 
512 435 322 1553172030563 
512 418 327 1553172030576 
512 412 332 1553172030596 
512 409 336 1553172030610 
512 406 339 1553172030627 
512 405 341 1553172030645 
512 405 342 1553172030660 
512 404 345 1553172030677 
512 404 351 1553172030697 
512 404 357 1553172030711 
512 404 362 1553172030732 
512 406 368 1553172030745 
512 409 371 1553172030762 
512 413 373 1553172030778 
512 431 377 1553172030796 
512 436 377 1553172030811 
512 449 379 1553172030827 
512 452 379 1553172030845 
512 453 379 1553172030861 
512 455 379 1553172030926 
512 456 379 1553172030944 
512 458 379 1553172030962 
512 460 379 1553172030976 
512 462 379 1553172031026 
512 465 378 1553172031060 
512 470 377 1553172031078 
512 476 377 1553172031096 
512 477 377 1553172031227 
513 477 377 1553172031229 
514 477 377 1553172031333 
512 477 374 1553172031411 
512 479 366 1553172031429 
512 482 359 1553172031443 
512 486 352 1553172031459 
512 493 341 1553172031476 
512 499 330 1553172031493 
512 506 322 1553172031509 
512 515 311 1553172031527 
512 527 302 1553172031544 
512 539 295 1553172031560 
512 554 292 1553172031577 
512 568 290 1553172031594 
512 587 290 1553172031613 
512 597 295 1553172031630 
512 607 306 1553172031644 
512 612 325 1553172031661 
512 612 355 1553172031676 
512 612 394 1553172031694 
512 602 439 1553172031710 
512 587 489 1553172031727 
512 579 523 1553172031746 
512 579 546 1553172031760 
512 579 564 1553172031776 
512 583 581 1553172031796 
512 584 584 1553172031811 
512 585 588 1553172031826 
512 585 589 1553172031844 
512 585 590 1553172031860 
512 585 591 1553172031895 
512 585 594 1553172031910 
512 585 597 1553172031927 
512 585 600 1553172031944 
512 585 602 1553172031960 
512 585 603 1553172031977 
512 584 605 1553172031997 
512 584 606 1553172032011 
512 581 610 1553172032028 
512 579 615 1553172032044 
512 579 617 1553172032063 
512 577 621 1553172032077 
512 577 624 1553172032093 
512 575 625 1553172032111 
512 575 626 1553172032126 
512 574 626 1553172032143 
512 573 627 1553172032160 
512 571 629 1553172032178 
512 568 632 1553172032194 
512 566 634 1553172032210 
512 565 637 1553172032228 
512 564 637 1553172032243 
513 564 637 1553172032419 
514 564 637 1553172032522 
512 564 636 1553172032561 
512 564 633 1553172032577 
512 565 629 1553172032594 
512 566 623 1553172032610 
512 572 603 1553172032627 
512 577 586 1553172032643 
512 582 566 1553172032664 
512 586 548 1553172032676 
512 592 530 1553172032694 
512 600 512 1553172032712 
512 608 496 1553172032727 
512 614 481 1553172032743 
512 619 464 1553172032761 
512 622 441 1553172032776 
512 625 412 1553172032794 
512 631 386 1553172032811 
512 646 354 1553172032828 
512 653 335 1553172032844 
512 662 318 1553172032860 
512 667 304 1553172032877 
512 671 290 1553172032893 
512 671 276 1553172032910 
512 671 266 1553172032927 
512 671 258 1553172032944 
512 672 252 1553172032962 
512 673 249 1553172032977 
512 674 246 1553172032994 
512 675 245 1553172033010 
512 676 243 1553172033026 
512 676 242 1553172033043 
512 678 240 1553172033060 
512 681 238 1553172033076 
512 685 235 1553172033094 
512 691 231 1553172033110 
512 695 229 1553172033128 
512 697 227 1553172033145 
512 697 226 1553172033160 
512 697 225 1553172033178 
512 697 222 1553172033195 
512 697 215 1553172033212 
512 697 213 1553172033226 
512 697 211 1553172033243 
512 697 210 1553172033261 
513 697 210 1553172033400 
514 697 210 1553172033489 
