512 697 209 1553172033610 
512 694 210 1553172033626 
512 692 216 1553172033643 
512 691 224 1553172033660 
512 691 238 1553172033676 
512 691 254 1553172033694 
512 691 272 1553172033710 
512 691 295 1553172033727 
512 694 320 1553172033743 
512 696 350 1553172033761 
512 699 384 1553172033778 
512 703 412 1553172033794 
512 708 441 1553172033810 
512 714 473 1553172033826 
512 723 490 1553172033843 
512 733 502 1553172033862 
512 742 509 1553172033876 
512 748 510 1553172033894 
512 753 510 1553172033911 
512 758 511 1553172033926 
512 766 516 1553172033944 
512 777 522 1553172033960 
512 784 530 1553172033976 
512 792 539 1553172033994 
512 801 550 1553172034010 
512 808 560 1553172034026 
512 816 575 1553172034044 
512 819 585 1553172034060 
512 823 594 1553172034076 
512 824 603 1553172034093 
512 824 611 1553172034110 
512 824 615 1553172034126 
512 826 618 1553172034144 
512 826 619 1553172034160 
512 826 620 1553172034178 
512 827 621 1553172034210 
512 828 622 1553172034226 
512 828 624 1553172034245 
512 829 625 1553172034260 
512 829 626 1553172034277 
512 830 630 1553172034294 
512 833 634 1553172034310 
512 835 640 1553172034327 
512 838 643 1553172034343 
512 838 645 1553172034360 
512 839 647 1553172034379 
513 839 647 1553172034506 
514 839 647 1553172034597 
512 841 647 1553172034643 
512 841 644 1553172034676 
512 841 642 1553172034694 
512 841 636 1553172034712 
512 841 629 1553172034726 
512 841 617 1553172034743 
512 841 602 1553172034760 
512 844 579 1553172034779 
512 844 559 1553172034794 
512 844 535 1553172034810 
512 839 493 1553172034826 
512 815 460 1553172034843 
512 781 435 1553172034860 
512 737 420 1553172034877 
512 698 414 1553172034893 
512 664 413 1553172034909 
512 625 410 1553172034926 
512 589 410 1553172034943 
512 541 406 1553172034960 
512 492 394 1553172034976 
512 440 378 1553172034993 
512 401 367 1553172035011 
512 398 366 1553172035029 
512 400 364 1553172035143 
512 406 363 1553172035160 
512 414 363 1553172035179 
512 425 364 1553172035194 
512 447 371 1553172035212 
512 459 376 1553172035226 
512 468 381 1553172035244 
512 471 381 1553172035260 
512 471 382 1553172035293 
512 473 384 1553172035343 
512 476 385 1553172035360 
512 480 387 1553172035376 
512 481 387 1553172035426 
512 481 385 1553172035447 
512 481 384 1553172035493 
512 480 383 1553172035526 
512 478 383 1553172035543 
512 477 383 1553172035710 
512 475 382 1553172035726 
512 473 380 1553172035743 
512 471 377 1553172035760 
513 471 377 1553172035766 
512 470 377 1553172035776 
514 470 377 1553172035906 
512 470 377 1553172035927 
512 470 376 1553172036078 
512 471 374 1553172036112 
512 475 372 1553172036127 
512 486 367 1553172036144 
512 503 360 1553172036161 
512 527 351 1553172036177 
512 556 333 1553172036195 
512 590 306 1553172036211 
512 622 271 1553172036226 
512 638 253 1553172036244 
512 647 241 1553172036261 
512 653 234 1553172036278 
512 660 229 1553172036293 
512 663 228 1553172036311 
512 666 228 1553172036326 
512 669 228 1553172036343 
512 675 226 1553172036362 
512 685 222 1553172036376 
512 700 217 1553172036395 
512 715 211 1553172036411 
512 726 205 1553172036427 
512 728 204 1553172036445 
512 728 203 1553172036561 
512 727 202 1553172036579 
512 724 202 1553172036594 
512 716 200 1553172036611 
512 710 200 1553172036628 
512 707 200 1553172036643 
512 704 200 1553172036660 
512 703 200 1553172036677 
512 700 201 1553172036693 
512 699 203 1553172036711 
512 698 203 1553172036727 
512 697 204 1553172036743 
512 695 204 1553172036760 
512 694 206 1553172036776 
512 693 206 1553172036793 
513 693 206 1553172036884 
514 693 206 1553172036996 
512 692 207 1553172037127 
512 690 210 1553172037143 
512 690 219 1553172037161 
512 690 229 1553172037178 
512 690 239 1553172037194 
512 698 254 1553172037212 
512 708 265 1553172037226 
512 722 277 1553172037244 
512 738 294 1553172037260 
512 757 312 1553172037276 
512 777 336 1553172037293 
512 795 360 1553172037310 
512 809 378 1553172037326 
512 819 389 1553172037343 
512 824 391 1553172037360 
512 825 391 1553172037376 
512 830 386 1553172037394 
512 834 379 1553172037411 
512 841 368 1553172037428 
512 844 365 1553172037443 
512 850 362 1553172037460 
512 851 362 1553172037476 
512 852 362 1553172037493 
512 854 362 1553172037510 
512 856 362 1553172037526 
512 859 362 1553172037544 
512 866 363 1553172037560 
512 875 367 1553172037578 
512 885 367 1553172037593 
512 893 367 1553172037610 
512 906 367 1553172037627 
512 912 367 1553172037643 
512 915 367 1553172037660 
512 917 367 1553172037676 
512 919 367 1553172037826 
512 920 368 1553172037843 
512 922 370 1553172037860 
512 923 370 1553172037878 
512 923 371 1553172037910 
512 925 372 1553172037944 
512 925 373 1553172037962 
512 925 376 1553172037978 
512 926 377 1553172038012 
513 926 377 1553172038019 
514 926 377 1553172038123 
512 928 379 1553172038145 
512 925 379 1553172038178 
512 918 377 1553172038195 
512 916 373 1553172038211 
512 913 379 1553172038478 
512 910 390 1553172038495 
512 906 391 1553172038512 
512 879 412 1553172038528 
512 826 455 1553172038544 
512 756 528 1553172038561 
512 701 595 1553172038578 
512 656 646 1553172038595 
512 635 675 1553172038612 
512 615 700 1553172038628 
512 609 708 1553172038644 
512 606 711 1553172038661 
512 600 714 1553172038678 
512 591 715 1553172038695 
512 579 718 1553172038712 
512 569 719 1553172038728 
512 567 719 1553172038745 
512 568 708 1553172038812 
512 575 690 1553172038830 
512 579 683 1553172038845 
512 583 678 1553172038861 
512 587 674 1553172038878 
512 589 672 1553172038895 
512 591 668 1553172038911 
512 591 665 1553172038928 
512 591 661 1553172038946 
512 591 657 1553172038961 
512 591 653 1553172038980 
512 591 651 1553172038996 
512 591 649 1553172039012 
512 587 644 1553172039029 
512 586 643 1553172039046 
512 585 643 1553172039061 
512 584 643 1553172039128 
512 580 643 1553172039144 
512 573 643 1553172039162 
512 564 643 1553172039178 
512 555 643 1553172039195 
512 553 643 1553172039214 
513 553 643 1553172039401 
514 553 643 1553172039491 
512 553 639 1553172039578 
512 553 632 1553172039595 
512 551 625 1553172039612 
512 534 588 1553172039628 
512 519 541 1553172039646 
512 515 501 1553172039661 
512 516 464 1553172039678 
512 540 417 1553172039694 
512 557 390 1553172039712 
512 569 368 1553172039728 
512 580 352 1553172039746 
512 595 348 1553172039763 
512 630 354 1553172039778 
512 717 398 1553172039795 
512 834 463 1553172039812 
512 1012 571 1553172039828 
512 1060 611 1553172039844 
512 1065 619 1553172039861 
512 1065 623 1553172039878 
512 1052 626 1553172039894 
512 1037 627 1553172039911 
512 1029 628 1553172039928 
512 1026 630 1553172039944 
512 1024 633 1553172039964 
512 1021 638 1553172039979 
512 1016 646 1553172039995 
512 1001 660 1553172040012 
512 990 664 1553172040030 
512 978 668 1553172040044 
512 964 672 1553172040061 
512 949 673 1553172040078 
512 932 677 1553172040094 
512 916 677 1553172040111 
512 896 677 1553172040128 
512 878 677 1553172040144 
512 865 677 1553172040161 
512 857 677 1553172040181 
512 853 677 1553172040194 
512 853 676 1553172040294 
512 851 674 1553172040311 
512 850 673 1553172040328 
512 850 669 1553172040344 
512 850 666 1553172040361 
512 850 661 1553172040379 
512 849 657 1553172040395 
512 848 655 1553172040414 
512 848 654 1553172040428 
512 848 653 1553172040612 
512 848 651 1553172040628 
512 846 649 1553172040644 
512 844 646 1553172040661 
513 844 646 1553172040752 
514 844 646 1553172040869 
512 844 645 1553172040944 
512 844 640 1553172040964 
512 840 631 1553172040978 
512 835 615 1553172040995 
512 827 595 1553172041012 
512 818 556 1553172041028 
512 814 529 1553172041044 
512 814 502 1553172041062 
512 814 476 1553172041078 
512 815 452 1553172041095 
512 821 435 1553172041111 
512 834 418 1553172041128 
512 850 407 1553172041144 
512 875 397 1553172041161 
512 904 394 1553172041178 
512 927 391 1553172041195 
512 936 391 1553172041213 
512 938 392 1553172041228 
512 938 393 1553172041245 
512 938 396 1553172041261 
512 936 397 1553172041412 
512 936 392 1553172041429 
512 933 387 1553172041444 
512 932 383 1553172041462 
512 932 382 1553172041478 
512 932 381 1553172041496 
512 932 379 1553172041511 
513 932 379 1553172041659 
514 932 379 1553172041801 
512 929 375 1553172041828 
512 929 373 1553172041844 
512 929 372 1553172041861 
512 921 372 1553172042113 
512 911 380 1553172042128 
512 884 386 1553172042144 
512 858 391 1553172042161 
512 833 395 1553172042178 
512 806 397 1553172042195 
512 778 402 1553172042212 
512 741 408 1553172042228 
512 725 410 1553172042246 
512 707 412 1553172042261 
512 691 412 1553172042279 
512 674 412 1553172042295 
512 658 412 1553172042312 
512 637 411 1553172042328 
512 617 409 1553172042346 
512 600 406 1553172042361 
512 585 405 1553172042378 
512 576 405 1553172042395 
512 572 405 1553172042412 
512 557 407 1553172042427 
512 547 409 1553172042444 
512 537 411 1553172042461 
512 531 411 1553172042478 
512 527 411 1553172042494 
512 526 411 1553172042512 
512 525 411 1553172042581 
512 523 408 1553172042594 
512 521 405 1553172042611 
512 516 399 1553172042632 
512 511 395 1553172042644 
512 506 391 1553172042661 
512 501 388 1553172042678 
512 498 386 1553172042694 
512 497 385 1553172042712 
512 495 385 1553172042778 
512 494 385 1553172042800 
512 492 385 1553172042811 
512 491 385 1553172042828 
512 489 386 1553172042844 
512 487 386 1553172042863 
512 485 386 1553172042878 
512 482 386 1553172042895 
512 480 386 1553172042911 
512 478 386 1553172042927 
512 476 386 1553172042944 
512 475 386 1553172042964 
512 474 385 1553172043062 
512 473 384 1553172043080 
512 472 382 1553172043096 
512 472 381 1553172043112 
512 471 380 1553172043128 
512 470 379 1553172043146 
512 469 377 1553172043161 
512 469 375 1553172043178 
512 467 373 1553172043195 
512 466 372 1553172043213 
513 466 372 1553172043236 
514 466 372 1553172043349 
512 469 372 1553172043462 
512 481 372 1553172043478 
512 502 364 1553172043494 
512 522 357 1553172043512 
512 538 352 1553172043527 
512 555 343 1553172043545 
512 572 336 1553172043561 
512 595 331 1553172043580 
512 626 330 1553172043595 
512 668 332 1553172043612 
512 709 347 1553172043628 
512 716 355 1553172043645 
512 716 370 1553172043661 
512 703 389 1553172043678 
512 673 419 1553172043694 
512 639 453 1553172043712 
512 615 495 1553172043728 
512 606 537 1553172043744 
512 606 573 1553172043762 
512 606 598 1553172043778 
512 607 624 1553172043796 
512 607 629 1553172043811 
512 604 638 1553172043828 
512 601 641 1553172043846 
512 594 645 1553172043861 
512 589 650 1553172043879 
512 583 655 1553172043894 
512 578 664 1553172043911 
512 570 676 1553172043928 
512 566 681 1553172043946 
512 561 685 1553172043961 
512 559 685 1553172043978 
512 556 685 1553172043994 
512 555 685 1553172044027 
512 555 683 1553172044046 
512 555 680 1553172044061 
512 555 677 1553172044077 
512 555 673 1553172044096 
512 555 668 1553172044111 
512 555 662 1553172044128 
512 555 658 1553172044146 
512 555 655 1553172044161 
512 555 651 1553172044178 
512 555 649 1553172044195 
512 556 648 1553172044213 
512 556 647 1553172044246 
512 556 646 1553172044261 
512 557 643 1553172044278 
512 558 641 1553172044294 
512 559 639 1553172044311 
512 559 638 1553172044328 
513 559 638 1553172044415 
514 559 638 1553172044507 
512 562 637 1553172044595 
512 566 631 1553172044612 
512 577 616 1553172044628 
512 585 601 1553172044644 
512 593 584 1553172044661 
512 603 566 1553172044678 
512 614 541 1553172044694 
512 626 517 1553172044711 
512 641 493 1553172044728 
512 664 462 1553172044745 
512 685 432 1553172044761 
512 701 402 1553172044779 
512 709 379 1553172044795 
512 713 357 1553172044812 
512 714 332 1553172044829 
512 714 320 1553172044845 
512 714 311 1553172044863 
512 714 306 1553172044877 
512 714 298 1553172044895 
512 712 291 1553172044911 
512 710 282 1553172044928 
512 707 276 1553172044945 
512 704 272 1553172044962 
512 703 266 1553172044980 
512 702 262 1553172044995 
512 701 259 1553172045012 
512 701 253 1553172045028 
512 700 250 1553172045044 
512 700 245 1553172045061 
512 700 243 1553172045078 
512 700 242 1553172045094 
512 700 239 1553172045111 
512 700 238 1553172045128 
512 700 236 1553172045161 
512 700 234 1553172045180 
512 700 233 1553172045195 
512 700 231 1553172045211 
512 701 229 1553172045228 
512 701 227 1553172045262 
512 701 225 1553172045277 
512 701 224 1553172045294 
512 701 221 1553172045311 
512 702 219 1553172045328 
512 702 216 1553172045344 
512 704 215 1553172045361 
512 704 214 1553172045395 
512 705 213 1553172045412 
512 705 212 1553172045461 
513 705 212 1553172045491 
514 705 212 1553172045603 
