512 697 205 1553195085021 
512 698 209 1553195085028 
512 701 216 1553195085037 
512 702 223 1553195085044 
512 705 233 1553195085053 
512 707 240 1553195085060 
512 711 251 1553195085072 
512 716 263 1553195085076 
512 717 274 1553195085084 
512 721 287 1553195085092 
512 724 298 1553195085100 
512 730 311 1553195085108 
512 735 325 1553195085117 
512 742 340 1553195085124 
512 748 354 1553195085132 
512 754 366 1553195085139 
512 761 378 1553195085149 
512 766 388 1553195085156 
512 770 402 1553195085165 
512 776 412 1553195085172 
512 780 422 1553195085180 
512 782 429 1553195085188 
512 785 436 1553195085196 
512 786 444 1553195085205 
512 786 449 1553195085213 
512 787 455 1553195085220 
512 787 459 1553195085228 
512 787 467 1553195085237 
512 787 472 1553195085244 
512 787 480 1553195085253 
512 787 488 1553195085260 
512 787 498 1553195085269 
512 789 507 1553195085276 
512 790 516 1553195085284 
512 791 525 1553195085292 
512 792 533 1553195085301 
512 795 539 1553195085308 
512 797 545 1553195085317 
512 799 548 1553195085324 
512 801 553 1553195085333 
512 801 554 1553195085340 
512 803 555 1553195085349 
512 804 557 1553195085356 
512 804 559 1553195085366 
512 805 560 1553195085372 
512 806 562 1553195085388 
512 806 563 1553195085396 
512 807 564 1553195085405 
512 807 567 1553195085413 
512 808 570 1553195085424 
512 810 571 1553195085428 
512 810 573 1553195085436 
512 811 576 1553195085443 
512 812 578 1553195085453 
512 813 581 1553195085460 
512 815 584 1553195085469 
512 815 586 1553195085476 
512 816 589 1553195085485 
512 819 594 1553195085492 
512 819 598 1553195085500 
512 820 602 1553195085508 
512 822 605 1553195085516 
512 823 607 1553195085524 
512 824 609 1553195085533 
512 825 613 1553195085540 
512 826 615 1553195085549 
512 827 618 1553195085556 
512 828 620 1553195085566 
512 829 621 1553195085572 
512 829 622 1553195085581 
512 830 624 1553195085588 
512 830 625 1553195085596 
512 830 627 1553195085604 
512 831 628 1553195085612 
512 831 629 1553195085628 
512 831 630 1553195085636 
512 832 630 1553195085644 
512 832 631 1553195085653 
512 833 632 1553195085788 
512 833 633 1553195085804 
512 833 634 1553195085829 
512 833 635 1553195085854 
512 833 636 1553195085869 
512 834 637 1553195085941 
512 835 638 1553195085957 
512 836 639 1553195085973 
512 836 640 1553195085981 
513 836 640 1553195086088 
512 837 641 1553195086100 
514 837 641 1553195086205 
512 838 641 1553195086237 
512 839 641 1553195086253 
512 840 640 1553195086269 
512 841 639 1553195086276 
512 842 635 1553195086284 
512 843 632 1553195086292 
512 843 629 1553195086302 
512 844 625 1553195086308 
512 844 620 1553195086317 
512 846 614 1553195086324 
512 846 609 1553195086333 
512 848 600 1553195086340 
512 849 593 1553195086350 
512 852 584 1553195086356 
512 854 573 1553195086364 
512 859 561 1553195086372 
512 862 550 1553195086381 
512 868 535 1553195086388 
512 874 521 1553195086396 
512 881 503 1553195086405 
512 884 490 1553195086412 
512 889 474 1553195086421 
512 890 460 1553195086430 
512 892 445 1553195086437 
512 892 431 1553195086444 
512 890 422 1553195086453 
512 880 408 1553195086461 
512 866 396 1553195086469 
512 843 386 1553195086476 
512 815 378 1553195086485 
512 786 373 1553195086492 
512 758 370 1553195086500 
512 728 370 1553195086508 
512 698 370 1553195086517 
512 666 370 1553195086524 
512 636 370 1553195086533 
512 608 370 1553195086540 
512 579 375 1553195086549 
512 553 378 1553195086556 
512 535 381 1553195086566 
512 521 381 1553195086573 
512 510 381 1553195086582 
512 502 381 1553195086589 
512 495 381 1553195086596 
512 492 380 1553195086605 
512 488 379 1553195086613 
512 486 377 1553195086621 
512 484 376 1553195086628 
512 482 375 1553195086637 
512 480 374 1553195086644 
512 479 374 1553195086655 
512 477 373 1553195086660 
512 474 372 1553195086670 
512 470 372 1553195086676 
512 467 372 1553195086685 
512 465 372 1553195086691 
512 462 372 1553195086701 
512 460 372 1553195086708 
512 458 372 1553195086717 
512 456 372 1553195086724 
512 455 372 1553195086756 
512 456 371 1553195086900 
512 457 371 1553195086916 
512 458 370 1553195086924 
512 459 370 1553195086940 
512 460 369 1553195086949 
512 461 369 1553195086956 
512 462 369 1553195086964 
512 463 369 1553195086972 
512 466 367 1553195086980 
512 468 367 1553195086988 
512 469 367 1553195086996 
512 471 367 1553195087004 
512 472 367 1553195087012 
512 474 367 1553195087021 
513 474 367 1553195087214 
514 474 367 1553195087317 
512 475 366 1553195087372 
512 480 363 1553195087380 
512 481 363 1553195087388 
512 487 360 1553195087396 
512 493 355 1553195087404 
512 499 351 1553195087413 
512 506 348 1553195087421 
512 512 344 1553195087428 
512 519 343 1553195087437 
512 527 340 1553195087444 
512 533 337 1553195087454 
512 542 332 1553195087460 
512 549 330 1553195087469 
512 558 327 1553195087476 
512 568 326 1553195087485 
512 577 323 1553195087492 
512 588 320 1553195087500 
512 599 316 1553195087508 
512 609 314 1553195087516 
512 619 309 1553195087523 
512 627 307 1553195087533 
512 631 306 1553195087540 
512 633 305 1553195087549 
512 635 305 1553195087556 
512 636 305 1553195087581 
512 637 305 1553195087588 
512 637 307 1553195087604 
512 638 309 1553195087613 
512 638 311 1553195087628 
512 638 313 1553195087638 
512 638 315 1553195087644 
512 634 318 1553195087653 
512 629 321 1553195087659 
512 622 326 1553195087670 
512 616 330 1553195087676 
512 608 333 1553195087685 
512 595 342 1553195087692 
512 585 347 1553195087700 
512 574 354 1553195087708 
512 559 362 1553195087716 
512 548 370 1553195087724 
512 537 378 1553195087733 
512 525 387 1553195087740 
512 516 394 1553195087749 
512 509 399 1553195087756 
512 503 401 1553195087765 
512 499 404 1553195087772 
512 497 405 1553195087781 
512 496 405 1553195087788 
512 495 405 1553195087804 
512 494 405 1553195087812 
512 494 404 1553195087821 
512 494 402 1553195087828 
512 494 399 1553195087837 
512 492 397 1553195087844 
512 491 396 1553195087852 
512 491 393 1553195087860 
512 490 390 1553195087869 
512 487 386 1553195087876 
512 486 385 1553195087884 
512 484 382 1553195087900 
512 484 381 1553195087916 
512 484 379 1553195087933 
512 483 378 1553195087939 
512 482 377 1553195087972 
512 480 376 1553195087981 
512 479 375 1553195087996 
512 477 375 1553195088005 
512 476 375 1553195088021 
512 475 375 1553195088028 
512 474 375 1553195088037 
513 474 375 1553195088189 
514 474 375 1553195088260 
512 477 375 1553195088323 
512 479 375 1553195088333 
512 483 375 1553195088340 
512 489 376 1553195088350 
512 494 376 1553195088356 
512 501 377 1553195088366 
512 508 379 1553195088373 
512 516 380 1553195088381 
512 528 381 1553195088388 
512 539 383 1553195088396 
512 551 387 1553195088407 
512 562 388 1553195088413 
512 574 391 1553195088422 
512 587 394 1553195088429 
512 599 398 1553195088438 
512 610 404 1553195088444 
512 622 407 1553195088454 
512 633 411 1553195088460 
512 643 415 1553195088469 
512 652 417 1553195088476 
512 659 419 1553195088486 
512 667 419 1553195088492 
512 673 419 1553195088502 
512 680 419 1553195088508 
512 684 419 1553195088516 
512 687 416 1553195088524 
512 692 411 1553195088534 
512 697 406 1553195088540 
512 698 400 1553195088550 
512 702 391 1553195088556 
512 704 382 1553195088565 
512 706 372 1553195088572 
512 707 363 1553195088580 
512 708 351 1553195088589 
512 709 340 1553195088597 
512 712 329 1553195088606 
512 713 319 1553195088612 
512 713 309 1553195088621 
512 714 299 1553195088628 
512 714 291 1553195088638 
512 714 282 1553195088644 
512 714 274 1553195088655 
512 716 268 1553195088659 
512 716 264 1553195088670 
512 715 260 1553195088675 
512 712 254 1553195088687 
512 710 249 1553195088691 
512 706 244 1553195088704 
512 703 240 1553195088708 
512 702 238 1553195088717 
512 700 235 1553195088724 
512 699 234 1553195088740 
512 699 232 1553195088766 
512 699 230 1553195088773 
512 699 228 1553195088781 
512 699 226 1553195088788 
512 699 225 1553195088796 
512 699 223 1553195088804 
512 698 222 1553195088813 
512 698 219 1553195088821 
512 697 218 1553195088837 
512 697 217 1553195088870 
512 697 216 1553195088885 
512 697 215 1553195088909 
512 697 214 1553195088917 
512 697 213 1553195088925 
512 697 212 1553195088934 
512 697 210 1553195088941 
512 697 209 1553195088949 
512 697 208 1553195088957 
512 697 207 1553195088967 
512 697 206 1553195088973 
513 697 206 1553195089088 
514 697 206 1553195089158 
512 697 205 1553195089197 
512 698 205 1553195089214 
512 701 205 1553195089222 
512 704 207 1553195089230 
512 709 210 1553195089238 
512 714 214 1553195089245 
512 718 217 1553195089255 
512 722 221 1553195089261 
512 727 225 1553195089270 
512 731 228 1553195089276 
512 737 233 1553195089286 
512 741 239 1553195089293 
512 745 247 1553195089301 
512 750 254 1553195089309 
512 756 263 1553195089318 
512 762 274 1553195089325 
512 769 285 1553195089334 
512 775 297 1553195089341 
512 781 307 1553195089351 
512 790 320 1553195089357 
512 797 330 1553195089367 
512 807 343 1553195089373 
512 814 352 1553195089382 
512 821 362 1553195089389 
512 829 371 1553195089397 
512 835 377 1553195089405 
512 841 382 1553195089414 
512 846 386 1553195089422 
512 851 389 1553195089429 
512 854 391 1553195089438 
512 857 391 1553195089445 
512 858 391 1553195089453 
512 861 391 1553195089461 
512 862 391 1553195089471 
512 863 391 1553195089477 
512 864 391 1553195089486 
512 867 391 1553195089493 
512 868 391 1553195089502 
512 871 390 1553195089509 
512 874 389 1553195089518 
512 878 388 1553195089525 
512 882 386 1553195089534 
512 884 386 1553195089541 
512 889 386 1553195089550 
512 893 386 1553195089557 
512 896 386 1553195089567 
512 899 386 1553195089573 
512 901 386 1553195089582 
512 903 386 1553195089589 
512 904 386 1553195089605 
512 906 386 1553195089638 
512 907 386 1553195089686 
512 908 386 1553195089703 
512 909 386 1553195089709 
512 910 386 1553195089757 
512 912 385 1553195089766 
512 912 384 1553195089773 
512 913 384 1553195089781 
512 914 383 1553195089789 
512 915 381 1553195089797 
512 916 380 1553195089805 
512 918 379 1553195089813 
512 918 378 1553195089822 
512 920 378 1553195089830 
512 921 378 1553195089838 
512 922 377 1553195089844 
513 922 377 1553195090019 
514 922 377 1553195090086 
512 922 379 1553195090134 
512 922 383 1553195090140 
512 922 386 1553195090150 
512 922 389 1553195090157 
512 922 393 1553195090166 
512 916 400 1553195090173 
512 911 408 1553195090181 
512 905 416 1553195090189 
512 898 427 1553195090197 
512 889 439 1553195090206 
512 881 450 1553195090213 
512 873 462 1553195090222 
512 865 473 1553195090229 
512 858 483 1553195090238 
512 849 494 1553195090245 
512 844 502 1553195090254 
512 836 510 1553195090261 
512 828 520 1553195090270 
512 821 529 1553195090277 
512 813 538 1553195090285 
512 804 548 1553195090293 
512 794 558 1553195090303 
512 785 566 1553195090308 
512 774 575 1553195090317 
512 760 583 1553195090325 
512 749 590 1553195090334 
512 738 597 1553195090341 
512 723 604 1553195090350 
512 710 613 1553195090357 
512 694 616 1553195090367 
512 683 620 1553195090373 
512 671 622 1553195090381 
512 659 625 1553195090388 
512 646 627 1553195090397 
512 637 627 1553195090406 
512 628 629 1553195090414 
512 620 630 1553195090422 
512 613 630 1553195090429 
512 607 630 1553195090438 
512 601 630 1553195090445 
512 597 630 1553195090454 
512 592 630 1553195090461 
512 589 630 1553195090470 
512 587 631 1553195090477 
512 585 631 1553195090486 
512 582 634 1553195090493 
512 581 634 1553195090501 
512 580 635 1553195090509 
512 578 636 1553195090517 
512 577 636 1553195090525 
512 576 637 1553195090534 
512 575 637 1553195090541 
512 575 638 1553195090551 
512 574 638 1553195090557 
512 572 638 1553195090567 
512 571 638 1553195090573 
512 568 639 1553195090581 
512 567 639 1553195090589 
512 565 640 1553195090598 
512 564 640 1553195090606 
512 563 641 1553195090613 
512 562 641 1553195090629 
513 562 641 1553195090846 
514 562 641 1553195090918 
512 561 641 1553195090966 
512 561 639 1553195091006 
512 561 637 1553195091014 
512 561 634 1553195091022 
512 561 632 1553195091030 
512 561 627 1553195091038 
512 561 623 1553195091045 
512 561 618 1553195091054 
512 561 611 1553195091060 
512 561 602 1553195091070 
512 561 594 1553195091079 
512 561 585 1553195091086 
512 561 576 1553195091093 
512 561 566 1553195091102 
512 561 555 1553195091109 
512 561 543 1553195091117 
512 561 531 1553195091125 
512 561 518 1553195091133 
512 562 508 1553195091141 
512 565 501 1553195091150 
512 568 497 1553195091157 
512 572 493 1553195091166 
512 575 491 1553195091173 
512 579 490 1553195091181 
512 587 490 1553195091189 
512 595 490 1553195091197 
512 603 490 1553195091206 
512 614 491 1553195091213 
512 627 496 1553195091222 
512 636 500 1553195091230 
512 646 507 1553195091238 
512 661 514 1553195091245 
512 671 522 1553195091254 
512 681 530 1553195091261 
512 691 536 1553195091270 
512 702 544 1553195091277 
512 711 552 1553195091286 
512 720 562 1553195091292 
512 727 571 1553195091302 
512 735 580 1553195091309 
512 741 587 1553195091318 
512 750 594 1553195091324 
512 755 601 1553195091334 
512 760 606 1553195091341 
512 766 611 1553195091350 
512 771 615 1553195091360 
512 775 617 1553195091366 
512 777 619 1553195091373 
512 779 621 1553195091381 
512 780 623 1553195091388 
512 781 623 1553195091397 
512 784 625 1553195091405 
512 784 626 1553195091414 
512 785 626 1553195091422 
512 786 626 1553195091429 
512 789 629 1553195091438 
512 792 629 1553195091445 
512 795 629 1553195091454 
512 799 630 1553195091461 
512 802 632 1553195091471 
512 807 633 1553195091477 
512 809 634 1553195091486 
512 813 634 1553195091492 
512 818 637 1553195091502 
512 822 638 1553195091509 
512 828 641 1553195091517 
512 830 642 1553195091525 
512 835 645 1553195091534 
512 838 647 1553195091541 
512 842 649 1553195091551 
512 843 650 1553195091557 
512 846 651 1553195091567 
512 847 651 1553195091573 
512 847 652 1553195091582 
512 848 653 1553195091589 
512 849 653 1553195091685 
512 849 651 1553195091757 
512 849 650 1553195091772 
512 848 649 1553195091781 
512 848 647 1553195091788 
512 846 645 1553195091797 
512 846 644 1553195091805 
512 845 642 1553195091822 
512 845 641 1553195091829 
512 844 640 1553195091845 
513 844 640 1553195091942 
514 844 640 1553195092029 
512 844 639 1553195092060 
512 842 638 1553195092077 
512 842 637 1553195092085 
512 842 633 1553195092092 
512 842 630 1553195092102 
512 842 626 1553195092108 
512 842 620 1553195092117 
512 841 612 1553195092125 
512 840 604 1553195092133 
512 838 596 1553195092141 
512 836 585 1553195092150 
512 832 573 1553195092157 
512 830 562 1553195092165 
512 827 550 1553195092173 
512 825 536 1553195092181 
512 824 524 1553195092189 
512 822 512 1553195092198 
512 821 502 1553195092206 
512 819 489 1553195092213 
512 816 472 1553195092222 
512 814 460 1553195092229 
512 813 447 1553195092238 
512 810 436 1553195092245 
512 808 427 1553195092254 
512 806 417 1553195092261 
512 805 411 1553195092270 
512 804 408 1553195092277 
512 804 406 1553195092286 
512 804 405 1553195092293 
512 804 403 1553195092302 
512 804 400 1553195092309 
512 804 398 1553195092318 
512 804 397 1553195092325 
512 806 396 1553195092334 
512 807 396 1553195092341 
512 809 396 1553195092350 
512 813 396 1553195092356 
512 817 396 1553195092366 
512 823 396 1553195092373 
512 830 397 1553195092381 
512 836 400 1553195092389 
512 841 400 1553195092398 
512 848 400 1553195092406 
512 853 400 1553195092414 
512 859 400 1553195092422 
512 863 400 1553195092430 
512 867 400 1553195092438 
512 871 400 1553195092445 
512 875 400 1553195092454 
512 877 400 1553195092461 
512 883 400 1553195092470 
512 887 399 1553195092477 
512 890 398 1553195092486 
512 896 396 1553195092493 
512 900 395 1553195092502 
512 906 394 1553195092509 
512 914 393 1553195092518 
512 920 393 1553195092525 
512 925 391 1553195092534 
512 930 390 1553195092541 
512 934 390 1553195092551 
512 937 390 1553195092557 
512 938 390 1553195092567 
512 940 389 1553195092573 
512 940 388 1553195092614 
512 940 387 1553195092654 
512 940 385 1553195092677 
512 940 384 1553195092734 
512 938 383 1553195092751 
512 937 381 1553195092766 
512 936 381 1553195092772 
512 936 380 1553195092782 
512 935 380 1553195092797 
512 933 378 1553195092822 
512 931 378 1553195092861 
512 931 377 1553195092893 
512 930 376 1553195092902 
512 929 376 1553195092908 
512 928 376 1553195092917 
512 928 375 1553195092925 
513 928 375 1553195093239 
514 928 375 1553195093341 
512 927 375 1553195093429 
512 927 374 1553195093439 
512 923 372 1553195093445 
512 918 370 1553195093455 
512 911 367 1553195093460 
512 906 365 1553195093469 
512 894 364 1553195093477 
512 880 359 1553195093485 
512 863 354 1553195093493 
512 844 349 1553195093501 
512 815 344 1553195093509 
512 783 337 1553195093517 
512 754 331 1553195093525 
512 720 327 1553195093534 
512 691 323 1553195093541 
512 668 320 1553195093551 
512 644 315 1553195093557 
512 625 314 1553195093567 
512 605 314 1553195093573 
512 589 314 1553195093582 
512 574 314 1553195093589 
512 564 314 1553195093597 
512 553 314 1553195093605 
512 543 315 1553195093613 
512 535 317 1553195093622 
512 527 320 1553195093629 
512 521 323 1553195093638 
512 514 325 1553195093645 
512 509 328 1553195093654 
512 502 329 1553195093661 
512 498 331 1553195093670 
512 492 334 1553195093676 
512 486 337 1553195093686 
512 483 337 1553195093693 
512 479 340 1553195093702 
512 477 341 1553195093709 
512 474 343 1553195093717 
512 473 345 1553195093725 
512 472 345 1553195093734 
512 471 347 1553195093741 
512 470 348 1553195093757 
512 470 349 1553195093773 
512 470 350 1553195093781 
512 469 353 1553195093789 
512 469 354 1553195093797 
512 469 355 1553195093805 
512 468 358 1553195093814 
512 468 360 1553195093822 
512 468 361 1553195093829 
512 468 363 1553195093838 
512 468 364 1553195093845 
512 468 365 1553195093854 
512 468 366 1553195093861 
512 468 367 1553195093870 
512 468 368 1553195093909 
512 468 369 1553195093925 
512 468 370 1553195093934 
512 468 371 1553195093950 
512 468 372 1553195093957 
512 468 373 1553195093966 
512 468 374 1553195093981 
512 468 375 1553195093997 
513 468 375 1553195094128 
514 468 375 1553195094214 
512 467 375 1553195094244 
512 467 373 1553195094277 
512 467 370 1553195094287 
512 468 369 1553195094293 
512 468 367 1553195094303 
512 470 364 1553195094309 
512 471 362 1553195094322 
512 473 358 1553195094325 
512 477 354 1553195094335 
512 481 348 1553195094341 
512 484 345 1553195094351 
512 488 340 1553195094357 
512 492 336 1553195094367 
512 498 331 1553195094373 
512 504 327 1553195094382 
512 509 324 1553195094391 
512 514 322 1553195094398 
512 519 322 1553195094407 
512 523 320 1553195094415 
512 526 320 1553195094424 
512 529 320 1553195094430 
512 531 320 1553195094440 
512 535 321 1553195094445 
512 538 325 1553195094455 
512 543 330 1553195094461 
512 548 336 1553195094470 
512 552 343 1553195094477 
512 559 350 1553195094486 
512 564 359 1553195094493 
512 570 368 1553195094502 
512 573 376 1553195094509 
512 576 386 1553195094519 
512 577 395 1553195094525 
512 580 405 1553195094535 
512 581 414 1553195094541 
512 581 424 1553195094551 
512 581 432 1553195094557 
512 581 437 1553195094567 
512 581 444 1553195094574 
512 581 453 1553195094583 
512 581 464 1553195094589 
512 581 476 1553195094598 
512 580 485 1553195094605 
512 578 495 1553195094614 
512 576 502 1553195094623 
512 575 510 1553195094629 
512 573 516 1553195094639 
512 573 521 1553195094645 
512 571 527 1553195094656 
512 570 532 1553195094661 
512 570 537 1553195094673 
512 569 541 1553195094677 
512 569 543 1553195094688 
512 568 547 1553195094693 
512 568 550 1553195094703 
512 568 554 1553195094709 
512 568 557 1553195094718 
512 568 561 1553195094725 
512 568 564 1553195094737 
512 568 566 1553195094741 
512 568 569 1553195094751 
512 568 571 1553195094757 
512 568 573 1553195094765 
512 568 576 1553195094773 
512 568 579 1553195094781 
512 568 581 1553195094789 
512 568 584 1553195094797 
512 568 587 1553195094806 
512 568 590 1553195094813 
512 568 592 1553195094822 
512 568 595 1553195094829 
512 568 600 1553195094838 
512 568 603 1553195094845 
512 568 607 1553195094854 
512 568 610 1553195094861 
512 568 613 1553195094870 
512 568 615 1553195094877 
512 568 619 1553195094885 
512 568 622 1553195094892 
512 568 625 1553195094902 
512 568 629 1553195094909 
512 568 632 1553195094917 
512 568 633 1553195094925 
512 568 635 1553195094934 
512 568 637 1553195094941 
512 568 639 1553195094950 
512 568 640 1553195094972 
512 568 641 1553195095165 
512 567 641 1553195095173 
512 566 643 1553195095181 
512 565 643 1553195095189 
512 564 644 1553195095205 
513 564 644 1553195095322 
514 564 644 1553195095414 
512 563 644 1553195095429 
512 562 644 1553195095438 
512 561 643 1553195095445 
512 561 642 1553195095454 
512 561 639 1553195095461 
512 561 636 1553195095470 
512 561 632 1553195095477 
512 561 628 1553195095485 
512 562 622 1553195095493 
512 563 614 1553195095501 
512 566 607 1553195095509 
512 568 597 1553195095517 
512 572 586 1553195095525 
512 575 575 1553195095535 
512 578 563 1553195095541 
512 583 549 1553195095551 
512 589 534 1553195095557 
512 598 514 1553195095567 
512 606 496 1553195095573 
512 617 473 1553195095583 
512 625 455 1553195095590 
512 635 425 1553195095597 
512 643 395 1553195095605 
512 654 363 1553195095614 
512 660 336 1553195095621 
512 667 304 1553195095630 
512 670 275 1553195095638 
512 670 256 1553195095645 
512 670 240 1553195095654 
512 670 227 1553195095661 
512 670 215 1553195095670 
512 670 205 1553195095677 
512 670 196 1553195095686 
512 670 192 1553195095692 
512 670 189 1553195095701 
512 670 187 1553195095709 
512 670 185 1553195095717 
512 670 184 1553195095725 
512 670 183 1553195095734 
512 670 182 1553195095741 
512 670 181 1553195095750 
512 670 180 1553195095757 
512 670 178 1553195095766 
512 670 177 1553195095773 
512 671 175 1553195095781 
512 673 172 1553195095789 
512 673 170 1553195095797 
512 673 168 1553195095805 
512 675 167 1553195095814 
512 675 166 1553195095822 
512 675 165 1553195095829 
512 676 166 1553195095909 
512 676 168 1553195095918 
512 677 172 1553195095925 
512 677 174 1553195095934 
512 679 178 1553195095940 
512 680 181 1553195095950 
512 681 186 1553195095957 
512 683 188 1553195095966 
512 684 191 1553195095973 
512 686 195 1553195095982 
512 687 197 1553195095989 
512 689 200 1553195095997 
512 690 203 1553195096006 
512 692 207 1553195096013 
512 693 207 1553195096022 
512 695 210 1553195096030 
512 696 210 1553195096182 
513 696 210 1553195096232 
514 696 210 1553195096334 
