512 705 219 1553107064279 
512 706 226 1553107064287 
512 709 231 1553107064295 
512 711 238 1553107064304 
512 715 246 1553107064311 
512 720 254 1553107064320 
512 725 263 1553107064326 
512 729 273 1553107064336 
512 732 281 1553107064343 
512 736 292 1553107064354 
512 741 306 1553107064359 
512 743 315 1553107064369 
512 746 326 1553107064375 
512 748 336 1553107064384 
512 752 347 1553107064390 
512 758 358 1553107064399 
512 764 373 1553107064406 
512 768 384 1553107064416 
512 774 395 1553107064422 
512 781 406 1553107064432 
512 787 417 1553107064438 
512 795 432 1553107064449 
512 803 445 1553107064454 
512 812 459 1553107064463 
512 820 479 1553107064471 
512 829 493 1553107064479 
512 835 505 1553107064487 
512 838 515 1553107064495 
512 841 524 1553107064504 
512 842 532 1553107064511 
512 842 538 1553107064520 
512 843 543 1553107064526 
512 843 548 1553107064536 
512 843 554 1553107064543 
512 843 558 1553107064553 
512 845 563 1553107064559 
512 846 569 1553107064568 
512 847 575 1553107064575 
512 848 582 1553107064583 
512 850 589 1553107064591 
512 851 595 1553107064599 
512 853 599 1553107064607 
512 853 602 1553107064615 
512 853 605 1553107064623 
512 854 608 1553107064632 
512 854 609 1553107064648 
512 854 610 1553107064655 
512 854 612 1553107064664 
512 854 613 1553107064671 
512 854 615 1553107064679 
512 854 617 1553107064688 
512 853 620 1553107064695 
512 851 622 1553107064704 
512 851 624 1553107064712 
512 851 625 1553107064720 
512 851 627 1553107064727 
512 850 627 1553107064737 
512 850 628 1553107064743 
512 850 629 1553107064759 
512 848 631 1553107064879 
512 847 633 1553107064904 
512 847 635 1553107064937 
512 847 636 1553107064942 
512 846 637 1553107064959 
512 845 638 1553107064975 
512 845 639 1553107064991 
513 845 639 1553107065081 
512 844 639 1553107065183 
514 844 639 1553107065183 
512 842 639 1553107065199 
512 841 635 1553107065206 
512 839 630 1553107065215 
512 837 626 1553107065222 
512 833 620 1553107065232 
512 832 615 1553107065239 
512 830 606 1553107065248 
512 827 597 1553107065254 
512 825 588 1553107065264 
512 824 576 1553107065271 
512 821 562 1553107065279 
512 819 547 1553107065288 
512 817 534 1553107065294 
512 816 517 1553107065304 
512 813 502 1553107065311 
512 809 481 1553107065320 
512 806 455 1553107065326 
512 798 431 1553107065337 
512 796 413 1553107065343 
512 795 398 1553107065353 
512 792 383 1553107065359 
512 790 371 1553107065368 
512 788 359 1553107065375 
512 788 348 1553107065384 
512 787 340 1553107065390 
512 785 334 1553107065400 
512 784 330 1553107065407 
512 783 326 1553107065415 
512 782 322 1553107065423 
512 780 320 1553107065432 
512 776 317 1553107065439 
512 771 316 1553107065448 
512 761 312 1553107065454 
512 750 311 1553107065464 
512 738 310 1553107065471 
512 729 308 1553107065479 
512 716 308 1553107065488 
512 699 307 1553107065495 
512 683 307 1553107065504 
512 663 307 1553107065512 
512 647 307 1553107065520 
512 628 307 1553107065526 
512 614 307 1553107065537 
512 602 309 1553107065542 
512 588 314 1553107065552 
512 577 318 1553107065558 
512 566 322 1553107065567 
512 558 326 1553107065574 
512 549 330 1553107065584 
512 542 334 1553107065591 
512 534 337 1553107065605 
512 527 341 1553107065607 
512 519 345 1553107065616 
512 512 347 1553107065623 
512 505 351 1553107065632 
512 498 353 1553107065639 
512 495 354 1553107065648 
512 491 356 1553107065654 
512 487 360 1553107065664 
512 485 361 1553107065671 
512 484 363 1553107065679 
512 482 364 1553107065687 
512 481 365 1553107065694 
512 480 366 1553107065712 
512 480 367 1553107065720 
512 480 368 1553107065774 
512 479 369 1553107065974 
512 479 370 1553107065985 
512 478 371 1553107065999 
512 477 372 1553107066016 
512 475 373 1553107066032 
512 474 373 1553107066048 
512 474 374 1553107066063 
512 473 374 1553107066071 
513 473 374 1553107066154 
514 473 374 1553107066239 
512 475 373 1553107066255 
512 480 367 1553107066263 
512 483 363 1553107066270 
512 486 359 1553107066279 
512 490 356 1553107066287 
512 494 355 1553107066295 
512 497 353 1553107066304 
512 498 352 1553107066311 
512 500 350 1553107066320 
512 502 349 1553107066327 
512 505 346 1553107066336 
512 506 342 1553107066343 
512 508 336 1553107066353 
512 510 330 1553107066359 
512 512 324 1553107066369 
512 512 319 1553107066375 
512 513 313 1553107066384 
512 515 305 1553107066390 
512 516 300 1553107066400 
512 517 295 1553107066407 
512 520 290 1553107066416 
512 522 288 1553107066423 
512 524 285 1553107066431 
512 528 280 1553107066439 
512 529 279 1553107066448 
512 533 277 1553107066454 
512 537 275 1553107066464 
512 541 274 1553107066470 
512 547 274 1553107066479 
512 554 272 1553107066487 
512 561 271 1553107066495 
512 570 270 1553107066504 
512 577 269 1553107066511 
512 588 266 1553107066519 
512 599 264 1553107066526 
512 615 259 1553107066537 
512 627 255 1553107066543 
512 639 252 1553107066552 
512 655 247 1553107066559 
512 666 243 1553107066569 
512 678 239 1553107066575 
512 688 236 1553107066584 
512 697 233 1553107066590 
512 704 232 1553107066599 
512 710 230 1553107066606 
512 718 227 1553107066615 
512 721 227 1553107066623 
512 726 224 1553107066632 
512 727 224 1553107066639 
512 730 222 1553107066648 
512 732 221 1553107066655 
512 734 221 1553107066663 
512 735 220 1553107066671 
512 736 219 1553107066679 
512 737 219 1553107066687 
512 737 218 1553107066720 
512 737 216 1553107066743 
512 736 215 1553107066752 
512 734 214 1553107066759 
512 733 213 1553107066768 
512 731 212 1553107066775 
512 730 211 1553107066783 
512 728 211 1553107066791 
512 726 210 1553107066800 
512 724 209 1553107066807 
512 723 209 1553107066815 
512 721 209 1553107066823 
512 720 209 1553107066832 
512 719 208 1553107066839 
512 718 208 1553107066848 
512 717 208 1553107066854 
512 716 208 1553107066864 
512 715 208 1553107066871 
512 714 208 1553107066887 
512 713 208 1553107066895 
512 712 208 1553107066912 
512 711 208 1553107066937 
512 709 208 1553107067038 
512 708 208 1553107067064 
512 706 208 1553107067080 
512 705 208 1553107067094 
512 703 208 1553107067104 
512 701 208 1553107067121 
512 699 211 1553107067127 
512 698 211 1553107067143 
512 696 211 1553107067152 
512 695 211 1553107067168 
513 695 211 1553107067255 
514 695 211 1553107067386 
512 694 212 1553107067390 
512 694 214 1553107067479 
512 693 217 1553107067487 
512 690 219 1553107067495 
512 686 225 1553107067504 
512 683 230 1553107067512 
512 678 237 1553107067521 
512 673 248 1553107067527 
512 667 259 1553107067537 
512 660 269 1553107067542 
512 649 281 1553107067552 
512 640 297 1553107067558 
512 632 307 1553107067568 
512 623 324 1553107067575 
512 616 334 1553107067584 
512 611 345 1553107067591 
512 608 353 1553107067600 
512 607 361 1553107067606 
512 607 368 1553107067616 
512 607 374 1553107067622 
512 613 382 1553107067632 
512 618 387 1553107067639 
512 626 392 1553107067648 
512 636 394 1553107067655 
512 652 399 1553107067664 
512 664 400 1553107067671 
512 682 400 1553107067679 
512 701 400 1553107067687 
512 723 400 1553107067694 
512 750 400 1553107067703 
512 772 400 1553107067711 
512 796 400 1553107067720 
512 820 398 1553107067726 
512 835 395 1553107067736 
512 848 392 1553107067743 
512 857 390 1553107067752 
512 860 389 1553107067758 
512 863 387 1553107067768 
512 864 386 1553107067799 
512 864 385 1553107067815 
512 866 384 1553107067822 
512 868 383 1553107067831 
512 870 383 1553107067838 
512 871 382 1553107067848 
512 874 380 1553107067854 
512 876 380 1553107067863 
512 877 380 1553107067871 
512 878 380 1553107067879 
512 883 379 1553107067887 
512 886 379 1553107067894 
512 890 379 1553107067904 
512 893 378 1553107067912 
512 897 378 1553107067920 
512 900 376 1553107067927 
512 902 376 1553107067936 
512 905 376 1553107067942 
512 908 376 1553107067952 
512 909 376 1553107067958 
512 911 375 1553107067968 
512 913 374 1553107067984 
512 914 374 1553107067991 
512 915 374 1553107068006 
512 916 374 1553107068018 
512 917 374 1553107068023 
512 919 374 1553107068031 
512 920 374 1553107068039 
512 921 374 1553107068049 
512 923 374 1553107068054 
512 923 373 1553107068063 
512 924 373 1553107068071 
512 925 373 1553107068153 
512 926 372 1553107068168 
513 926 372 1553107068234 
514 926 372 1553107068343 
512 925 372 1553107068390 
512 924 372 1553107068400 
512 921 372 1553107068406 
512 920 372 1553107068415 
512 917 372 1553107068423 
512 914 375 1553107068431 
512 910 380 1553107068439 
512 907 385 1553107068448 
512 899 392 1553107068454 
512 890 399 1553107068464 
512 882 407 1553107068471 
512 870 414 1553107068479 
512 862 421 1553107068488 
512 852 429 1553107068495 
512 843 437 1553107068504 
512 832 444 1553107068512 
512 822 453 1553107068520 
512 810 461 1553107068527 
512 796 470 1553107068537 
512 783 477 1553107068543 
512 767 484 1553107068552 
512 750 491 1553107068559 
512 732 499 1553107068567 
512 717 505 1553107068574 
512 701 510 1553107068585 
512 684 517 1553107068590 
512 664 523 1553107068599 
512 647 531 1553107068606 
512 627 538 1553107068616 
512 613 543 1553107068623 
512 602 546 1553107068632 
512 592 551 1553107068638 
512 585 555 1553107068648 
512 576 562 1553107068655 
512 570 567 1553107068664 
512 565 572 1553107068671 
512 562 576 1553107068679 
512 559 580 1553107068687 
512 556 585 1553107068694 
512 555 589 1553107068704 
512 554 595 1553107068711 
512 552 599 1553107068720 
512 552 602 1553107068726 
512 551 607 1553107068737 
512 551 611 1553107068742 
512 550 614 1553107068753 
512 550 617 1553107068758 
512 550 619 1553107068768 
512 550 620 1553107068775 
512 550 623 1553107068784 
512 550 625 1553107068791 
512 550 628 1553107068799 
512 550 630 1553107068815 
512 550 631 1553107068823 
512 550 632 1553107068848 
512 550 633 1553107068863 
512 550 634 1553107068879 
512 550 635 1553107068904 
512 550 636 1553107068911 
512 550 637 1553107068921 
512 550 638 1553107068927 
512 550 640 1553107068943 
512 550 641 1553107068968 
512 551 641 1553107069055 
512 552 641 1553107069071 
512 553 641 1553107069079 
512 554 641 1553107069088 
512 556 641 1553107069104 
512 557 641 1553107069111 
512 558 641 1553107069138 
513 558 641 1553107069176 
512 559 641 1553107069287 
514 559 641 1553107069287 
512 559 640 1553107069304 
512 559 638 1553107069320 
512 559 636 1553107069327 
512 559 633 1553107069336 
512 559 630 1553107069342 
512 559 625 1553107069353 
512 559 621 1553107069359 
512 559 616 1553107069368 
512 559 606 1553107069374 
512 562 599 1553107069384 
512 564 590 1553107069391 
512 569 582 1553107069399 
512 575 568 1553107069406 
512 580 549 1553107069415 
512 585 535 1553107069422 
512 591 516 1553107069432 
512 594 503 1553107069439 
512 599 490 1553107069448 
512 604 477 1553107069454 
512 611 467 1553107069464 
512 617 457 1553107069471 
512 624 448 1553107069479 
512 629 440 1553107069487 
512 635 433 1553107069495 
512 639 428 1553107069503 
512 643 426 1553107069511 
512 645 426 1553107069520 
512 648 425 1553107069527 
512 652 425 1553107069536 
512 655 425 1553107069542 
512 662 426 1553107069552 
512 669 431 1553107069558 
512 677 437 1553107069569 
512 687 444 1553107069574 
512 697 453 1553107069585 
512 707 464 1553107069590 
512 719 479 1553107069599 
512 728 495 1553107069606 
512 737 511 1553107069615 
512 744 528 1553107069622 
512 749 542 1553107069632 
512 752 558 1553107069639 
512 756 574 1553107069648 
512 757 587 1553107069655 
512 758 599 1553107069663 
512 760 610 1553107069671 
512 761 621 1553107069679 
512 762 629 1553107069687 
512 762 636 1553107069695 
512 763 644 1553107069704 
512 765 651 1553107069712 
512 766 655 1553107069720 
512 767 661 1553107069727 
512 770 665 1553107069736 
512 773 670 1553107069743 
512 777 675 1553107069752 
512 781 681 1553107069759 
512 786 687 1553107069768 
512 789 691 1553107069775 
512 797 695 1553107069783 
512 804 699 1553107069790 
512 811 701 1553107069799 
512 818 704 1553107069807 
512 825 705 1553107069815 
512 832 705 1553107069822 
512 838 705 1553107069833 
512 843 705 1553107069838 
512 847 705 1553107069847 
512 850 704 1553107069855 
512 852 702 1553107069864 
512 853 700 1553107069871 
512 856 696 1553107069879 
512 856 693 1553107069887 
512 857 689 1553107069895 
512 857 685 1553107069904 
512 857 683 1553107069911 
512 857 679 1553107069920 
512 857 676 1553107069927 
512 857 674 1553107069936 
512 857 672 1553107069943 
512 857 670 1553107069953 
512 857 668 1553107069959 
512 857 667 1553107069968 
512 857 665 1553107069974 
512 856 663 1553107069991 
512 855 662 1553107069999 
512 854 661 1553107070007 
512 853 661 1553107070016 
512 852 660 1553107070022 
512 852 659 1553107070032 
512 851 659 1553107070038 
512 850 658 1553107070047 
512 849 657 1553107070064 
512 848 657 1553107070071 
512 847 655 1553107070078 
512 846 655 1553107070088 
512 845 654 1553107070094 
512 844 653 1553107070104 
512 844 651 1553107070112 
512 843 650 1553107070119 
512 840 646 1553107070126 
512 839 644 1553107070142 
512 839 643 1553107070152 
512 837 641 1553107070158 
512 837 639 1553107070169 
512 836 638 1553107070174 
512 835 636 1553107070184 
512 834 635 1553107070190 
512 832 633 1553107070200 
512 832 632 1553107070206 
512 831 632 1553107070216 
512 831 631 1553107070223 
513 831 631 1553107070289 
514 831 631 1553107070391 
512 831 632 1553107070464 
512 831 634 1553107070481 
512 831 635 1553107070487 
512 831 636 1553107070503 
512 831 638 1553107070512 
512 833 640 1553107070527 
512 833 641 1553107070537 
512 833 642 1553107070544 
512 834 645 1553107070552 
512 834 648 1553107070558 
512 835 648 1553107070568 
512 835 650 1553107070575 
512 837 651 1553107070585 
512 837 652 1553107070590 
512 838 652 1553107070703 
512 839 651 1553107070769 
512 839 650 1553107070783 
512 839 648 1553107070801 
512 839 646 1553107070807 
512 839 645 1553107070816 
512 839 642 1553107070823 
512 839 641 1553107070832 
512 839 639 1553107070838 
513 839 639 1553107070905 
514 839 639 1553107071023 
512 839 638 1553107071113 
512 839 635 1553107071120 
512 839 631 1553107071128 
512 841 625 1553107071136 
512 842 618 1553107071144 
512 844 608 1553107071152 
512 846 594 1553107071160 
512 847 582 1553107071168 
512 850 569 1553107071175 
512 851 550 1553107071184 
512 852 536 1553107071191 
512 854 521 1553107071200 
512 854 506 1553107071207 
512 854 492 1553107071216 
512 854 477 1553107071223 
512 854 464 1553107071231 
512 854 453 1553107071240 
512 854 443 1553107071248 
512 857 434 1553107071255 
512 859 429 1553107071264 
512 864 423 1553107071273 
512 870 416 1553107071279 
512 875 413 1553107071289 
512 882 408 1553107071296 
512 888 405 1553107071304 
512 895 402 1553107071313 
512 901 400 1553107071326 
512 904 399 1553107071326 
512 908 398 1553107071336 
512 911 397 1553107071343 
512 915 395 1553107071352 
512 919 393 1553107071359 
512 923 391 1553107071368 
512 926 389 1553107071375 
512 932 385 1553107071383 
512 934 384 1553107071391 
512 939 380 1553107071399 
512 941 377 1553107071406 
512 942 374 1553107071416 
512 944 372 1553107071422 
512 945 370 1553107071431 
512 946 368 1553107071439 
512 945 368 1553107071584 
512 943 368 1553107071591 
512 941 368 1553107071599 
512 939 370 1553107071607 
512 936 372 1553107071615 
512 934 374 1553107071623 
512 930 378 1553107071632 
512 929 379 1553107071638 
512 927 382 1553107071647 
512 925 383 1553107071655 
512 924 384 1553107071663 
512 923 385 1553107071671 
512 923 386 1553107071678 
513 923 386 1553107071817 
514 923 386 1553107071936 
512 923 385 1553107071967 
512 924 382 1553107071974 
512 925 381 1553107071990 
512 925 379 1553107072022 
512 925 378 1553107072047 
512 925 377 1553107072088 
512 925 376 1553107072121 
513 925 376 1553107072188 
514 925 376 1553107072289 
512 925 375 1553107072302 
512 925 374 1553107072320 
512 923 373 1553107072327 
512 922 371 1553107072335 
512 920 369 1553107072342 
512 920 368 1553107072352 
512 917 366 1553107072358 
512 916 363 1553107072368 
512 913 361 1553107072374 
512 911 360 1553107072383 
512 907 358 1553107072391 
512 905 356 1553107072400 
512 901 355 1553107072406 
512 897 354 1553107072415 
512 892 353 1553107072423 
512 887 352 1553107072431 
512 880 351 1553107072438 
512 873 348 1553107072447 
512 868 346 1553107072454 
512 859 344 1553107072464 
512 852 342 1553107072470 
512 848 339 1553107072479 
512 843 337 1553107072486 
512 838 334 1553107072494 
512 832 330 1553107072503 
512 825 326 1553107072511 
512 820 323 1553107072519 
512 815 322 1553107072527 
512 806 319 1553107072536 
512 798 317 1553107072543 
512 789 317 1553107072551 
512 777 317 1553107072559 
512 766 317 1553107072568 
512 756 317 1553107072574 
512 744 317 1553107072583 
512 730 321 1553107072590 
512 716 326 1553107072599 
512 697 331 1553107072607 
512 675 337 1553107072615 
512 658 342 1553107072622 
512 634 350 1553107072632 
512 600 362 1553107072639 
512 578 369 1553107072647 
512 554 375 1553107072654 
512 532 381 1553107072664 
512 513 387 1553107072671 
512 500 388 1553107072679 
512 488 390 1553107072686 
512 478 391 1553107072694 
512 473 392 1553107072703 
512 468 393 1553107072711 
512 467 393 1553107072719 
512 466 393 1553107072774 
512 465 393 1553107072790 
512 464 393 1553107072799 
512 463 393 1553107072806 
512 462 393 1553107072879 
512 462 391 1553107072904 
512 462 390 1553107072920 
512 463 388 1553107072926 
512 463 386 1553107072936 
512 464 385 1553107072942 
512 465 382 1553107072953 
512 467 380 1553107072958 
512 468 379 1553107072968 
512 468 378 1553107072975 
512 469 377 1553107072985 
512 470 376 1553107073000 
512 471 376 1553107073023 
512 471 375 1553107073054 
513 471 375 1553107073154 
514 471 375 1553107073239 
512 472 373 1553107073286 
512 474 373 1553107073295 
512 475 372 1553107073303 
512 477 371 1553107073311 
512 480 371 1553107073319 
512 484 370 1553107073327 
512 490 370 1553107073335 
512 497 368 1553107073343 
512 503 367 1553107073351 
512 512 366 1553107073358 
512 520 365 1553107073369 
512 531 362 1553107073375 
512 542 362 1553107073383 
512 557 359 1553107073391 
512 569 357 1553107073399 
512 586 355 1553107073406 
512 603 353 1553107073415 
512 618 351 1553107073423 
512 635 351 1553107073431 
512 655 348 1553107073439 
512 676 344 1553107073447 
512 688 343 1553107073454 
512 699 343 1553107073463 
512 707 343 1553107073471 
512 713 343 1553107073479 
512 716 343 1553107073486 
512 717 343 1553107073494 
512 718 344 1553107073502 
512 718 350 1553107073514 
512 720 357 1553107073520 
512 720 364 1553107073526 
512 720 373 1553107073535 
512 720 378 1553107073543 
512 718 387 1553107073551 
512 714 398 1553107073559 
512 710 409 1553107073567 
512 704 420 1553107073574 
512 697 433 1553107073584 
512 692 444 1553107073590 
512 685 462 1553107073600 
512 679 477 1553107073607 
512 672 492 1553107073614 
512 666 504 1553107073623 
512 659 516 1553107073632 
512 654 525 1553107073639 
512 646 542 1553107073647 
512 639 557 1553107073655 
512 633 568 1553107073663 
512 630 578 1553107073671 
512 626 585 1553107073679 
512 622 596 1553107073687 
512 621 602 1553107073695 
512 619 610 1553107073703 
512 619 613 1553107073711 
512 619 614 1553107073719 
512 618 616 1553107073726 
512 617 617 1553107073736 
512 617 618 1553107073743 
512 616 618 1553107073752 
512 615 618 1553107073759 
512 612 618 1553107073768 
512 611 618 1553107073775 
512 608 618 1553107073784 
512 604 618 1553107073792 
512 599 618 1553107073800 
512 595 618 1553107073807 
512 589 618 1553107073816 
512 585 618 1553107073822 
512 583 618 1553107073832 
512 579 618 1553107073839 
512 577 618 1553107073849 
512 575 619 1553107073855 
512 572 621 1553107073864 
512 571 623 1553107073871 
512 569 624 1553107073879 
512 568 626 1553107073888 
512 567 627 1553107073896 
512 567 628 1553107073904 
512 567 629 1553107073913 
512 566 631 1553107073920 
512 566 632 1553107073928 
512 566 633 1553107073936 
512 566 634 1553107073943 
512 565 636 1553107073968 
512 565 638 1553107073990 
512 565 639 1553107074015 
512 565 640 1553107074022 
512 565 641 1553107074048 
512 565 642 1553107074055 
512 565 643 1553107074072 
512 564 644 1553107074129 
512 564 645 1553107074140 
512 563 646 1553107074152 
512 563 647 1553107074167 
512 562 648 1553107074175 
512 562 649 1553107074200 
513 562 649 1553107074287 
514 562 649 1553107074399 
512 562 647 1553107074423 
512 562 646 1553107074431 
512 562 643 1553107074438 
512 562 639 1553107074448 
512 562 638 1553107074454 
512 566 632 1553107074464 
512 567 629 1553107074470 
512 572 624 1553107074478 
512 576 619 1553107074486 
512 585 609 1553107074494 
512 594 600 1553107074503 
512 603 592 1553107074511 
512 614 582 1553107074519 
512 625 575 1553107074527 
512 639 563 1553107074536 
512 651 552 1553107074542 
512 666 540 1553107074552 
512 683 528 1553107074558 
512 698 512 1553107074567 
512 713 493 1553107074575 
512 728 475 1553107074583 
512 737 459 1553107074591 
512 745 437 1553107074599 
512 752 412 1553107074606 
512 760 390 1553107074615 
512 765 374 1553107074623 
512 769 359 1553107074631 
512 772 351 1553107074639 
512 773 345 1553107074649 
512 775 341 1553107074656 
512 776 335 1553107074664 
512 778 333 1553107074672 
512 778 330 1553107074680 
512 779 328 1553107074688 
512 779 324 1553107074697 
512 779 320 1553107074704 
512 779 315 1553107074715 
512 779 311 1553107074720 
512 779 305 1553107074728 
512 777 298 1553107074736 
512 773 293 1553107074744 
512 770 289 1553107074752 
512 764 286 1553107074760 
512 759 283 1553107074768 
512 752 279 1553107074776 
512 747 276 1553107074785 
512 742 273 1553107074792 
512 738 269 1553107074801 
512 734 263 1553107074808 
512 730 259 1553107074820 
512 720 251 1553107074834 
512 716 248 1553107074843 
512 710 241 1553107074850 
512 708 237 1553107074855 
512 704 232 1553107074864 
512 701 230 1553107074871 
512 701 228 1553107074880 
512 701 227 1553107074887 
512 701 226 1553107074897 
512 701 225 1553107074902 
512 701 224 1553107074927 
512 702 222 1553107074968 
512 702 221 1553107074984 
512 702 219 1553107074991 
512 702 218 1553107075007 
512 702 216 1553107075087 
512 702 215 1553107075153 
513 702 215 1553107075233 
514 702 215 1553107075374 
