512 703 211 1553282852259 
512 705 213 1553282852274 
512 706 216 1553282852283 
512 708 221 1553282852290 
512 711 227 1553282852299 
512 712 235 1553282852306 
512 715 243 1553282852315 
512 716 254 1553282852322 
512 717 265 1553282852330 
512 720 278 1553282852340 
512 722 292 1553282852346 
512 725 304 1553282852355 
512 727 317 1553282852362 
512 728 332 1553282852371 
512 733 347 1553282852379 
512 738 362 1553282852387 
512 743 378 1553282852394 
512 746 392 1553282852403 
512 752 408 1553282852410 
512 759 423 1553282852419 
512 766 442 1553282852427 
512 771 453 1553282852435 
512 776 464 1553282852442 
512 781 476 1553282852452 
512 787 488 1553282852458 
512 791 499 1553282852468 
512 794 509 1553282852474 
512 799 517 1553282852483 
512 803 526 1553282852490 
512 807 537 1553282852499 
512 810 545 1553282852506 
512 814 552 1553282852514 
512 818 561 1553282852523 
512 821 568 1553282852531 
512 824 575 1553282852539 
512 828 581 1553282852546 
512 830 587 1553282852555 
512 831 590 1553282852562 
512 833 596 1553282852571 
512 833 599 1553282852579 
512 834 603 1553282852588 
512 835 606 1553282852594 
512 837 612 1553282852603 
512 839 615 1553282852611 
512 839 617 1553282852619 
512 839 619 1553282852627 
512 842 622 1553282852634 
512 842 623 1553282852643 
512 843 624 1553282852651 
512 843 625 1553282852659 
512 844 626 1553282852668 
512 845 626 1553282852674 
512 845 627 1553282852835 
512 845 629 1553282852850 
512 845 630 1553282852858 
512 845 632 1553282852874 
512 845 634 1553282852883 
512 844 636 1553282852891 
512 844 637 1553282852899 
512 844 639 1553282852907 
512 844 641 1553282852915 
512 844 642 1553282852923 
512 844 643 1553282852940 
513 844 643 1553282853059 
514 844 643 1553282853146 
512 844 641 1553282853203 
512 844 639 1553282853210 
512 843 636 1553282853219 
512 843 632 1553282853226 
512 841 627 1553282853235 
512 840 622 1553282853243 
512 838 613 1553282853251 
512 834 605 1553282853259 
512 828 595 1553282853269 
512 823 585 1553282853274 
512 817 574 1553282853284 
512 811 564 1553282853290 
512 805 553 1553282853300 
512 801 542 1553282853307 
512 796 532 1553282853315 
512 794 521 1553282853322 
512 791 510 1553282853330 
512 786 499 1553282853339 
512 782 490 1553282853347 
512 778 479 1553282853355 
512 772 466 1553282853363 
512 762 453 1553282853372 
512 750 438 1553282853379 
512 740 428 1553282853387 
512 727 420 1553282853394 
512 712 412 1553282853404 
512 697 406 1553282853410 
512 686 401 1553282853419 
512 678 399 1553282853427 
512 670 398 1553282853435 
512 664 398 1553282853442 
512 661 398 1553282853451 
512 658 398 1553282853459 
512 657 398 1553282853468 
512 654 398 1553282853474 
512 653 398 1553282853483 
512 650 398 1553282853490 
512 649 399 1553282853499 
512 646 399 1553282853507 
512 644 399 1553282853515 
512 642 399 1553282853522 
512 638 399 1553282853531 
512 635 399 1553282853539 
512 631 399 1553282853548 
512 625 399 1553282853556 
512 620 399 1553282853562 
512 613 399 1553282853571 
512 606 398 1553282853578 
512 598 396 1553282853587 
512 591 396 1553282853594 
512 583 392 1553282853603 
512 576 390 1553282853610 
512 565 387 1553282853619 
512 557 385 1553282853626 
512 548 382 1553282853635 
512 540 380 1553282853642 
512 533 379 1553282853650 
512 525 376 1553282853658 
512 516 374 1553282853667 
512 509 372 1553282853675 
512 505 371 1553282853683 
512 502 371 1553282853691 
512 499 371 1553282853699 
512 498 370 1553282853706 
512 497 370 1553282853715 
512 496 370 1553282853724 
512 495 370 1553282853731 
512 494 370 1553282853739 
512 493 371 1553282853748 
512 492 371 1553282853778 
512 491 372 1553282853899 
512 490 372 1553282853907 
512 489 373 1553282853915 
512 489 374 1553282853930 
512 487 375 1553282853939 
512 486 375 1553282853948 
512 485 375 1553282853956 
512 484 376 1553282853974 
512 482 377 1553282853979 
512 482 378 1553282853994 
512 481 378 1553282854051 
512 480 380 1553282854067 
512 479 380 1553282854132 
512 479 381 1553282854140 
512 478 381 1553282854147 
512 477 381 1553282854156 
512 475 383 1553282854163 
512 473 383 1553282854171 
512 472 383 1553282854179 
512 470 384 1553282854187 
513 470 384 1553282854308 
514 470 384 1553282854389 
512 471 383 1553282854426 
512 473 382 1553282854436 
512 475 380 1553282854451 
512 476 378 1553282854459 
512 478 376 1553282854468 
512 480 373 1553282854474 
512 482 372 1553282854483 
512 484 370 1553282854490 
512 484 368 1553282854499 
512 485 366 1553282854507 
512 486 365 1553282854514 
512 487 363 1553282854523 
512 489 362 1553282854531 
512 489 361 1553282854539 
512 491 361 1553282854548 
512 494 361 1553282854555 
512 498 361 1553282854562 
512 501 361 1553282854571 
512 505 361 1553282854578 
512 508 361 1553282854588 
512 514 361 1553282854594 
512 521 361 1553282854603 
512 531 362 1553282854610 
512 541 362 1553282854619 
512 553 362 1553282854626 
512 565 361 1553282854635 
512 578 356 1553282854643 
512 590 349 1553282854650 
512 601 342 1553282854659 
512 610 334 1553282854668 
512 618 322 1553282854674 
512 625 313 1553282854684 
512 629 303 1553282854690 
512 632 292 1553282854699 
512 637 283 1553282854706 
512 642 272 1553282854714 
512 646 264 1553282854722 
512 650 258 1553282854730 
512 656 250 1553282854739 
512 659 246 1553282854748 
512 665 238 1553282854756 
512 670 233 1553282854762 
512 673 232 1553282854771 
512 678 228 1553282854778 
512 679 228 1553282854788 
512 682 227 1553282854794 
512 683 227 1553282854805 
512 684 227 1553282854916 
512 686 227 1553282854924 
512 687 227 1553282854931 
512 688 227 1553282854940 
512 690 226 1553282854947 
512 692 226 1553282854963 
512 693 226 1553282854971 
512 694 224 1553282854978 
512 694 222 1553282854988 
512 696 221 1553282854994 
512 696 219 1553282855003 
512 696 217 1553282855011 
512 696 215 1553282855021 
512 696 214 1553282855027 
512 696 212 1553282855035 
512 696 210 1553282855042 
512 697 209 1553282855051 
512 697 208 1553282855068 
513 697 208 1553282855206 
514 697 208 1553282855275 
512 699 211 1553282855330 
512 701 217 1553282855339 
512 704 224 1553282855346 
512 707 231 1553282855355 
512 713 242 1553282855362 
512 717 252 1553282855371 
512 722 263 1553282855378 
512 727 275 1553282855387 
512 733 288 1553282855395 
512 739 300 1553282855403 
512 743 313 1553282855410 
512 745 328 1553282855419 
512 750 344 1553282855426 
512 758 357 1553282855435 
512 763 368 1553282855443 
512 770 381 1553282855452 
512 777 392 1553282855459 
512 783 402 1553282855468 
512 791 411 1553282855475 
512 799 418 1553282855484 
512 807 425 1553282855491 
512 817 430 1553282855499 
512 825 433 1553282855507 
512 834 434 1553282855515 
512 842 436 1553282855523 
512 849 436 1553282855531 
512 855 436 1553282855539 
512 862 436 1553282855547 
512 866 436 1553282855555 
512 871 434 1553282855562 
512 874 433 1553282855571 
512 878 430 1553282855578 
512 880 429 1553282855588 
512 883 426 1553282855594 
512 885 424 1553282855603 
512 889 422 1553282855611 
512 892 419 1553282855619 
512 896 417 1553282855626 
512 900 415 1553282855635 
512 905 413 1553282855643 
512 909 411 1553282855651 
512 912 411 1553282855658 
512 913 410 1553282855668 
512 914 410 1553282855675 
512 914 409 1553282855731 
512 916 405 1553282855740 
512 917 403 1553282855755 
512 917 402 1553282855762 
512 917 399 1553282855771 
512 918 397 1553282855778 
512 921 394 1553282855788 
512 922 392 1553282855794 
512 924 390 1553282855803 
512 926 387 1553282855810 
512 927 385 1553282855819 
512 928 384 1553282855826 
512 928 382 1553282855835 
512 928 380 1553282855842 
512 928 379 1553282855859 
512 928 378 1553282855868 
512 928 377 1553282855875 
513 928 377 1553282856005 
514 928 377 1553282856058 
512 927 376 1553282856084 
512 925 380 1553282856106 
512 924 382 1553282856114 
512 924 385 1553282856122 
512 919 392 1553282856131 
512 915 398 1553282856139 
512 909 408 1553282856147 
512 902 418 1553282856155 
512 893 431 1553282856162 
512 877 447 1553282856172 
512 865 458 1553282856179 
512 849 473 1553282856187 
512 836 486 1553282856194 
512 821 502 1553282856203 
512 807 517 1553282856211 
512 797 527 1553282856219 
512 790 536 1553282856226 
512 782 546 1553282856235 
512 774 556 1553282856243 
512 766 567 1553282856251 
512 759 574 1553282856259 
512 749 584 1553282856267 
512 737 594 1553282856274 
512 727 600 1553282856284 
512 718 609 1553282856290 
512 709 618 1553282856298 
512 701 627 1553282856306 
512 692 632 1553282856315 
512 687 637 1553282856323 
512 684 640 1553282856331 
512 680 642 1553282856339 
512 677 644 1553282856348 
512 675 645 1553282856356 
512 672 645 1553282856362 
512 668 645 1553282856372 
512 662 645 1553282856379 
512 655 645 1553282856388 
512 650 645 1553282856395 
512 643 643 1553282856403 
512 633 640 1553282856410 
512 622 638 1553282856419 
512 614 635 1553282856427 
512 607 634 1553282856435 
512 599 633 1553282856442 
512 594 631 1553282856451 
512 590 631 1553282856459 
512 588 630 1553282856467 
512 586 630 1553282856474 
512 585 630 1553282856483 
512 583 630 1553282856499 
512 582 630 1553282856549 
512 580 630 1553282856555 
512 579 630 1553282856574 
512 578 630 1553282856579 
512 577 630 1553282856588 
512 576 630 1553282856643 
512 576 631 1553282856659 
512 575 632 1553282856668 
512 574 633 1553282856675 
512 573 633 1553282856683 
512 573 634 1553282856691 
512 571 635 1553282856700 
512 569 637 1553282856714 
512 567 637 1553282856723 
512 565 638 1553282856740 
512 563 639 1553282856757 
512 563 640 1553282856771 
512 562 640 1553282856778 
512 561 640 1553282856787 
512 559 641 1553282856802 
512 558 641 1553282856810 
512 557 641 1553282856819 
512 556 642 1553282856826 
512 555 643 1553282856850 
512 554 643 1553282856874 
513 554 643 1553282856963 
514 554 643 1553282857027 
512 559 641 1553282857058 
512 565 637 1553282857067 
512 569 633 1553282857075 
512 573 627 1553282857083 
512 575 623 1553282857091 
512 576 618 1553282857099 
512 579 610 1553282857106 
512 580 603 1553282857115 
512 580 595 1553282857123 
512 580 584 1553282857130 
512 583 574 1553282857140 
512 585 561 1553282857147 
512 589 549 1553282857156 
512 591 538 1553282857162 
512 594 525 1553282857171 
512 598 511 1553282857178 
512 602 499 1553282857187 
512 605 487 1553282857194 
512 607 477 1553282857204 
512 612 466 1553282857211 
512 614 457 1553282857221 
512 617 447 1553282857226 
512 623 438 1553282857236 
512 628 432 1553282857243 
512 634 426 1553282857251 
512 638 424 1553282857258 
512 642 424 1553282857268 
512 647 424 1553282857274 
512 651 424 1553282857283 
512 658 424 1553282857291 
512 662 424 1553282857299 
512 671 431 1553282857306 
512 676 437 1553282857314 
512 682 448 1553282857323 
512 687 458 1553282857330 
512 693 470 1553282857339 
512 699 487 1553282857347 
512 707 504 1553282857355 
512 713 519 1553282857363 
512 718 536 1553282857371 
512 723 552 1553282857379 
512 730 567 1553282857387 
512 735 584 1553282857394 
512 739 596 1553282857403 
512 744 608 1553282857411 
512 749 619 1553282857419 
512 754 629 1553282857427 
512 758 640 1553282857435 
512 763 649 1553282857442 
512 770 656 1553282857451 
512 776 661 1553282857458 
512 782 665 1553282857469 
512 786 667 1553282857475 
512 789 668 1553282857484 
512 792 669 1553282857491 
512 795 669 1553282857499 
512 797 669 1553282857507 
512 800 669 1553282857514 
512 803 669 1553282857523 
512 805 669 1553282857531 
512 807 669 1553282857540 
512 810 669 1553282857548 
512 813 668 1553282857556 
512 818 665 1553282857563 
512 819 665 1553282857571 
512 822 664 1553282857578 
512 824 663 1553282857587 
512 826 660 1553282857594 
512 827 659 1553282857603 
512 828 658 1553282857620 
512 828 657 1553282857627 
512 829 656 1553282857636 
512 829 655 1553282857642 
512 830 654 1553282857658 
512 830 653 1553282857667 
512 831 651 1553282857684 
512 832 651 1553282857756 
512 835 649 1553282857762 
512 836 648 1553282857787 
512 837 647 1553282857811 
512 837 646 1553282857835 
512 838 645 1553282857858 
513 838 645 1553282857948 
514 838 645 1553282858035 
512 839 644 1553282858091 
512 839 643 1553282858100 
512 839 639 1553282858107 
512 839 635 1553282858115 
512 839 630 1553282858124 
512 838 622 1553282858132 
512 837 615 1553282858141 
512 834 606 1553282858148 
512 831 595 1553282858156 
512 827 584 1553282858163 
512 823 571 1553282858172 
512 819 560 1553282858179 
512 816 550 1553282858188 
512 814 535 1553282858194 
512 809 524 1553282858204 
512 806 513 1553282858210 
512 804 504 1553282858220 
512 801 497 1553282858227 
512 801 493 1553282858238 
512 801 492 1553282858245 
512 802 488 1553282858251 
512 805 486 1553282858259 
512 811 482 1553282858268 
512 819 477 1553282858275 
512 830 471 1553282858285 
512 845 461 1553282858291 
512 861 453 1553282858299 
512 877 444 1553282858308 
512 895 433 1553282858315 
512 910 421 1553282858324 
512 924 410 1553282858332 
512 936 399 1553282858340 
512 948 390 1553282858349 
512 955 381 1553282858356 
512 955 380 1553282858363 
512 959 375 1553282858382 
512 963 370 1553282858387 
512 964 368 1553282858394 
512 966 365 1553282858403 
512 966 364 1553282858410 
512 966 363 1553282858419 
512 966 362 1553282858426 
512 966 361 1553282858452 
512 965 361 1553282858499 
512 964 361 1553282858508 
512 963 361 1553282858515 
512 962 361 1553282858532 
512 961 361 1553282858540 
512 960 361 1553282858549 
512 958 361 1553282858556 
512 956 361 1553282858563 
512 953 361 1553282858572 
512 950 361 1553282858579 
512 946 363 1553282858587 
512 941 366 1553282858595 
512 939 367 1553282858604 
512 935 370 1553282858611 
512 932 373 1553282858620 
512 928 377 1553282858627 
512 928 378 1553282858636 
512 926 380 1553282858642 
512 924 381 1553282858652 
513 924 381 1553282858880 
514 924 381 1553282858947 
512 923 380 1553282859035 
512 920 377 1553282859043 
512 917 376 1553282859051 
512 911 374 1553282859059 
512 903 371 1553282859068 
512 895 370 1553282859075 
512 880 368 1553282859084 
512 866 366 1553282859090 
512 845 363 1553282859099 
512 819 358 1553282859107 
512 791 357 1553282859114 
512 759 357 1553282859123 
512 726 357 1553282859130 
512 696 357 1553282859140 
512 655 357 1553282859147 
512 628 357 1553282859156 
512 590 355 1553282859162 
512 557 355 1553282859172 
512 530 355 1553282859178 
512 506 351 1553282859187 
512 480 348 1553282859194 
512 460 345 1553282859203 
512 445 343 1553282859211 
512 434 342 1553282859219 
512 427 340 1553282859227 
512 423 340 1553282859235 
512 420 339 1553282859244 
512 419 339 1553282859290 
512 418 340 1553282859298 
512 416 343 1553282859315 
512 416 345 1553282859323 
512 416 346 1553282859331 
512 416 347 1553282859339 
512 416 348 1553282859346 
512 416 349 1553282859356 
512 416 350 1553282859372 
512 418 350 1553282859378 
512 419 350 1553282859394 
512 421 350 1553282859403 
512 422 350 1553282859419 
512 426 352 1553282859426 
512 430 353 1553282859435 
512 436 355 1553282859443 
512 440 357 1553282859451 
512 447 359 1553282859458 
512 454 360 1553282859467 
512 459 361 1553282859474 
512 463 362 1553282859483 
512 465 363 1553282859491 
512 467 364 1553282859499 
512 468 364 1553282859658 
512 468 365 1553282859690 
512 468 366 1553282859747 
512 468 367 1553282859756 
512 468 368 1553282859762 
512 468 369 1553282859773 
512 468 371 1553282859778 
512 468 372 1553282859795 
512 468 373 1553282859803 
512 468 374 1553282859819 
513 468 374 1553282859901 
514 468 374 1553282859978 
512 470 374 1553282860011 
512 472 374 1553282860019 
512 474 373 1553282860027 
512 477 372 1553282860035 
512 480 368 1553282860042 
512 482 366 1553282860050 
512 485 365 1553282860059 
512 489 363 1553282860068 
512 495 359 1553282860074 
512 500 356 1553282860083 
512 505 353 1553282860090 
512 512 351 1553282860099 
512 522 348 1553282860106 
512 532 346 1553282860115 
512 544 342 1553282860123 
512 557 340 1553282860130 
512 571 339 1553282860139 
512 590 336 1553282860148 
512 609 335 1553282860156 
512 629 335 1553282860162 
512 648 335 1553282860172 
512 664 335 1553282860179 
512 681 335 1553282860188 
512 693 335 1553282860194 
512 702 335 1553282860203 
512 711 335 1553282860210 
512 717 334 1553282860219 
512 721 334 1553282860226 
512 724 333 1553282860235 
512 725 333 1553282860243 
512 726 335 1553282860290 
512 726 339 1553282860298 
512 724 348 1553282860306 
512 722 356 1553282860315 
512 719 365 1553282860322 
512 713 377 1553282860331 
512 708 392 1553282860339 
512 703 405 1553282860347 
512 697 416 1553282860355 
512 691 430 1553282860363 
512 688 441 1553282860372 
512 682 452 1553282860378 
512 678 463 1553282860388 
512 672 474 1553282860394 
512 667 487 1553282860402 
512 662 499 1553282860410 
512 657 511 1553282860419 
512 653 520 1553282860426 
512 649 529 1553282860434 
512 645 539 1553282860442 
512 642 547 1553282860451 
512 640 553 1553282860459 
512 639 559 1553282860467 
512 636 564 1553282860474 
512 635 566 1553282860484 
512 633 570 1553282860490 
512 632 571 1553282860498 
512 631 574 1553282860506 
512 631 575 1553282860515 
512 628 577 1553282860522 
512 628 578 1553282860531 
512 626 580 1553282860547 
512 625 581 1553282860555 
512 624 582 1553282860562 
512 622 585 1553282860572 
512 622 586 1553282860578 
512 620 589 1553282860588 
512 618 592 1553282860594 
512 616 597 1553282860603 
512 613 600 1553282860610 
512 612 602 1553282860619 
512 608 608 1553282860627 
512 607 610 1553282860634 
512 605 613 1553282860642 
512 603 617 1553282860651 
512 601 619 1553282860659 
512 600 622 1553282860669 
512 597 627 1553282860675 
512 596 629 1553282860684 
512 593 632 1553282860690 
512 593 635 1553282860699 
512 591 637 1553282860706 
512 589 639 1553282860715 
512 587 641 1553282860723 
512 585 644 1553282860731 
512 584 645 1553282860739 
512 584 646 1553282860747 
512 583 647 1553282860772 
512 582 647 1553282860891 
512 581 647 1553282860899 
512 580 647 1553282860907 
512 579 647 1553282860915 
512 578 646 1553282860923 
512 576 646 1553282860931 
512 575 646 1553282860947 
512 575 645 1553282860963 
512 574 645 1553282860994 
512 572 645 1553282861004 
512 570 645 1553282861019 
512 569 645 1553282861027 
512 566 645 1553282861036 
512 564 645 1553282861043 
512 563 645 1553282861059 
512 562 645 1553282861084 
512 561 645 1553282861163 
512 560 645 1553282861171 
512 559 645 1553282861188 
513 559 645 1553282861253 
514 559 645 1553282861347 
512 560 642 1553282861362 
512 566 639 1553282861371 
512 574 634 1553282861379 
512 579 629 1553282861387 
512 586 624 1553282861394 
512 590 619 1553282861403 
512 595 613 1553282861411 
512 599 607 1553282861419 
512 602 600 1553282861427 
512 605 591 1553282861435 
512 607 581 1553282861443 
512 612 570 1553282861451 
512 615 557 1553282861459 
512 620 545 1553282861468 
512 627 527 1553282861474 
512 637 509 1553282861484 
512 647 490 1553282861490 
512 659 471 1553282861499 
512 671 457 1553282861506 
512 680 445 1553282861514 
512 695 425 1553282861523 
512 706 413 1553282861531 
512 721 396 1553282861540 
512 733 381 1553282861547 
512 740 371 1553282861556 
512 748 360 1553282861562 
512 755 351 1553282861572 
512 760 340 1553282861578 
512 762 332 1553282861588 
512 766 322 1553282861594 
512 766 314 1553282861603 
512 766 305 1553282861610 
512 766 297 1553282861619 
512 764 289 1553282861626 
512 762 282 1553282861634 
512 760 277 1553282861642 
512 758 272 1553282861651 
512 756 268 1553282861659 
512 754 265 1553282861667 
512 754 260 1553282861674 
512 751 256 1553282861684 
512 749 250 1553282861690 
512 745 244 1553282861699 
512 739 235 1553282861706 
512 734 230 1553282861714 
512 726 221 1553282861723 
512 720 216 1553282861730 
512 712 211 1553282861739 
512 708 208 1553282861747 
512 704 207 1553282861755 
512 703 207 1553282861763 
512 702 207 1553282861811 
512 700 207 1553282861826 
513 700 207 1553282861996 
512 701 207 1553282862059 
514 701 207 1553282862059 
