512 707 209 1553518189165 
512 709 209 1553518189186 
512 717 215 1553518189201 
512 731 227 1553518189215 
512 747 242 1553518189232 
512 768 266 1553518189251 
512 787 292 1553518189267 
512 817 343 1553518189287 
512 843 383 1553518189301 
512 864 416 1553518189319 
512 883 450 1553518189331 
512 899 483 1553518189350 
512 912 515 1553518189370 
512 918 545 1553518189382 
512 918 563 1553518189400 
512 915 579 1553518189416 
512 908 591 1553518189435 
512 901 598 1553518189450 
512 894 605 1553518189465 
512 884 614 1553518189485 
512 883 614 1553518189499 
512 875 621 1553518189515 
512 870 624 1553518189534 
512 865 629 1553518189556 
512 863 630 1553518189565 
512 860 633 1553518189582 
512 859 633 1553518189599 
512 858 633 1553518189657 
512 857 635 1553518189665 
512 856 635 1553518189683 
512 855 635 1553518189699 
512 855 636 1553518189715 
512 852 636 1553518189816 
512 846 642 1553518189837 
512 844 644 1553518189853 
512 840 647 1553518189869 
512 840 648 1553518189886 
513 840 648 1553518190107 
514 840 648 1553518190226 
512 834 646 1553518190285 
512 824 644 1553518190303 
512 808 642 1553518190318 
512 784 640 1553518190334 
512 744 638 1553518190356 
512 642 622 1553518190404 
512 610 613 1553518190423 
512 564 600 1553518190446 
512 536 582 1553518190466 
512 526 571 1553518190488 
512 517 552 1553518190505 
512 502 513 1553518190523 
512 493 482 1553518190539 
512 479 452 1553518190558 
512 473 441 1553518190572 
512 456 415 1553518190590 
512 454 411 1553518190606 
512 454 410 1553518190624 
512 454 404 1553518190666 
512 454 398 1553518190688 
512 454 392 1553518190705 
512 455 386 1553518190719 
512 455 383 1553518190735 
512 455 382 1553518190751 
512 455 381 1553518190767 
512 456 378 1553518190790 
512 460 377 1553518190815 
512 463 375 1553518190833 
512 480 375 1553518191096 
513 480 375 1553518191163 
514 480 375 1553518191323 
512 479 375 1553518191533 
512 482 373 1553518191626 
512 496 367 1553518191636 
512 521 359 1553518191655 
512 553 343 1553518191670 
512 580 329 1553518191688 
512 601 313 1553518191701 
512 613 301 1553518191718 
512 621 288 1553518191734 
512 626 280 1553518191748 
512 631 273 1553518191767 
512 636 269 1553518191783 
512 641 266 1553518191802 
512 647 262 1553518191820 
512 657 257 1553518191837 
512 660 254 1553518191850 
512 670 245 1553518191868 
512 673 241 1553518191887 
512 677 236 1553518191904 
512 681 231 1553518191930 
512 685 227 1553518191950 
512 687 224 1553518191968 
512 689 221 1553518191982 
512 692 216 1553518192000 
512 694 211 1553518192017 
512 695 208 1553518192031 
512 698 204 1553518192048 
512 698 203 1553518192066 
512 699 202 1553518192084 
513 699 202 1553518192204 
514 699 202 1553518192339 
512 699 201 1553518192382 
512 700 202 1553518192399 
512 704 208 1553518192417 
512 709 219 1553518192435 
512 720 232 1553518192448 
512 742 257 1553518192472 
512 758 273 1553518192486 
512 774 292 1553518192501 
512 788 304 1553518192518 
512 795 316 1553518192532 
512 801 325 1553518192549 
512 804 334 1553518192567 
512 808 347 1553518192582 
512 811 359 1553518192598 
512 815 372 1553518192618 
512 817 378 1553518192631 
512 819 381 1553518192650 
512 821 381 1553518192670 
512 824 381 1553518192688 
512 827 381 1553518192699 
512 842 379 1553518192716 
512 857 376 1553518192734 
512 878 374 1553518192748 
512 899 370 1553518192765 
512 915 368 1553518192782 
512 923 365 1553518192802 
512 923 364 1553518192815 
512 925 363 1553518192831 
512 925 364 1553518193065 
512 925 366 1553518193083 
512 925 371 1553518193101 
512 925 373 1553518193115 
512 925 374 1553518193132 
512 925 376 1553518193149 
512 925 377 1553518193167 
513 925 377 1553518193242 
514 925 377 1553518193355 
512 925 378 1553518193372 
512 919 386 1553518193426 
512 905 396 1553518193458 
512 895 412 1553518193477 
512 720 512 1553518193590 
512 697 531 1553518193608 
512 665 565 1553518193636 
512 659 572 1553518193651 
512 636 592 1553518193671 
512 623 604 1553518193688 
512 603 621 1553518193725 
512 602 623 1553518193735 
512 600 625 1553518193749 
512 599 626 1553518193782 
512 598 628 1553518193803 
512 588 630 1553518193826 
512 585 631 1553518193837 
512 580 633 1553518193853 
512 576 634 1553518193869 
512 573 636 1553518193885 
512 570 636 1553518193901 
512 565 638 1553518193921 
512 562 638 1553518193935 
512 560 638 1553518193954 
512 559 639 1553518193999 
512 559 640 1553518194049 
513 559 640 1553518194116 
512 559 641 1553518194132 
514 559 641 1553518194234 
512 559 642 1553518194250 
512 566 635 1553518194265 
512 582 617 1553518194283 
512 614 582 1553518194300 
512 641 547 1553518194317 
512 672 499 1553518194333 
512 710 439 1553518194349 
512 744 376 1553518194367 
512 765 318 1553518194382 
512 774 278 1553518194399 
512 774 255 1553518194416 
512 774 236 1553518194433 
512 771 229 1553518194450 
512 771 226 1553518194467 
512 771 225 1553518194498 
512 772 229 1553518194516 
512 778 242 1553518194533 
512 786 264 1553518194551 
512 801 290 1553518194568 
512 815 319 1553518194583 
512 826 362 1553518194598 
512 830 403 1553518194617 
512 833 442 1553518194633 
512 833 484 1553518194650 
512 828 512 1553518194666 
512 826 536 1553518194683 
512 825 554 1553518194699 
512 825 574 1553518194716 
512 825 581 1553518194734 
512 825 585 1553518194748 
512 825 589 1553518194767 
512 825 592 1553518194783 
512 825 597 1553518194803 
512 825 599 1553518194819 
512 828 611 1553518194855 
512 830 615 1553518194872 
512 832 618 1553518194888 
512 834 620 1553518194903 
512 835 621 1553518194917 
512 836 621 1553518194933 
512 837 622 1553518194951 
512 837 623 1553518194966 
512 839 624 1553518194984 
512 841 628 1553518195007 
512 843 632 1553518195022 
512 843 633 1553518195031 
512 845 637 1553518195050 
512 847 639 1553518195067 
512 847 640 1553518195152 
512 847 642 1553518195171 
513 847 642 1553518195210 
512 847 643 1553518195221 
514 847 643 1553518195314 
512 851 640 1553518195332 
512 862 628 1553518195350 
512 875 612 1553518195369 
512 883 583 1553518195387 
512 886 560 1553518195404 
512 888 535 1553518195419 
512 888 492 1553518195437 
512 888 473 1553518195451 
512 876 429 1553518195468 
512 856 368 1553518195485 
512 851 339 1553518195501 
512 849 317 1553518195516 
512 856 302 1553518195532 
512 864 296 1553518195549 
512 870 295 1553518195566 
512 875 295 1553518195584 
512 881 298 1553518195601 
512 891 311 1553518195615 
512 901 325 1553518195634 
512 913 338 1553518195652 
512 922 346 1553518195667 
512 930 352 1553518195687 
512 930 354 1553518195715 
512 930 355 1553518195732 
512 930 356 1553518195765 
512 930 357 1553518195833 
512 930 359 1553518195848 
512 930 362 1553518195865 
512 930 364 1553518195887 
512 930 365 1553518195898 
512 930 367 1553518195916 
512 929 368 1553518195931 
512 929 370 1553518195951 
512 928 373 1553518195968 
512 927 376 1553518195983 
512 927 377 1553518196004 
513 927 377 1553518196087 
514 927 377 1553518196171 
512 926 377 1553518196200 
512 925 376 1553518196232 
512 923 372 1553518196251 
512 914 370 1553518196270 
512 905 370 1553518196285 
512 896 369 1553518196298 
512 867 363 1553518196315 
512 841 360 1553518196331 
512 818 357 1553518196351 
512 797 353 1553518196365 
512 781 348 1553518196382 
512 762 342 1553518196400 
512 737 335 1553518196416 
512 707 328 1553518196431 
512 675 323 1553518196451 
512 651 323 1553518196465 
512 636 323 1553518196482 
512 625 329 1553518196499 
512 620 333 1553518196517 
512 611 337 1553518196531 
512 600 342 1553518196549 
512 579 348 1553518196566 
512 556 350 1553518196582 
512 531 356 1553518196599 
512 511 359 1553518196616 
512 494 361 1553518196632 
512 485 363 1553518196650 
512 482 363 1553518196665 
512 478 364 1553518196683 
512 475 365 1553518196699 
512 471 365 1553518196715 
512 469 366 1553518196732 
512 468 367 1553518196748 
512 467 368 1553518196798 
512 467 369 1553518196815 
512 467 370 1553518196848 
512 467 372 1553518196864 
512 467 373 1553518196882 
512 467 376 1553518196898 
512 467 378 1553518196915 
513 467 378 1553518197010 
514 467 378 1553518197107 
512 468 379 1553518197149 
512 470 378 1553518197165 
512 473 376 1553518197182 
512 474 376 1553518197215 
512 478 376 1553518197231 
512 485 380 1553518197250 
512 496 389 1553518197266 
512 508 400 1553518197283 
512 518 414 1553518197299 
512 529 438 1553518197317 
512 537 456 1553518197333 
512 548 470 1553518197349 
512 559 482 1553518197367 
512 574 494 1553518197381 
512 583 505 1553518197400 
512 591 521 1553518197415 
512 594 546 1553518197431 
512 594 569 1553518197449 
512 589 596 1553518197466 
512 578 615 1553518197482 
512 567 631 1553518197499 
512 562 636 1553518197515 
512 560 637 1553518197531 
512 559 637 1553518197548 
512 558 637 1553518197568 
512 557 637 1553518197582 
512 554 637 1553518197598 
512 553 638 1553518197614 
512 552 639 1553518197632 
512 551 639 1553518197648 
512 550 640 1553518197665 
513 550 640 1553518197826 
514 550 640 1553518197955 
512 551 640 1553518197964 
512 556 637 1553518197981 
512 565 631 1553518197998 
512 579 617 1553518198015 
512 594 598 1553518198031 
512 614 578 1553518198048 
512 641 538 1553518198066 
512 667 501 1553518198082 
512 706 435 1553518198098 
512 742 330 1553518198115 
512 751 275 1553518198133 
512 757 239 1553518198149 
512 758 222 1553518198165 
512 758 212 1553518198182 
512 756 207 1553518198202 
512 755 206 1553518198215 
512 755 205 1553518198231 
512 754 205 1553518198316 
512 750 211 1553518198331 
512 745 226 1553518198347 
512 738 248 1553518198365 
512 734 277 1553518198381 
512 728 315 1553518198398 
512 713 364 1553518198414 
512 697 414 1553518198431 
512 674 470 1553518198448 
512 641 531 1553518198465 
512 612 581 1553518198481 
512 588 621 1553518198498 
512 572 648 1553518198514 
512 568 655 1553518198532 
512 566 658 1553518198548 
512 565 658 1553518198564 
512 562 658 1553518198598 
512 560 658 1553518198614 
512 557 658 1553518198631 
512 553 658 1553518198648 
512 551 659 1553518198665 
512 551 660 1553518198681 
512 551 658 1553518198747 
512 551 654 1553518198765 
512 552 651 1553518198784 
512 553 649 1553518198798 
512 554 647 1553518198815 
512 555 646 1553518198831 
512 555 645 1553518198848 
512 556 644 1553518198898 
513 556 644 1553518198955 
514 556 644 1553518199068 
512 563 637 1553518199114 
512 573 624 1553518199131 
512 581 611 1553518199148 
512 595 593 1553518199166 
512 616 555 1553518199181 
512 640 512 1553518199198 
512 672 457 1553518199214 
512 695 400 1553518199231 
512 715 354 1553518199248 
512 728 315 1553518199265 
512 733 277 1553518199282 
512 734 242 1553518199298 
512 734 225 1553518199314 
512 734 215 1553518199331 
512 734 210 1553518199349 
512 733 206 1553518199365 
512 733 200 1553518199381 
512 732 194 1553518199399 
512 730 187 1553518199416 
512 730 182 1553518199431 
512 728 179 1553518199448 
512 727 177 1553518199464 
512 726 177 1553518199482 
512 724 177 1553518199498 
512 718 178 1553518199515 
512 711 187 1553518199532 
512 707 194 1553518199549 
512 705 199 1553518199564 
512 703 204 1553518199581 
512 703 207 1553518199599 
512 703 209 1553518199615 
512 703 210 1553518199648 
513 703 210 1553518199778 
514 703 210 1553518199884 
