512 703 212 1553107085903 
512 703 220 1553107085911 
512 703 229 1553107085919 
512 706 237 1553107085926 
512 709 249 1553107085936 
512 711 258 1553107085942 
512 715 267 1553107085951 
512 717 275 1553107085958 
512 720 285 1553107085969 
512 722 294 1553107085974 
512 725 300 1553107085983 
512 726 308 1553107085991 
512 729 317 1553107085999 
512 731 324 1553107086007 
512 734 333 1553107086015 
512 736 339 1553107086022 
512 741 350 1553107086031 
512 747 364 1553107086039 
512 752 381 1553107086048 
512 760 399 1553107086055 
512 769 424 1553107086064 
512 783 453 1553107086070 
512 789 467 1553107086079 
512 797 483 1553107086086 
512 802 493 1553107086094 
512 806 502 1553107086102 
512 809 509 1553107086111 
512 813 517 1553107086119 
512 816 524 1553107086126 
512 817 530 1553107086136 
512 819 535 1553107086142 
512 821 540 1553107086152 
512 822 544 1553107086159 
512 823 549 1553107086168 
512 823 555 1553107086174 
512 824 562 1553107086183 
512 826 569 1553107086190 
512 827 579 1553107086199 
512 828 585 1553107086206 
512 829 594 1553107086215 
512 830 602 1553107086223 
512 832 610 1553107086232 
512 832 618 1553107086239 
512 834 626 1553107086248 
512 834 634 1553107086254 
512 837 642 1553107086264 
512 838 648 1553107086270 
512 841 653 1553107086279 
512 842 659 1553107086286 
512 843 661 1553107086295 
512 843 663 1553107086303 
512 843 664 1553107086311 
512 843 665 1553107086319 
512 844 665 1553107086335 
512 844 664 1553107086536 
512 844 663 1553107086544 
512 844 660 1553107086552 
512 843 658 1553107086559 
512 842 654 1553107086568 
512 841 652 1553107086575 
512 841 649 1553107086584 
512 840 646 1553107086591 
512 840 643 1553107086600 
512 840 641 1553107086607 
512 838 640 1553107086617 
513 838 640 1553107086717 
514 838 640 1553107086833 
512 838 639 1553107086871 
512 838 637 1553107086879 
512 838 634 1553107086887 
512 837 632 1553107086895 
512 837 626 1553107086903 
512 837 623 1553107086911 
512 837 615 1553107086920 
512 833 607 1553107086926 
512 832 598 1553107086935 
512 830 588 1553107086943 
512 827 577 1553107086952 
512 826 563 1553107086958 
512 821 549 1553107086968 
512 820 536 1553107086974 
512 816 519 1553107086984 
512 815 505 1553107086990 
512 814 491 1553107086999 
512 809 471 1553107087007 
512 806 453 1553107087015 
512 803 437 1553107087023 
512 801 424 1553107087031 
512 796 413 1553107087038 
512 791 402 1553107087048 
512 781 389 1553107087055 
512 774 380 1553107087064 
512 766 371 1553107087071 
512 757 363 1553107087079 
512 742 355 1553107087087 
512 731 348 1553107087095 
512 717 343 1553107087103 
512 700 338 1553107087111 
512 688 336 1553107087120 
512 677 333 1553107087126 
512 667 332 1553107087135 
512 658 331 1553107087143 
512 650 331 1553107087152 
512 642 331 1553107087159 
512 637 331 1553107087167 
512 631 331 1553107087175 
512 626 331 1553107087183 
512 618 333 1553107087191 
512 612 333 1553107087200 
512 606 335 1553107087207 
512 597 336 1553107087215 
512 587 339 1553107087222 
512 578 341 1553107087231 
512 570 343 1553107087238 
512 559 344 1553107087248 
512 549 345 1553107087255 
512 539 347 1553107087264 
512 528 349 1553107087271 
512 518 351 1553107087279 
512 513 352 1553107087287 
512 508 355 1553107087295 
512 504 355 1553107087303 
512 503 355 1553107087311 
512 501 356 1553107087319 
512 500 357 1553107087326 
512 498 357 1553107087335 
512 497 357 1553107087343 
512 494 358 1553107087351 
512 491 359 1553107087358 
512 487 360 1553107087368 
512 482 360 1553107087374 
512 477 362 1553107087383 
512 473 362 1553107087391 
512 468 363 1553107087400 
512 465 363 1553107087406 
512 463 363 1553107087415 
512 462 364 1553107087495 
512 461 365 1553107087503 
512 460 365 1553107087520 
512 460 366 1553107087526 
513 460 366 1553107087591 
512 460 368 1553107087630 
512 460 369 1553107087647 
512 460 372 1553107087654 
514 460 372 1553107087656 
512 461 375 1553107087663 
512 463 377 1553107087670 
512 468 380 1553107087679 
512 470 380 1553107087686 
512 473 382 1553107087695 
512 476 383 1553107087702 
512 477 383 1553107087711 
512 477 384 1553107087719 
512 478 384 1553107087864 
512 478 383 1553107087886 
512 478 382 1553107087895 
512 477 380 1553107087902 
512 475 379 1553107087911 
512 472 377 1553107087919 
512 470 375 1553107087926 
512 467 373 1553107087936 
512 464 371 1553107087942 
512 463 370 1553107087951 
512 462 370 1553107087959 
512 461 369 1553107087968 
513 461 369 1553107088036 
514 461 369 1553107088137 
512 462 369 1553107088175 
512 463 369 1553107088183 
512 464 369 1553107088334 
512 465 369 1553107088342 
512 466 369 1553107088351 
512 467 369 1553107088358 
512 469 370 1553107088367 
513 469 370 1553107088523 
514 469 370 1553107088616 
512 471 370 1553107088711 
512 473 370 1553107088719 
512 474 370 1553107088726 
512 477 370 1553107088735 
512 479 370 1553107088743 
512 484 369 1553107088751 
512 490 367 1553107088758 
512 496 366 1553107088768 
512 505 364 1553107088775 
512 515 364 1553107088784 
512 525 363 1553107088792 
512 537 363 1553107088800 
512 548 363 1553107088809 
512 559 363 1553107088816 
512 569 363 1553107088823 
512 576 363 1553107088832 
512 585 363 1553107088839 
512 595 363 1553107088848 
512 601 363 1553107088856 
512 609 363 1553107088864 
512 619 362 1553107088873 
512 628 358 1553107088885 
512 638 356 1553107088888 
512 649 351 1553107088896 
512 659 345 1553107088905 
512 665 340 1553107088914 
512 671 332 1553107088920 
512 674 327 1553107088932 
512 679 319 1553107088936 
512 680 312 1553107088944 
512 680 307 1553107088951 
512 680 301 1553107088960 
512 680 293 1553107088968 
512 680 288 1553107088976 
512 679 283 1553107088985 
512 677 279 1553107088991 
512 675 275 1553107089000 
512 675 272 1553107089008 
512 675 270 1553107089016 
512 675 268 1553107089026 
512 675 267 1553107089032 
512 675 265 1553107089040 
512 676 264 1553107089047 
512 677 262 1553107089055 
512 679 260 1553107089066 
512 681 257 1553107089071 
512 683 256 1553107089079 
512 684 255 1553107089087 
512 687 253 1553107089099 
512 688 252 1553107089112 
512 689 251 1553107089120 
512 690 250 1553107089128 
512 691 249 1553107089144 
512 692 247 1553107089152 
512 693 247 1553107089154 
512 693 246 1553107089159 
512 695 245 1553107089167 
512 695 244 1553107089174 
512 697 243 1553107089184 
512 699 240 1553107089191 
512 701 238 1553107089199 
512 702 236 1553107089207 
512 703 236 1553107089216 
512 703 233 1553107089222 
512 703 230 1553107089231 
512 703 229 1553107089239 
512 703 226 1553107089248 
512 703 224 1553107089254 
512 703 223 1553107089264 
512 703 220 1553107089272 
512 703 219 1553107089279 
512 702 216 1553107089288 
512 701 215 1553107089295 
512 700 212 1553107089304 
512 699 212 1553107089311 
512 699 211 1553107089320 
512 698 210 1553107089327 
512 698 209 1553107089353 
512 698 208 1553107089391 
512 699 208 1553107089407 
513 699 208 1553107089488 
514 699 208 1553107089575 
512 699 210 1553107089671 
512 699 217 1553107089679 
512 699 221 1553107089688 
512 698 228 1553107089695 
512 698 237 1553107089704 
512 698 248 1553107089712 
512 698 260 1553107089721 
512 698 276 1553107089727 
512 699 289 1553107089736 
512 706 309 1553107089743 
512 711 326 1553107089752 
512 718 348 1553107089759 
512 723 372 1553107089768 
512 735 395 1553107089775 
512 746 431 1553107089784 
512 755 453 1553107089790 
512 768 480 1553107089799 
512 777 500 1553107089806 
512 789 514 1553107089815 
512 800 527 1553107089823 
512 810 532 1553107089832 
512 819 536 1553107089838 
512 834 536 1553107089849 
512 847 536 1553107089855 
512 862 535 1553107089864 
512 877 529 1553107089871 
512 892 521 1553107089879 
512 903 515 1553107089888 
512 913 506 1553107089895 
512 923 499 1553107089904 
512 931 493 1553107089911 
512 938 485 1553107089920 
512 945 479 1553107089927 
512 949 474 1553107089936 
512 955 468 1553107089943 
512 959 461 1553107089953 
512 961 456 1553107089958 
512 962 453 1553107089967 
512 962 448 1553107089975 
512 962 443 1553107089984 
512 962 439 1553107089990 
512 960 434 1553107089999 
512 956 430 1553107090007 
512 952 422 1553107090016 
512 948 416 1553107090022 
512 942 410 1553107090032 
512 936 403 1553107090038 
512 930 395 1553107090048 
512 924 388 1553107090055 
512 919 381 1553107090063 
512 915 375 1553107090071 
512 913 368 1553107090079 
512 911 365 1553107090087 
512 910 360 1553107090095 
512 910 358 1553107090103 
512 910 355 1553107090111 
512 910 354 1553107090127 
512 910 353 1553107090142 
512 911 353 1553107090249 
512 912 353 1553107090270 
512 914 353 1553107090281 
512 916 353 1553107090294 
512 918 353 1553107090304 
512 920 355 1553107090311 
512 921 356 1553107090320 
512 925 359 1553107090327 
512 925 361 1553107090343 
512 926 361 1553107090353 
512 926 362 1553107090367 
512 926 363 1553107090422 
512 926 364 1553107090439 
512 926 365 1553107090448 
512 926 366 1553107090487 
512 925 368 1553107090591 
512 925 370 1553107090616 
512 924 371 1553107090632 
512 924 373 1553107090638 
512 924 374 1553107090654 
512 924 376 1553107090679 
513 924 376 1553107090744 
514 924 376 1553107090855 
512 922 377 1553107090984 
512 921 377 1553107090991 
512 918 378 1553107091000 
512 915 381 1553107091007 
512 912 383 1553107091017 
512 904 388 1553107091023 
512 896 396 1553107091032 
512 889 402 1553107091039 
512 882 411 1553107091048 
512 876 418 1553107091054 
512 874 420 1553107091064 
512 869 427 1553107091071 
512 867 428 1553107091080 
512 863 431 1553107091087 
512 857 435 1553107091095 
512 850 440 1553107091104 
512 843 444 1553107091111 
512 834 450 1553107091120 
512 823 458 1553107091127 
512 812 466 1553107091136 
512 802 471 1553107091142 
512 789 481 1553107091152 
512 773 489 1553107091158 
512 760 496 1553107091167 
512 742 507 1553107091174 
512 726 517 1553107091184 
512 710 526 1553107091190 
512 694 534 1553107091200 
512 678 543 1553107091206 
512 658 553 1553107091216 
512 645 559 1553107091222 
512 633 566 1553107091231 
512 620 573 1553107091238 
512 607 579 1553107091248 
512 594 588 1553107091254 
512 584 596 1553107091264 
512 575 602 1553107091270 
512 568 610 1553107091279 
512 562 616 1553107091287 
512 557 622 1553107091295 
512 553 626 1553107091303 
512 548 632 1553107091311 
512 545 636 1553107091320 
512 543 639 1553107091326 
512 542 642 1553107091336 
512 539 646 1553107091342 
512 539 647 1553107091352 
512 539 649 1553107091359 
512 538 651 1553107091369 
512 538 652 1553107091374 
512 538 654 1553107091384 
512 537 654 1553107091390 
512 537 655 1553107091400 
512 536 656 1553107091406 
512 537 656 1553107091542 
512 539 656 1553107091553 
512 544 653 1553107091558 
512 547 651 1553107091568 
512 550 649 1553107091575 
512 552 647 1553107091584 
512 553 646 1553107091590 
512 554 645 1553107091599 
512 555 644 1553107091712 
512 556 644 1553107091727 
512 556 643 1553107091736 
513 556 643 1553107091808 
514 556 643 1553107091896 
512 556 642 1553107091937 
512 556 640 1553107091942 
512 556 639 1553107091952 
512 556 635 1553107091958 
512 556 628 1553107091968 
512 559 619 1553107091975 
512 559 611 1553107091983 
512 560 601 1553107091991 
512 560 589 1553107091999 
512 560 577 1553107092006 
512 560 562 1553107092016 
512 560 549 1553107092023 
512 560 536 1553107092031 
512 560 523 1553107092038 
512 560 511 1553107092048 
512 560 496 1553107092055 
512 560 483 1553107092063 
512 560 470 1553107092072 
512 560 458 1553107092079 
512 557 444 1553107092087 
512 553 433 1553107092098 
512 549 422 1553107092104 
512 545 415 1553107092112 
512 543 410 1553107092121 
512 542 409 1553107092126 
512 542 408 1553107092153 
512 544 408 1553107092159 
512 549 409 1553107092168 
512 556 413 1553107092174 
512 564 422 1553107092184 
512 572 429 1553107092191 
512 584 438 1553107092199 
512 601 453 1553107092206 
512 617 468 1553107092215 
512 639 486 1553107092222 
512 657 504 1553107092235 
512 678 523 1553107092239 
512 699 544 1553107092249 
512 715 562 1553107092257 
512 728 574 1553107092263 
512 743 590 1553107092271 
512 756 603 1553107092278 
512 770 613 1553107092286 
512 785 625 1553107092295 
512 792 632 1553107092304 
512 800 638 1553107092311 
512 806 641 1553107092321 
512 807 642 1553107092326 
512 810 643 1553107092337 
512 811 644 1553107092343 
512 813 644 1553107092407 
512 814 644 1553107092416 
512 817 645 1553107092423 
512 818 645 1553107092431 
512 821 646 1553107092438 
512 824 646 1553107092448 
512 825 646 1553107092463 
512 826 646 1553107092552 
512 827 645 1553107092559 
512 828 644 1553107092568 
512 829 644 1553107092575 
512 830 644 1553107092584 
512 831 642 1553107092590 
512 832 642 1553107092671 
512 834 642 1553107092679 
512 836 642 1553107092695 
512 837 642 1553107092704 
512 838 642 1553107092711 
512 839 642 1553107092720 
512 841 641 1553107092727 
513 841 641 1553107092851 
514 841 641 1553107092943 
512 841 639 1553107092975 
512 840 638 1553107092984 
512 839 634 1553107092990 
512 839 629 1553107092999 
512 839 625 1553107093006 
512 839 618 1553107093016 
512 839 610 1553107093023 
512 839 599 1553107093032 
512 839 589 1553107093039 
512 839 578 1553107093048 
512 839 564 1553107093055 
512 839 550 1553107093063 
512 839 536 1553107093071 
512 835 524 1553107093079 
512 830 508 1553107093088 
512 822 488 1553107093095 
512 816 473 1553107093104 
512 810 461 1553107093111 
512 804 449 1553107093120 
512 799 441 1553107093127 
512 797 434 1553107093136 
512 797 431 1553107093142 
512 797 428 1553107093152 
512 797 424 1553107093158 
512 797 422 1553107093168 
512 800 419 1553107093175 
512 804 416 1553107093184 
512 810 412 1553107093190 
512 815 410 1553107093199 
512 823 408 1553107093207 
512 828 407 1553107093215 
512 836 405 1553107093223 
512 843 405 1553107093232 
512 854 405 1553107093239 
512 864 405 1553107093247 
512 874 405 1553107093254 
512 880 405 1553107093263 
512 890 405 1553107093271 
512 895 405 1553107093278 
512 903 402 1553107093287 
512 909 402 1553107093295 
512 912 402 1553107093304 
512 915 400 1553107093311 
512 917 399 1553107093320 
512 918 399 1553107093337 
512 919 399 1553107093343 
512 920 399 1553107093374 
512 921 399 1553107093391 
512 923 399 1553107093400 
512 925 399 1553107093407 
512 927 399 1553107093416 
512 930 399 1553107093423 
512 933 399 1553107093432 
512 934 399 1553107093438 
512 937 399 1553107093447 
512 939 399 1553107093454 
512 941 398 1553107093464 
512 943 396 1553107093471 
512 944 396 1553107093479 
512 945 395 1553107093487 
512 946 393 1553107093504 
512 946 390 1553107093512 
512 946 388 1553107093520 
512 946 386 1553107093526 
512 944 384 1553107093536 
512 943 382 1553107093542 
512 940 381 1553107093552 
512 939 380 1553107093558 
512 938 379 1553107093568 
512 936 378 1553107093574 
512 935 377 1553107093607 
512 935 376 1553107093615 
512 935 375 1553107093632 
512 934 374 1553107093638 
512 934 373 1553107093664 
513 934 373 1553107093792 
514 934 373 1553107093904 
512 933 373 1553107093937 
512 932 373 1553107093942 
512 931 373 1553107093953 
512 931 372 1553107093958 
512 930 372 1553107093969 
512 927 371 1553107093974 
512 924 368 1553107093983 
512 921 368 1553107093990 
512 915 366 1553107093999 
512 911 364 1553107094006 
512 905 362 1553107094015 
512 895 358 1553107094022 
512 884 353 1553107094032 
512 873 348 1553107094039 
512 862 343 1553107094048 
512 850 338 1553107094055 
512 837 332 1553107094063 
512 819 324 1553107094070 
512 804 318 1553107094079 
512 792 312 1553107094088 
512 776 306 1553107094094 
512 758 298 1553107094104 
512 743 292 1553107094112 
512 726 285 1553107094120 
512 709 279 1553107094127 
512 695 275 1553107094136 
512 680 272 1553107094142 
512 661 266 1553107094152 
512 646 265 1553107094158 
512 633 263 1553107094168 
512 619 263 1553107094175 
512 609 263 1553107094184 
512 601 263 1553107094191 
512 591 264 1553107094199 
512 583 269 1553107094207 
512 575 273 1553107094216 
512 569 280 1553107094223 
512 563 286 1553107094232 
512 558 293 1553107094238 
512 554 300 1553107094248 
512 549 309 1553107094255 
512 545 319 1553107094264 
512 542 327 1553107094271 
512 537 333 1553107094279 
512 532 343 1553107094287 
512 531 352 1553107094295 
512 527 361 1553107094305 
512 524 369 1553107094311 
512 523 379 1553107094322 
512 522 386 1553107094326 
512 521 391 1553107094335 
512 521 395 1553107094343 
512 521 397 1553107094354 
512 520 399 1553107094359 
512 520 400 1553107094369 
512 519 400 1553107094433 
512 518 400 1553107094439 
512 516 400 1553107094448 
512 513 400 1553107094454 
512 509 399 1553107094463 
512 505 398 1553107094471 
512 499 398 1553107094481 
512 496 396 1553107094487 
512 494 396 1553107094495 
512 492 396 1553107094504 
512 491 396 1553107094574 
512 491 395 1553107094584 
512 491 394 1553107094599 
512 490 392 1553107094607 
512 490 390 1553107094632 
512 490 388 1553107094648 
512 490 386 1553107094655 
512 490 384 1553107094671 
512 490 383 1553107094679 
512 490 380 1553107094688 
512 489 379 1553107094695 
512 488 376 1553107094712 
512 488 375 1553107094720 
512 488 374 1553107094736 
512 487 373 1553107094742 
512 486 373 1553107094774 
512 485 373 1553107094833 
512 483 373 1553107094848 
512 481 373 1553107094854 
512 480 373 1553107094871 
512 479 373 1553107094985 
513 479 373 1553107094988 
512 478 373 1553107095023 
512 476 374 1553107095048 
514 476 374 1553107095095 
512 475 374 1553107095158 
512 476 375 1553107095415 
512 477 377 1553107095423 
512 478 380 1553107095432 
512 479 380 1553107095439 
512 480 384 1553107095448 
512 483 389 1553107095454 
512 485 397 1553107095462 
512 487 409 1553107095470 
512 489 420 1553107095479 
512 492 439 1553107095487 
512 497 455 1553107095494 
512 504 487 1553107095503 
512 511 525 1553107095511 
512 514 556 1553107095520 
512 519 582 1553107095526 
512 521 600 1553107095537 
512 524 615 1553107095542 
512 527 623 1553107095552 
512 528 630 1553107095559 
512 530 635 1553107095568 
512 530 638 1553107095574 
512 531 639 1553107095583 
512 531 641 1553107095591 
512 532 642 1553107095606 
512 532 643 1553107095655 
512 532 645 1553107095665 
512 534 646 1553107095671 
512 535 648 1553107095678 
512 537 648 1553107095688 
512 540 650 1553107095695 
512 542 652 1553107095704 
512 544 652 1553107095712 
512 546 654 1553107095720 
512 549 655 1553107095727 
512 552 657 1553107095736 
512 554 657 1553107095742 
512 556 657 1553107095752 
512 557 658 1553107095759 
512 559 658 1553107095769 
512 560 658 1553107095774 
512 563 658 1553107095784 
512 564 658 1553107095791 
512 567 656 1553107095799 
512 569 655 1553107095806 
512 570 652 1553107095815 
512 571 650 1553107095822 
512 572 647 1553107095834 
512 572 645 1553107095839 
512 574 643 1553107095855 
512 574 642 1553107095870 
512 573 642 1553107095975 
512 572 642 1553107095985 
512 570 642 1553107096000 
512 568 643 1553107096023 
512 566 644 1553107096055 
512 566 645 1553107096063 
512 565 646 1553107096079 
512 564 646 1553107096111 
512 562 646 1553107096159 
513 562 646 1553107096256 
514 562 646 1553107096359 
512 562 645 1553107096390 
512 562 640 1553107096399 
512 563 634 1553107096407 
512 563 628 1553107096416 
512 563 620 1553107096422 
512 563 609 1553107096432 
512 563 600 1553107096439 
512 563 588 1553107096448 
512 563 577 1553107096454 
512 563 565 1553107096463 
512 563 553 1553107096470 
512 563 541 1553107096479 
512 563 531 1553107096487 
512 563 520 1553107096495 
512 563 508 1553107096503 
512 563 497 1553107096512 
512 562 487 1553107096520 
512 562 475 1553107096526 
512 562 465 1553107096537 
512 562 456 1553107096543 
512 562 447 1553107096552 
512 562 439 1553107096559 
512 562 431 1553107096568 
512 562 425 1553107096575 
512 563 421 1553107096584 
512 565 416 1553107096591 
512 568 413 1553107096600 
512 573 408 1553107096607 
512 578 403 1553107096616 
512 583 398 1553107096622 
512 589 392 1553107096632 
512 595 385 1553107096639 
512 601 379 1553107096649 
512 608 373 1553107096655 
512 614 366 1553107096665 
512 619 358 1553107096671 
512 623 350 1553107096679 
512 629 340 1553107096687 
512 633 329 1553107096695 
512 638 320 1553107096704 
512 640 312 1553107096712 
512 644 304 1553107096720 
512 645 297 1553107096727 
512 646 290 1553107096736 
512 649 285 1553107096743 
512 650 283 1553107096753 
512 652 281 1553107096759 
512 653 279 1553107096768 
512 655 278 1553107096774 
512 658 278 1553107096784 
512 662 275 1553107096791 
512 664 274 1553107096800 
512 667 274 1553107096807 
512 672 271 1553107096815 
512 675 269 1553107096822 
512 679 267 1553107096832 
512 682 263 1553107096839 
512 687 256 1553107096848 
512 691 251 1553107096855 
512 695 245 1553107096864 
512 699 237 1553107096871 
512 704 231 1553107096880 
512 707 227 1553107096887 
512 712 218 1553107096895 
512 716 211 1553107096903 
512 716 208 1553107096912 
512 717 202 1553107096920 
512 717 199 1553107096926 
512 717 195 1553107096935 
512 717 192 1553107096942 
512 717 191 1553107096952 
512 717 190 1553107096959 
512 717 189 1553107096969 
512 716 189 1553107097032 
512 715 189 1553107097038 
512 714 189 1553107097048 
512 713 189 1553107097055 
512 712 189 1553107097064 
512 710 189 1553107097072 
512 709 189 1553107097087 
512 707 190 1553107097095 
512 705 192 1553107097104 
512 704 193 1553107097111 
512 701 193 1553107097120 
512 700 195 1553107097126 
512 699 196 1553107097136 
512 696 198 1553107097143 
512 695 200 1553107097158 
512 693 201 1553107097169 
512 693 203 1553107097183 
512 693 204 1553107097271 
512 693 205 1553107097288 
512 693 206 1553107097304 
512 693 207 1553107097320 
512 693 208 1553107097375 
513 693 208 1553107097404 
514 693 208 1553107097495 
