512 702 215 1553603731946 
512 707 227 1553603731963 
512 714 241 1553603731978 
512 724 263 1553603731997 
512 737 294 1553603732013 
512 754 332 1553603732028 
512 772 375 1553603732046 
512 783 396 1553603732065 
512 789 417 1553603732081 
512 795 439 1553603732096 
512 802 462 1553603732113 
512 813 503 1553603732131 
512 819 524 1553603732145 
512 821 538 1553603732163 
512 822 549 1553603732180 
512 822 557 1553603732196 
512 822 563 1553603732213 
512 823 567 1553603732230 
512 823 571 1553603732244 
512 825 577 1553603732262 
512 825 579 1553603732280 
512 825 582 1553603732296 
512 826 585 1553603732313 
512 829 592 1553603732330 
512 830 596 1553603732346 
512 832 598 1553603732363 
512 832 601 1553603732445 
512 833 604 1553603732462 
512 835 608 1553603732480 
512 836 611 1553603732495 
512 836 614 1553603732513 
512 837 616 1553603732530 
512 837 618 1553603732546 
512 837 619 1553603732563 
512 838 621 1553603732579 
512 838 622 1553603732595 
512 839 625 1553603732613 
512 839 628 1553603732630 
512 840 631 1553603732644 
512 840 632 1553603732663 
512 840 634 1553603732679 
512 840 635 1553603732695 
512 840 636 1553603732711 
512 841 639 1553603732730 
512 841 641 1553603732745 
512 842 643 1553603732763 
512 843 644 1553603732779 
512 843 646 1553603732796 
512 843 647 1553603732813 
513 843 647 1553603732851 
512 843 648 1553603732896 
514 843 648 1553603732953 
512 843 648 1553603732980 
512 843 647 1553603733180 
512 842 642 1553603733196 
512 836 635 1553603733213 
512 822 624 1553603733228 
512 795 604 1553603733246 
512 740 564 1553603733263 
512 662 513 1553603733278 
512 570 457 1553603733295 
512 496 414 1553603733312 
512 445 383 1553603733329 
512 408 362 1553603733346 
512 405 360 1553603733363 
512 405 359 1553603733379 
512 405 358 1553603733496 
512 405 357 1553603733511 
512 410 355 1553603733530 
512 416 354 1553603733546 
512 424 354 1553603733563 
512 432 354 1553603733580 
512 437 354 1553603733596 
512 439 355 1553603733612 
512 440 356 1553603733630 
512 441 357 1553603733645 
512 443 358 1553603733661 
512 443 359 1553603733697 
512 444 359 1553603733716 
512 444 360 1553603733749 
512 445 360 1553603733766 
512 448 361 1553603733782 
512 453 363 1553603733799 
512 461 367 1553603733818 
512 466 369 1553603733833 
512 473 372 1553603733849 
512 475 373 1553603733865 
513 475 373 1553603734028 
514 475 373 1553603734133 
512 476 373 1553603734183 
512 479 374 1553603734199 
512 485 375 1553603734215 
512 493 375 1553603734231 
512 506 375 1553603734249 
512 526 375 1553603734266 
512 549 376 1553603734283 
512 575 376 1553603734300 
512 606 374 1553603734316 
512 653 368 1553603734333 
512 682 363 1553603734349 
512 715 350 1553603734366 
512 732 339 1553603734382 
512 745 327 1553603734399 
512 747 312 1553603734416 
512 747 291 1553603734431 
512 747 272 1553603734449 
512 739 251 1553603734466 
512 726 235 1553603734483 
512 714 222 1553603734499 
512 708 213 1553603734516 
512 707 206 1553603734533 
512 707 203 1553603734547 
512 707 201 1553603734565 
512 707 199 1553603734583 
512 706 197 1553603734599 
512 704 197 1553603734616 
512 702 196 1553603734631 
512 700 196 1553603734798 
512 699 196 1553603734816 
512 698 196 1553603734831 
512 698 197 1553603734849 
512 698 200 1553603734864 
512 697 202 1553603734898 
513 697 202 1553603735069 
514 697 202 1553603735163 
512 697 203 1553603735199 
512 697 205 1553603735215 
512 698 206 1553603735232 
512 703 207 1553603735249 
512 709 210 1553603735264 
512 718 215 1553603735281 
512 729 221 1553603735299 
512 745 230 1553603735316 
512 772 245 1553603735333 
512 789 256 1553603735350 
512 803 267 1553603735366 
512 819 277 1553603735383 
512 833 289 1553603735399 
512 845 300 1553603735414 
512 862 314 1553603735431 
512 875 329 1553603735449 
512 889 342 1553603735466 
512 903 352 1553603735481 
512 912 361 1553603735500 
512 915 365 1553603735516 
512 917 366 1553603735533 
512 917 367 1553603735548 
512 917 368 1553603735598 
512 917 370 1553603735616 
512 917 371 1553603735633 
512 918 373 1553603735649 
512 919 374 1553603735664 
512 919 375 1553603735683 
512 920 376 1553603735716 
512 921 377 1553603735732 
512 924 379 1553603735749 
512 927 380 1553603735766 
512 930 382 1553603735781 
513 930 382 1553603735958 
514 930 382 1553603736068 
512 928 382 1553603736133 
512 925 382 1553603736148 
512 924 382 1553603736199 
512 924 380 1553603736216 
512 923 379 1553603736231 
512 922 377 1553603736249 
512 921 377 1553603736266 
512 917 377 1553603736283 
512 905 377 1553603736299 
512 888 378 1553603736316 
512 868 384 1553603736331 
512 826 405 1553603736349 
512 797 429 1553603736366 
512 746 471 1553603736381 
512 698 513 1553603736399 
512 651 556 1553603736416 
512 619 598 1553603736431 
512 603 624 1553603736449 
512 589 649 1553603736465 
512 584 663 1553603736484 
512 579 675 1553603736498 
512 577 678 1553603736514 
512 576 680 1553603736531 
512 575 680 1553603736547 
512 573 680 1553603736566 
512 571 679 1553603736582 
512 568 678 1553603736598 
512 566 676 1553603736614 
512 563 674 1553603736631 
512 560 673 1553603736649 
512 559 671 1553603736666 
512 557 668 1553603736682 
512 556 664 1553603736699 
512 555 661 1553603736714 
512 555 658 1553603736733 
512 555 657 1553603736749 
512 555 654 1553603736766 
512 556 652 1553603736881 
512 556 651 1553603736900 
512 557 650 1553603736916 
512 558 648 1553603736933 
512 559 646 1553603736949 
512 559 645 1553603736966 
512 559 644 1553603736981 
512 560 642 1553603736999 
513 560 642 1553603737060 
514 560 642 1553603737173 
512 560 641 1553603737231 
512 560 639 1553603737249 
512 560 635 1553603737266 
512 559 630 1553603737283 
512 554 626 1553603737299 
512 548 622 1553603737316 
512 544 621 1553603737333 
512 539 621 1553603737349 
512 535 621 1553603737365 
512 530 621 1553603737383 
512 529 621 1553603737399 
512 532 624 1553603737448 
512 552 633 1553603737466 
512 592 649 1553603737483 
512 639 666 1553603737499 
512 696 681 1553603737515 
512 743 690 1553603737533 
512 759 692 1553603737549 
512 772 692 1553603737566 
512 777 688 1553603737582 
512 781 684 1553603737599 
512 784 679 1553603737614 
512 787 676 1553603737633 
512 789 676 1553603737649 
512 792 674 1553603737666 
512 794 672 1553603737683 
512 796 670 1553603737699 
512 797 669 1553603737716 
512 802 667 1553603737733 
512 807 666 1553603737749 
512 813 665 1553603737766 
512 820 662 1553603737782 
512 825 662 1553603737799 
512 830 661 1553603737816 
512 832 659 1553603737833 
512 836 657 1553603737847 
512 838 655 1553603737865 
512 840 652 1553603737883 
512 842 648 1553603737898 
512 843 645 1553603737916 
512 843 643 1553603737932 
512 843 642 1553603737964 
512 843 640 1553603737982 
513 843 640 1553603738069 
514 843 640 1553603738163 
512 839 640 1553603738231 
512 830 640 1553603738249 
512 817 639 1553603738264 
512 803 637 1553603738283 
512 785 633 1553603738298 
512 761 630 1553603738316 
512 734 626 1553603738332 
512 688 616 1553603738349 
512 652 604 1553603738366 
512 631 597 1553603738381 
512 624 591 1553603738399 
512 625 586 1553603738416 
512 641 578 1553603738433 
512 668 574 1553603738449 
512 711 565 1553603738466 
512 761 556 1553603738483 
512 811 541 1553603738499 
512 849 524 1553603738516 
512 876 504 1553603738533 
512 885 491 1553603738549 
512 892 478 1553603738566 
512 898 465 1553603738581 
512 902 452 1553603738599 
512 909 441 1553603738614 
512 916 430 1553603738632 
512 924 421 1553603738649 
512 930 411 1553603738665 
512 934 406 1553603738682 
512 935 402 1553603738699 
512 936 398 1553603738716 
512 936 395 1553603738733 
512 936 394 1553603738749 
512 939 391 1553603738766 
512 939 389 1553603738799 
512 939 388 1553603738816 
512 939 386 1553603738833 
512 936 384 1553603738849 
512 934 383 1553603738864 
512 934 382 1553603738883 
512 932 381 1553603738899 
512 932 379 1553603738947 
513 932 379 1553603739028 
514 932 379 1553603739117 
512 931 379 1553603739149 
512 926 378 1553603739166 
512 918 377 1553603739182 
512 907 373 1553603739198 
512 892 368 1553603739215 
512 876 362 1553603739233 
512 860 356 1553603739249 
512 843 349 1553603739265 
512 828 341 1553603739282 
512 811 335 1553603739299 
512 794 328 1553603739316 
512 765 320 1553603739333 
512 736 316 1553603739348 
512 710 315 1553603739366 
512 687 315 1553603739382 
512 667 322 1553603739398 
512 647 333 1553603739414 
512 631 343 1553603739433 
512 619 350 1553603739450 
512 609 356 1553603739465 
512 599 362 1553603739483 
512 594 365 1553603739497 
512 587 369 1553603739516 
512 580 372 1553603739533 
512 575 374 1553603739549 
512 570 375 1553603739564 
512 562 375 1553603739583 
512 547 375 1553603739598 
512 525 372 1553603739616 
512 505 369 1553603739632 
512 490 368 1553603739649 
512 482 366 1553603739664 
512 480 366 1553603739683 
512 479 366 1553603739749 
512 479 367 1553603739766 
512 477 368 1553603739783 
512 476 370 1553603739814 
512 475 370 1553603739832 
513 475 370 1553603740012 
514 475 370 1553603740091 
512 475 371 1553603740116 
512 476 371 1553603740133 
512 481 371 1553603740149 
512 490 369 1553603740164 
512 503 364 1553603740182 
512 520 354 1553603740199 
512 539 343 1553603740216 
512 557 333 1553603740231 
512 576 322 1553603740248 
512 592 311 1553603740265 
512 603 301 1553603740282 
512 611 293 1553603740299 
512 616 287 1553603740314 
512 619 279 1553603740333 
512 621 276 1553603740349 
512 622 284 1553603740415 
512 622 301 1553603740433 
512 621 316 1553603740448 
512 614 338 1553603740466 
512 609 361 1553603740483 
512 605 391 1553603740499 
512 605 424 1553603740516 
512 605 470 1553603740532 
512 605 544 1553603740547 
512 605 572 1553603740565 
512 605 591 1553603740582 
512 604 603 1553603740599 
512 600 611 1553603740616 
512 596 619 1553603740632 
512 592 626 1553603740648 
512 589 629 1553603740666 
512 585 633 1553603740681 
512 584 633 1553603740697 
512 582 634 1553603740716 
512 581 634 1553603740733 
512 578 634 1553603740749 
512 574 632 1553603740766 
512 572 632 1553603740783 
512 571 632 1553603740799 
512 569 632 1553603740814 
512 567 632 1553603740848 
512 565 632 1553603740866 
512 563 632 1553603740882 
512 561 633 1553603740899 
512 558 634 1553603740916 
512 555 637 1553603740931 
512 554 642 1553603740950 
512 552 643 1553603740965 
512 552 645 1553603740981 
512 552 646 1553603740999 
513 552 646 1553603741068 
514 552 646 1553603741173 
512 555 643 1553603741199 
512 556 634 1553603741216 
512 557 629 1553603741233 
512 560 625 1553603741249 
512 563 616 1553603741264 
512 566 607 1553603741283 
512 572 585 1553603741299 
512 582 561 1553603741316 
512 598 514 1553603741332 
512 613 440 1553603741348 
512 621 388 1553603741366 
512 630 333 1553603741381 
512 635 295 1553603741399 
512 644 270 1553603741416 
512 657 252 1553603741432 
512 667 244 1553603741449 
512 676 240 1553603741466 
512 679 239 1553603741482 
512 681 238 1553603741499 
512 681 237 1553603741549 
512 681 236 1553603741565 
512 682 235 1553603741583 
512 683 234 1553603741599 
512 684 232 1553603741616 
512 685 231 1553603741632 
512 688 231 1553603741649 
512 689 228 1553603741666 
512 689 225 1553603741683 
512 689 223 1553603741700 
512 689 221 1553603741716 
512 691 219 1553603741733 
512 692 218 1553603741749 
512 693 217 1553603741765 
512 694 217 1553603741799 
512 694 215 1553603741817 
512 695 215 1553603741848 
512 697 214 1553603741883 
513 697 214 1553603741892 
514 697 214 1553603742011 
