512 702 206 1553603754181 
512 703 207 1553603754199 
512 703 209 1553603754215 
512 705 214 1553603754232 
512 707 221 1553603754249 
512 711 234 1553603754266 
512 718 251 1553603754283 
512 726 271 1553603754299 
512 737 295 1553603754316 
512 757 336 1553603754333 
512 767 363 1553603754348 
512 775 392 1553603754366 
512 786 437 1553603754382 
512 801 505 1553603754399 
512 814 568 1553603754416 
512 822 623 1553603754432 
512 824 662 1553603754448 
512 824 694 1553603754464 
512 824 718 1553603754483 
512 824 737 1553603754499 
512 824 750 1553603754516 
512 824 761 1553603754533 
512 824 762 1553603754548 
512 824 763 1553603754565 
512 827 755 1553603754616 
512 828 740 1553603754632 
512 830 724 1553603754649 
512 830 704 1553603754665 
512 830 686 1553603754681 
512 830 672 1553603754699 
512 828 658 1553603754716 
512 827 648 1553603754731 
512 827 641 1553603754749 
512 827 639 1553603754765 
512 827 638 1553603754814 
512 827 640 1553603755033 
512 828 641 1553603755049 
512 829 642 1553603755066 
512 831 642 1553603755165 
512 835 644 1553603755182 
512 836 644 1553603755199 
513 836 644 1553603755381 
514 836 644 1553603755468 
512 837 642 1553603755564 
512 837 639 1553603755582 
512 836 635 1553603755599 
512 832 630 1553603755616 
512 824 627 1553603755632 
512 811 626 1553603755649 
512 796 625 1553603755664 
512 772 625 1553603755681 
512 741 625 1553603755699 
512 697 625 1553603755715 
512 624 611 1553603755733 
512 593 595 1553603755747 
512 573 579 1553603755766 
512 563 563 1553603755781 
512 558 545 1553603755798 
512 556 528 1553603755814 
512 555 513 1553603755831 
512 551 491 1553603755849 
512 539 468 1553603755866 
512 525 445 1553603755883 
512 510 426 1553603755899 
512 500 413 1553603755916 
512 492 401 1553603755933 
512 491 400 1553603755949 
512 491 398 1553603755966 
512 490 395 1553603755981 
512 489 392 1553603755997 
512 485 387 1553603756016 
512 484 387 1553603756032 
512 484 386 1553603756047 
512 483 384 1553603756099 
512 482 381 1553603756114 
512 478 373 1553603756132 
512 473 368 1553603756149 
512 471 367 1553603756166 
512 470 366 1553603756182 
513 470 366 1553603756319 
514 470 366 1553603756437 
512 470 368 1553603756499 
512 471 371 1553603756516 
512 472 372 1553603756532 
512 472 373 1553603756547 
512 472 374 1553603756632 
512 472 375 1553603756649 
513 472 375 1553603756724 
514 472 375 1553603756820 
512 474 376 1553603756883 
512 480 376 1553603756899 
512 488 376 1553603756916 
512 500 376 1553603756931 
512 528 376 1553603756949 
512 553 376 1553603756966 
512 585 379 1553603756982 
512 628 382 1553603756999 
512 669 387 1553603757016 
512 696 389 1553603757032 
512 722 389 1553603757050 
512 740 380 1553603757066 
512 748 369 1553603757081 
512 751 345 1553603757099 
512 751 317 1553603757116 
512 750 289 1553603757132 
512 745 256 1553603757149 
512 745 242 1553603757165 
512 745 232 1553603757183 
512 745 225 1553603757199 
512 744 220 1553603757216 
512 741 214 1553603757231 
512 739 212 1553603757250 
512 738 211 1553603757266 
512 737 211 1553603757298 
512 735 211 1553603757315 
512 731 211 1553603757333 
512 724 211 1553603757350 
512 717 212 1553603757364 
512 713 213 1553603757381 
512 711 214 1553603757399 
512 710 214 1553603757482 
512 709 214 1553603757498 
512 707 214 1553603757515 
512 706 213 1553603757614 
512 703 213 1553603757633 
512 700 212 1553603757650 
512 698 211 1553603757666 
513 698 211 1553603757774 
514 698 211 1553603757843 
512 700 211 1553603757866 
512 703 211 1553603757881 
512 707 211 1553603757898 
512 712 214 1553603757916 
512 722 222 1553603757933 
512 734 230 1553603757948 
512 751 244 1553603757966 
512 768 259 1553603757981 
512 779 275 1553603757998 
512 787 286 1553603758014 
512 789 295 1553603758031 
512 789 299 1553603758048 
512 789 303 1553603758066 
512 786 308 1553603758083 
512 785 314 1553603758099 
512 783 326 1553603758116 
512 783 342 1553603758132 
512 786 350 1553603758149 
512 790 353 1553603758165 
512 795 354 1553603758181 
512 803 354 1553603758198 
512 809 354 1553603758215 
512 818 352 1553603758232 
512 828 351 1553603758249 
512 837 351 1553603758265 
512 847 351 1553603758283 
512 859 354 1553603758299 
512 871 358 1553603758315 
512 888 365 1553603758334 
512 899 368 1553603758349 
512 903 370 1553603758366 
512 907 371 1553603758383 
512 908 372 1553603758398 
512 909 372 1553603758414 
512 913 375 1553603758432 
512 917 379 1553603758447 
512 921 381 1553603758466 
512 923 382 1553603758483 
512 924 382 1553603758682 
512 924 379 1553603758698 
512 925 377 1553603758716 
513 925 377 1553603758779 
514 925 377 1553603758883 
512 924 380 1553603758999 
512 920 384 1553603759016 
512 914 391 1553603759032 
512 909 401 1553603759049 
512 900 414 1553603759066 
512 889 429 1553603759083 
512 874 442 1553603759100 
512 858 452 1553603759116 
512 816 472 1553603759133 
512 785 484 1553603759149 
512 758 494 1553603759166 
512 732 506 1553603759182 
512 711 517 1553603759199 
512 694 527 1553603759215 
512 680 535 1553603759232 
512 672 540 1553603759247 
512 666 546 1553603759266 
512 662 550 1553603759283 
512 658 555 1553603759300 
512 651 562 1553603759317 
512 641 570 1553603759333 
512 620 586 1553603759348 
512 603 595 1553603759365 
512 587 607 1553603759381 
512 574 616 1553603759400 
512 564 623 1553603759416 
512 558 629 1553603759432 
512 555 632 1553603759448 
512 555 635 1553603759470 
512 554 636 1553603759482 
512 552 638 1553603759516 
512 552 639 1553603759550 
512 552 640 1553603759599 
512 552 642 1553603759616 
512 553 642 1553603759684 
512 554 642 1553603759734 
512 555 642 1553603759768 
513 555 642 1553603759770 
512 555 643 1553603759801 
514 555 643 1553603759843 
512 555 643 1553603759865 
512 557 643 1553603759900 
512 559 640 1553603759916 
512 561 634 1553603759932 
512 566 610 1553603759949 
512 568 585 1553603759966 
512 574 541 1553603759983 
512 580 489 1553603760001 
512 602 410 1553603760032 
512 621 369 1553603760051 
512 639 337 1553603760068 
512 653 309 1553603760082 
512 663 292 1553603760098 
512 670 281 1553603760118 
512 672 280 1553603760133 
512 679 288 1553603760148 
512 689 307 1553603760165 
512 708 338 1553603760181 
512 741 387 1553603760198 
512 773 434 1553603760215 
512 799 472 1553603760231 
512 816 500 1553603760249 
512 824 519 1553603760265 
512 828 542 1553603760281 
512 831 560 1553603760298 
512 832 577 1553603760315 
512 834 595 1553603760332 
512 836 603 1553603760348 
512 841 611 1553603760365 
512 843 614 1553603760381 
512 844 617 1553603760400 
512 845 619 1553603760414 
512 845 621 1553603760448 
512 845 623 1553603760465 
512 845 626 1553603760481 
512 845 628 1553603760498 
512 845 630 1553603760515 
512 845 631 1553603760798 
512 845 634 1553603760815 
512 845 636 1553603760835 
512 845 637 1553603760848 
512 844 641 1553603760864 
512 843 641 1553603760881 
512 843 642 1553603760898 
512 842 644 1553603760915 
512 841 646 1553603760931 
513 841 646 1553603761038 
514 841 646 1553603761123 
512 838 642 1553603761165 
512 834 639 1553603761181 
512 826 636 1553603761197 
512 813 630 1553603761216 
512 798 626 1553603761231 
512 779 620 1553603761248 
512 756 614 1553603761265 
512 733 611 1553603761281 
512 710 611 1553603761298 
512 692 611 1553603761315 
512 671 611 1553603761332 
512 661 613 1553603761348 
512 658 613 1553603761366 
512 661 609 1553603761399 
512 677 594 1553603761416 
512 696 575 1553603761431 
512 724 551 1553603761448 
512 761 522 1553603761464 
512 799 489 1553603761483 
512 827 464 1553603761498 
512 845 439 1553603761516 
512 848 435 1553603761531 
512 853 422 1553603761548 
512 856 417 1553603761565 
512 859 414 1553603761582 
512 862 411 1553603761598 
512 866 408 1553603761615 
512 872 405 1553603761632 
512 877 400 1553603761648 
512 884 395 1553603761665 
512 893 388 1553603761681 
512 904 382 1553603761698 
512 913 378 1553603761716 
512 919 373 1553603761731 
512 925 369 1553603761748 
512 928 366 1553603761765 
512 929 365 1553603761781 
512 931 364 1553603761798 
512 932 363 1553603761815 
512 933 362 1553603761831 
512 931 363 1553603762015 
512 929 366 1553603762032 
512 928 368 1553603762048 
512 927 370 1553603762065 
513 927 370 1553603762139 
514 927 370 1553603762243 
512 925 371 1553603762281 
512 922 371 1553603762299 
512 917 371 1553603762315 
512 900 371 1553603762331 
512 880 370 1553603762348 
512 850 365 1553603762365 
512 812 365 1553603762381 
512 762 362 1553603762399 
512 713 362 1553603762415 
512 669 362 1553603762432 
512 623 366 1553603762449 
512 594 368 1553603762466 
512 572 372 1553603762484 
512 560 376 1553603762498 
512 548 377 1553603762518 
512 545 377 1553603762532 
512 540 377 1553603762549 
512 538 377 1553603762565 
512 536 377 1553603762581 
512 536 376 1553603762633 
512 526 371 1553603762648 
512 508 367 1553603762671 
512 487 366 1553603762681 
512 469 362 1553603762700 
512 457 361 1553603762715 
512 451 361 1553603762732 
512 450 361 1553603762749 
512 449 361 1553603762798 
512 450 363 1553603762882 
512 452 364 1553603762898 
512 457 365 1553603762915 
512 465 369 1553603762932 
512 480 372 1553603762948 
512 487 373 1553603762965 
512 489 374 1553603762981 
512 488 374 1553603763215 
512 483 374 1553603763231 
512 482 374 1553603763248 
512 481 374 1553603763348 
512 480 374 1553603763365 
512 479 374 1553603763515 
512 477 374 1553603763531 
512 476 374 1553603763548 
513 476 374 1553603763660 
514 476 374 1553603763747 
512 477 372 1553603763817 
512 483 367 1553603763831 
512 492 360 1553603763848 
512 504 348 1553603763866 
512 518 337 1553603763882 
512 534 326 1553603763899 
512 563 311 1553603763919 
512 570 307 1553603763932 
512 597 296 1553603763948 
512 617 290 1553603763970 
512 642 278 1553603763998 
512 654 270 1553603764017 
512 656 270 1553603764034 
512 657 275 1553603764065 
512 657 282 1553603764082 
512 652 298 1553603764101 
512 640 326 1553603764116 
512 626 359 1553603764132 
512 609 409 1553603764150 
512 600 442 1553603764166 
512 598 466 1553603764186 
512 598 489 1553603764201 
512 598 510 1553603764215 
512 598 527 1553603764231 
512 598 537 1553603764249 
512 599 544 1553603764266 
512 599 550 1553603764283 
512 599 554 1553603764300 
512 599 559 1553603764315 
512 599 569 1553603764334 
512 596 577 1553603764350 
512 593 588 1553603764366 
512 589 599 1553603764383 
512 585 610 1553603764399 
512 580 620 1553603764415 
512 576 628 1553603764432 
512 575 632 1553603764449 
512 573 635 1553603764466 
512 572 636 1553603764481 
512 570 640 1553603764499 
512 570 642 1553603764518 
512 570 644 1553603764533 
512 570 645 1553603764548 
512 569 646 1553603764633 
512 568 646 1553603764668 
512 567 646 1553603764683 
512 564 646 1553603764701 
512 560 646 1553603764715 
512 552 643 1553603764733 
512 541 639 1553603764749 
512 537 638 1553603764765 
512 536 638 1553603764834 
512 537 640 1553603764949 
512 540 640 1553603764965 
512 543 641 1553603764982 
512 545 643 1553603765002 
512 546 643 1553603765017 
512 548 643 1553603765082 
512 549 643 1553603765102 
512 551 643 1553603765118 
512 552 643 1553603765133 
513 552 643 1553603765163 
514 552 643 1553603765275 
512 553 643 1553603765298 
512 556 643 1553603765317 
512 559 641 1553603765332 
512 562 636 1553603765349 
512 565 632 1553603765365 
512 567 629 1553603765381 
512 571 621 1553603765398 
512 577 610 1553603765416 
512 585 594 1553603765432 
512 594 569 1553603765449 
512 601 540 1553603765466 
512 611 511 1553603765482 
512 626 460 1553603765503 
512 629 423 1553603765523 
512 637 384 1553603765544 
512 643 344 1553603765567 
512 645 321 1553603765582 
512 648 302 1553603765597 
512 653 285 1553603765616 
512 656 272 1553603765633 
512 663 260 1553603765650 
512 669 252 1553603765667 
512 680 238 1553603765683 
512 690 226 1553603765701 
512 694 221 1553603765716 
512 703 210 1553603765733 
512 707 202 1553603765750 
512 712 195 1553603765766 
512 717 190 1553603765781 
512 719 188 1553603765798 
512 721 187 1553603765817 
512 721 186 1553603765933 
512 715 186 1553603765949 
512 711 186 1553603765967 
512 708 186 1553603765983 
512 706 188 1553603766000 
512 703 191 1553603766017 
512 703 192 1553603766033 
512 703 194 1553603766047 
512 703 195 1553603766150 
512 703 196 1553603766166 
512 703 197 1553603766183 
512 703 198 1553603766199 
512 703 201 1553603766217 
512 703 202 1553603766233 
512 702 204 1553603766248 
512 702 206 1553603766266 
512 702 207 1553603766283 
513 702 207 1553603766380 
514 702 207 1553603766467 
